True-PN-DR7LAMOST/DR7lamost-True-PN-duplicate-GAIA-PS1-final.ecsv
# %ECSV 1.0
# ---
# datatype:
# - {name: Name, datatype: string}
# - {name: MajDiam, datatype: float64}
# - {name: MinDiam, datatype: float64}
# - {name: FileName, datatype: string}
# - {name: RA, datatype: float64}
# - {name: DEC, datatype: float64}
# - {name: DR3Name, datatype: string}
# - {name: RAdeg, datatype: float64}
# - {name: DEdeg, datatype: float64}
# - {name: errHalfMaj, datatype: float64}
# - {name: errHalfMin, datatype: float64}
# - {name: errPosAng, datatype: float64}
# - {name: SolID, datatype: int64}
# - {name: Source, datatype: int64}
# - {name: RandomI, datatype: int64}
# - {name: e_RAdeg, datatype: float64}
# - {name: e_DEdeg, datatype: float64}
# - {name: Plx, datatype: float64}
# - {name: e_Plx, datatype: float64}
# - {name: RPlx, datatype: float64}
# - {name: PM, datatype: float64}
# - {name: pmRA, datatype: float64}
# - {name: e_pmRA, datatype: float64}
# - {name: pmDE, datatype: float64}
# - {name: e_pmDE, datatype: float64}
# - {name: RADEcor, datatype: float64}
# - {name: RAPlxcor, datatype: float64}
# - {name: RApmRAcor, datatype: float64}
# - {name: RApmDEcor, datatype: float64}
# - {name: DEPlxcor, datatype: float64}
# - {name: DEpmRAcor, datatype: float64}
# - {name: DEpmDEcor, datatype: float64}
# - {name: PlxpmRAcor, datatype: float64}
# - {name: PlxpmDEcor, datatype: float64}
# - {name: pmRApmDEcor, datatype: float64}
# - {name: NAL, datatype: int64}
# - {name: NAC, datatype: int64}
# - {name: NgAL, datatype: int64}
# - {name: NbAL, datatype: int64}
# - {name: gofAL, datatype: float64}
# - {name: chi2AL, datatype: float64}
# - {name: epsi, datatype: float64}
# - {name: sepsi, datatype: float64}
# - {name: Solved, datatype: int64}
# - {name: APF, datatype: bool}
# - {name: nueff, datatype: float64}
# - {name: pscol, datatype: float64}
# - {name: e_pscol, datatype: float64}
# - {name: RApscolCorr, datatype: float64}
# - {name: DEpscolCorr, datatype: float64}
# - {name: PlxpscolCorr, datatype: float64}
# - {name: pmRApscolCorr, datatype: float64}
# - {name: pmDEpscolCorr, datatype: float64}
# - {name: MatchObsA, datatype: int64}
# - {name: Nper, datatype: int64}
# - {name: amax, datatype: float64}
# - {name: MatchObs, datatype: int64}
# - {name: IPDgofha, datatype: float64}
# - {name: IPDgofhp, datatype: float64}
# - {name: IPDfmp, datatype: int64}
# - {name: IPDfow, datatype: int64}
# - {name: RUWE, datatype: float64}
# - {name: Dup, datatype: int64}
# - {name: o_Gmag, datatype: int64}
# - {name: FG, datatype: float64}
# - {name: e_FG, datatype: float64}
# - {name: RFG, datatype: float64}
# - {name: Gmag, datatype: float64}
# - {name: e_Gmag, datatype: float64}
# - {name: o_BPmag, datatype: int64}
# - {name: FBP, datatype: float64}
# - {name: e_FBP, datatype: float64}
# - {name: RFBP, datatype: float64}
# - {name: BPmag, datatype: float64}
# - {name: e_BPmag, datatype: float64}
# - {name: o_RPmag, datatype: int64}
# - {name: FRP, datatype: float64}
# - {name: e_FRP, datatype: float64}
# - {name: RFRP, datatype: float64}
# - {name: RPmag, datatype: float64}
# - {name: e_RPmag, datatype: float64}
# - {name: E(BP/RP), datatype: float64}
# - {name: NBPcont, datatype: int64}
# - {name: NBPblend, datatype: int64}
# - {name: NRPcont, datatype: int64}
# - {name: NRPblend, datatype: int64}
# - {name: Mode, datatype: int64}
[...]
# - {name: e_zKmag, datatype: float64}
# - {name: zFlags, datatype: int64}
# - {name: ymag, datatype: float64}
# - {name: e_ymag, datatype: float64}
# - {name: yKmag, datatype: float64}
# - {name: e_yKmag, datatype: float64}
# - {name: yFlags, datatype: int64}
# - {name: angDist_x, datatype: float64}
# schema: astropy-2.0
Name MajDiam MinDiam FileName RA DEC DR3Name RAdeg DEdeg errHalfMaj errHalfMin errPosAng SolID Source RandomI e_RAdeg e_DEdeg Plx e_Plx RPlx PM pmRA e_pmRA pmDE e_pmDE RADEcor RAPlxcor RApmRAcor RApmDEcor DEPlxcor DEpmRAcor DEpmDEcor PlxpmRAcor PlxpmDEcor pmRApmDEcor NAL NAC NgAL NbAL gofAL chi2AL epsi sepsi Solved APF nueff pscol e_pscol RApscolCorr DEpscolCorr PlxpscolCorr pmRApscolCorr pmDEpscolCorr MatchObsA Nper amax MatchObs IPDgofha IPDgofhp IPDfmp IPDfow RUWE Dup o_Gmag FG e_FG RFG Gmag e_Gmag o_BPmag FBP e_FBP RFBP BPmag e_BPmag o_RPmag FRP e_FRP RFRP RPmag e_RPmag E(BP/RP) NBPcont NBPblend NRPcont NRPblend Mode BP-RP BP-G G-RP RV e_RV n_RV o_RV o_RVd RVNper RVS/N RVgof RVchi2 RVTdur RVamp RVtempTeff RVtemplogg RVtemp[Fe/H] Vatmparam vbroad e_Vbroad o_Vbroad GRVSmag e_GRVSmag o_GRVSmag RVSS/N VarFlag PQSO PGal PSS Teff b_Teff_x B_Teff_xa logg b_logg_x B_logg_xa [Fe/H] b_[Fe/H]_x B_[Fe/H]_xa Dist b_Dist_x B_Dist_xa A0 b_A0_x B_A0_xa AG b_AG_x B_AG_xa E(BP-RP) b_E(BP-RP)_x B_E(BP-RP)_xa Lib RAJ2000 DEJ2000 e_RAJ2000 e_DEJ2000 RADEcorJ2000 angDist objID RAJ2000_x DEJ2000_x errHalfMaj_x errHalfMin_x errPosAng_x f_objID Qual Epoch Ns Nd gmag_x e_gmag_x gKmag e_gKmag gFlags rmag e_rmag rKmag e_rKmag rFlags imag e_imag iKmag e_iKmag iFlags zmag e_zmag zKmag e_zKmag zFlags ymag e_ymag yKmag e_yKmag yFlags angDist_x
[from data line 14]
"TS 1" 9.2 9.2 spec-55931-F5593101_sp11-120.fits 178.352908 59.6659 "Gaia DR3 846615127231002880" 178.35307154754 59.66584498527 0.0 0.0 32.0 1636148068921376768 846615127231002880 569308063 0.0852 0.0991 0.026 0.1172 0.2214 1.106 -0.971 0.113 -0.528 0.136 0.3021 -0.1152 -0.127 -0.1693 -0.253 -0.2222 -0.2329 0.208 0.0017 0.2782 381 0 378 3 2.5468 499.82 0.357 1.46 95 False "" 1.7993 0.0266 -0.227 -0.108 -0.001 0.174 0.033 44 26 0.202247 50 0.03229 46.86 1 0 1.094 0 409 1160.62254 3.68552 314.914 18.025639 0.004413 42 1109.19 13.5975 81.573 17.72603 0.013599 42 492.682 8.61324 57.2006 18.016478 0.019354 1.38 0 5 0 4 0 -0.290447 -0.299608 0.009161 "" "" "" "" "" "" "" "" "" "" "" "" "" "" "" "" "" "" "" "" "" "" VARIABLE 4.2e-05 0.000209 5e-05 14947.2 14923.2 14958.2 4.4994 4.4985 4.4999 -1.1907 -1.1967 -1.1814 24919.22 24880.152 24934.3 0.0006 0.0001 0.0014 0.0006 0.0001 0.0014 0.0003 0.0 0.0008 A 178.35308009637 59.66584733103 1.821397 2.193238 0.2915 0.357274 179591783531369722 178.35308375 59.66584477 0.01 0.009 90.0 444915712 53 56132.22489583 5 67 17.7286 0.0167 17.6238 0.0053 16892216 18.065 0.0165 17.7835 0.0091 16892216 18.5057 0.015 18.4306 0.0174 16892216 18.7851 0.0126 18.6578 0.0142 16892216 18.863 0.0414 18.6244 0.0242 16892216 0.376349
"LTNF 1" 230.0 215.0 spec-56404-HD114750N494922B01_sp06-020.fits 179.4368 48.938386 "Gaia DR3 786919754746647424" 179.43685570988 48.938363676 0.0 0.0 5.0 1636148068921376768 786919754746647424 874140882 0.0129 0.0175 0.7079 0.0257 27.5971 16.674 10.706 0.014 -12.783 0.023 0.0533 -0.0598 0.2797 -0.1882 -0.0163 -0.1587 -0.0378 0.1214 -0.2238 -0.0315 668 0 666 2 2.9169 830.64 0.036 0.37365 31 True 1.673 "" "" "" "" "" "" "" 78 26 0.032001 82 0.0853 53.39 0 0 1.081 0 678 17201.97835 288.14 59.7001 15.098421 0.018394 75 11215.5 549.239 20.42 15.213998 0.053243 74 9512.85 508.389 18.7117 14.802119 0.058147 1.205 0 7 0 13 0 0.411879 0.115577 0.296302 "" "" "" "" "" "" "" "" "" "" "" "" "" "" "" "" "" "" "" "" "" "" VARIABLE 0.848584 0.122835 0.000857 "" "" "" "" "" "" "" "" "" "" "" "" "" "" "" "" "" "" "" "" "" "" 179.43678327373 48.93842048827 0.216649 0.36576 -0.0128 0.154318 166721794368566753 179.43684948 48.9383674 0.011 0.006 0.0 503636096 60 56382.23914352 5 90 15.2775 0.142 15.3369 0.1156 115000 15.7874 0.1273 15.8317 0.1089 115000 15.3821 0.0904 15.4521 0.0805 115000 15.4051 0.1062 15.44 0.099 115000 14.6011 0.0069 14.6919 0.0063 115000 0.134812
"DdDm 1" 1.4 1.4 spec-58549-HD163804N393437V01_sp08-159.fits 250.075904 38.705622 "Gaia DR3 1331566790929938432" 250.0756222094 38.70555672386 0.0 0.0 13.0 1636148068921376768 1331566790929938432 508942502 0.0704 0.0899 0.0778 0.0906 0.8583 2.55 -1.752 0.086 -1.853 0.111 0.1153 0.0432 -0.0847 -0.0328 0.0682 -0.0921 -0.2733 -0.2434 -0.1615 0.1755 364 0 357 7 11.0845 3800.4 0.947 132.6 95 False "" 1.8024 0.0238 -0.244 -0.127 0.024 0.053 -0.116 42 26 0.159788 48 0.009268 88.24 0 0 1.445 0 381 16078.86159 63.4986 253.216 15.171729 0.005097 44 36854.6 128.185 287.511 13.922314 0.004695 41 21097.2 72.0343 292.877 13.937334 0.005294 3.604 0 1 0 2 0 -0.01502 -1.249415 1.234395 "" "" "" "" "" "" "" "" "" "" "" "" "" "" "" "" "" "" "" "" "" "" NOT_AVAILABLE 0.0 0.618155 2e-05 "" "" "" "" "" "" "" "" "" "" "" "" "" "" "" "" "" "" "" "" "" "" 250.07563218679 38.70556496093 1.377869 1.799775 0.1784 0.825785 154442500756517353 250.07562293 38.70555626 0.004 0.002 90.0 512024576 61 56061.48694444 5 96 13.8545 0.0093 13.8167 0.0014 16892216 14.0765 0.0138 13.987 0.0051 16892216 15.0336 0.0021 15.0211 0.0018 16892216 15.2886 0.0056 15.1896 0.0037 16892216 14.7978 0.0196 14.7396 0.0158 16892216 0.824322
"NGC 6210" 52.0 "" spec-57169-HD163917N221316V01_sp12-025.fits 251.122977 23.799939 "Gaia DR3 1299564195037054592" 251.12296614506 23.79979626764 0.0 0.0 15.0 1636148068921376768 1299564195037054592 482079513 0.0175 0.0249 0.4862 0.0319 15.2186 11.522 -6.199 0.025 -9.712 0.033 0.2172 -0.0239 0.0611 0.0135 -0.0387 -0.0036 -0.1312 -0.0628 0.0549 0.3083 685 658 680 5 -0.3694 9199.4 0.343 201.33 95 False "" 1.8173 0.005 0.006 0.097 0.067 -0.064 -0.112 78 29 0.048589 80 0.04892 7.221 0 0 0.989 0 632 195618.54415 263.099 743.516 12.458842 0.003118 74 357174.0 3128.83 114.156 11.456343 0.009912 76 134564.0 816.346 164.837 11.925574 0.007594 2.514 0 69 3 73 0 -0.469232 -1.0025 0.533268 "" "" "" "" "" "" "" "" "" "" "" "" "" "" "" "" "" "" "" "" "" "" NOT_AVAILABLE 0.0 0.0 0.999998 "" "" "" "" "" "" "" "" "" "" "" "" "" "" "" "" "" "" "" "" "" "" 251.12299625807 23.79983943286 0.398339 0.539563 0.3067 0.515079 136562511229960428 251.12297235 23.79993384 0.053 0.019 0.0 814014464 97 55805.31216435 2 37 12.026 "" "" "" 16484 11.885 "" "" "" 16484 11.81 "" "" "" 16484 11.781 "" "" "" 114788 11.866 "" "" "" 114788 0.024076
"Vy 1-2" 6.0 4.0 spec-58253-HD175745N291452V02_sp05-212.fits 268.595849 27.999513 "Gaia DR3 4584066702954631552" 268.59601587728 27.99917516388 0.096 0.006 20.0 1636148068921376768 4584066702954631552 1562141435 32.7724 90.4709 "" "" "" "" "" "" "" "" 0.9827 "" "" "" "" "" "" "" "" "" 44 0 42 2 97.7928 23311.0 26.095 2782.4 3 False "" "" "" "" "" "" "" "" 5 4 17024.178 5 1.121 25.75 0 0 "" 0 44 3299.40853 155.396 21.2322 16.891277 0.05121 4 53889.4 2345.49 22.9757 13.509783 0.047338 2 20891.2 22.0936 945.577 13.947989 0.00395 22.665 0 4 0 2 0 -0.438206 -3.381495 2.943289 "" "" "" "" "" "" "" "" "" "" "" "" "" "" "" "" "" "" "" "" "" "" NOT_AVAILABLE 0.001831 0.002517 0.994512 "" "" "" "" "" "" "" "" "" "" "" "" "" "" "" "" "" "" "" "" "" "" 268.59601587728 27.99917516388 32.77238 90.470856 0.9827 1.326851 141592685959309738 268.59578364 27.999438 0.021 0.013 90.0 243589120 29 56267.12748843 10 70 13.0115 0.2487 12.4388 0.0004 16875832 14.5054 0.0419 13.5487 0.0016 16892216 15.7688 0.0436 14.6814 0.0019 16892216 15.9285 0.0127 14.6752 0.0069 16892216 14.7688 0.0323 13.9814 0.0496 16892216 0.340679
"Cn 3-1" 5.7 4.6 spec-57860-HD181338N104933V01_sp08-147.fits 274.392099 10.150929 "Gaia DR3 4482121324862387968" 274.39206535371 10.15087232071 0.0 0.0 179.0 1636148068921376768 4482121324862387968 1664002618 0.0269 0.0303 0.1381 0.0346 3.9968 11.602 -5.37 0.032 -10.285 0.034 -0.005 0.0008 -0.3176 -0.1461 -0.4287 -0.0865 -0.5681 -0.1223 0.2522 0.0735 276 258 275 1 1.0414 2154.5 0.253 66.49 95 False "" 1.7215 0.0071 -0.277 0.137 -0.142 0.24 -0.034 31 17 0.052436 32 0.02247 93.23 0 0 1.044 0 271 178049.46672 547.139 325.419 12.561015 0.004327 31 203872.0 2048.92 99.5023 12.065149 0.011263 31 178673.0 1040.98 171.639 11.617747 0.007369 2.149 0 31 0 31 0 0.447402 -0.495866 0.943268 "" "" "" "" "" "" "" "" "" "" "" "" "" "" "" "" "" "" "" "" "" "" NOT_AVAILABLE 0.0 1e-06 0.999998 "" "" "" "" "" "" "" "" "" "" "" "" "" "" "" "" "" "" "" "" "" "" 274.39208959822 10.15091803011 0.513527 0.563734 0.0818 0.236327 120182743920281619 274.3920906 10.15088426 0.018 0.008 90.0 369418240 44 55959.83006944 0 38 12.642 "" "" "" 68 12.5 "" "" "" 68 12.46 "" "" "" 68 12.42 "" "" "" 68 12.3784 0.0009 11.586 0.0033 16777560 0.163792
"AMU 1" 294.0 105.0 spec-58257-KP192102N424113V05_sp13-110.fits 292.78702 43.416039 "Gaia DR3 2125895669204184832" 292.78699960891 43.4160164542 0.0 0.0 163.0 1636148068921376768 2125895669204184832 1705810881 0.0212 0.0256 0.6301 0.0263 24.0018 2.067 -0.138 0.027 -2.062 0.029 -0.1315 -0.2565 -0.0061 0.043 0.1996 -0.0346 -0.2883 -0.1554 -0.1596 -0.0459 330 0 330 0 -0.2902 1652.3 0.248 44.563 31 False 1.871 "" "" "" "" "" "" "" 38 26 0.041527 42 0.006224 4.241 0 0 0.988 0 333 70126.67959 38.3037 1830.81 13.572659 0.002818 38 57720.9 73.2983 787.48 13.435209 0.003112 37 23192.2 21.6277 1072.34 13.834543 0.003913 1.154 0 0 0 0 0 -0.399334 -0.137449 -0.261885 "" "" "" "" "" "" "" "" "" "" "" "" "" "" "" "" "" "" "" "" "" "" NOT_AVAILABLE 0.0 0.0 5e-05 "" "" "" "" "" "" "" "" "" "" "" "" "" "" "" "" "" "" "" "" "" "" 292.78700045447 43.41602561974 0.42928 0.473547 -0.0456 0.097113 160092927870399949 292.78699531 43.41601874 0.004 0.004 0.0 503635968 60 55928.04809028 5 54 13.4498 0.0023 13.4703 0.0 115000 13.8328 0.004 13.8743 0.0049 115000 14.1857 0.0111 14.2224 0.0012 115000 14.4411 0.0038 14.5009 0.0044 115000 14.6084 0.0018 14.656 0.012 115000 0.097407
"NGC 6826" 27.0 24.0 spec-56435-KP194045N483045V01_sp11-109.fits 296.200708 50.525083 "Gaia DR3 2135352396915239808" 296.20056077833 50.52501843614 0.0 0.0 12.0 1636148068921376768 2135352396915239808 1453494407 0.0321 0.0363 0.7714 0.0359 21.4606 14.662 -9.2 0.041 -11.417 0.048 0.0517 0.0581 -0.0503 -0.0964 0.108 -0.1027 -0.2304 -0.1756 -0.0694 0.0354 327 327 326 1 4.7206 7355.5 0.41 238.66 31 False 1.863 "" "" "" "" "" "" "" 39 28 0.066796 44 0.01243 158.4 0 0 1.191 0 340 1087855.6893 1156.0 941.048 10.595939 0.002987 39 932262.0 2835.2 328.817 10.414698 0.004323 38 397879.0 1110.22 358.379 10.748517 0.004844 1.223 0 30 0 30 0 -0.333819 -0.181241 -0.152578 "" "" "" "" "" "" "" "" "" "" "" "" "" "" "" "" "" "" "" "" "" "" NOT_AVAILABLE 0.0 0.0 0.999999 17582.1 17581.1 17582.8 4.0209 4.0208 4.021 -1.45 -1.4501 -1.4499 1990.9248 1990.8822 1990.9784 0.0 0.0 0.0001 0.0 0.0 0.0001 0.0 0.0 0.0001 A 296.20062509412 50.52506917637 0.662929 0.770025 0.0444 0.409333 168632962005090790 296.20058618 50.52513933 0.204 0.064 0.0 621076480 74 56020.31924769 4 53 10.498 "" "" "" 32868 10.8 "" "" "" 16484 11.026 "" "" "" 32868 11.232 "" "" "" 114788 11.423 "" "" "" 114788 0.344754
"NGC 7094" 102.5 99.0 spec-56966-HD213605N150455V01_sp01-008.fits 324.2207 12.788638 "Gaia DR3 1770058865674512896" 324.22071981977 12.78859187017 0.0 0.0 51.0 1636148068921376768 1770058865674512896 505485966 0.0279 0.0267 0.6042 0.0336 17.9652 11.157 3.676 0.034 -10.534 0.031 0.2004 0.2245 -0.1988 -0.1937 0.0608 -0.1502 -0.4242 -0.1952 -0.1931 0.1467 261 0 260 1 -0.6616 1285.8 0.253 43.381 31 False 1.869 "" "" "" "" "" "" "" 30 17 0.050968 30 0.009269 68.99 0 0 0.97 0 258 73894.26185 48.0717 1537.17 13.515841 0.002844 27 60893.2 111.716 545.069 13.37712 0.003428 27 24659.5 23.6393 1043.16 13.767936 0.00392 1.158 0 0 0 0 0 -0.390816 -0.138721 -0.252095 "" "" "" "" "" "" "" "" "" "" "" "" "" "" "" "" "" "" "" "" "" "" NOT_AVAILABLE 0.0 0.0 5e-05 "" "" "" "" "" "" "" "" "" "" "" "" "" "" "" "" "" "" "" "" "" "" 324.22070306837 12.78863868726 0.551076 0.506512 0.1596 0.180055 123343242207136812 324.22071491 12.78860106 0.004 0.003 90.0 503635968 60 55871.28840278 10 59 13.413 "" "" "" 114724 13.757 0.0004 13.7972 0.0022 115000 14.1162 0.002 14.1546 0.0011 115000 14.3617 0.0032 14.4188 0.0023 115000 14.5444 0.0039 14.5884 0.0042 115000 0.142915
"K 3-84" 8.0 8.0 spec-57697-HD214208N454556B01_sp03-140.fits 324.704138 46.007792 "Gaia DR3 1977145043182913408" 324.70415887768 46.00768299198 0.0 0.0 13.0 1636148068921376768 1977145043182913408 318740183 0.2572 0.4369 -0.9769 0.376 -2.5983 3.362 -2.557 0.381 -2.184 0.677 0.2669 -0.1296 -0.1166 0.1617 -0.3618 0.0582 0.2217 0.0568 -0.2427 0.0978 238 0 237 1 -1.5805 218.87 0.0 0.0 95 False "" 1.2545 0.0963 -0.051 0.035 0.039 -0.065 -0.108 29 20 0.947718 44 0.03311 70.8 0 39 0.926 0 277 321.3649 6.31598 50.8813 19.41987 0.021516 20 4172.77 114.042 36.5899 16.28748 0.029804 20 3742.93 30.8588 121.292 15.814867 0.009717 24.632 0 17 0 17 0 0.472612 -3.132391 3.605003 "" "" "" "" "" "" "" "" "" "" "" "" "" "" "" "" "" "" "" "" "" "" NOT_AVAILABLE 0.0 0.022746 0.977254 "" "" "" "" "" "" "" "" "" "" "" "" "" "" "" "" "" "" "" "" "" "" 324.70417523717 46.00769269889 6.124983 10.743508 0.0893 0.395886 163213247041490027 324.70426755 46.00768439 0.03 0.023 90.0 377806848 45 55995.89188657 0 69 16.9896 0.1047 15.4619 0.0024 16777496 15.9715 0.0502 14.6892 0.0097 16777496 18.054 0.1465 16.4736 0.0104 16777496 17.881 0.0423 16.4496 0.0128 16777496 17.0541 0.0357 15.6323 0.0342 16777496 0.504981
"Dr 21" 450.0 "" spec-58017-GACII351N42M1_sp11-165.fits 350.95789 45.281708 "Gaia DR3 1938255660503776000" 350.9578847031 45.28170600576 0.0 0.0 120.0 1636148068921376768 1938255660503776000 1052433101 0.0615 0.0596 0.6479 0.0954 6.7923 1.576 1.571 0.076 -0.129 0.073 -0.0528 0.1496 -0.32 -0.0873 0.1333 -0.152 0.1802 -0.3357 0.0792 -0.137 441 0 439 2 1.5968 533.85 0.278 1.708 31 False 1.858 "" "" "" "" "" "" "" 50 23 0.115148 56 0.04654 97.24 0 0 1.054 0 457 1893.44169 1.74819 1083.09 17.494238 0.002932 51 1520.48 11.5756 131.352 17.383589 0.008724 50 642.503 7.88981 81.4346 17.728207 0.013858 1.142 0 2 0 3 0 -0.344618 -0.110649 -0.233969 "" "" "" "" "" "" "" "" "" "" "" "" "" "" "" "" "" "" "" "" "" "" NOT_AVAILABLE 0.0 0.0 5e-05 11902.8 11739.6 11964.1 4.4967 4.4929 4.4991 -1.4578 -1.4855 -1.3287 14070.567 13956.219 14110.699 0.0027 0.0007 0.0087 0.0026 0.0007 0.0085 0.0014 0.0003 0.0045 A 350.95787477913 45.2817065812 1.239167 1.158581 -0.1238 0.015217 162333509578758712 350.9578868 45.28170814 0.008 0.005 0.0 436527104 52 56103.34451389 5 72 17.3925 0.0095 17.4598 0.0113 115000 17.7325 0.0039 17.8062 0.0094 115000 18.0618 0.0044 18.1631 0.0125 115000 18.3169 0.0069 18.4134 0.0194 115000 18.468 0.0139 18.5753 0.0502 115000 0.008121
