AeBe-PS-Gaia.ecsv
# %ECSV 1.0
# ---
# datatype:
# - {name: recno_1, datatype: int64}
# - {name: Object_1, datatype: string}
# - {name: RA_ICRS_1, datatype: float64}
# - {name: DE_ICRS_1, datatype: float64}
# - {name: d_1, datatype: float64}
# - {name: e_d_1, datatype: float64}
# - {name: E_d_1, datatype: float64}
# - {name: DeltaT_1, datatype: string}
# - {name: Av_1, datatype: float64}
# - {name: e_Av_1, datatype: float64}
# - {name: Teff_1, datatype: int64}
# - {name: e_Teff_1, datatype: int64}
# - {name: SpType_1, datatype: string}
# - {name: R_1, datatype: float64}
# - {name: e_R_1, datatype: float64}
# - {name: LogL_1, datatype: float64}
# - {name: e_LogL_1, datatype: float64}
# - {name: E_LogL_1, datatype: float64}
# - {name: l_t_1, datatype: string}
# - {name: t_1, datatype: float64}
# - {name: e_t_1, datatype: float64}
# - {name: E_t_1, datatype: float64}
# - {name: l_M_1, datatype: string}
# - {name: M_1, datatype: float64}
# - {name: e_M_1, datatype: float64}
# - {name: E_M_1, datatype: float64}
# - {name: Notes_1, datatype: float64}
# - {name: SimbadName_1, datatype: string}
# - {name: _RA_icrs_1, datatype: float64}
# - {name: _DE_icrs_1, datatype: float64}
# - {name: objID, datatype: int64}
# - {name: RAJ2000_1, datatype: float64}
# - {name: DEJ2000_1, datatype: float64}
# - {name: errHalfMaj_1, datatype: float64}
# - {name: errHalfMin_1, datatype: float64}
# - {name: errPosAng_1, datatype: float64}
# - {name: f_objID, datatype: int64}
# - {name: Qual, datatype: int64}
# - {name: Epoch, datatype: float64}
# - {name: Ns, datatype: int64}
# - {name: Nd, datatype: int64}
# - {name: gmag, datatype: float64}
# - {name: e_gmag, datatype: float64}
# - {name: gKmag, datatype: float64}
# - {name: e_gKmag, datatype: float64}
# - {name: gFlags, datatype: int64}
# - {name: rmag, datatype: float64}
# - {name: e_rmag, datatype: float64}
# - {name: rKmag, datatype: float64}
# - {name: e_rKmag, datatype: float64}
# - {name: rFlags, datatype: int64}
# - {name: imag, datatype: float64}
# - {name: e_imag, datatype: float64}
# - {name: iKmag, datatype: float64}
# - {name: e_iKmag, datatype: float64}
# - {name: iFlags, datatype: int64}
# - {name: zmag, datatype: float64}
# - {name: e_zmag, datatype: float64}
# - {name: zKmag, datatype: float64}
# - {name: e_zKmag, datatype: float64}
# - {name: zFlags, datatype: int64}
# - {name: ymag, datatype: float64}
# - {name: e_ymag, datatype: float64}
# - {name: yKmag, datatype: float64}
# - {name: e_yKmag, datatype: float64}
# - {name: yFlags, datatype: int64}
# - {name: angDist_1, datatype: float64}
# - {name: recno_2, datatype: int64}
# - {name: Object_2, datatype: string}
# - {name: RA_ICRS_2, datatype: float64}
# - {name: DE_ICRS_2, datatype: float64}
# - {name: d_2, datatype: float64}
# - {name: e_d_2, datatype: float64}
# - {name: E_d_2, datatype: float64}
# - {name: DeltaT_2, datatype: string}
# - {name: Av_2, datatype: float64}
# - {name: e_Av_2, datatype: float64}
# - {name: Teff_2, datatype: int64}
# - {name: e_Teff_2, datatype: int64}
# - {name: SpType_2, datatype: string}
# - {name: R_2, datatype: float64}
# - {name: e_R_2, datatype: float64}
# - {name: LogL_2, datatype: float64}
# - {name: e_LogL_2, datatype: float64}
# - {name: E_LogL_2, datatype: float64}
# - {name: l_t_2, datatype: string}
# - {name: t_2, datatype: float64}
[...]
[from data line 137]
204 "MWC 655" 339.63249999999994 55.83472222222221 1881.25 44.52 46.73 19000-29000 1.5 0.07 19000 500 B2-B3 9.7 0.72 4.04 0.05 0.04 "" 0.08 0.02 0.01 "" 11.0 0.37 0.52 "" "MWC 655" 339.63249999999994 55.83472222222221 175003396325152683 339.63260821 55.83482465 0.001 0.001 90.0 1140924416 136 51449.31829861 6 41 10.335 "" "" "" 114788 9.652 "" "" "" 68 9.333 "" "" "" 32868 9.145 "" "" "" 98404 9.062 "" "" "" 32868 0.428752 204 "MWC 655" 339.63249999999994 55.83472222222221 1881.25 44.52 46.73 19000-29000 1.5 0.07 19000 500 B2-B3 9.7 0.72 4.04 0.05 0.04 "" 0.08 0.02 0.01 "" 11.0 0.37 0.52 "" "MWC 655" 339.63249999999994 55.83472222222221 "Gaia DR3 2006549179574504320" 339.63260717337 55.83482420759 0.0 0.0 114.0 1636148068921376768 2006549179574504320 159809923 0.0107 0.0102 0.5118 0.0129 39.7277 2.809 -2.291 0.014 -1.625 0.013 -0.0499 0.26 -0.1098 -0.1762 0.1077 -0.2179 -0.0427 -0.1682 0.068 -0.1415 420 420 418 2 1.5645 992.04 0.089 10.552 31 False 1.602 "" "" "" "" "" "" "" 48 27 0.020062 55 0.03374 25.33 0 0 1.054 0 457 4051148.76171 11629.8 348.343 9.168422 0.00416 51 2304220.0 16398.2 140.516 9.432233 0.008215 51 2569800.0 26549.6 96.7924 8.723146 0.011837 1.203 0.0 0.0 0.0 0.0 0.0 0.709086 0.263811 0.445275 "" "" "" "" "" "" "" "" "" "" "" "" "" "" "" "" "" "" "" "" "" "" VARIABLE 0.0 0.0 0.999998 40785.5 40669.9 40893.9 4.1218 4.1139 4.1294 -0.9957 -0.999 -0.9878 1854.829 1822.4271 1887.3801 2.3094 2.3084 2.3104 2.188 2.1871 2.1889 1.2063 1.2057 1.2068 OB 339.63262530428 55.83483143078 0.220602 0.212328 -0.1214 0.426314
205 "IL Cep" 343.31499999999994 62.14583333333332 797.43 8.57 8.76 20000-23000 3.0 0.0 20000 500 B2 7.87 0.4 3.95 0.01 0.01 "" 0.09 0.01 0.01 "" 10.02 0.02 0.1 "" "IL Cep" 343.31499999999994 62.14583333333332 182573433153076025 343.31583574 62.14606816 0.001 0.001 90.0 538443776 64 56105.48549769 1 11 9.8674 0.0845 11.663 0.0711 16440 9.385 0.0879 13.108 0.0072 56 "" "" "" "" 32 8.6022 0.0001 10.5177 0.0363 65592 6.9781 0.0 10.8527 0.0 56 1.64033 205 "IL Cep" 343.31499999999994 62.14583333333332 797.43 8.57 8.76 20000-23000 3.0 0.0 20000 500 B2 7.87 0.4 3.95 0.01 0.01 "" 0.09 0.01 0.01 "" 10.02 0.02 0.1 "" "IL Cep" 343.31499999999994 62.14583333333332 "Gaia DR3 2207203626363177088" 343.31501088332 62.14582438522 0.0 0.0 160.0 1636148068921376768 2207203626363177088 1252726143 0.0108 0.0112 1.2328 0.0136 90.4851 2.18 -0.681 0.015 -2.071 0.014 -0.0291 0.1466 -0.1132 -0.1075 0.1029 -0.1377 -0.0464 -0.2962 -0.0356 -0.1365 370 370 367 3 0.444 743.37 0.095 10.598 31 True 1.504 "" "" "" "" "" "" "" 43 27 0.021164 51 0.00981 48.71 0 0 1.016 1 396 4714568.82316 1216.56 3875.32 9.003762 0.00277 44 2258060.0 1370.99 1647.03 9.454202 0.002867 41 3620000.0 1772.05 2042.83 8.351124 0.003817 1.247 0.0 0.0 0.0 0.0 0.0 1.103078 0.450439 0.652638 "" "" "" "" "" "" "" "" "" "" "" "" "" "" "" "" "" "" "" "" "" "" NOT_AVAILABLE 0.0 0.0 0.999992 6200.9 6165.7 6214.0 2.526 2.4918 2.5408 -1.1505 -1.1526 -1.15 844.7969 831.6223 875.0331 1.0745 1.0533 1.0827 0.895 0.8768 0.9022 0.4894 0.4794 0.4934 PHOENIX 343.31501735937 62.14583358923 0.234484 0.221246 -0.1233 0.037051
206 "V374 Cep" 346.28124999999994 62.25999999999999 825.85 8.39 8.57 14000-17000 3.0 0.53 16000 1450 B3-B5 6.56 2.67 3.4 0.57 0.24 "" 0.23 0.11 0.55 "" 7.0 2.21 1.58 "" "V374 Cep" 346.28124999999994 62.25999999999999 182713462817862703 346.28142931 62.26003973 0.072 0.072 90.0 268959744 32 56011.48179398 0 19 10.3013 0.0377 12.7331 0.1242 24 9.9413 0.1391 12.3369 0.1404 24 9.6186 0.0711 12.2255 0.2087 24 9.1314 0.0789 12.2942 0.3271 24 "" "" "" "" 0 0.332768 206 "V374 Cep" 346.28124999999994 62.25999999999999 825.85 8.39 8.57 14000-17000 3.0 0.53 16000 1450 B3-B5 6.56 2.67 3.4 0.57 0.24 "" 0.23 0.11 0.55 "" 7.0 2.21 1.58 "" "V374 Cep" 346.28124999999994 62.25999999999999 "Gaia DR3 2207340064583721344" 346.28107608545 62.26012965405 0.0 0.0 119.0 1636148068921376768 2207340064583721344 1742664994 0.0108 0.0098 1.1893 0.0124 95.6712 2.695 -1.291 0.014 -2.366 0.012 -0.1582 0.1459 -0.0723 -0.109 0.1141 -0.1405 -0.0295 -0.0833 0.0389 -0.1959 346 346 340 6 -1.5525 612.72 0.075 7.139 31 True 1.467 "" "" "" "" "" "" "" 39 24 0.020307 43 0.01497 19.53 0 0 0.94 0 374 1476760.48502 6160.85 239.701 10.264091 0.005302 43 668330.0 8640.16 77.3515 10.776066 0.014311 43 1227880.0 15129.5 81.158 9.525005 0.013902 1.284 0.0 0.0 0.0 0.0 0.0 1.25106 0.511974 0.739086 59.67 9.42 1.0 21.0 5.0 17.0 129.39 60.645 0.0 989.56 118.8 7750.0 2.0 -3.0 555.0 11.7656 6.5965 14.0 9.11881 0.023839 14.0 "" NOT_AVAILABLE 0.0 0.0 0.999976 "" "" "" "" "" "" "" "" "" "" "" "" "" "" "" "" "" "" "" "" "" "" 346.28108840804 62.26014016973 0.228266 0.185653 -0.1823 0.55026
207 "MWC 1080" 349.3566666666666 60.84527777777777 1424.3 58.76 64.04 26000-36000 5.0 0.19 28000 1735 B0 9.03 1.72 4.66 0.15 0.11 "" 0.03 0.01 0.01 "" 17.97 2.03 1.91 "" "MWC 1080" 349.3566666666666 60.84527777777777 181013493568005186 349.35642432 60.84537182 0.041 0.041 90.0 1442996224 172 53114.19081019 1 48 12.4193 0.001 12.3359 0.001 16892280 10.572 0.0043 12.0409 0.0023 16504 11.722 "" "" "" 16484 10.22 "" "" "" 16484 9.484 "" "" "" 16484 0.543385 207 "MWC 1080" 349.3566666666666 60.84527777777777 1424.3 58.76 64.04 26000-36000 5.0 0.19 28000 1735 B0 9.03 1.72 4.66 0.15 0.11 "" 0.03 0.01 0.01 "" 17.97 2.03 1.91 "" "MWC 1080" 349.3566666666666 60.84527777777777 "Gaia DR3 2014109142339316096" 349.35658681845 60.8453921507 0.0 0.0 153.0 1636148068921376768 2014109142339316096 623299610 0.0246 0.0268 0.6713 0.0302 22.2195 4.458 -3.958 0.033 -2.051 0.032 -0.1169 0.0923 -0.1841 -0.156 -0.0448 -0.1848 0.0322 -0.0569 0.0555 -0.1445 442 442 438 4 39.1756 7311.6 0.342 167.77 31 False 1.323 "" "" "" "" "" "" "" 50 28 0.048085 55 0.05722 91.98 54 0 2.592 1 467 803315.86961 3106.3 258.608 10.925151 0.005022 54 236441.0 2946.65 80.2406 11.904235 0.013816 54 1026470.0 9145.83 112.234 9.719527 0.010386 1.572 0.0 54.0 0.0 54.0 0.0 2.184708 0.979084 1.205624 "" "" "" "" "" "" "" "" "" "" "" "" "" "" "" "" "" "" "" "" "" "" NOT_AVAILABLE 0.0 0.0 0.999904 "" "" "" "" "" "" "" "" "" "" "" "" "" "" "" "" "" "" "" "" "" "" 349.35662292444 60.84540126594 0.526903 0.51207 -0.1266 0.434905
208 "BP Psc" 350.6029166666666 -2.228333333333333 211.39 18.22 28.74 "5250- 5500" 1.0 0.32 5250 125 G9-K0 1.92 0.47 0.4 0.28 0.17 "" 4.89 2.75 8.26 "" 1.65 0.43 0.24 1.0 "BP Psc" 350.6029166666666 -2.228333333333333 105323506030326484 350.60308677 -2.22817195 0.023 0.023 90.0 1409605632 168 55597.88032407 2 75 12.732 "" "" "" 68 11.413 "" "" "" 68 10.791 "" "" "" 68 10.406 "" "" "" 114788 10.175 "" "" "" 114788 0.843783 208 "BP Psc" 350.6029166666666 -2.228333333333333 211.39 18.22 28.74 "5250- 5500" 1.0 0.32 5250 125 G9-K0 1.92 0.47 0.4 0.28 0.17 "" 4.89 2.75 8.26 "" 1.65 0.43 0.24 1 "BP Psc" 350.6029166666666 -2.228333333333333 "Gaia DR3 2637661878876647168" 350.60311115305 -2.22827106651 0.0 0.0 89.0 1636148068921376768 2637661878876647168 1143820107 0.4372 0.3619 4.797 0.4997 9.6002 52.343 46.091 0.551 -24.807 0.433 0.006 0.1213 0.057 -0.0905 -0.3947 -0.0892 0.227 0.059 -0.2095 0.13 221 221 221 0 118.4613 441100.0 3.818 19839.0 95 False "" 1.2233 0.0906 -0.129 0.147 -0.105 -0.117 0.003 25 16 0.771212 31 0.06745 148.2 0 0 10.541 0 246 587905.65708 8061.78 72.925 11.264098 0.015141 27 261673.0 11361.9 23.0307 11.794146 0.047226 27 548194.0 19438.4 28.2017 10.400559 0.038684 1.378 0.0 0.0 0.0 0.0 0.0 1.393586 0.530047 0.863539 "" "" "" "" "" "" "" "" "" "" "" "" "" "" "" "" "" "" "" "" "" "" NOT_AVAILABLE 0.0 0.0 0.99999 4922.7 4879.1 4977.8 4.1619 4.1502 4.1714 -0.6041 -0.683 -0.5277 143.1993 136.9558 150.6246 0.845 0.8077 0.8912 0.657 0.6272 0.6941 0.3526 0.3365 0.3723 PHOENIX 350.60290614837 -2.22816081096 8.796505 6.857808 0.1409 0.734655
209 "LkHa 259" 359.6733333333333 66.43694444444444 701.84 7.16 7.31 "7000- 7500" 5.0 0.0 7500 125 A7-A9 3.65 0.13 1.58 0.01 0.01 "" 3.64 0.34 0.32 "" 2.41 0.02 0.09 "" "LkHa 259" 359.6733333333333 66.43694444444444 187723596734074875 359.67350893 66.4368616 0.044 0.039 0.0 503636112 60 55901.62320602 5 71 16.3131 0.0047 15.7942 0.0094 16892216 14.7067 0.0136 14.3887 0.034 115000 12.838 "" "" "" 114724 12.312 "" "" "" 114724 12.4316 0.0021 12.3268 0.0048 115000 0.390906 209 "LkHa 259" 359.6733333333333 66.43694444444444 701.84 7.16 7.31 "7000- 7500" 5.0 0.0 7500 125 A7-A9 3.65 0.13 1.58 0.01 0.01 "" 3.64 0.34 0.32 "" 2.41 0.02 0.09 "" "LkHa 259" 359.6733333333333 66.43694444444444 "Gaia DR3 2209766862845871104" 359.67349687196 66.43686105011 0.0 0.0 153.0 1636148068921376768 2209766862845871104 1273725762 0.0119 0.0129 1.3821 0.0147 94.0926 1.855 0.594 0.016 -1.757 0.018 -0.1089 0.0275 -0.1413 -0.1092 -0.0026 -0.1359 0.1658 -0.0819 0.0713 -0.221 443 0 440 3 5.4496 587.69 0.048 1.108 31 False 1.268 "" "" "" "" "" "" "" 51 28 0.026502 57 0.037 52.87 0 0 1.19 0 489 38046.40863 73.9755 514.311 14.236583 0.003471 56 7434.57 40.7117 182.615 15.660403 0.006568 55 48687.9 286.281 170.07 13.029344 0.007419 1.475 0.0 2.0 0.0 0.0 0.0 2.63106 1.42382 1.207239 "" "" "" "" "" "" "" "" "" "" "" "" "" "" "" "" "" "" "" "" "" "" VARIABLE 0.0 0.0 0.999971 "" "" "" "" "" "" "" "" "" "" "" "" "" "" "" "" "" "" "" "" "" "" 359.67349027059 66.43686885999 0.253812 0.288095 -0.2098 0.381475
