AeBe-PS-GaiaEDR3.ecsv
# %ECSV 1.0
# ---
# datatype:
# - {name: recno_1, datatype: int64}
# - {name: Object_1, datatype: string}
# - {name: RA_ICRS_1, datatype: float64}
# - {name: DE_ICRS_1, datatype: float64}
# - {name: d_1, datatype: float64}
# - {name: e_d_1, datatype: float64}
# - {name: E_d_1, datatype: float64}
# - {name: DeltaT_1, datatype: string}
# - {name: Av_1, datatype: float64}
# - {name: e_Av_1, datatype: float64}
# - {name: Teff_1, datatype: int64}
# - {name: e_Teff_1, datatype: int64}
# - {name: SpType_1, datatype: string}
# - {name: R_1, datatype: float64}
# - {name: e_R_1, datatype: float64}
# - {name: LogL_1, datatype: float64}
# - {name: e_LogL_1, datatype: float64}
# - {name: E_LogL_1, datatype: float64}
# - {name: l_t_1, datatype: string}
# - {name: t_1, datatype: float64}
# - {name: e_t_1, datatype: float64}
# - {name: E_t_1, datatype: float64}
# - {name: l_M_1, datatype: string}
# - {name: M_1, datatype: float64}
# - {name: e_M_1, datatype: float64}
# - {name: E_M_1, datatype: float64}
# - {name: Notes_1, datatype: float64}
# - {name: SimbadName_1, datatype: string}
# - {name: _RA_icrs_1, datatype: float64}
# - {name: _DE_icrs_1, datatype: float64}
# - {name: objID, datatype: int64}
# - {name: RAJ2000, datatype: float64}
# - {name: DEJ2000, datatype: float64}
# - {name: errHalfMaj_1, datatype: float64}
# - {name: errHalfMin_1, datatype: float64}
# - {name: errPosAng_1, datatype: float64}
# - {name: f_objID, datatype: int64}
# - {name: Qual, datatype: int64}
# - {name: Epoch, datatype: float64}
# - {name: Ns, datatype: int64}
# - {name: Nd, datatype: int64}
# - {name: gmag, datatype: float64}
# - {name: e_gmag, datatype: float64}
# - {name: gKmag, datatype: float64}
# - {name: e_gKmag, datatype: float64}
# - {name: gFlags, datatype: int64}
# - {name: rmag, datatype: float64}
# - {name: e_rmag, datatype: float64}
# - {name: rKmag, datatype: float64}
# - {name: e_rKmag, datatype: float64}
# - {name: rFlags, datatype: int64}
# - {name: imag, datatype: float64}
# - {name: e_imag, datatype: float64}
# - {name: iKmag, datatype: float64}
# - {name: e_iKmag, datatype: float64}
# - {name: iFlags, datatype: int64}
# - {name: zmag, datatype: float64}
# - {name: e_zmag, datatype: float64}
# - {name: zKmag, datatype: float64}
# - {name: e_zKmag, datatype: float64}
# - {name: zFlags, datatype: int64}
# - {name: ymag, datatype: float64}
# - {name: e_ymag, datatype: float64}
# - {name: yKmag, datatype: float64}
# - {name: e_yKmag, datatype: float64}
# - {name: yFlags, datatype: int64}
# - {name: angDist_1, datatype: float64}
# - {name: recno_2, datatype: int64}
# - {name: Object_2, datatype: string}
# - {name: RA_ICRS_2, datatype: float64}
# - {name: DE_ICRS_2, datatype: float64}
# - {name: d_2, datatype: float64}
# - {name: e_d_2, datatype: float64}
# - {name: E_d_2, datatype: float64}
# - {name: DeltaT_2, datatype: string}
# - {name: Av_2, datatype: float64}
# - {name: e_Av_2, datatype: float64}
# - {name: Teff_2, datatype: int64}
# - {name: e_Teff_2, datatype: int64}
# - {name: SpType_2, datatype: string}
# - {name: R_2, datatype: float64}
# - {name: e_R_2, datatype: float64}
# - {name: LogL_2, datatype: float64}
# - {name: e_LogL_2, datatype: float64}
# - {name: E_LogL_2, datatype: float64}
# - {name: l_t_2, datatype: string}
# - {name: t_2, datatype: float64}
[...]
[from data line 30]
34 "HD 245185" 83.78999999999999 10.030833333333332 410.35 5.06 5.19 9500-10500 0.5 0.0 10250 125 B9 1.73 0.05 1.48 0.02 0.02 "" 7.08 0.0 0.6 "" 2.24 0.0 0.05 "" "HD 245185" 83.78999999999999 10.030833333333332 120030837900067625 83.79001849 10.0309549 0.001 0.001 90.0 1409441792 168 54272.70793981 4 40 11.958 "" "" "" 114788 10.996 "" "" "" 68 10.612 "" "" "" 114788 10.418 "" "" "" 114788 10.272 "" "" "" 114788 0.442521 34 "HD 245185" 83.78999999999999 10.030833333333332 410.35 5.06 5.19 9500-10500 0.5 0.0 10250 125 B9 1.73 0.05 1.48 0.02 0.02 "" 7.08 0.0 0.6 "" 2.24 0.0 0.05 "" "HD 245185" 83.78999999999999 10.030833333333332 83.79001445171 10.03096261478 0.0005099 0.0003034 120.82 3338005774514542720 83.7900184695 0.022 10.03095418321 0.0174 2.4087 0.0304 79.1236 2.096 0.89 0.029 -1.897 0.022 366 3.363 1618.45 0.155 34.67 31 "" "" 18 1.127 False 2150540.0 2129.27 9.855999 1503020.0 3448.31 9.896132 1013360.0 9.733488 1.17 0.162644 "" "" 0 "" "" "" "" "" 501039182.0 0.002958 0.00374 0.004778 9.855999 0.002958 2150540.0 0.009 0.4646 0.3689 -0.431 0.468224
35 "HD 36982" 83.79083333333332 -5.464722222222221 403.99 3.87 3.95 19000-21000 1.5 0.0 21000 500 B2 2.78 0.14 3.13 0.01 0.01 < 0.5 "" "" < 6.4 "" "" "" "HD 36982" 83.79083333333332 -5.464722222222221 101440837910252665 83.79099173 -5.46477472 0.001 0.001 90.0 1409359872 168 51872.30369213 2 25 8.895 "" "" "" 68 8.708 "" "" "" 68 8.637 "" "" "" 68 8.581 "" "" "" 114788 8.545 "" "" "" 114788 0.598272 35 "HD 36982" 83.79083333333332 -5.464722222222221 403.99 3.87 3.95 19000-21000 1.5 0.0 21000 500 B2 2.78 0.14 3.13 0.01 0.01 < 0.5 "" "" < 6.4 "" "" "" "HD 36982" 83.79083333333332 -5.464722222222221 83.79098494938 -5.46478230466 0.0003597 0.0002796 86.42 3017360348171372672 83.79099217729 0.017 -5.46477438312 0.0145 2.4489 0.024 102.1926 2.408 1.619 0.022 1.782 0.017 415 -1.5794 1190.64 0.139 19.17 31 "" "" 21 0.945 True 8675420.0 2152.75 8.34164 5869470.0 2475.79 8.417046 4493250.0 8.116494 1.194 0.300551 "" "" 0 "" "" "" "" 27372458.0 423013485.0 0.002768 0.002828 0.003808 8.34164 0.002768 8675420.0 0.027 0.3594 0.28 0.0317 0.584807
36 "NV Ori" 83.88083333333333 -5.552499999999999 383.86 2.96 3.01 "6500- 7000" 0.5 0.07 7000 125 F0-F2 3.14 0.15 1.33 0.03 0.03 "" 5.04 0.25 0.85 "" 2.09 0.09 0.06 "" "NV Ori" 83.88083333333333 -5.552499999999999 101330838806397491 83.880706 -5.552456 0.056 0.056 90.0 1409359872 168 51872.3037963 3 20 12.583 "" "" "" 4 11.265 "" "" "" 4 10.642 "" "" "" 114724 10.258 "" "" "" 114724 10.027 "" "" "" 114724 0.482964 36 "NV Ori" 83.88083333333333 -5.552499999999999 383.86 2.96 3.01 "6500- 7000" 0.5 0.07 7000 125 F0-F2 3.14 0.15 1.33 0.03 0.03 "" 5.04 0.25 0.85 "" 2.09 0.09 0.06 "" "NV Ori" 83.88083333333333 -5.552499999999999 83.88070254852 -5.55246445196 0.0002638 0.0002256 102.6 3017346952181227776 83.88070887882 0.0128 -5.55246230454 0.0113 2.5796 0.0203 127.2483 1.498 1.418 0.016 0.483 0.014 389 1.6944 965.56 0.107 17.3 31 "" "" 20 1.061 False 2490590.0 4478.67 9.69661 1459700.0 8554.83 9.92788 1507040.0 9.302586 1.191 0.625295 "" "" 0 "" "" "" 1.2376537511500186e+18 27371954.0 423013589.0 0.003377 0.006948 0.005647 9.69661 0.003377 2490590.0 0.004 0.2621 0.2275 -0.0667 0.485776
37 "T Ori" 83.96041666666666 -5.476388888888888 398.59 4.39 4.49 "8500- 9500" 2.0 0.24 9250 242 A0-A1 2.98 0.38 1.77 0.12 0.09 "" 3.82 0.82 0.59 "" 2.52 0.21 0.19 1.0 "T Ori" 83.96041666666666 -5.476388888888888 101420839602348857 83.96021006 -5.47636472 0.001 0.001 90.0 1409441792 168 54896.36965278 1 42 10.9539 0.0256 11.1584 0.0091 88 13.199 "" "" "" 68 11.715 "" "" "" 114788 10.654 "" "" "" 68 10.116 "" "" "" 68 0.745484 37 "T Ori" 83.96041666666666 -5.476388888888888 398.59 4.39 4.49 "8500- 9500" 2.0 0.24 9250 242 A0-A1 2.98 0.38 1.77 0.12 0.09 "" 3.82 0.82 0.59 "" 2.52 0.21 0.19 1.0 "T Ori" 83.96041666666666 -5.476388888888888 83.96020116782 -5.47636812626 0.0003761 0.0003137 103.71 3017347673735214592 83.96021114642 0.0185 -5.4763649181 0.017 2.4843 0.0279 88.9387 2.349 2.235 0.023 0.722 0.019 419 15.5898 2882.2 0.199 57.91 95 1.5 0.0049 22 1.588 False 575592.0 15268.7 11.287081 374153.0 29141.3 11.405919 595730.0 10.310272 1.685 1.095647 "" "" 0 "" "" "" "" 27372825.0 423013628.0 0.028933 0.08461 0.059671 11.287081 0.028933 575592.0 0.459 0.3729 0.3176 -0.0837 0.775864
38 "CQ Tau" 83.99374999999999 24.74833333333333 148.6 1.31 1.34 "6000- 7000" 0.5 0.0 6750 125 F2-F3 1.88 0.07 0.82 0.01 0.01 "" 12.42 1.43 2.4 "" 1.5 0.01 0.01 1.0 "CQ Tau" 83.99374999999999 24.74833333333333 137690839933838138 83.99362477 24.74824894 0.001 0.001 90.0 1343750144 160 56028.10884259 5 7 "" "" "" "" 114720 9.2893 0.1078 13.1555 0.1289 114744 9.0959 0.0253 "" "" 114744 9.3076 0.0509 12.0125 0.1861 114744 "" "" "" "" 114720 0.509834 38 "CQ Tau" 83.99374999999999 24.74833333333333 148.6 1.31 1.34 "6000- 7000" 0.5 0.0 6750 125 F2-F3 1.88 0.07 0.82 0.01 0.01 "" 12.42 1.43 2.4 "" 1.5 0.01 0.01 1.0 "CQ Tau" 83.99374999999999 24.74833333333333 83.99361094339 24.74835873627 0.0009746 0.0006828 98.98 3416747570320423552 83.99362556281 0.0482 24.74824156201 0.0374 6.6946 0.06 111.6642 26.533 2.987 0.061 -26.364 0.042 318 52.2628 8947.23 0.448 274.2 31 "" "" 17 3.699 False 1525600.0 52963.7 10.228766 699099.0 88579.6 10.727196 1179130.0 9.568989 1.231 1.158207 31.4 5.35 5 6500.0 3.5 "" "" "" 574068877.0 0.037794 0.137597 0.09893 10.228766 0.037794 1525600.0 -0.001 0.9685 0.6914 -0.1114 0.463733
39 "V380 Ori" 84.10583333333332 -6.71611111111111 374.32 15.02 16.33 9000-10500 2.5 0.54 10250 246 B9 3.11 1.1 1.98 0.53 0.23 "" 2.96 0.0 4.82 "" 2.8 0.0 0.6 1.0 "V380 Ori" 84.10583333333332 -6.71611111111111 99940841057630970 84.10568817 -6.71610837 0.083 0.083 90.0 268959744 32 56410.48104167 0 5 "" "" "" "" 0 12.5245 0.001 11.486 0.001 16777240 9.9587 0.1009 12.4268 0.0622 24 "" "" "" "" 0 10.4955 0.0594 "" "" 24 0.519096 39 "V380 Ori" 84.10583333333332 -6.71611111111111 374.32 15.02 16.33 9000-10500 2.5 0.54 10250 246 B9 3.11 1.1 1.98 0.53 0.23 "" 2.96 0.0 4.82 "" 2.8 0.0 0.6 1.0 "V380 Ori" 84.10583333333332 -6.71611111111111 84.1059668617 -6.71602353619 0.0016966 0.001367 99.04 3016923017420354688 84.10596387758 0.0767 -6.71603423924 0.0679 2.6425 0.1117 23.6625 2.499 -0.667 0.105 -2.408 0.084 429 147.2944 62469.14 0.967 1648.0 31 "" "" 23 9.14 False 1160460.0 1986.33 10.525793 468249.0 2134.84 11.16235 1099560.0 9.644852 1.351 1.517498 "" "" 0 "" "" "" 1.237667726977663e+18 27361574.0 417013164.0 0.003323 0.005682 0.006927 10.525793 0.003323 1160460.0 0.079 1.6892 1.3761 -0.0674 0.572109
40 "HD 37258" 84.24708333333332 -6.154444444444444 376.55 3.63 3.7 9250-10250 0.5 0.0 9250 125 A0-A1 1.98 0.07 1.41 0.02 0.02 "" 5.94 0.78 1.01 "" 2.27 0.08 0.03 "" "HD 37258" 84.24708333333332 -6.154444444444444 100610842471424917 84.24696664 -6.15458025 0.089 0.089 90.0 268513280 32 55614.24846065 0 30 10.0057 0.016 12.8145 0.1027 24 10.7168 0.4153 11.7588 0.0078 24 10.1117 0.0375 13.1755 0.113 24 10.0531 0.1182 12.2331 0.1526 24 9.9392 0.0134 11.2172 0.0082 16 0.643021 40 "HD 37258" 84.24708333333332 -6.154444444444444 376.55 3.63 3.7 9250-10250 0.5 0.0 9250 125 A0-A1 1.98 0.07 1.41 0.02 0.02 "" 5.94 0.78 1.01 "" 2.27 0.08 0.03 "" "HD 37258" 84.24708333333332 -6.154444444444444 84.24700873541 -6.15429432365 0.0069622 0.001104 137.53 3016986243634948736 84.24702137998 0.2794 -6.15430292544 0.3027 2.736 0.1071 25.552 3.427 2.829 0.282 -1.935 0.306 218 56.0881 9598.96 0.62 323.4 95 1.4357 0.02 11 4.723 False "" "" "" "" "" "" "" "" "" "" "" "" 0 "" "" "" 1.2376715586220196e+18 "" "" "" "" "" "" "" "" "" 4.771 5.1892 -0.9506 0.602795
41 "HD 290770" 84.25999999999999 -1.6224999999999998 392.85 3.8 3.87 10250-10750 0.5 0.0 10750 125 B8 2.13 0.05 1.74 0.01 0.01 "" 4.01 0.04 0.39 "" 2.64 0.04 0.13 "" "HD 290770" 84.25999999999999 -1.6224999999999998 106050842601453547 84.26009209 -1.62238263 0.001 0.001 90.0 1343750144 160 55869.86237269 1 10 9.1911 0.026 12.4485 0.2126 24 10.1353 0.001 11.356 0.001 24 "" "" "" "" 0 10.3969 0.0 11.3357 0.0 24 10.8998 0.1024 10.5557 0.003 114736 0.536985 41 "HD 290770" 84.25999999999999 -1.6224999999999998 392.85 3.8 3.87 10250-10750 0.5 0.0 10750 125 B8 2.13 0.05 1.74 0.01 0.01 "" 4.01 0.04 0.39 "" 2.64 0.04 0.13 "" "HD 290770" 84.25999999999999 -1.6224999999999998 84.26019752703 -1.62260102075 0.0003935 0.000314 123.87 3217370485451141760 84.26019574346 0.0192 -1.62260388559 0.018 2.5194 0.0248 101.3846 0.759 -0.401 0.023 -0.645 0.021 359 2.7697 1894.26 0.173 44.63 31 "" "" 21 1.105 False 3881470.0 1900.69 9.214877 2784570.0 3153.38 9.226646 1754520.0 9.137498 1.169 0.089149 "" "" 0 "" "" "" 1.2376715586199882e+18 27732674.0 442015493.0 0.002806 0.003049 0.004096 9.214877 0.002806 3881470.0 0.012 0.3707 0.3407 -0.2061 0.798444
42 "BF Ori" 84.30541666666666 -6.58361111111111 377.85 3.94 4.03 "8750- 9250" 0.5 0.25 8750 128 A2-A3 1.59 0.2 1.13 0.12 0.09 "" 17.14 0.0 2.8 "" 1.85 0.0 0.15 "" "BF Ori" 84.30541666666666 -6.58361111111111 100100843053470045 84.3052816 -6.58348138 0.054 0.054 90.0 1141006336 136 51294.02956019 4 52 12.965 "" "" "" 16484 11.651 "" "" "" 16484 11.029 "" "" "" 32868 10.633 "" "" "" 32868 10.402 "" "" "" 114788 0.671893 42 "BF Ori" 84.30541666666666 -6.58361111111111 377.85 3.94 4.03 "8750- 9250" 0.5 0.25 8750 128 A2-A3 1.59 0.2 1.13 0.12 0.09 "" 17.14 0.0 2.8 "" 1.85 0.0 0.15 "" "BF Ori" 84.30541666666666 -6.58361111111111 84.30525992845 -6.58349117848 0.0004149 0.0003711 66.08 3016930993175889792 84.30526383451 0.0197 -6.5834882697 0.0198 2.6173 0.0279 93.7715 1.091 0.873 0.025 0.654 0.023 388 8.6175 3403.18 0.222 75.35 95 1.6323 0.0053 23 1.326 False 1326960.0 10747.9 10.38022 811555.0 19394.5 10.565248 757947.0 10.048798 1.183 0.51645 "" "" 0 "" "" "" 1.2376715586221507e+18 27362731.0 418013818.0 0.009216 0.026096 0.023305 10.38022 0.009216 1326960.0 0.003 0.408 0.3786 0.0825 0.707542
43 "HD 37357" 84.44624999999999 -6.708333333333332 465.07 41.32 53.15 "9250- 9750" 0.5 0.0 9750 125 B9 3.28 0.35 1.94 0.1 0.08 "" 2.96 0.74 0.44 "" 2.8 0.2 0.2 1.0 "HD 37357" 84.44624999999999 -6.708333333333332 99950844460380279 84.4461671 -6.70838903 0.001 0.001 90.0 1409359872 168 50902.98668981 2 14 11.51 "" "" "" 68 10.43 "" "" "" 68 9.965 "" "" "" 114788 9.708 "" "" "" 68 9.534 "" "" "" 114788 0.357847 43 "HD 37357" 84.44624999999999 -6.708333333333332 465.07 41.32 53.15 "9250- 9750" 0.5 0.0 9750 125 B9 3.28 0.35 1.94 0.1 0.08 "" 2.96 0.74 0.44 "" 2.8 0.2 0.2 1.0 "HD 37357" 84.44624999999999 -6.708333333333332 84.44616447315 -6.70839152034 0.0036874 0.0026571 60.97 3016879109970689024 84.44616767972 0.1708 -6.70838885825 0.156 2.1466 0.226 9.4992 0.934 0.717 0.213 0.599 0.178 422 197.2356 265594.7 1.889 6036.0 31 "" "" 22 13.084 True 5398340.0 7015.15 8.856716 3727890.0 15873.6 8.909884 2563850.0 8.725663 1.165 0.184221 "" "" 0 "" "" "" 1.2376715586222162e+18 27362049.0 417013199.0 0.003096 0.0054 0.004996 8.856716 0.003096 5398340.0 0.004 3.4724 2.9325 0.2724 0.370656
44 "HD 290764" 84.52208333333333 -1.256111111111111 397.09 3.07 3.12 "7500- 8250" 0.5 0.0 7750 125 A5-A7 2.6 0.1 1.34 0.02 0.02 "" 6.1 0.12 0.62 "" 1.99 0.04 0.03 "" "HD 290764" 84.52208333333333 -1.256111111111111 106490845218553174 84.5218814 -1.25602999 1.018 0.156 90.0 1141170176 136 55197.03188657 5 59 12.333 "" "" "" 65636 11.076 "" "" "" 32868 10.491 "" "" "" 32868 10.14 "" "" "" 114788 9.92 "" "" "" 32868 0.783264 44 "HD 290764" 84.52208333333333 -1.256111111111111 397.09 3.07 3.12 "7500- 8250" 0.5 0.0 7750 125 A5-A7 2.6 0.1 1.34 0.02 0.02 "" 6.1 0.12 0.62 "" 1.99 0.04 0.03 "" "HD 290764" 84.52208333333333 -1.256111111111111 84.5218831112 -1.25602746013 0.0002986 0.0002668 86.25 3217489022251372160 84.52188137507 0.0156 -1.25602981787 0.0141 2.4919 0.0196 126.8286 0.659 -0.391 0.018 -0.53 0.016 387 6.6385 1496.75 0.133 29.58 31 "" "" 20 1.249 False 2328720.0 1959.41 9.769571 1443220.0 3787.17 9.940213 1318090.0 9.448029 1.186 0.492185 "" "" 0 "" "" "" 1.2376633316122301e+18 27736744.0 444015989.0 0.002903 0.003988 0.004475 9.769571 0.002903 2328720.0 0.007 0.2985 0.267 0.0147 0.781019
45 "V1787 Ori" 84.53875 -6.821388888888888 393.79 2.38 2.41 "8000- 8500" 4.5 0.0 8500 125 A3-A4 2.43 0.08 1.44 0.01 0.01 "" 5.98 0.14 0.02 "" 2.06 0.01 0.03 "" "V1787 Ori" 84.53875 -6.821388888888888 99810845387674846 84.53877862 -6.82128032 0.054 0.052 90.0 637853696 76 56124.13738426 10 68 14.5906 0.0051 14.5337 0.0029 115000 13.3315 0.0115 13.2903 0.0006 115000 12.77 "" "" "" 114724 11.961 "" "" "" 98340 11.538 "" "" "" 114724 0.404015 45 "V1787 Ori" 84.53875 -6.821388888888888 393.79 2.38 2.41 "8000- 8500" 4.5 0.0 8500 125 A3-A4 2.43 0.08 1.44 0.01 0.01 "" 5.98 0.14 0.02 "" 2.06 0.01 0.03 "" "V1787 Ori" 84.53875 -6.821388888888888 84.53876673829 -6.82127639858 0.0002221 0.0002018 104.36 3016864678880575616 84.53876814654 0.0111 -6.82127939134 0.0105 2.5092 0.0155 162.3898 0.743 0.315 0.014 -0.673 0.012 432 5.017 803.18 0.088 8.862 31 "" "" 23 1.176 False 118050.0 70.8361 13.0072 29042.5 52.7541 14.180956 136915.0 11.90677 1.406 2.274186 "" "" 0 "" "" 9.981084538767485e+16 1.2376677275145994e+18 27362018.0 416013507.0 0.002831 0.003417 0.004083 13.0072 0.002831 118050.0 0.032 0.2209 0.2031 -0.046 0.409361
46 "HD 37371" 84.54124999999999 -0.183611111111111 405.25 4.46 4.56 9750-11500 0.5 0.0 11500 125 B8 2.52 0.07 2.0 0.02 0.02 "" 2.89 0.12 0.07 "" 3.13 0.14 0.1 "" "HD 37371" 84.54124999999999 -0.183611111111111 107780845411930030 84.54125168 -0.18365917 0.001 0.001 90.0 1409359872 168 51116.31609954 1 27 8.774 "" "" "" 68 8.897 "" "" "" 114788 9.053 "" "" "" 68 9.194 "" "" "" 68 9.246 "" "" "" 68 0.173118 46 "HD 37371" 84.54124999999999 -0.183611111111111 405.25 4.46 4.56 9750-11500 0.5 0.0 11500 125 B8 2.52 0.07 2.0 0.02 0.02 "" 2.89 0.12 0.07 "" 3.13 0.14 0.1 "" "HD 37371" 84.54124999999999 -0.183611111111111 84.54125241099 -0.18365757757 0.0004513 0.0003539 117.84 3217804101053283840 84.54125168216 0.0222 -0.18365949852 0.02 2.44 0.0275 88.774 0.462 -0.164 0.027 -0.432 0.023 379 4.4593 2323.39 0.193 52.57 31 "" "" 21 1.166 False 5806550.0 1586.48 8.777573 4132170.0 1610.88 8.798097 2620610.0 8.701889 1.163 0.096208 "" "" 0 "" "" "" "" 27806467.0 450020470.0 0.002771 0.002822 0.003839 8.777573 0.002771 5806550.0 0.005 0.432 0.3773 -0.1987 0.167504
