AeBe-PS-GaiaEDR3.ecsv
# %ECSV 1.0
# ---
# datatype:
# - {name: recno_1, datatype: int64}
# - {name: Object_1, datatype: string}
# - {name: RA_ICRS_1, datatype: float64}
# - {name: DE_ICRS_1, datatype: float64}
# - {name: d_1, datatype: float64}
# - {name: e_d_1, datatype: float64}
# - {name: E_d_1, datatype: float64}
# - {name: DeltaT_1, datatype: string}
# - {name: Av_1, datatype: float64}
# - {name: e_Av_1, datatype: float64}
# - {name: Teff_1, datatype: int64}
# - {name: e_Teff_1, datatype: int64}
# - {name: SpType_1, datatype: string}
# - {name: R_1, datatype: float64}
# - {name: e_R_1, datatype: float64}
# - {name: LogL_1, datatype: float64}
# - {name: e_LogL_1, datatype: float64}
# - {name: E_LogL_1, datatype: float64}
# - {name: l_t_1, datatype: string}
# - {name: t_1, datatype: float64}
# - {name: e_t_1, datatype: float64}
# - {name: E_t_1, datatype: float64}
# - {name: l_M_1, datatype: string}
# - {name: M_1, datatype: float64}
# - {name: e_M_1, datatype: float64}
# - {name: E_M_1, datatype: float64}
# - {name: Notes_1, datatype: float64}
# - {name: SimbadName_1, datatype: string}
# - {name: _RA_icrs_1, datatype: float64}
# - {name: _DE_icrs_1, datatype: float64}
# - {name: objID, datatype: int64}
# - {name: RAJ2000, datatype: float64}
# - {name: DEJ2000, datatype: float64}
# - {name: errHalfMaj_1, datatype: float64}
# - {name: errHalfMin_1, datatype: float64}
# - {name: errPosAng_1, datatype: float64}
# - {name: f_objID, datatype: int64}
# - {name: Qual, datatype: int64}
# - {name: Epoch, datatype: float64}
# - {name: Ns, datatype: int64}
# - {name: Nd, datatype: int64}
# - {name: gmag, datatype: float64}
# - {name: e_gmag, datatype: float64}
# - {name: gKmag, datatype: float64}
# - {name: e_gKmag, datatype: float64}
# - {name: gFlags, datatype: int64}
# - {name: rmag, datatype: float64}
# - {name: e_rmag, datatype: float64}
# - {name: rKmag, datatype: float64}
# - {name: e_rKmag, datatype: float64}
# - {name: rFlags, datatype: int64}
# - {name: imag, datatype: float64}
# - {name: e_imag, datatype: float64}
# - {name: iKmag, datatype: float64}
# - {name: e_iKmag, datatype: float64}
# - {name: iFlags, datatype: int64}
# - {name: zmag, datatype: float64}
# - {name: e_zmag, datatype: float64}
# - {name: zKmag, datatype: float64}
# - {name: e_zKmag, datatype: float64}
# - {name: zFlags, datatype: int64}
# - {name: ymag, datatype: float64}
# - {name: e_ymag, datatype: float64}
# - {name: yKmag, datatype: float64}
# - {name: e_yKmag, datatype: float64}
# - {name: yFlags, datatype: int64}
# - {name: angDist_1, datatype: float64}
# - {name: recno_2, datatype: int64}
# - {name: Object_2, datatype: string}
# - {name: RA_ICRS_2, datatype: float64}
# - {name: DE_ICRS_2, datatype: float64}
# - {name: d_2, datatype: float64}
# - {name: e_d_2, datatype: float64}
# - {name: E_d_2, datatype: float64}
# - {name: DeltaT_2, datatype: string}
# - {name: Av_2, datatype: float64}
# - {name: e_Av_2, datatype: float64}
# - {name: Teff_2, datatype: int64}
# - {name: e_Teff_2, datatype: int64}
# - {name: SpType_2, datatype: string}
# - {name: R_2, datatype: float64}
# - {name: e_R_2, datatype: float64}
# - {name: LogL_2, datatype: float64}
# - {name: e_LogL_2, datatype: float64}
# - {name: E_LogL_2, datatype: float64}
# - {name: l_t_2, datatype: string}
# - {name: t_2, datatype: float64}
[...]
[from data line 130]
197 "V361 Cep" 325.70916666666665 66.10972222222222 882.1 10.4 10.66 16000-18000 2.0 0.0 16000 500 B4 4.57 0.29 3.09 0.01 0.01 "" 0.5 0.03 0.01 "" 5.54 0.11 0.06 "" "V361 Cep" 325.70916666666665 66.10972222222222 187333257092652286 325.7090738 66.10970415 0.047 0.047 90.0 889348096 106 52155.09038194 1 41 11.156 "" "" "" 16420 10.626 "" "" "" 16420 10.319 "" "" "" 16420 10.064 "" "" "" 114724 9.951 "" "" "" 16420 0.150215 197 "V361 Cep" 325.70916666666665 66.10972222222222 882.1 10.4 10.66 16000-18000 2.0 0.0 16000 500 B4 4.57 0.29 3.09 0.01 0.01 "" 0.5 0.03 0.01 "" 5.54 0.11 0.06 "" "V361 Cep" 325.70916666666665 66.10972222222222 325.70908280241 66.10977406024 0.0002545 0.0002447 39.61 2218012096241598976 325.70906230287 0.0126 66.10975658256 0.0129 1.119 0.0135 82.6941 4.354 -1.868 0.015 -3.932 0.016 344 2.3028 908.07 0.119 16.35 31 "" "" 27 1.089 False 2009060.0 586.498 9.929882 1136140.0 783.01 10.199965 1313430.0 9.45188 1.219 0.748085 "" "" 0 "" "" "" "" "" 781191890.0 0.002773 0.002889 0.003815 9.929882 0.002773 2009060.0 0.024 0.2487 0.2506 0.0388 0.223105
198 "V373 Cep" 325.7783333333333 66.115 872.52 14.91 15.44 10250-12750 3.5 0.0 12750 125 B7 3.32 0.1 2.42 0.02 0.02 "" 1.43 0.1 0.14 "" 3.6 0.0 0.04 "" "V373 Cep" 325.7783333333333 66.115 187333257784198544 325.77840606 66.11504133 0.001 0.001 90.0 302145536 36 56281.36327546 0 18 13.0817 0.001 12.961 0.001 16777752 12.3837 0.0002 12.5645 0.1209 24 11.757 0.0518 12.2945 0.0936 24 12.5926 0.0534 13.1806 0.002 24 11.0219 0.001 10.8532 0.001 16778264 0.182691 198 "V373 Cep" 325.7783333333333 66.115 872.52 14.91 15.44 10250-12750 3.5 0.0 12750 125 B7 3.32 0.1 2.42 0.02 0.02 "" 1.43 0.1 0.14 "" 3.6 0.0 0.04 "" "V373 Cep" 325.7783333333333 66.115 325.77842421395 66.11505618689 0.000386 0.0003688 68.71 2218012031823081856 325.77840577709 0.018 66.11504088405 0.0188 1.1403 0.0199 57.2353 3.831 -1.68 0.024 -3.443 0.023 406 27.683 2612.04 0.232 73.59 31 "" "" 29 2.122 False 214017.0 2301.56 12.361247 87626.8 3432.16 12.98195 218633.0 11.398605 1.431 1.583345 "" "" 0 "" "" 1.8733325778419853e+17 "" "" 781191965.0 0.011997 0.042617 0.033956 12.361247 0.011997 214017.0 0.151 0.3837 0.3711 0.0307 0.241791
199 "AS 477" 328.1420833333333 47.22888888888888 758.32 6.99 7.13 10000-11000 1.5 0.22 10250 344 B8-B9 4.75 0.84 2.35 0.17 0.12 "" 1.19 0.28 0.79 "" 3.78 0.56 0.42 "" "AS 477" 328.1420833333333 47.22888888888888 164673281419315338 328.14206059 47.22876574 0.001 0.001 90.0 1140924416 136 51822.29689815 2 3 10.281 "" "" "" 16484 9.88 "" "" "" 16484 9.63 "" "" "" 16484 9.458 "" "" "" 98404 9.482 "" "" "" 16484 0.446809 199 "AS 477" 328.1420833333333 47.22888888888888 758.32 6.99 7.13 10000-11000 1.5 0.22 10250 344 B8-B9 4.75 0.84 2.35 0.17 0.12 "" 1.19 0.28 0.79 "" 3.78 0.56 0.42 "" "AS 477" 328.1420833333333 47.22888888888888 328.14208033387 47.22877933815 0.000214 0.0001933 125.87 1974732783388041216 328.14205944194 0.0099 47.22876486609 0.0099 1.3001 0.0123 105.8951 4.56 -3.192 0.013 -3.256 0.012 453 -0.6441 1011.76 0.094 12.83 31 "" "" 27 0.978 False 1865750.0 1270.64 10.010234 1087110.0 1961.07 10.247863 1172860.0 9.574782 1.211 0.67308 "" "" 0 "" "" "" 1.2376719403591273e+18 "" 687495958.0 0.002853 0.003409 0.004666 10.010234 0.002853 1865750.0 0.021 0.2071 0.2007 -0.0961 0.394451
200 "LkHa 257" 328.57833333333326 47.20277777777777 784.36 8.2 8.38 "9000- 9500" 2.0 0.0 9000 125 A1-A2 1.69 0.05 1.23 0.01 0.01 "" 10.0 0.41 1.21 "" 1.95 0.0 0.03 "" "LkHa 257" 328.57833333333326 47.20277777777777 164643285782273878 328.57822613 47.202672 0.093 0.053 0.0 1174724608 140 55916.11226852 12 70 13.5746 0.001 13.5918 0.001 16875832 13.5565 0.2434 13.3416 0.1679 16876088 14.0703 0.1229 13.1546 0.0214 16892472 12.7671 0.0839 12.8132 0.0952 98616 12.4808 0.0023 12.4731 0.0032 115000 0.462342 200 "LkHa 257" 328.57833333333326 47.20277777777777 784.36 8.2 8.38 "9000- 9500" 2.0 0.0 9000 125 A1-A2 1.69 0.05 1.23 0.01 0.01 "" 10.0 0.41 1.21 "" 1.95 0.0 0.03 "" "LkHa 257" 328.57833333333326 47.20277777777777 328.57825078482 47.20268540203 0.0002325 0.000213 108.25 1976042404824692736 328.57823324187 0.0107 47.20267472965 0.0111 1.2482 0.0135 92.629 3.6 -2.682 0.014 -2.401 0.013 393 5.8292 702.08 0.083 7.127 31 "" "" 25 1.215 False 113882.0 45.8536 13.046227 55528.9 73.4413 13.477245 84838.7 12.426411 1.233 1.050835 "" "" 0 "" "" 1.646432857822739e+17 1.2376720267789601e+18 "" 687497190.0 0.00279 0.003138 0.004032 13.046227 0.00279 113882.0 0.011 0.2306 0.2149 -0.0522 0.389045
201 "BH Cep" 330.42875 69.74333333333333 323.94 1.18 1.19 "6250- 6750" 1.0 0.25 6750 251 F1-F4 1.83 0.21 0.8 0.08 0.07 "" 13.49 3.04 5.72 "" 1.49 0.07 0.06 "" "BH Cep" 330.42875 69.74333333333333 191693304284642915 330.42870035 69.7434461 0.021 0.021 90.0 1141006336 136 54894.88690972 5 25 11.7721 0.0265 12.6555 0.0915 65656 12.494 "" "" "" 65636 11.748 "" "" "" 32868 11.272 "" "" "" 114788 10.996 "" "" "" 32868 0.41065 201 "BH Cep" 330.42875 69.74333333333333 323.94 1.18 1.19 "6250- 6750" 1.0 0.25 6750 251 F1-F4 1.83 0.21 0.8 0.08 0.07 "" 13.49 3.04 5.72 "" 1.49 0.07 0.06 "" "BH Cep" 330.42875 69.74333333333333 330.42863498363 69.74345192186 0.0002253 0.0001987 118.91 2223441007923049600 330.42876002909 0.0107 69.7434438209 0.0105 3.0526 0.0113 269.7774 9.91 9.741 0.014 -1.823 0.013 394 -3.5248 1056.63 0.104 17.84 31 "" "" 29 0.876 False 672603.0 4683.83 11.11797 350089.0 8983.03 11.478097 487102.0 10.528847 1.245 0.94925 7.56 6.8 5 6000.0 3.5 "" 1.2376632285400927e+18 "" 799151497.0 0.008047 0.027999 0.018537 11.11797 0.008047 672603.0 0.032 0.2194 0.2052 -0.1058 0.450345
202 "BO Cep" 334.2254166666666 70.06249999999999 367.93 1.94 1.96 "6500- 6750" 0.5 0.0 6500 125 F3-F5 1.62 0.06 0.63 0.01 0.01 "" 16.74 3.02 2.3 "" 1.35 0.0 0.04 "" "BO Cep" 334.2254166666666 70.06249999999999 192073342256075713 334.22526516 70.06249599 0.049 0.049 90.0 1141006336 136 52255.2603588 3 27 12.494 "" "" "" 65636 11.774 "" "" "" 16484 11.529 "" "" "" 16484 11.42 "" "" "" 114788 11.329 "" "" "" 114788 0.186546 202 "BO Cep" 334.2254166666666 70.06249999999999 367.93 1.94 1.96 "6500- 6750" 0.5 0.0 6500 125 F3-F5 1.62 0.06 0.63 0.01 0.01 "" 16.74 3.02 2.3 "" 1.35 0.0 0.04 "" "BO Cep" 334.2254166666666 70.06249999999999 334.2252429987 70.06249681037 0.0002972 0.0002727 172.8 2229359472855896832 334.22531164667 0.0125 70.06251030554 0.0136 2.6751 0.0144 185.3189 6.08 5.267 0.017 3.036 0.019 351 -0.8019 1253.99 0.142 30.3 31 "" "" 27 0.969 False 517318.0 521.365 11.402972 279647.0 912.267 11.722017 350159.0 10.887232 1.217 0.834785 -19.12 16.39 6 5500.0 4.5 1.920733422491259e+17 1.2376632301509025e+18 "" 801150057.0 0.002965 0.004509 0.004519 11.402972 0.002965 517318.0 0.015 0.2731 0.2969 -0.0214 0.213501
203 "SV Cep" 335.38833333333326 73.67416666666665 340.32 1.65 1.66 "7500- 8500" 1.5 0.19 8500 189 A3-A4 2.11 0.18 1.32 0.07 0.06 "" 6.46 0.5 0.55 "" 2.0 0.04 0.1 "" "SV Cep" 335.38833333333326 73.67416666666665 196403353879009913 335.38833723 73.67418669 0.056 0.056 90.0 1409441792 168 52059.98430556 1 33 10.6721 0.0646 12.354 0.2086 114808 12.309 "" "" "" 68 11.444 "" "" "" 68 10.873 "" "" "" 68 10.555 "" "" "" 68 0.072192 203 "SV Cep" 335.38833333333326 73.67416666666665 340.32 1.65 1.66 "7500- 8500" 1.5 0.19 8500 189 A3-A4 2.11 0.18 1.32 0.07 0.06 "" 6.46 0.5 0.55 "" 2.0 0.04 0.1 "" "SV Cep" 335.38833333333326 73.67416666666665 335.38840259938 73.67419379967 0.0003031 0.000265 76.99 2230965309587597824 335.38848857811 0.0138 73.67420046499 0.013 2.9257 0.0143 204.5946 5.641 5.438 0.019 1.5 0.017 404 6.5071 1681.88 0.15 35.2 31 "" "" 27 1.238 False 1348440.0 7317.45 10.36279 771599.0 16875.0 10.620064 805702.0 9.98246 1.17 0.637604 "" "" 0 "" "" "" "" "" 819111468.0 0.006504 0.023909 0.015848 10.36279 0.006504 1348440.0 -0.018 0.3013 0.2671 0.0589 0.120226
204 "MWC 655" 339.63249999999994 55.83472222222221 1881.25 44.52 46.73 19000-29000 1.5 0.07 19000 500 B2-B3 9.7 0.72 4.04 0.05 0.04 "" 0.08 0.02 0.01 "" 11.0 0.37 0.52 "" "MWC 655" 339.63249999999994 55.83472222222221 175003396325152683 339.63260821 55.83482465 0.001 0.001 90.0 1140924416 136 51449.31829861 6 41 10.335 "" "" "" 114788 9.652 "" "" "" 68 9.333 "" "" "" 32868 9.145 "" "" "" 98404 9.062 "" "" "" 32868 0.428752 204 "MWC 655" 339.63249999999994 55.83472222222221 1881.25 44.52 46.73 19000-29000 1.5 0.07 19000 500 B2-B3 9.7 0.72 4.04 0.05 0.04 "" 0.08 0.02 0.01 "" 11.0 0.37 0.52 "" "MWC 655" 339.63249999999994 55.83472222222221 339.63262530428 55.83483143078 0.0002299 0.0002023 126.26 2006549179574504320 339.63260717337 0.0107 55.83482420759 0.0102 0.5118 0.0129 39.7277 2.809 -2.291 0.014 -1.625 0.013 418 1.5645 992.04 0.089 10.55 31 "" "" 27 1.054 False 4051150.0 11629.8 9.168422 2304220.0 16398.2 9.432233 2569800.0 8.723146 1.203 0.709086 "" "" 0 "" "" "" "" "" 730438530.0 0.00416 0.008215 0.011837 9.168422 0.00416 4051150.0 0.01 0.2206 0.2123 -0.1214 0.467699
205 "IL Cep" 343.31499999999994 62.14583333333332 797.43 8.57 8.76 20000-23000 3.0 0.0 20000 500 B2 7.87 0.4 3.95 0.01 0.01 "" 0.09 0.01 0.01 "" 10.02 0.02 0.1 "" "IL Cep" 343.31499999999994 62.14583333333332 182573433153076025 343.31583574 62.14606816 0.001 0.001 90.0 538443776 64 56105.48549769 1 11 9.8674 0.0845 11.663 0.0711 16440 9.385 0.0879 13.108 0.0072 56 "" "" "" "" 32 8.6022 0.0001 10.5177 0.0363 65592 6.9781 0.0 10.8527 0.0 56 1.64033 205 "IL Cep" 343.31499999999994 62.14583333333332 797.43 8.57 8.76 20000-23000 3.0 0.0 20000 500 B2 7.87 0.4 3.95 0.01 0.01 "" 0.09 0.01 0.01 "" 10.02 0.02 0.1 "" "IL Cep" 343.31499999999994 62.14583333333332 343.31501735937 62.14583358923 0.000243 0.0002119 122.38 2207203626363177088 343.31501088332 0.0108 62.14582438522 0.0112 1.2328 0.0136 90.4851 2.18 -0.681 0.015 -2.071 0.014 367 0.444 743.37 0.095 10.6 31 "" "" 27 1.016 True 4714570.0 1216.56 9.003762 2258060.0 1370.99 9.454202 3620000.0 8.351124 1.247 1.103078 "" "" 0 "" "" "" "" "" 761330647.0 0.00277 0.002867 0.003817 9.003762 0.00277 4714570.0 0.02 0.2345 0.2212 -0.1233 0.029213
206 "V374 Cep" 346.28124999999994 62.25999999999999 825.85 8.39 8.57 14000-17000 3.0 0.53 16000 1450 B3-B5 6.56 2.67 3.4 0.57 0.24 "" 0.23 0.11 0.55 "" 7.0 2.21 1.58 "" "V374 Cep" 346.28124999999994 62.25999999999999 182713462817862703 346.28142931 62.26003973 0.072 0.072 90.0 268959744 32 56011.48179398 0 19 10.3013 0.0377 12.7331 0.1242 24 9.9413 0.1391 12.3369 0.1404 24 9.6186 0.0711 12.2255 0.2087 24 9.1314 0.0789 12.2942 0.3271 24 "" "" "" "" 0 0.332768 206 "V374 Cep" 346.28124999999994 62.25999999999999 825.85 8.39 8.57 14000-17000 3.0 0.53 16000 1450 B3-B5 6.56 2.67 3.4 0.57 0.24 "" 0.23 0.11 0.55 "" 7.0 2.21 1.58 "" "V374 Cep" 346.28124999999994 62.25999999999999 346.28108840803 62.26014016972 0.0002345 0.0001777 110.61 2207340064583721344 346.28107608545 0.0108 62.26012965405 0.0098 1.1893 0.0124 95.6712 2.695 -1.291 0.014 -2.366 0.012 340 -1.5525 612.72 0.075 7.139 31 "" "" 24 0.94 False 1476760.0 6160.85 10.264092 668330.0 8640.16 10.776066 1227880.0 9.525005 1.284 1.251061 "" "" 0 "" "" "" 1.2376632355108293e+18 "" 762336200.0 0.005302 0.014311 0.013902 10.264092 0.005302 1476760.0 0.042 0.2283 0.1857 -0.1823 0.572669
207 "MWC 1080" 349.3566666666666 60.84527777777777 1424.3 58.76 64.04 26000-36000 5.0 0.19 28000 1735 B0 9.03 1.72 4.66 0.15 0.11 "" 0.03 0.01 0.01 "" 17.97 2.03 1.91 "" "MWC 1080" 349.3566666666666 60.84527777777777 181013493568005186 349.35642432 60.84537182 0.041 0.041 90.0 1442996224 172 53114.19081019 1 48 12.4193 0.001 12.3359 0.001 16892280 10.572 0.0043 12.0409 0.0023 16504 11.722 "" "" "" 16484 10.22 "" "" "" 16484 9.484 "" "" "" 16484 0.543385 207 "MWC 1080" 349.3566666666666 60.84527777777777 1424.3 58.76 64.04 26000-36000 5.0 0.19 28000 1735 B0 9.03 1.72 4.66 0.15 0.11 "" 0.03 0.01 0.01 "" 17.97 2.03 1.91 "" "MWC 1080" 349.3566666666666 60.84527777777777 349.35662292444 60.84540126594 0.0005522 0.0004847 128.64 2014109142339316096 349.35658681845 0.0246 60.8453921507 0.0268 0.6713 0.0302 22.2195 4.458 -3.958 0.033 -2.051 0.032 438 39.1756 7311.62 0.342 167.8 31 "" "" 28 2.592 True 803316.0 3106.3 10.925151 236441.0 2946.65 11.904235 1026470.0 9.719527 1.572 2.184708 "" "" 0 "" "" 1.810134935680052e+17 "" "" 755384197.0 0.005022 0.013816 0.010386 10.925151 0.005022 803316.0 0.211 0.5269 0.5121 -0.1266 0.451128
208 "BP Psc" 350.6029166666666 -2.228333333333333 211.39 18.22 28.74 "5250- 5500" 1.0 0.32 5250 125 G9-K0 1.92 0.47 0.4 0.28 0.17 "" 4.89 2.75 8.26 "" 1.65 0.43 0.24 1.0 "BP Psc" 350.6029166666666 -2.228333333333333 105323506030326484 350.60308677 -2.22817195 0.023 0.023 90.0 1409605632 168 55597.88032407 2 75 12.732 "" "" "" 68 11.413 "" "" "" 68 10.791 "" "" "" 68 10.406 "" "" "" 114788 10.175 "" "" "" 114788 0.843783 208 "BP Psc" 350.6029166666666 -2.228333333333333 211.39 18.22 28.74 "5250- 5500" 1.0 0.32 5250 125 G9-K0 1.92 0.47 0.4 0.28 0.17 "" 4.89 2.75 8.26 "" 1.65 0.43 0.24 1.0 "BP Psc" 350.6029166666666 -2.228333333333333 350.60290614837 -2.22816081096 0.0089217 0.0066941 75.37 2637661878876647168 350.60311115305 0.4372 -2.22827106651 0.3619 4.797 0.4997 9.6002 52.343 46.091 0.551 -24.807 0.433 221 118.4613 441098.75 3.818 19840.0 95 1.2233 0.0906 16 10.541 False 587906.0 8061.78 11.264098 261673.0 11361.9 11.794146 548194.0 10.400559 1.378 1.393586 "" "" 0 "" "" "" 1.237679997701587e+18 8479395.0 439498340.0 0.015141 0.047226 0.038684 11.264098 0.015141 587906.0 0.12 8.7965 6.8578 0.1409 0.622232
209 "LkHa 259" 359.6733333333333 66.43694444444444 701.84 7.16 7.31 "7000- 7500" 5.0 0.0 7500 125 A7-A9 3.65 0.13 1.58 0.01 0.01 "" 3.64 0.34 0.32 "" 2.41 0.02 0.09 "" "LkHa 259" 359.6733333333333 66.43694444444444 187723596734074875 359.67350893 66.4368616 0.044 0.039 0.0 503636112 60 55901.62320602 5 71 16.3131 0.0047 15.7942 0.0094 16892216 14.7067 0.0136 14.3887 0.034 115000 12.838 "" "" "" 114724 12.312 "" "" "" 114724 12.4316 0.0021 12.3268 0.0048 115000 0.390906 209 "LkHa 259" 359.6733333333333 66.43694444444444 701.84 7.16 7.31 "7000- 7500" 5.0 0.0 7500 125 A7-A9 3.65 0.13 1.58 0.01 0.01 "" 3.64 0.34 0.32 "" 2.41 0.02 0.09 "" "LkHa 259" 359.6733333333333 66.43694444444444 359.67349027059 66.43686885999 0.0003027 0.0002362 150.6 2209766862845871104 359.67349687196 0.0119 66.43686105011 0.0129 1.3821 0.0147 94.0926 1.855 0.594 0.016 -1.757 0.018 440 5.4496 587.69 0.048 1.108 31 "" "" 28 1.19 False 38046.4 73.9755 14.236583 7434.57 40.7117 15.660403 48687.9 13.029344 1.475 2.63106 "" "" 0 "" "" 1.8772359673407488e+17 "" "" 783233222.0 0.003471 0.006568 0.007419 14.236583 0.003471 38046.4 0.049 0.2538 0.2881 -0.2098 0.353625
