AeBe-PS-Gaia.ecsv
# %ECSV 1.0
# ---
# datatype:
# - {name: recno_1, datatype: int64}
# - {name: Object_1, datatype: string}
# - {name: RA_ICRS_1, datatype: float64}
# - {name: DE_ICRS_1, datatype: float64}
# - {name: d_1, datatype: float64}
# - {name: e_d_1, datatype: float64}
# - {name: E_d_1, datatype: float64}
# - {name: DeltaT_1, datatype: string}
# - {name: Av_1, datatype: float64}
# - {name: e_Av_1, datatype: float64}
# - {name: Teff_1, datatype: int64}
# - {name: e_Teff_1, datatype: int64}
# - {name: SpType_1, datatype: string}
# - {name: R_1, datatype: float64}
# - {name: e_R_1, datatype: float64}
# - {name: LogL_1, datatype: float64}
# - {name: e_LogL_1, datatype: float64}
# - {name: E_LogL_1, datatype: float64}
# - {name: l_t_1, datatype: string}
# - {name: t_1, datatype: float64}
# - {name: e_t_1, datatype: float64}
# - {name: E_t_1, datatype: float64}
# - {name: l_M_1, datatype: string}
# - {name: M_1, datatype: float64}
# - {name: e_M_1, datatype: float64}
# - {name: E_M_1, datatype: float64}
# - {name: Notes_1, datatype: float64}
# - {name: SimbadName_1, datatype: string}
# - {name: _RA_icrs_1, datatype: float64}
# - {name: _DE_icrs_1, datatype: float64}
# - {name: objID, datatype: int64}
# - {name: RAJ2000_1, datatype: float64}
# - {name: DEJ2000_1, datatype: float64}
# - {name: errHalfMaj_1, datatype: float64}
# - {name: errHalfMin_1, datatype: float64}
# - {name: errPosAng_1, datatype: float64}
# - {name: f_objID, datatype: int64}
# - {name: Qual, datatype: int64}
# - {name: Epoch, datatype: float64}
# - {name: Ns, datatype: int64}
# - {name: Nd, datatype: int64}
# - {name: gmag, datatype: float64}
# - {name: e_gmag, datatype: float64}
# - {name: gKmag, datatype: float64}
# - {name: e_gKmag, datatype: float64}
# - {name: gFlags, datatype: int64}
# - {name: rmag, datatype: float64}
# - {name: e_rmag, datatype: float64}
# - {name: rKmag, datatype: float64}
# - {name: e_rKmag, datatype: float64}
# - {name: rFlags, datatype: int64}
# - {name: imag, datatype: float64}
# - {name: e_imag, datatype: float64}
# - {name: iKmag, datatype: float64}
# - {name: e_iKmag, datatype: float64}
# - {name: iFlags, datatype: int64}
# - {name: zmag, datatype: float64}
# - {name: e_zmag, datatype: float64}
# - {name: zKmag, datatype: float64}
# - {name: e_zKmag, datatype: float64}
# - {name: zFlags, datatype: int64}
# - {name: ymag, datatype: float64}
# - {name: e_ymag, datatype: float64}
# - {name: yKmag, datatype: float64}
# - {name: e_yKmag, datatype: float64}
# - {name: yFlags, datatype: int64}
# - {name: angDist_1, datatype: float64}
# - {name: recno_2, datatype: int64}
# - {name: Object_2, datatype: string}
# - {name: RA_ICRS_2, datatype: float64}
# - {name: DE_ICRS_2, datatype: float64}
# - {name: d_2, datatype: float64}
# - {name: e_d_2, datatype: float64}
# - {name: E_d_2, datatype: float64}
# - {name: DeltaT_2, datatype: string}
# - {name: Av_2, datatype: float64}
# - {name: e_Av_2, datatype: float64}
# - {name: Teff_2, datatype: int64}
# - {name: e_Teff_2, datatype: int64}
# - {name: SpType_2, datatype: string}
# - {name: R_2, datatype: float64}
# - {name: e_R_2, datatype: float64}
# - {name: LogL_2, datatype: float64}
# - {name: e_LogL_2, datatype: float64}
# - {name: E_LogL_2, datatype: float64}
# - {name: l_t_2, datatype: string}
# - {name: t_2, datatype: float64}
[...]
[from data line 22]
25 "HD 290500" 82.45041666666665 -0.3952777777777777 402.46 5.32 5.46 8500-10500 1.0 0.15 8750 156 A2-A3 1.54 0.12 1.1 0.07 0.06 < 19.92 "" "" "" 1.85 0.0 0.05 "" "HD 290500" 82.45041666666665 -0.3952777777777777 107520824502565905 82.4502209 -0.39541808 0.029 0.01 90.0 604299264 72 55764.08516204 10 76 12.746 "" "" "" 16484 12.1 "" "" "" 32868 11.72 "" "" "" 98404 11.413 "" "" "" 98404 11.267 "" "" "" 98404 0.867051 25 "HD 290500" 82.45041666666665 -0.3952777777777777 402.46 5.32 5.46 8500-10500 1.0 0.15 8750 156 A2-A3 1.54 0.12 1.1 0.07 0.06 < 19.92 "" "" "" 1.85 0.0 0.05 "" "HD 290500" 82.45041666666665 -0.3952777777777777 "Gaia DR3 3220927405566313216" 82.45022406731 -0.39541429105 0.0 0.0 118.0 1636148068921376768 3220927405566313216 524403690 0.0245 0.0216 2.4517 0.0333 73.6763 2.323 2.077 0.03 1.039 0.026 -0.182 -0.0037 -0.161 0.0964 -0.4367 0.1815 -0.6609 -0.0971 0.5098 -0.3031 360 360 357 3 17.3602 3393.0 0.228 90.664 31 True 1.635 "" "" "" "" "" "" "" 41 19 0.047083 45 0.0427 3.663 0 0 1.72 0 357 756438.1291 1564.89 483.38 10.990434 0.003555 42 474108.0 3125.46 151.692 11.148849 0.007682 42 424900.0 2030.53 209.255 10.677178 0.006419 1.188 0.0 0.0 0.0 0.0 0.0 0.471671 0.158416 0.313255 34.5 4.2 1.0 22.0 6.0 15.0 62.065 3.5098 0.000391 923.558 61.69 7750.0 4.5 -1.0 555.0 60.9011 41.3722 15.0 10.535249 0.012979 16.0 "" NOT_AVAILABLE 0.0 0.0 0.999824 7834.9 7800.8 7900.5 4.0704 4.0395 4.1023 -1.3572 -1.4801 -1.0842 443.2411 428.3883 459.9165 0.4321 0.4142 0.4641 0.3924 0.376 0.4219 0.2111 0.2023 0.2266 A 82.45021483412 -0.39541890811 0.482234 0.429747 -0.3043 0.849849
26 "HD 244314" 82.57916666666665 11.338888888888889 398.05 3.11 3.16 "8250- 8750" 0.5 0.0 8750 125 A2-A3 1.91 0.06 1.29 0.02 0.02 "" 6.99 0.0 0.63 "" 2.12 0.07 0.04 "" "HD 244314" 82.57916666666665 11.338888888888889 121600825791997216 82.5791047 11.33876595 4.014 0.283 90.0 1409441792 168 56081.67986111 5 58 12.265 "" "" "" 114788 11.279 "" "" "" 114788 10.854 "" "" "" 114788 10.602 "" "" "" 114788 10.446 "" "" "" 114788 0.493678 26 "HD 244314" 82.57916666666665 11.338888888888889 398.05 3.11 3.16 "8250- 8750" 0.5 0.0 8750 125 A2-A3 1.91 0.06 1.29 0.02 0.02 "" 6.99 0.0 0.63 "" 2.12 0.07 0.04 "" "HD 244314" 82.57916666666665 11.338888888888889 "Gaia DR3 3340623299383790848" 82.57927852944 11.33888018338 0.0 0.0 109.0 1636148068921376768 3340623299383790848 533391613 0.0167 0.0123 2.4834 0.0198 125.6722 2.879 1.938 0.02 -2.129 0.014 -0.2421 0.1247 -0.3001 0.2276 -0.2487 0.2642 -0.7372 0.0867 0.3217 -0.3506 479 479 470 9 1.8668 1622.9 0.121 25.072 31 True 1.672 "" "" "" "" "" "" "" 54 21 0.030396 57 0.08269 6.066 0 0 1.061 0 470 1851817.77778 794.711 2330.18 10.018372 0.002794 55 1218650.0 1234.86 986.876 10.123842 0.002999 55 954269.0 1193.76 799.384 9.798718 0.004016 1.173 0.0 3.0 0.0 32.0 0.0 0.325124 0.105471 0.219653 "" "" "" "" "" "" "" "" "" "" "" "" "" "" "" "" "" "" "" "" "" "" NOT_AVAILABLE 0.0 0.0 0.999675 "" "" "" "" "" "" "" "" "" "" "" "" "" "" "" "" "" "" "" "" "" "" 82.57926974599 11.33888964457 0.32865 0.230099 -0.3566 0.396088
27 "HD 36112" 82.61458333333333 25.3325 155.02 0.75 0.76 "7250- 7750" 0.0 0.0 7250 125 A9-F0 1.87 0.07 0.94 0.01 0.01 "" 10.92 0.97 0.23 "" 1.64 0.04 0.06 "" "HD 36112" 82.61458333333333 25.3325 138390826145989413 82.61471934 25.33241145 0.001 0.001 90.0 1409359872 168 50799.20719907 4 18 12.52 "" "" "" 114788 10.897 "" "" "" 68 9.857 "" "" "" 114788 9.029 "" "" "" 114788 8.649 "" "" "" 114788 0.545403 27 "HD 36112" 82.61458333333333 25.3325 155.02 0.75 0.76 "7250- 7750" 0.0 0.0 7250 125 A9-F0 1.87 0.07 0.94 0.01 0.01 "" 10.92 0.97 0.23 "" 1.64 0.04 0.06 "" "HD 36112" 82.61458333333333 25.3325 "Gaia DR3 3417062653416093184" 82.6147204637 25.33240397883 0.0 0.0 103.0 1636148068921376768 3417062653416093184 917218087 0.0261 0.0193 6.4157 0.0314 204.4481 26.629 3.685 0.033 -26.373 0.022 -0.1485 0.1399 -0.0104 0.1829 -0.4247 0.0918 -0.5513 0.1168 0.3675 -0.0648 256 256 256 0 -0.1857 663.27 0.145 11.658 31 True 1.651 "" "" "" "" "" "" "" 29 17 0.046047 30 0.0572 4.949 0 0 0.99 1 254 9700184.19016 7433.95 1304.85 8.220417 0.002878 27 6202170.0 16357.5 379.164 8.357183 0.003998 26 5322750.0 11668.6 456.161 7.932556 0.004466 1.188 0.0 0.0 0.0 0.0 0.0 0.424628 0.136766 0.287861 "" "" "" "" "" "" "" "" "" "" "" "" "" "" "" "" "" "" "" "" "" "" NOT_AVAILABLE 0.0 0.0 0.999661 10824.8 10781.0 10867.9 4.223 4.2167 4.2305 -0.9903 -0.9984 -0.9054 160.9548 159.8632 162.0796 0.9817 0.9783 0.9861 0.9202 0.9168 0.9245 0.4935 0.4916 0.4958 A 82.61470234585 25.33252119132 0.531639 0.369434 -0.0767 0.564433
28 "HD 244604" 82.98874999999998 11.29472222222222 398.41 3.17 3.22 "8750- 9250" 0.5 0.0 8750 130 A2-A3 2.52 0.09 1.53 0.02 0.02 "" 5.08 0.08 0.16 "" 2.16 0.01 0.04 "" "HD 244604" 82.98874999999998 11.29472222222222 121550829886174259 82.98854972 11.29481937 0.001 0.001 90.0 1140924416 136 51467.32719907 5 51 9.394 "" "" "" 65636 9.027 "" "" "" 65636 8.897 "" "" "" 65636 8.854 "" "" "" 65636 8.843 "" "" "" 114788 0.788811 28 "HD 244604" 82.98874999999998 11.29472222222222 398.41 3.17 3.22 "8750- 9250" 0.5 0.0 8750 130 A2-A3 2.52 0.09 1.53 0.02 0.02 "" 5.08 0.08 0.16 "" 2.16 0.01 0.04 "" "HD 244604" 82.98874999999998 11.29472222222222 "Gaia DR3 3340578150687480192" 82.9885499405 11.29481882705 0.0 0.0 98.0 1636148068921376768 3340578150687480192 1625487716 0.0163 0.0128 2.4798 0.0201 123.2435 1.54 0.798 0.02 -1.316 0.014 -0.0701 0.1305 -0.2615 0.1197 -0.3067 0.1745 -0.7375 0.0725 0.3751 -0.2255 444 444 439 5 0.0858 1302.4 0.118 20.031 31 False 1.682 "" "" "" "" "" "" "" 50 21 0.028891 51 0.03506 176.6 0 0 1.002 0 442 3321376.34067 1510.53 2198.82 9.384071 0.002799 51 2215940.0 2573.02 861.223 9.474646 0.003062 51 1672740.0 1945.09 859.981 9.189323 0.003985 1.171 0.0 0.0 0.0 0.0 0.0 0.285322 0.090574 0.194748 "" "" "" "" "" "" "" "" "" "" "" "" "" "" "" "" "" "" "" "" "" "" VARIABLE 0.0 0.0 0.998927 "" "" "" "" "" "" "" "" "" "" "" "" "" "" "" "" "" "" "" "" "" "" 82.9885463218 11.29482467789 0.320504 0.241198 -0.2286 0.787248
29 "RY Ori" 83.04124999999999 -2.829722222222222 346.88 2.39 2.42 "6000- 6500" 1.0 0.26 6250 194 F4-F9 2.15 0.27 0.8 0.11 0.09 "" 9.42 2.44 2.19 "" 1.58 0.17 0.17 "" "RY Ori" 83.04124999999999 -2.829722222222222 104600830413884747 83.04144189 -2.82964447 0.094 0.079 0.0 604299264 72 55828.95023148 5 75 12.156 "" "" "" 114788 11.196 "" "" "" 32868 10.81 "" "" "" 32868 10.618 "" "" "" 114788 10.47 "" "" "" 114788 0.744577 29 "RY Ori" 83.04124999999999 -2.829722222222222 346.88 2.39 2.42 "6000- 6500" 1.0 0.26 6250 194 F4-F9 2.15 0.27 0.8 0.11 0.09 "" 9.42 2.44 2.19 "" 1.58 0.17 0.17 "" "RY Ori" 83.04124999999999 -2.829722222222222 "Gaia DR3 3216805130316380672" 83.04143135664 -2.82966097472 0.0 0.0 73.0 1636148068921376768 3216805130316380672 1630554811 0.0142 0.0121 2.8527 0.02 142.7177 1.6 1.5 0.019 -0.557 0.015 0.1086 -0.1004 -0.1614 -0.0082 -0.2161 0.0068 -0.4556 0.2577 0.206 -0.0222 491 491 486 5 8.2097 2790.2 0.153 49.702 31 True 1.497 "" "" "" "" "" "" "" 56 22 0.026363 57 0.06072 149.0 0 0 1.275 0 488 536530.79076 7406.36 72.4419 11.36338 0.015239 54 277206.0 12139.9 22.8343 11.731536 0.04763 52 455291.0 15370.4 29.6213 10.602172 0.036848 1.365 0.0 32.0 0.0 30.0 0.0 1.129364 0.368155 0.761209 "" "" "" "" "" "" "" "" "" "" "" "" "" "" "" "" "" "" "" "" "" "" NOT_AVAILABLE 0.0 0.0 0.999939 "" "" "" "" "" "" "" "" "" "" "" "" "" "" "" "" "" "" "" "" "" "" 83.04142468058 -2.82965849995 0.30206 0.242755 -0.0212 0.688357
31 "HD 288012" 83.26999999999998 2.469444444444444 341.35 2.38 2.41 7250-12250 0.0 0.0 8750 125 A2-A3 1.64 0.05 1.15 0.01 0.01 "" 12.59 2.53 6.59 "" 1.87 0.0 0.03 "" "HD 288012" 83.26999999999998 2.469444444444444 110960832699953615 83.26997373 2.46933856 0.033 0.033 90.0 604135424 72 54538.07751157 1 34 9.621 "" "" "" 100 9.788 "" "" "" 100 9.954 "" "" "" 100 10.076 "" "" "" 100 10.128 "" "" "" 114788 0.392719 31 "HD 288012" 83.26999999999998 2.469444444444444 341.35 2.38 2.41 7250-12250 0.0 0.0 8750 125 A2-A3 1.64 0.05 1.15 0.01 0.01 "" 12.59 2.53 6.59 "" 1.87 0.0 0.03 "" "HD 288012" 83.26999999999998 2.469444444444444 "Gaia DR3 3223690443927231360" 83.2699605205 2.46938113373 0.0 0.0 125.0 1636148068921376768 3223690443927231360 962366510 0.0181 0.0156 2.903 0.0205 141.3011 1.988 1.963 0.02 0.317 0.017 -0.3896 0.1534 -0.3272 0.3523 -0.1858 0.2881 -0.7188 0.0979 0.2125 -0.305 379 379 376 3 -1.2388 1452.8 0.139 30.0 31 False 1.73 "" "" "" "" "" "" "" 43 18 0.032739 44 0.0391 80.32 0 0 0.954 0 370 2585391.17294 612.476 4221.21 9.656052 0.002767 42 1843250.0 604.33 3050.07 9.674582 0.002813 40 1144720.0 246.626 4641.53 9.601145 0.003787 1.156 0.0 0.0 0.0 0.0 0.0 0.073438 0.018531 0.054907 18.94 1.9 1.0 16.0 7.0 12.0 92.49 -0.28144 0.678282 799.628 19.86 8500.0 4.5 0.25 555.0 80.7594 8.1939 9.0 9.549587 0.006838 9.0 "" NOT_AVAILABLE 0.0 0.0 0.999801 9727.7 9688.6 9909.6 4.1992 4.1941 4.2162 -1.937 -2.0125 -1.3251 344.9885 335.6167 365.3689 0.1679 0.162 0.1915 0.1607 0.1549 0.1835 0.0853 0.0822 0.0974 PHOENIX 83.26995178904 2.46937972632 0.326804 0.289858 -0.3225 0.268532
32 "HBC 442" 83.55916666666666 -5.614999999999999 383.32 2.52 2.56 "6000- 6250" 0.0 0.05 6000 125 F8-G1 2.91 0.15 1.0 0.03 0.03 "" 4.81 1.06 1.17 "" 2.0 0.14 0.16 "" "HBC 442" 83.55916666666666 -5.614999999999999 101260835589152461 83.55895262 -5.61492212 0.001 0.001 90.0 1343750144 160 56228.79826389 2 22 10.5673 0.0954 12.3334 0.0058 114744 10.4645 0.0672 12.6509 0.0699 114744 9.4101 0.0659 12.784 0.0289 24 9.5234 0.0536 11.8736 0.094 24 9.8399 0.1 10.889 0.0086 24 0.816515 32 "HBC 442" 83.55916666666666 -5.614999999999999 383.32 2.52 2.56 "6000- 6250" 0.0 0.05 6000 125 F8-G1 2.91 0.15 1.0 0.03 0.03 "" 4.81 1.06 1.17 "" 2.0 0.14 0.16 "" "HBC 442" 83.55916666666666 -5.614999999999999 "Gaia DR3 3017260709226477952" 83.55901094871 -5.61505342662 0.0 0.0 52.0 1636148068921376768 3017260709226477952 44766812 0.012 0.0113 2.5829 0.0173 149.4578 0.718 0.661 0.016 -0.282 0.013 0.2761 -0.2675 -0.1573 -0.3196 -0.3481 -0.2835 -0.5292 0.2502 0.3192 0.1081 432 432 423 9 -0.1271 958.72 0.097 13.943 31 True 1.566 "" "" "" "" "" "" "" 49 22 0.024309 52 0.04914 99.45 0 0 0.995 0 429 1758151.33026 6104.68 288.001 10.074726 0.004669 51 965828.0 10894.9 88.6498 10.376293 0.012561 50 1155150.0 10174.4 113.535 9.591302 0.010283 1.206 0.0 0.0 0.0 0.0 0.0 0.784991 0.301567 0.483424 26.91 1.46 1.0 23.0 5.0 14.0 118.01 12.634 0.0 922.45 25.42 5750.0 3.5 -0.25 111.0 63.8773 7.764 14.0 9.394631 0.022776 14.0 "" VARIABLE 0.0 0.0 0.999442 6060.5 6050.4 6070.3 3.6058 3.6023 3.6088 -0.3604 -0.3624 -0.3584 387.4508 386.4097 388.7934 0.1285 0.122 0.1351 0.1091 0.1036 0.1148 0.0587 0.0557 0.0618 PHOENIX 83.55900799853 -5.61505217284 0.265726 0.219127 0.1333 0.590118
33 "HD 36917" 83.69583333333333 -5.570833333333333 445.04 10.79 11.34 9750-12500 1.0 0.0 11500 144 B8 5.09 0.23 2.61 0.03 0.03 "" 0.89 0.09 0.09 "" 4.36 0.16 0.08 "" "HD 36917" 83.69583333333333 -5.570833333333333 101310836958055313 83.69577119 -5.57072479 0.001 0.001 90.0 1409359872 168 51872.29528935 3 17 9.659 "" "" "" 68 8.946 "" "" "" 68 8.59 "" "" "" 114788 8.373 "" "" "" 114788 8.281 "" "" "" 114788 0.449742 33 "HD 36917" 83.69583333333333 -5.570833333333333 445.04 10.79 11.34 9750-12500 1.0 0.0 11500 144 B8 5.09 0.23 2.61 0.03 0.03 "" 0.89 0.09 0.09 "" 4.36 0.16 0.08 "" "HD 36917" 83.69583333333333 -5.570833333333333 "Gaia DR3 3017264007761349504" 83.69577175562 -5.57072533573 0.0 0.0 69.0 1636148068921376768 3017264007761349504 305977658 0.0374 0.0304 2.22 0.0559 39.7456 3.273 2.77 0.046 -1.743 0.039 0.1883 -0.2536 -0.159 -0.1764 -0.1109 -0.0411 -0.4451 0.1728 0.2831 -0.0562 435 435 434 1 22.6687 4378.1 0.413 117.16 31 True 1.668 "" "" "" "" "" "" "" 49 20 0.064183 51 0.0298 1.36 0 0 1.866 1 397 12311209.38139 3445.94 3572.67 7.961615 0.002772 46 8058400.0 3819.14 2110.0 8.07292 0.002837 46 6621350.0 4429.68 1494.77 7.695529 0.003849 1.192 0.0 46.0 0.0 46.0 0.0 0.37739 0.111305 0.266086 "" "" "" "" "" "" "" "" "" "" "" "" "" "" "" "" "" "" "" "" "" "" VARIABLE 0.0 0.0 0.999955 "" "" "" "" "" "" "" "" "" "" "" "" "" "" "" "" "" "" "" "" "" "" 83.69575938772 -5.57071758738 0.736286 0.645864 -0.0433 0.447032
34 "HD 245185" 83.78999999999999 10.030833333333332 410.35 5.06 5.19 9500-10500 0.5 0.0 10250 125 B9 1.73 0.05 1.48 0.02 0.02 "" 7.08 0.0 0.6 "" 2.24 0.0 0.05 "" "HD 245185" 83.78999999999999 10.030833333333332 120030837900067625 83.79001849 10.0309549 0.001 0.001 90.0 1409441792 168 54272.70793981 4 40 11.958 "" "" "" 114788 10.996 "" "" "" 68 10.612 "" "" "" 114788 10.418 "" "" "" 114788 10.272 "" "" "" 114788 0.442521 34 "HD 245185" 83.78999999999999 10.030833333333332 410.35 5.06 5.19 9500-10500 0.5 0.0 10250 125 B9 1.73 0.05 1.48 0.02 0.02 "" 7.08 0.0 0.6 "" 2.24 0.0 0.05 "" "HD 245185" 83.78999999999999 10.030833333333332 "Gaia DR3 3338005774514542720" 83.7900184695 10.03095418321 0.0 0.0 101.0 1636148068921376768 3338005774514542720 1509771137 0.022 0.0174 2.4087 0.0304 79.1236 2.096 0.89 0.029 -1.897 0.022 -0.0968 -0.0592 -0.2664 0.1127 -0.4502 0.3658 -0.7715 -0.2657 0.5459 -0.4301 371 371 366 5 3.363 1618.4 0.155 34.666 31 False 1.707 "" "" "" "" "" "" "" 42 18 0.045946 46 0.05642 17.68 0 0 1.127 0 365 2150538.96753 2129.27 1009.99 9.855999 0.002958 43 1503020.0 3448.31 435.871 9.896132 0.00374 45 1013360.0 2727.65 371.513 9.733488 0.004778 1.17 0.0 0.0 0.0 2.0 0.0 0.162644 0.040133 0.122511 31.19 8.87 1.0 17.0 2.0 11.0 85.256 2.1175 0.314884 769.216 104.86 10000.0 5.0 0.25 555.0 27.2349 79.7588 14.0 9.642114 0.010398 15.0 98.43283 VARIABLE 0.0 0.0 0.999739 "" "" "" "" "" "" "" "" "" "" "" "" "" "" "" "" "" "" "" "" "" "" 83.7900144517 10.03096261479 0.464627 0.368944 -0.431 0.439959
