AeBe-PS-GaiaEDR3.ecsv
# %ECSV 1.0
# ---
# datatype:
# - {name: recno_1, datatype: int64}
# - {name: Object_1, datatype: string}
# - {name: RA_ICRS_1, datatype: float64}
# - {name: DE_ICRS_1, datatype: float64}
# - {name: d_1, datatype: float64}
# - {name: e_d_1, datatype: float64}
# - {name: E_d_1, datatype: float64}
# - {name: DeltaT_1, datatype: string}
# - {name: Av_1, datatype: float64}
# - {name: e_Av_1, datatype: float64}
# - {name: Teff_1, datatype: int64}
# - {name: e_Teff_1, datatype: int64}
# - {name: SpType_1, datatype: string}
# - {name: R_1, datatype: float64}
# - {name: e_R_1, datatype: float64}
# - {name: LogL_1, datatype: float64}
# - {name: e_LogL_1, datatype: float64}
# - {name: E_LogL_1, datatype: float64}
# - {name: l_t_1, datatype: string}
# - {name: t_1, datatype: float64}
# - {name: e_t_1, datatype: float64}
# - {name: E_t_1, datatype: float64}
# - {name: l_M_1, datatype: string}
# - {name: M_1, datatype: float64}
# - {name: e_M_1, datatype: float64}
# - {name: E_M_1, datatype: float64}
# - {name: Notes_1, datatype: float64}
# - {name: SimbadName_1, datatype: string}
# - {name: _RA_icrs_1, datatype: float64}
# - {name: _DE_icrs_1, datatype: float64}
# - {name: objID, datatype: int64}
# - {name: RAJ2000, datatype: float64}
# - {name: DEJ2000, datatype: float64}
# - {name: errHalfMaj_1, datatype: float64}
# - {name: errHalfMin_1, datatype: float64}
# - {name: errPosAng_1, datatype: float64}
# - {name: f_objID, datatype: int64}
# - {name: Qual, datatype: int64}
# - {name: Epoch, datatype: float64}
# - {name: Ns, datatype: int64}
# - {name: Nd, datatype: int64}
# - {name: gmag, datatype: float64}
# - {name: e_gmag, datatype: float64}
# - {name: gKmag, datatype: float64}
# - {name: e_gKmag, datatype: float64}
# - {name: gFlags, datatype: int64}
# - {name: rmag, datatype: float64}
# - {name: e_rmag, datatype: float64}
# - {name: rKmag, datatype: float64}
# - {name: e_rKmag, datatype: float64}
# - {name: rFlags, datatype: int64}
# - {name: imag, datatype: float64}
# - {name: e_imag, datatype: float64}
# - {name: iKmag, datatype: float64}
# - {name: e_iKmag, datatype: float64}
# - {name: iFlags, datatype: int64}
# - {name: zmag, datatype: float64}
# - {name: e_zmag, datatype: float64}
# - {name: zKmag, datatype: float64}
# - {name: e_zKmag, datatype: float64}
# - {name: zFlags, datatype: int64}
# - {name: ymag, datatype: float64}
# - {name: e_ymag, datatype: float64}
# - {name: yKmag, datatype: float64}
# - {name: e_yKmag, datatype: float64}
# - {name: yFlags, datatype: int64}
# - {name: angDist_1, datatype: float64}
# - {name: recno_2, datatype: int64}
# - {name: Object_2, datatype: string}
# - {name: RA_ICRS_2, datatype: float64}
# - {name: DE_ICRS_2, datatype: float64}
# - {name: d_2, datatype: float64}
# - {name: e_d_2, datatype: float64}
# - {name: E_d_2, datatype: float64}
# - {name: DeltaT_2, datatype: string}
# - {name: Av_2, datatype: float64}
# - {name: e_Av_2, datatype: float64}
# - {name: Teff_2, datatype: int64}
# - {name: e_Teff_2, datatype: int64}
# - {name: SpType_2, datatype: string}
# - {name: R_2, datatype: float64}
# - {name: e_R_2, datatype: float64}
# - {name: LogL_2, datatype: float64}
# - {name: e_LogL_2, datatype: float64}
# - {name: E_LogL_2, datatype: float64}
# - {name: l_t_2, datatype: string}
# - {name: t_2, datatype: float64}
[...]
1 "HBC 1" 1.760833333333333 65.64388888888888 5043.53 1565.26 2276.09 "8000- 8500" 5.5 0.0 8000 125 A5-A6 13.24 5.15 2.81 0.65 0.25 "" 0.2 0.1 0.83 "" 6.42 2.63 1.57 1.0 "HBC 1" 1.760833333333333 65.64388888888888 186770017609623472 1.76083448 65.6439272 0.096 0.038 90.0 512024576 61 56013.79359954 5 63 17.8821 0.0001 17.6929 0.0001 16892216 16.2227 0.0874 16.1592 0.0158 16892216 15.2184 0.0444 15.192 0.0305 16892216 14.6121 0.0294 14.3009 0.0777 16892216 13.7582 0.0804 13.7503 0.0738 16892216 0.137931 1 "HBC 1" 1.760833333333333 65.64388888888888 5043.53 1565.26 2276.09 "8000- 8500" 5.5 0.0 8000 125 A5-A6 13.24 5.15 2.81 0.65 0.25 "" 0.2 0.1 0.83 "" 6.42 2.63 1.57 1.0 "HBC 1" 1.760833333333333 65.64388888888888 1.76083314487 65.64395251357 0.0091173 0.0065575 125.65 432259531738647296 1.7608230874 0.3701 65.64392780352 0.3509 -0.6804 0.4607 -1.4771 5.638 -0.933 0.517 -5.56 0.473 440 146.3226 67265.34 5.047 2050.0 95 1.2503 0.0882 26 8.949 False 6305.67 54.0763 16.18804 1785.48 36.2912 17.209154 13664.0 14.408947 2.45 2.800207 "" "" 0 "" "" 1.867700176096235e+17 "" "" 779001943.0 0.00971 0.022244 0.01927 16.165384 0.009526 6438.63 0.999 8.3362 7.5255 -0.3029 0.229049
2 "MQ Cas" 2.4066666666666663 58.21972222222222 745.96 42.26 47.66 9500-10750 3.0 0.0 10250 125 B9 2.51 0.16 1.8 0.06 0.05 "" 3.57 0.34 0.37 "" 2.58 0.0 0.26 1.0 "MQ Cas" 2.4066666666666663 58.21972222222222 177860024065884582 2.4065687 58.21967692 0.065 0.011 0.0 302309376 36 55941.95469907 0 30 13.3404 0.001 13.3735 0.001 16777496 12.9589 0.004 12.9784 0.0154 1048 12.3458 0.3536 13.0623 0.042 24 13.258 0.0087 13.3344 0.0176 280 11.8625 0.001 11.7738 0.001 16777752 0.247181 2 "MQ Cas" 2.4066666666666663 58.21972222222222 745.96 42.26 47.66 9500-10750 3.0 0.0 10250 125 B9 2.51 0.16 1.8 0.06 0.05 "" 3.57 0.34 0.37 "" 2.58 0.0 0.26 1.0 "MQ Cas" 2.4066666666666663 58.21972222222222 2.40649325337 58.2196613397 0.0013458 0.000839 140.65 422867640861343744 2.40657099871 0.051 58.21964776937 0.0556 1.3094 0.0805 16.2656 9.706 9.213 0.067 -3.053 0.074 455 93.2228 13118.44 0.708 368.2 31 "" "" 23 5.382 False 53017.9 1271.69 13.87631 28982.6 1665.8 14.183197 39718.8 13.250406 1.296 0.932791 "" "" 0 "" "" 1.7786002406210403e+17 "" "" 742006448.0 0.026188 0.062466 0.112026 13.87631 0.026188 53017.9 0.085 1.0719 1.1688 -0.4333 0.395147
3 "VX Cas" 7.877916666666666 61.98083333333332 524.76 5.47 5.58 9750-10250 1.5 0.11 10000 125 B9 1.68 0.1 1.4 0.05 0.05 < 7.99 "" "" "" 2.18 0.0 0.02 "" "VX Cas" 7.877916666666666 61.98083333333332 182370078774787686 7.87787899 61.98081917 0.098 0.082 90.0 1141170176 136 55696.86024306 4 59 12.0278 0.0019 12.5884 0.002 20600 11.3141 0.0015 13.0802 0.2071 65656 13.42 "" "" "" 65636 12.406 "" "" "" 114788 11.887 "" "" "" 114788 0.081607 3 "VX Cas" 7.877916666666666 61.98083333333332 524.76 5.47 5.58 9750-10250 1.5 0.11 10000 125 B9 1.68 0.1 1.4 0.05 0.05 < 7.99 "" "" "" 2.18 0.0 0.02 "" "VX Cas" 7.877916666666666 61.98083333333332 7.8778410396 61.98082915175 0.0003665 0.0002236 143.33 430319134244652160 7.87787240333 0.0148 61.98081739094 0.0144 1.8537 0.0201 92.3976 4.242 3.315 0.017 -2.646 0.02 379 -0.0423 1489.29 0.155 34.26 31 "" "" 24 0.998 False 527692.0 4581.92 11.381415 335052.0 9505.91 11.525761 306412.0 11.032132 1.216 0.493629 "" "" 0 "" "" "" "" "" 760023042.0 0.009822 0.03093 0.021447 11.381415 0.009822 527692.0 0.037 0.283 0.3229 -0.4423 0.12878
4 "V594 Cas" 10.826249999999998 61.911111111111104 551.16 4.13 4.2 11250-11750 2.5 0.21 11750 215 B7-B8 3.74 0.37 2.38 0.09 0.07 "" 1.67 0.46 0.31 "" 3.6 0.21 0.2 "" "V594 Cas" 10.826249999999998 61.911111111111104 182290108260474049 10.826054 61.911179 0.048 0.048 90.0 335618048 40 51448.43679398 0 50 11.4478 0.1492 12.2961 0.1897 88 10.2386 0.0453 12.8462 0.0211 88 12.6 "" "" "" 68 11.145 "" "" "" 68 10.428 "" "" "" 68 0.412438 4 "V594 Cas" 10.826249999999998 61.911111111111104 551.16 4.13 4.2 11250-11750 2.5 0.21 11750 215 B7-B8 3.74 0.37 2.38 0.09 0.07 "" 1.67 0.46 0.31 "" 3.6 0.21 0.2 "" "V594 Cas" 10.826249999999998 61.911111111111104 10.82606941265 61.91114978131 0.0002866 0.0001702 150.89 427618149568528384 10.82610031352 0.0096 61.91114025127 0.0105 1.7921 0.0137 130.7115 3.913 3.274 0.013 -2.144 0.017 414 -2.9487 779.52 0.088 10.96 31 "" "" 27 0.898 False 1472960.0 3841.26 10.266892 739495.0 5178.68 10.666204 1105670.0 9.638834 1.253 1.02737 "" "" 0 "" "" "" "" "" 760031508.0 0.003951 0.008099 0.010296 10.266892 0.003951 1472960.0 0.033 0.2039 0.2637 -0.4204 0.33627
5 "HBC 7" 10.855416666666663 61.63972222222221 2512.43 79.51 84.88 16000-25000 4.5 0.0 19000 500 B2-B3 6.81 0.48 3.74 0.04 0.04 "" 0.15 0.03 0.03 "" 8.79 0.57 0.21 "" "HBC 7" 10.855416666666663 61.63972222222221 181960108555888482 10.85559944 61.63980302 0.081 0.045 0.0 503635968 60 55806.09957176 5 65 14.1926 0.0036 14.2363 0.0082 115000 13.1588 0.0187 13.1905 0.0026 115000 12.843 "" "" "" 114724 12.267 "" "" "" 114724 11.9657 0.0011 11.9732 0.0011 16892216 0.42696 5 "HBC 7" 10.855416666666663 61.63972222222221 2512.43 79.51 84.88 16000-25000 4.5 0.0 19000 500 B2-B3 6.81 0.48 3.74 0.04 0.04 "" 0.15 0.03 0.03 "" 8.79 0.57 0.21 "" "HBC 7" 10.855416666666663 61.63972222222221 10.85559040391 61.63980762106 0.0002599 0.000163 153.28 427582411138427904 10.85557642856 0.009 61.63980140185 0.01 0.3741 0.013 28.7617 2.047 -1.494 0.012 -1.399 0.015 490 3.9536 812.92 0.076 6.595 31 "" "" 29 1.129 False 118123.0 30.5824 13.006534 38820.5 37.658 13.865889 117332.0 12.074357 1.322 1.791532 "" "" 0 "" "" "" "" "" 759032396.0 0.00277 0.002982 0.003817 13.006534 0.00277 118123.0 0.015 0.1867 0.2435 -0.3623 0.427533
7 "HD 9672" 23.657916666666665 -15.676388888888887 57.12 0.18 0.18 "8750- 9250" 0.0 0.0 9000 125 A1-A2 1.64 0.06 1.2 0.02 0.02 "" 11.02 1.15 8.96 "" 1.93 0.03 0.02 "" "HD 9672" 23.657916666666665 -15.676388888888887 89180236576878476 23.6576991 -15.67646905 0.001 0.001 90.0 1343750144 160 56261.98519676 2 8 "" "" "" "" 64 "" "" "" "" 64 6.9116 0.0814 11.2922 0.0767 114808 6.8141 0.001 10.3575 0.001 88 5.6247 0.0693 8.546 0.1961 114808 0.807437 7 "HD 9672" 23.657916666666665 -15.676388888888887 57.12 0.18 0.18 "8750- 9250" 0.0 0.0 9000 125 A1-A2 1.64 0.06 1.2 0.02 0.02 "" 11.02 1.15 8.96 "" 1.93 0.03 0.02 "" "HD 9672" 23.657916666666665 -15.676388888888887 23.65741115869 -15.6763607425 0.0007942 0.0004137 83.97 2451838022871837312 23.65784669926 0.0339 -15.67637465462 0.0242 17.4725 0.0547 319.7082 94.403 94.351 0.05 -3.13 0.026 338 -5.8372 5184.65 0.316 140.2 31 "" "" 15 0.782 True 107267000.0 54433.4 5.611201 76623000.0 60999.9 5.627645 47652500.0 5.552681 1.159 0.074965 "" "" 0 "" "" "" "" 12722141.0 "" 0.00281 0.002921 0.004054 5.611201 0.00281 107267000.0 0.001 0.791 0.4198 0.1447 1.755064
9 "BD+30 549" 52.3325 31.415833333333328 284.64 1.9 1.93 10750-13000 2.0 0.2 10750 201 B8 1.76 0.23 1.57 0.12 0.1 < 6.51 "" "" "" 2.4 0.0 0.14 "" "BD+30 549" 52.3325 31.415833333333328 145690523323509605 52.33243785 31.41580639 0.001 0.001 90.0 1409359872 168 51508.34929398 3 32 11.008 "" "" "" 68 10.413 "" "" "" 68 10.112 "" "" "" 114788 9.923 "" "" "" 68 9.85 "" "" "" 114788 0.214165 9 "BD+30 549" 52.3325 31.415833333333328 284.64 1.9 1.93 10750-13000 2.0 0.2 10750 201 B8 1.76 0.23 1.57 0.12 0.1 < 6.51 "" "" "" 2.4 0.0 0.14 "" "BD+30 549" 52.3325 31.415833333333328 52.33240567259 31.41584581283 0.0004609 0.000304 96.82 121406905707934464 52.33243995236 0.0215 31.41580370039 0.0145 3.4802 0.0237 147.0496 11.537 6.582 0.029 -9.475 0.019 207 2.7973 629.02 0.124 14.63 31 "" "" 14 1.141 False 1397120.0 2199.92 10.32428 718053.0 4118.54 10.698151 1006780.0 9.74056 1.235 0.957591 "" "" 0 "" "" "" "" "" 608033876.0 0.003243 0.006824 0.006341 10.32428 0.003243 1397120.0 0.022 0.459 0.3067 -0.1005 0.29326
10 "PDS 4" 54.75249999999999 29.696111111111108 389.04 3.45 3.51 9500-10750 1.0 0.0 9500 125 B9-A0 1.62 0.05 1.28 0.01 0.01 "" 9.98 0.0 0.53 "" 2.05 0.05 0.03 "" "PDS 4" 54.75249999999999 29.696111111111108 143630547522975748 54.75240098 29.69601709 0.358 0.049 90.0 1141170176 136 55397.20204861 5 44 13.095 "" "" "" 65636 11.899 "" "" "" 65636 11.357 "" "" "" 65636 11.024 "" "" "" 65636 10.821 "" "" "" 114788 0.458751 10 "PDS 4" 54.75249999999999 29.696111111111108 389.04 3.45 3.51 9500-10750 1.0 0.0 9500 125 B9-A0 1.62 0.05 1.28 0.01 0.01 "" 9.98 0.0 0.53 "" 2.05 0.05 0.03 "" "PDS 4" 54.75249999999999 29.696111111111108 54.75232707279 29.69603536554 0.0004021 0.0003212 92.79 120035647206281344 54.75234361567 0.0208 29.69601377527 0.0153 2.5405 0.023 110.3944 5.835 3.233 0.025 -4.858 0.02 233 4.658 819.09 0.128 19.33 31 "" "" 14 1.224 False 1105140.0 732.784 10.57882 667948.0 1460.98 10.776685 640261.0 10.232003 1.184 0.544682 "" "" 0 "" "" "" "" "" 599032602.0 0.002848 0.003664 0.004047 10.57882 0.002848 1105140.0 0.002 0.4019 0.3214 -0.022 0.605637
11 "IP Per" 55.195833333333326 32.53166666666666 287.26 2.48 2.53 "7500- 8500" 0.5 0.0 7500 125 A7-A9 1.57 0.06 0.85 0.02 0.02 "" 18.06 6.88 1.94 "" 1.61 0.01 0.06 "" "IP Per" 55.195833333333326 32.53166666666666 147030551956778412 55.19570134 32.53154737 0.001 0.001 90.0 1409441792 168 52869.38327546 4 50 10.3401 0.1324 12.597 0.0458 114808 10.5674 0.0194 11.9186 0.0321 114808 13.135 "" "" "" 114788 11.821 "" "" "" 68 11.225 "" "" "" 114788 0.587314 11 "IP Per" 55.195833333333326 32.53166666666666 287.26 2.48 2.53 "7500- 8500" 0.5 0.0 7500 125 A7-A9 1.57 0.06 0.85 0.02 0.02 "" 18.06 6.88 1.94 "" 1.61 0.01 0.06 "" "IP Per" 55.195833333333326 32.53166666666666 55.19566904506 32.53158752429 0.0005065 0.0003298 76.35 217510685903279872 55.19570348092 0.0269 32.53154462452 0.018 3.4456 0.0303 113.5759 11.655 6.532 0.031 -9.652 0.022 211 -2.9829 820.22 0.165 28.49 95 1.6272 0.0063 14 0.855 False 1447440.0 1953.89 10.285868 880388.0 3900.53 10.476857 837272.0 9.940728 1.187 0.536129 "" "" 0 "" "" "" "" "" 613038731.0 0.003121 0.005561 0.005386 10.285868 0.003121 1447440.0 0.005 0.4984 0.3421 0.1988 0.574295
12 "XY Per A" 57.40124999999999 38.98194444444444 419.21 5.24 5.38 9500-10000 2.0 0.25 10000 244 B9 4.8 0.63 2.32 0.12 0.09 "" 1.25 0.25 0.69 "" 3.71 0.34 0.3 "" "V* XY Per A" 57.40124999999999 38.98194444444444 154770574015698872 57.4014471 38.9820653 0.001 0.001 90.0 268959744 32 51981.27295139 0 7 9.0351 0.001 12.5329 0.001 80 10.2423 0.0175 13.132 0.0194 88 9.0096 0.1703 13.1986 0.0109 80 "" "" "" "" 64 "" "" "" "" 64 0.702514 12 "XY Per A" 57.40124999999999 38.98194444444444 419.21 5.24 5.38 9500-10000 2.0 0.25 10000 244 B9 4.8 0.63 2.32 0.12 0.09 "" 1.25 0.25 0.69 "" 3.71 0.34 0.3 "" "V* XY Per A" 57.40124999999999 38.98194444444444 57.40140244273 38.98209674998 0.000522 0.0003938 88.87 223935338503901952 57.40145013882 0.0219 38.98206289985 0.0163 2.3537 0.0302 77.9277 11.296 8.342 0.033 -7.616 0.025 356 13.6189 1815.31 0.18 39.81 31 "" "" 17 1.555 False 2986440.0 10463.1 9.499481 1943380.0 36889.8 9.61715 2131410.0 8.926229 1.364 0.690922 "" "" 0 "" "" "" 1.2376609795849585e+18 "" 645062044.0 0.004697 0.020798 0.02363 9.499481 0.004697 2986440.0 0.173 0.5219 0.3939 0.0112 0.69471
13 "AB Aur" 73.94125 30.55111111111111 155.01 0.89 0.9 8750-10250 0.5 0.0 9000 125 A1-A2 2.79 0.09 1.66 0.01 0.01 "" 4.14 0.13 0.2 "" 2.36 0.05 0.04 "" "AB Aur" 73.94125 30.55111111111111 144660739409211849 73.94104407 30.55109224 0.001 0.001 90.0 1409359872 168 50843.15789352 4 10 7.289 "" "" "" 114788 6.672 "" "" "" 68 6.473 "" "" "" 114788 6.392 "" "" "" 114788 6.323 "" "" "" 114788 0.642036 13 "AB Aur" 73.94125 30.55111111111111 155.01 0.89 0.9 8750-10250 0.5 0.0 9000 125 A1-A2 2.79 0.09 1.66 0.01 0.01 "" 4.14 0.13 0.2 "" 2.36 0.05 0.04 "" "AB Aur" 73.94125 30.55111111111111 73.94102455509 30.55119224362 0.0006415 0.0004481 79.61 156917493449670656 73.94104529389 0.0318 30.55108545902 0.0165 6.4127 0.0372 172.3898 24.36 4.018 0.039 -24.027 0.028 545 11.496 4250.06 0.259 88.94 31 "" "" 20 1.369 True 26943400.0 25534.8 7.111234 18649600.0 56256.9 7.16187 13880900.0 6.891851 1.207 0.270019 "" "" 0 "" "" "" "" "" 603061281.0 0.002941 0.004303 0.004678 7.111234 0.002941 26943400.0 0.042 0.6362 0.4557 0.129 0.757505
14 "HD 31648" 74.69291666666666 29.843611111111105 155.22 1.24 1.26 "8000- 8500" 0.0 0.0 8000 125 A5-A6 2.13 0.07 1.22 0.01 0.01 "" 7.71 0.38 0.23 "" 1.85 0.01 0.04 "" "HD 31648" 74.69291666666666 29.843611111111105 143810746926932632 74.69279572 29.84350278 0.001 0.001 90.0 1343750144 160 56185.93512731 5 6 8.2009 0.0 11.7959 0.0 114808 "" "" "" "" 114784 7.8464 0.0199 12.1004 0.2372 114808 7.6741 0.36 "" "" 114808 "" "" "" "" 114784 0.542887 14 "HD 31648" 74.69291666666666 29.843611111111105 155.22 1.24 1.26 "8000- 8500" 0.0 0.0 8000 125 A5-A6 2.13 0.07 1.22 0.01 0.01 "" 7.71 0.38 0.23 "" 1.85 0.01 0.04 "" "HD 31648" 74.69291666666666 29.843611111111105 74.69277321123 29.8436076738 0.0008305 0.0005852 83.35 156728858488206080 74.6927970931 0.039 29.84349581486 0.0195 6.4014 0.0518 123.4759 25.596 4.661 0.051 -25.168 0.036 638 0.3267 5218.51 0.318 108.1 95 1.6891 0.0064 17 1.009 True 16344100.0 11393.7 7.653966 10954300.0 15874.9 7.739581 8254380.0 7.456184 1.175 0.283397 "" "" 0 "" "" "" "" "" 600061184.0 0.002857 0.003203 0.004318 7.653966 0.002857 16344100.0 0.009 0.8277 0.5892 0.082 0.448124
15 "UX Ori" 76.12499999999999 -3.787222222222222 319.83 2.89 2.94 "8250- 8750" 1.0 0.26 8250 245 A3-A6 1.79 0.34 1.12 0.2 0.14 "" 9.84 0.0 0.17 "" 1.91 0.0 0.04 1.0 "UX Ori" 76.12499999999999 -3.787222222222222 103450761249025634 76.12495397 -3.78731843 0.001 0.001 90.0 1409359872 168 51072.39039352 2 36 11.175 "" "" "" 114788 10.213 "" "" "" 68 9.829 "" "" "" 114788 9.635 "" "" "" 68 9.489 "" "" "" 68 0.383792 15 "UX Ori" 76.12499999999999 -3.787222222222222 319.83 2.89 2.94 "8250- 8750" 1.0 0.26 8250 245 A3-A6 1.79 0.34 1.12 0.2 0.14 "" 9.84 0.0 0.17 "" 1.91 0.0 0.04 1.0 "UX Ori" 76.12499999999999 -3.787222222222222 76.12494954085 -3.78730187002 0.0004577 0.0002987 103.79 3212878018378138752 76.12495424266 0.0212 -3.78731964053 0.0137 3.1004 0.0285 108.7638 4.135 1.056 0.028 -3.998 0.019 435 17.2914 2918.97 0.196 62.98 31 "" "" 22 1.643 False 975935.0 19352.8 10.713815 472721.0 40097.4 11.15203 619697.0 10.267447 1.119 0.884583 "" "" 0 "" "" "" 1.237676302949286e+18 26623132.0 432012135.0 0.021706 0.092137 0.065751 10.713815 0.021706 975935.0 -0.087 0.4502 0.3099 -0.1996 0.339218
16 "HD 34282" 79.00208333333332 -9.809722222222222 306.49 2.16 2.19 "9250- 9750" 0.5 0.0 9250 125 A0-A1 1.47 0.05 1.16 0.02 0.02 < 19.87 "" "" < 1.9 "" "" "" "HD 34282" 79.00208333333332 -9.809722222222222 96220790018728673 79.0019867 -9.80983587 0.001 0.001 90.0 1140924416 136 51108.25569444 2 18 10.0735 0.0029 12.7289 0.0097 16504 12.128 "" "" "" 16484 11.321 "" "" "" 114788 10.798 "" "" "" 32868 10.501 "" "" "" 16484 0.533757 16 "HD 34282" 79.00208333333332 -9.809722222222222 306.49 2.16 2.19 "9250- 9750" 0.5 0.0 9250 125 A0-A1 1.47 0.05 1.16 0.02 0.02 < 19.87 "" "" < 1.9 "" "" "" "HD 34282" 79.00208333333332 -9.809722222222222 79.00198549222 -9.80983160667 0.0003733 0.0002829 123.95 3014390365402220544 79.00198675082 0.015 -9.80983621906 0.0125 3.2403 0.0231 140.0475 1.075 0.279 0.022 -1.038 0.019 601 13.3446 3681.54 0.185 67.64 31 "" "" 23 1.41 False 2143230.0 2955.77 9.859695 1446040.0 6344.09 9.93809 1064150.0 9.680393 1.171 0.257697 "" "" 0 "" "" 9.622079002204848e+16 "" 25755136.0 401009201.0 0.003136 0.00552 0.004672 9.859695 0.003136 2143230.0 0.006 0.3476 0.3139 -0.2517 0.524909
