AeBe-PS-Gaia.ecsv
# %ECSV 1.0
# ---
# datatype:
# - {name: recno_1, datatype: int64}
# - {name: Object_1, datatype: string}
# - {name: RA_ICRS_1, datatype: float64}
# - {name: DE_ICRS_1, datatype: float64}
# - {name: d_1, datatype: float64}
# - {name: e_d_1, datatype: float64}
# - {name: E_d_1, datatype: float64}
# - {name: DeltaT_1, datatype: string}
# - {name: Av_1, datatype: float64}
# - {name: e_Av_1, datatype: float64}
# - {name: Teff_1, datatype: int64}
# - {name: e_Teff_1, datatype: int64}
# - {name: SpType_1, datatype: string}
# - {name: R_1, datatype: float64}
# - {name: e_R_1, datatype: float64}
# - {name: LogL_1, datatype: float64}
# - {name: e_LogL_1, datatype: float64}
# - {name: E_LogL_1, datatype: float64}
# - {name: l_t_1, datatype: string}
# - {name: t_1, datatype: float64}
# - {name: e_t_1, datatype: float64}
# - {name: E_t_1, datatype: float64}
# - {name: l_M_1, datatype: string}
# - {name: M_1, datatype: float64}
# - {name: e_M_1, datatype: float64}
# - {name: E_M_1, datatype: float64}
# - {name: Notes_1, datatype: float64}
# - {name: SimbadName_1, datatype: string}
# - {name: _RA_icrs_1, datatype: float64}
# - {name: _DE_icrs_1, datatype: float64}
# - {name: objID, datatype: int64}
# - {name: RAJ2000_1, datatype: float64}
# - {name: DEJ2000_1, datatype: float64}
# - {name: errHalfMaj_1, datatype: float64}
# - {name: errHalfMin_1, datatype: float64}
# - {name: errPosAng_1, datatype: float64}
# - {name: f_objID, datatype: int64}
# - {name: Qual, datatype: int64}
# - {name: Epoch, datatype: float64}
# - {name: Ns, datatype: int64}
# - {name: Nd, datatype: int64}
# - {name: gmag, datatype: float64}
# - {name: e_gmag, datatype: float64}
# - {name: gKmag, datatype: float64}
# - {name: e_gKmag, datatype: float64}
# - {name: gFlags, datatype: int64}
# - {name: rmag, datatype: float64}
# - {name: e_rmag, datatype: float64}
# - {name: rKmag, datatype: float64}
# - {name: e_rKmag, datatype: float64}
# - {name: rFlags, datatype: int64}
# - {name: imag, datatype: float64}
# - {name: e_imag, datatype: float64}
# - {name: iKmag, datatype: float64}
# - {name: e_iKmag, datatype: float64}
# - {name: iFlags, datatype: int64}
# - {name: zmag, datatype: float64}
# - {name: e_zmag, datatype: float64}
# - {name: zKmag, datatype: float64}
# - {name: e_zKmag, datatype: float64}
# - {name: zFlags, datatype: int64}
# - {name: ymag, datatype: float64}
# - {name: e_ymag, datatype: float64}
# - {name: yKmag, datatype: float64}
# - {name: e_yKmag, datatype: float64}
# - {name: yFlags, datatype: int64}
# - {name: angDist_1, datatype: float64}
# - {name: recno_2, datatype: int64}
# - {name: Object_2, datatype: string}
# - {name: RA_ICRS_2, datatype: float64}
# - {name: DE_ICRS_2, datatype: float64}
# - {name: d_2, datatype: float64}
# - {name: e_d_2, datatype: float64}
# - {name: E_d_2, datatype: float64}
# - {name: DeltaT_2, datatype: string}
# - {name: Av_2, datatype: float64}
# - {name: e_Av_2, datatype: float64}
# - {name: Teff_2, datatype: int64}
# - {name: e_Teff_2, datatype: int64}
# - {name: SpType_2, datatype: string}
# - {name: R_2, datatype: float64}
# - {name: e_R_2, datatype: float64}
# - {name: LogL_2, datatype: float64}
# - {name: e_LogL_2, datatype: float64}
# - {name: E_LogL_2, datatype: float64}
# - {name: l_t_2, datatype: string}
# - {name: t_2, datatype: float64}
[...]
[from data line 64]
70 "HD 46060" 97.70749999999998 -9.654166666666663 913.13 17.95 18.69 17000-25000 1.5 0.0 17000 500 B3-B4 6.57 0.41 3.51 0.02 0.02 "" 0.2 0.01 0.01 "" 7.47 0.28 0.31 "" "HD 46060" 97.70749999999998 -9.654166666666663 96410977077625441 97.7077159 -9.65396937 0.063 0.063 90.0 268513280 32 55242.30893519 0 14 8.7151 0.1231 11.8075 0.3047 24 8.8721 0.0036 12.4694 0.1069 24 9.0109 0.0 11.7807 0.001 24 "" "" "" "" 0 9.8317 0.0752 10.3227 0.1039 16777240 1.044794 70 "HD 46060" 97.70749999999998 -9.654166666666663 913.13 17.95 18.69 17000-25000 1.5 0.0 17000 500 B3-B4 6.57 0.41 3.51 0.02 0.02 "" 0.2 0.01 0.01 "" 7.47 0.28 0.31 "" "HD 46060" 97.70749999999998 -9.654166666666663 "Gaia DR3 3002950320574710272" 97.70753871131 -9.65411066403 0.0 0.0 31.0 1636148068921376768 3002950320574710272 939418766 0.0154 0.0175 1.0711 0.022 48.761 3.529 -3.526 0.019 0.154 0.019 0.2297 -0.0812 -0.0848 0.1679 -0.5197 0.2758 -0.4301 -0.0951 0.3002 -0.0774 307 307 302 5 1.7619 974.68 0.128 21.412 31 True 1.657 "" "" "" "" "" "" "" 35 18 0.029919 36 0.01487 65.2 0 0 1.072 0 303 5878620.34026 1935.27 3037.63 8.764178 0.002778 36 3733870.0 2627.74 1420.94 8.908145 0.002893 36 3246130.0 1191.24 2725.0 8.46948 0.0038 1.187 0.0 0.0 0.0 0.0 0.0 0.438665 0.143967 0.294699 "" "" "" "" "" "" "" "" "" "" "" "" "" "" "" "" "" "" "" "" "" "" VARIABLE 0.003262 0.0 5.3e-05 "" "" "" "" "" "" "" "" "" "" "" "" "" "" "" "" "" "" "" "" "" "" 97.70755460603 -9.65411134997 0.304146 0.314618 -0.0979 0.24397
71 "PDS 129" 97.765 10.020277777777777 650.49 7.01 7.17 "6250- 6750" 1.0 0.0 6750 125 F2-F3 2.58 0.1 1.1 0.01 0.01 "" 7.64 0.66 0.4 "" 1.79 0.04 0.05 "" "PDS 129" 97.765 10.020277777777777 120020977651424962 97.7651394 10.02040543 0.02 0.015 0.0 1443160064 172 55959.50986111 1 64 12.4098 0.001 12.4453 0.001 536 12.902 "" "" "" 4 12.333 "" "" "" 4 11.88 "" "" "" 4 11.668 "" "" "" 114724 0.674836 71 "PDS 129" 97.765 10.020277777777777 650.49 7.01 7.17 "6250- 6750" 1.0 0.0 6750 125 F2-F3 2.58 0.1 1.1 0.01 0.01 "" 7.64 0.66 0.4 "" 1.79 0.04 0.05 "" "PDS 129" 97.765 10.020277777777777 "Gaia DR3 3327308797687987584" 97.7651372296 10.02039810406 0.0 0.0 130.0 1636148068921376768 3327308797687987584 1055750038 0.0132 0.0129 1.5029 0.0168 89.6875 5.471 -2.363 0.016 -4.934 0.013 -0.1176 0.1965 -0.1686 0.0427 -0.5226 -0.0293 -0.4025 0.034 0.3034 -0.0547 218 218 217 1 0.2109 444.8 0.079 8.4599 31 False 1.521 "" "" "" "" "" "" "" 25 16 0.021957 25 0.05241 90.94 0 0 1.009 0 204 319898.7176 241.765 1323.18 11.924835 0.002875 25 160032.0 424.184 377.27 12.328025 0.004008 25 229869.0 441.41 520.762 11.344193 0.004316 1.219 0.0 0.0 0.0 0.0 0.0 0.983832 0.40319 0.580643 11.18 3.5 1.0 9.0 3.0 8.0 23.836 3.15 0.000883 911.577 24.23 5750.0 1.5 -1.0 111.0 73.6866 32.6508 6.0 11.12261 0.015523 6.0 "" NOT_AVAILABLE 0.0 0.0 0.99998 6333.1 6324.4 6341.4 3.8213 3.8179 3.8248 -0.6702 -0.6791 -0.6616 635.0314 630.7138 639.3448 0.8349 0.8295 0.8404 0.7041 0.6994 0.7089 0.3834 0.3808 0.386 A 97.76514789673 10.02042003273 0.253452 0.218897 -0.0536 0.651393
72 "VY Mon" 97.77875 10.43472222222222 329.91 45.13 55.27 8000-16000 6.0 0.0 13000 557 B6-B7 3.5 0.81 2.5 0.24 0.16 "" 1.2 0.22 0.8 "" 3.8 0.21 0.42 1.0 "VY Mon" 97.77875 10.43472222222222 120520977785842049 97.77870136 10.43463391 0.008 0.008 90.0 302145536 36 55657.27277778 0 11 15.682 0.0028 15.6815 0.0028 280 "" "" "" "" 0 "" "" "" "" 0 11.634 0.0247 12.4438 0.0366 24 13.6138 0.0024 13.7096 0.0036 16777752 0.361568 72 "VY Mon" 97.77875 10.43472222222222 329.91 45.13 55.27 8000-16000 6.0 0.0 13000 557 B6-B7 3.5 0.81 2.5 0.24 0.16 "" 1.2 0.22 0.8 "" 3.8 0.21 0.42 1 "VY Mon" 97.77875 10.43472222222222 "Gaia DR3 3327886213092092800" 97.77885809368 10.43468659308 0.0 0.0 123.0 1636148068921376768 3327886213092092800 1266661260 0.3238 0.3146 3.171 0.4154 7.6328 5.158 -1.105 0.395 -5.038 0.344 -0.0643 -0.0024 -0.0292 0.0823 -0.4609 -0.0498 -0.1771 0.2788 0.1655 -0.1441 248 0 245 3 248.1421 143600.0 3.19 3873.3 31 False 1.264 "" "" "" "" "" "" "" 28 17 0.564344 28 0.3558 9.948 0 0 25.0 0 247 49095.20392 1624.14 30.2284 13.959769 0.036023 28 8797.14 781.508 11.2566 15.477689 0.096494 28 70322.1 6929.71 10.1479 12.630167 0.107058 1.612 0.0 0.0 0.0 1.0 0.0 2.847522 1.51792 1.329602 "" "" "" "" "" "" "" "" "" "" "" "" "" "" "" "" "" "" "" "" "" "" NOT_AVAILABLE 0.0 0.0 0.999989 10089.7 9776.9 10424.9 3.8881 3.811 3.9695 -0.9428 -1.0955 -0.8251 498.8086 434.4577 558.7735 6.5955 6.5557 6.6305 5.0529 5.016 5.0845 2.8415 2.8207 2.8593 A 97.77886308623 10.43470898641 6.332022 5.560603 -0.1435 0.403624
73 "LkHa 215" 98.17416666666664 10.159444444444444 721.25 14.27 14.86 13000-15000 2.5 0.22 15000 882 B4-B5 3.92 0.68 2.85 0.13 0.1 "" 0.78 0.18 0.18 "" 4.71 0.32 0.36 "" "LkHa 215" 98.17416666666664 10.159444444444444 120190981739182088 98.17404965 10.15948468 0.001 0.001 90.0 268513280 32 56613.50141204 0 27 12.6568 0.0879 11.1512 0.0336 16777240 11.1373 0.135 11.2715 0.1023 24 9.6874 0.0797 11.882 0.1031 24 10.7728 0.2688 10.743 0.0023 24 10.6663 0.0015 11.0234 0.0032 16781336 0.439226 73 "LkHa 215" 98.17416666666664 10.159444444444444 721.25 14.27 14.86 13000-15000 2.5 0.22 15000 882 B4-B5 3.92 0.68 2.85 0.13 0.1 "" 0.78 0.18 0.18 "" 4.71 0.32 0.36 "" "LkHa 215" 98.17416666666664 10.159444444444444 "Gaia DR3 3327680844934824192" 98.17404916783 10.1594829265 0.0 0.0 121.0 1636148068921376768 3327680844934824192 1487883422 0.0248 0.0229 1.3539 0.028 48.3635 4.555 -1.153 0.032 -4.406 0.026 -0.1586 -0.0772 -0.2288 0.1155 -0.3554 0.0441 -0.3456 0.2199 0.0547 -0.2717 213 213 212 1 15.9606 1493.1 0.198 48.212 31 False 1.495 "" "" "" "" "" "" "" 24 17 0.046809 24 0.09791 3.656 0 0 1.877 0 212 1206429.8288 5221.16 231.066 10.483612 0.005447 23 576596.0 8296.53 69.4984 10.936364 0.01587 22 951720.0 11389.4 83.5622 9.801622 0.013532 1.267 0.0 0.0 0.0 0.0 0.0 1.134742 0.452752 0.68199 "" "" "" "" "" "" "" "" "" "" "" "" "" "" "" "" "" "" "" "" "" "" VARIABLE 0.0 0.0 0.999981 5928.4 5872.4 6102.1 2.9735 2.9238 3.0795 -4.0848 -4.1406 -3.7088 644.9113 584.9653 678.6685 0.893 0.8604 0.9835 0.7413 0.7132 0.8197 0.4108 0.3954 0.4536 MARCS 98.17405437478 10.15950251005 0.511134 0.42193 -0.2712 0.438806
74 "HD 259431" 98.27166666666665 10.32222222222222 640.04 10.98 11.37 11000-16000 1.5 0.0 12500 332 B7 6.1 0.51 2.91 0.06 0.05 "" 0.5 0.08 0.1 "" 5.24 0.24 0.3 "" "HD 259431" 98.27166666666665 10.32222222222222 120380982715627177 98.27161755 10.3222053 0.001 0.001 90.0 1409359872 168 51475.36109954 3 7 8.814 "" "" "" 114788 8.17 "" "" "" 68 7.947 "" "" "" 68 7.849 "" "" "" 114788 7.776 "" "" "" 114788 0.184317 74 "HD 259431" 98.27166666666665 10.32222222222222 640.04 10.98 11.37 11000-16000 1.5 0.0 12500 332 B7 6.1 0.51 2.91 0.06 0.05 "" 0.5 0.08 0.1 "" 5.24 0.24 0.3 "" "HD 259431" 98.27166666666665 10.32222222222222 "Gaia DR3 3327685002463040384" 98.27161676761 10.32220443502 0.0 0.0 117.0 1636148068921376768 3327685002463040384 280354715 0.023 0.0212 1.5304 0.0273 56.0936 3.78 -2.41 0.031 -2.912 0.028 -0.1072 0.0131 0.0147 -0.1433 -0.3379 -0.1649 -0.117 0.1053 0.2263 -0.2978 203 203 202 1 9.0773 1017.0 0.173 30.902 31 False 1.604 "" "" "" "" "" "" "" 23 16 0.04688 23 0.02964 174.7 0 0 1.489 0 200 6259643.81719 8841.48 707.986 8.695992 0.003153 22 3713690.0 15496.1 239.654 8.914028 0.005321 22 4041960.0 13224.2 305.65 8.231416 0.005187 1.239 0.0 0.0 0.0 0.0 0.0 0.682612 0.218036 0.464577 "" "" "" "" "" "" "" "" "" "" "" "" "" "" "" "" "" "" "" "" "" "" NOT_AVAILABLE 0.0 0.0 1.0 "" "" "" "" "" "" "" "" "" "" "" "" "" "" "" "" "" "" "" "" "" "" 98.27162765381 10.32221737926 0.50028 0.444002 -0.2815 0.187972
75 "HBC 217" 100.17583333333332 9.560277777777776 704.61 6.72 6.85 "6000- 6500" 0.0 0.0 6000 125 F8-G1 2.38 0.1 0.82 0.01 0.01 "" 6.89 1.55 1.13 "" 1.75 0.1 0.1 "" "HBC 217" 100.17583333333332 9.560277777777776 119471001759682455 100.17591077 9.55998689 0.011 0.011 90.0 268959744 32 55557.22413194 0 4 "" "" "" "" 0 "" "" "" "" 0 14.0107 0.001 13.5051 0.0011 4120 "" "" "" "" 0 15.6148 0.0023 15.0077 0.0056 4120 1.082677 75 "HBC 217" 100.17583333333332 9.560277777777776 704.61 6.72 6.85 "6000- 6500" 0.0 0.0 6000 125 F8-G1 2.38 0.1 0.82 0.01 0.01 "" 6.89 1.55 1.13 "" 1.75 0.1 0.1 "" "HBC 217" 100.17583333333332 9.560277777777776 "Gaia DR3 3326691009590655616" 100.17575118481 9.56037894905 0.0 0.0 108.0 1636148068921376768 3326691009590655616 1661901154 0.0126 0.0113 1.3751 0.0137 100.6225 3.959 -1.615 0.016 -3.615 0.013 -0.0835 -0.0078 -0.2672 0.1016 -0.2262 0.0606 -0.3529 0.2267 0.0526 -0.2455 240 240 240 0 0.0327 539.58 0.075 7.2979 31 True 1.565 "" "" "" "" "" "" "" 27 15 0.023803 28 0.06292 104.3 0 0 1.0 0 222 346917.43365 172.464 2011.53 11.836802 0.002808 26 190501.0 333.473 571.264 12.138799 0.003376 26 225972.0 322.393 700.922 11.362758 0.004085 1.2 0.0 0.0 0.0 0.0 0.0 0.776041 0.301997 0.474044 17.46 2.39 1.0 9.0 1.0 9.0 26.556 2.2491 0.024741 944.787 15.72 6250.0 4.0 0.0 222.0 21.5035 32.1703 7.0 11.176134 0.012345 8.0 "" VARIABLE 0.0 0.0 0.999813 "" "" "" "" "" "" "" "" "" "" "" "" "" "" "" "" "" "" "" "" "" "" 100.17575846182 9.56039501687 0.26058 0.218882 -0.2455 0.466584
76 "HBC 222" 100.21333333333332 9.74611111111111 701.14 6.83 6.97 "6000- 6500" 0.5 0.17 6500 174 F3-F6 2.42 0.22 0.97 0.07 0.06 "" 8.24 0.0 1.77 "" 1.7 0.11 0.12 "" "HBC 222" 100.21333333333332 9.74611111111111 119691002132635869 100.2132621 9.74612388 0.068 0.026 0.0 1174724608 140 55673.67546296 3 45 12.5953 0.0258 12.4367 0.0127 16876600 12.4742 0.0813 "" "" 4152 12.836 "" "" "" 36 12.262 "" "" "" 16420 11.994 "" "" "" 16420 0.256885 76 "HBC 222" 100.21333333333332 9.74611111111111 701.14 6.83 6.97 "6000- 6500" 0.5 0.17 6500 174 F3-F6 2.42 0.22 0.97 0.07 0.06 "" 8.24 0.0 1.77 "" 1.7 0.11 0.12 "" "HBC 222" 100.21333333333332 9.74611111111111 "Gaia DR3 3326712411411788032" 100.21326174773 9.74612571912 0.0 0.0 109.0 1636148068921376768 3326712411411788032 798452070 0.0128 0.0115 1.385 0.014 98.6688 4.297 -2.43 0.018 -3.544 0.016 -0.0843 0.0379 0.1138 0.1493 -0.0168 0.1859 -0.0722 0.1014 0.2072 -0.2789 194 194 194 0 0.1923 421.99 0.072 6.6765 31 True 1.56 "" "" "" "" "" "" "" 22 14 0.026388 24 0.02271 118.7 0 0 1.008 0 193 332108.85798 654.03 507.788 11.884166 0.003488 23 178802.0 1381.01 129.472 12.20761 0.008838 21 220225.0 730.428 301.501 11.390731 0.00522 1.201 0.0 0.0 0.0 0.0 0.0 0.816879 0.323444 0.493435 15.48 3.72 1.0 11.0 0.0 10.0 25.002 8.1291 0.0 910.579 30.86 5750.0 3.5 -0.5 111.0 68.3527 30.4314 9.0 11.202405 0.024956 10.0 "" VARIABLE 0.0 0.0 0.999928 "" "" "" "" "" "" "" "" "" "" "" "" "" "" "" "" "" "" "" "" "" "" 100.21327270366 9.74614147226 0.280292 0.253175 -0.2943 0.259376
77 "PDS 24" 102.17374999999998 -16.801666666666666 1055.57 16.07 16.07 10000-11000 1.5 0.05 10000 125 B9 1.58 0.07 1.35 0.03 0.03 < 8.27 "" "" < 2.2 "" "" "" "PDS 24" 102.17374999999998 -16.801666666666666 87831021736838490 102.17367539 -16.80155239 0.125 0.064 90.0 235200512 28 56146.02427083 11 51 13.2683 0.0055 13.2934 0.0008 98616 13.228 0.001 13.2102 0.001 16876088 13.8808 0.0013 13.6149 0.0013 16892472 13.0273 0.0071 13.0658 0.0195 115000 12.9354 0.0026 12.907 0.0105 115000 0.485142 77 "PDS 24" 102.17374999999998 -16.801666666666666 1055.57 16.07 16.07 10000-11000 1.5 0.05 10000 125 B9 1.58 0.07 1.35 0.03 0.03 < 8.27 "" "" < 2.2 "" "" "" "PDS 24" 102.17374999999998 -16.801666666666666 "Gaia DR3 2946265861898021760" 102.17367579492 -16.80154075948 0.0 0.0 163.0 1636148068921376768 2946265861898021760 49856698 0.0096 0.0118 0.9474 0.0144 65.7001 6.154 -3.451 0.014 5.095 0.015 -0.1357 0.081 -0.3422 0.1398 -0.1957 0.1343 -0.3368 0.0291 0.0793 -0.1088 451 0 451 0 8.9906 830.36 0.086 8.823 31 False 1.608 "" "" "" "" "" "" "" 53 20 0.022371 55 0.06333 173.4 0 0 1.315 0 462 102973.56031 293.992 350.26 13.155553 0.004147 54 61648.0 623.444 98.883 13.363746 0.011329 52 62989.4 431.644 145.929 12.749727 0.008345 1.21 0.0 0.0 0.0 0.0 0.0 0.614018 0.208193 0.405826 "" "" "" "" "" "" "" "" "" "" "" "" "" "" "" "" "" "" "" "" "" "" NOT_AVAILABLE 0.0 0.0 0.999961 "" "" "" "" "" "" "" "" "" "" "" "" "" "" "" "" "" "" "" "" "" "" 102.17369181731 -16.80156340563 0.227375 0.249479 -0.1176 0.520433
78 "PDS 130" 102.49416666666666 -7.647777777777777 1237.04 19.66 20.3 10250-10750 2.5 0.0 10500 225 B8-B9 2.7 0.15 1.9 0.03 0.03 "" 3.08 0.08 0.22 "" 2.74 0.13 0.1 "" "PDS 130" 102.49416666666666 -7.647777777777777 98821024939642965 102.49397171 -7.64784831 0.036 0.003 0.0 503635968 60 56156.20960648 5 58 13.7672 0.0003 13.7039 0.0026 115000 13.247 0.001 13.2541 0.001 16892472 13.4642 0.001 13.7581 0.001 16892472 12.8184 0.001 12.7923 0.001 115256 12.53 0.0035 12.5113 0.006 115000 0.740496 78 "PDS 130" 102.49416666666666 -7.647777777777777 1237.04 19.66 20.3 10250-10750 2.5 0.0 10500 225 B8-B9 2.7 0.15 1.9 0.03 0.03 "" 3.08 0.08 0.22 "" 2.74 0.13 0.1 "" "PDS 130" 102.49416666666666 -7.647777777777777 "Gaia DR3 3099127355737733376" 102.49397131416 -7.64784622731 0.0 0.0 111.0 1636148068921376768 3099127355737733376 920995106 0.0115 0.0109 0.7676 0.0131 58.7981 1.263 -1.186 0.015 0.434 0.013 -0.0505 -0.1946 0.0343 0.0199 -0.2921 0.0631 -0.1682 -0.0432 0.0695 -0.2144 248 0 247 1 0.9764 271.75 0.0 1.2919e-15 31 False 1.495 "" "" "" "" "" "" "" 28 16 0.021295 29 0.008275 172.2 0 0 1.043 0 244 96617.57 65.3849 1477.67 13.224727 0.002852 29 46438.2 116.047 400.166 13.671354 0.003892 29 75143.2 170.143 441.648 12.558171 0.004509 1.258 0.0 0.0 0.0 0.0 0.0 1.113183 0.446628 0.666555 "" "" "" "" "" "" "" "" "" "" "" "" "" "" "" "" "" "" "" "" "" "" VARIABLE 0.0 0.0 0.999988 "" "" "" "" "" "" "" "" "" "" "" "" "" "" "" "" "" "" "" "" "" "" 102.49397663468 -7.64784815563 0.23204 0.210958 -0.2167 0.73929
