AeBe-PS-GaiaEDR3.ecsv
# %ECSV 1.0
# ---
# datatype:
# - {name: recno_1, datatype: int64}
# - {name: Object_1, datatype: string}
# - {name: RA_ICRS_1, datatype: float64}
# - {name: DE_ICRS_1, datatype: float64}
# - {name: d_1, datatype: float64}
# - {name: e_d_1, datatype: float64}
# - {name: E_d_1, datatype: float64}
# - {name: DeltaT_1, datatype: string}
# - {name: Av_1, datatype: float64}
# - {name: e_Av_1, datatype: float64}
# - {name: Teff_1, datatype: int64}
# - {name: e_Teff_1, datatype: int64}
# - {name: SpType_1, datatype: string}
# - {name: R_1, datatype: float64}
# - {name: e_R_1, datatype: float64}
# - {name: LogL_1, datatype: float64}
# - {name: e_LogL_1, datatype: float64}
# - {name: E_LogL_1, datatype: float64}
# - {name: l_t_1, datatype: string}
# - {name: t_1, datatype: float64}
# - {name: e_t_1, datatype: float64}
# - {name: E_t_1, datatype: float64}
# - {name: l_M_1, datatype: string}
# - {name: M_1, datatype: float64}
# - {name: e_M_1, datatype: float64}
# - {name: E_M_1, datatype: float64}
# - {name: Notes_1, datatype: float64}
# - {name: SimbadName_1, datatype: string}
# - {name: _RA_icrs_1, datatype: float64}
# - {name: _DE_icrs_1, datatype: float64}
# - {name: objID, datatype: int64}
# - {name: RAJ2000, datatype: float64}
# - {name: DEJ2000, datatype: float64}
# - {name: errHalfMaj_1, datatype: float64}
# - {name: errHalfMin_1, datatype: float64}
# - {name: errPosAng_1, datatype: float64}
# - {name: f_objID, datatype: int64}
# - {name: Qual, datatype: int64}
# - {name: Epoch, datatype: float64}
# - {name: Ns, datatype: int64}
# - {name: Nd, datatype: int64}
# - {name: gmag, datatype: float64}
# - {name: e_gmag, datatype: float64}
# - {name: gKmag, datatype: float64}
# - {name: e_gKmag, datatype: float64}
# - {name: gFlags, datatype: int64}
# - {name: rmag, datatype: float64}
# - {name: e_rmag, datatype: float64}
# - {name: rKmag, datatype: float64}
# - {name: e_rKmag, datatype: float64}
# - {name: rFlags, datatype: int64}
# - {name: imag, datatype: float64}
# - {name: e_imag, datatype: float64}
# - {name: iKmag, datatype: float64}
# - {name: e_iKmag, datatype: float64}
# - {name: iFlags, datatype: int64}
# - {name: zmag, datatype: float64}
# - {name: e_zmag, datatype: float64}
# - {name: zKmag, datatype: float64}
# - {name: e_zKmag, datatype: float64}
# - {name: zFlags, datatype: int64}
# - {name: ymag, datatype: float64}
# - {name: e_ymag, datatype: float64}
# - {name: yKmag, datatype: float64}
# - {name: e_yKmag, datatype: float64}
# - {name: yFlags, datatype: int64}
# - {name: angDist_1, datatype: float64}
# - {name: recno_2, datatype: int64}
# - {name: Object_2, datatype: string}
# - {name: RA_ICRS_2, datatype: float64}
# - {name: DE_ICRS_2, datatype: float64}
# - {name: d_2, datatype: float64}
# - {name: e_d_2, datatype: float64}
# - {name: E_d_2, datatype: float64}
# - {name: DeltaT_2, datatype: string}
# - {name: Av_2, datatype: float64}
# - {name: e_Av_2, datatype: float64}
# - {name: Teff_2, datatype: int64}
# - {name: e_Teff_2, datatype: int64}
# - {name: SpType_2, datatype: string}
# - {name: R_2, datatype: float64}
# - {name: e_R_2, datatype: float64}
# - {name: LogL_2, datatype: float64}
# - {name: e_LogL_2, datatype: float64}
# - {name: E_LogL_2, datatype: float64}
# - {name: l_t_2, datatype: string}
# - {name: t_2, datatype: float64}
[...]
[from data line 15]
18 "HD 290380" 80.87916666666665 -1.0733333333333333 343.3 2.48 2.52 "6250- 6500" 0.0 0.0 6250 125 F5-F8 2.16 0.09 0.81 0.01 0.01 "" 9.32 1.31 0.75 "" 1.59 0.06 0.06 "" "HD 290380" 80.87916666666665 -1.0733333333333333 106710808791222609 80.87921532 -1.07325188 0.001 0.001 90.0 1141006336 136 51495.75605324 5 58 13.463 "" "" "" 32868 11.968 "" "" "" 32868 11.222 "" "" "" 32868 10.746 "" "" "" 32868 10.47 "" "" "" 114788 0.341544 18 "HD 290380" 80.87916666666665 -1.0733333333333333 343.3 2.48 2.52 "6250- 6500" 0.0 0.0 6250 125 F5-F8 2.16 0.09 0.81 0.01 0.01 "" 9.32 1.31 0.75 "" 1.59 0.06 0.06 "" "HD 290380" 80.87916666666665 -1.0733333333333333 80.87920906451 -1.07325043726 0.0002995 0.0002048 87.51 3220462655745525632 80.87921574366 0.0136 -1.07325216276 0.0101 2.8857 0.0212 135.8963 1.552 1.503 0.019 -0.388 0.012 598 6.7276 2219.95 0.127 31.61 31 "" "" 21 1.201 False 1448870.0 648.3 10.284791 814299.0 993.193 10.561582 922481.0 9.835502 1.199 0.72608 "" "" 0 "" "" "" 1.2376633316106568e+18 27178256.0 445014374.0 0.002798 0.003088 0.0039 10.284791 0.002798 1448870.0 0.005 0.2994 0.205 0.0338 0.335181
19 "HD 35187" 81.005 24.960277777777776 160.54 1.32 1.34 9500-10750 0.5 0.21 9500 205 B9-A0 1.88 0.28 1.42 0.15 0.11 "" 6.83 0.0 2.98 "" 2.2 0.0 0.2 "" "HD 35187" 81.005 24.960277777777776 137950810049402950 81.004925 24.960279 0.048 0.048 90.0 1409359872 168 50793.32609954 1 11 8.536 "" "" "" 68 8.081 "" "" "" 68 7.822 "" "" "" 68 7.596 "" "" "" 114788 7.526 "" "" "" 68 0.244822 19 "HD 35187" 81.005 24.960277777777776 160.54 1.32 1.34 9500-10750 0.5 0.21 9500 205 B9-A0 1.88 0.28 1.42 0.15 0.11 "" 6.83 0.0 2.98 "" 2.2 0.0 0.2 "" "HD 35187" 81.005 24.960277777777776 81.0048726442 24.96044122963 0.0010147 0.0006303 100.81 3417366462223008768 81.0048952726 0.0449 24.96032524069 0.0289 6.1896 0.0515 120.2601 26.503 4.616 0.063 -26.098 0.04 268 7.1787 3310.67 0.32 113.0 95 1.6621 0.0088 16 1.328 False 7461760.0 46947.3 8.505263 8185400.0 189348.0 8.055944 6605420.0 7.698144 1.982 0.3578 "" "" 0 "" "" "" "" "" 575062864.0 0.007366 0.02527 0.036004 8.505263 0.007366 7461760.0 0.812 1.0037 0.6477 -0.1791 0.720429
20 "HD 287823" 81.03333333333332 2.463055555555555 343.04 3.23 3.29 "8250- 8500" 0.0 0.0 8250 125 A4-A6 1.69 0.05 1.08 0.01 0.01 "" 10.56 0.62 3.36 "" 1.83 0.03 0.04 "" "HD 287823" 81.03333333333332 2.463055555555555 110950810331876069 81.0334654 2.46295345 0.023 0.023 90.0 302063616 36 55566.76467593 0 17 10.0167 0.0783 11.7454 0.0987 24 10.1963 0.001 12.5975 0.001 24 10.0497 0.0729 12.045 0.0669 24 10.2217 0.1911 11.3705 0.0699 24 10.438 0.0225 10.2592 0.0329 16778264 0.600617 20 "HD 287823" 81.03333333333332 2.463055555555555 343.04 3.23 3.29 "8250- 8500" 0.0 0.0 8250 125 A4-A6 1.69 0.05 1.08 0.01 0.01 "" 10.56 0.62 3.36 "" 1.83 0.03 0.04 "" "HD 287823" 81.03333333333332 2.463055555555555 81.03353550356 2.46302335694 0.0005034 0.0003453 103.13 3234348869128542080 81.03354080177 0.0231 2.46302147067 0.0169 2.8882 0.0277 104.2219 1.264 1.191 0.031 -0.424 0.021 425 10.28 2576.93 0.18 56.53 31 "" "" 19 1.374 False 2493470.0 673.399 9.695356 1691730.0 607.268 9.767713 1215510.0 9.535997 1.166 0.231715 "" "" 0 "" "" 1.1095081033187606e+17 1.2376497423328218e+18 "" 463024431.0 0.002771 0.002817 0.003803 9.695356 0.002771 2493470.0 0.002 0.4965 0.3552 -0.1683 0.736322
21 "V346 Ori" 81.17833333333333 1.7299999999999998 336.18 2.16 2.19 "7500- 8000" 0.0 0.0 7500 125 A7-A9 1.6 0.06 0.86 0.01 0.01 "" 16.21 5.51 3.37 "" 1.65 0.04 0.04 "" "V346 Ori" 81.17833333333333 1.7299999999999998 110070811782886648 81.17836539 1.73008285 0.347 0.183 90.0 1409605632 168 55822.08194444 3 55 10.5602 0.0332 12.3248 0.0995 114808 12.579 "" "" "" 114788 11.819 "" "" "" 114788 11.211 "" "" "" 68 10.93 "" "" "" 68 0.319789 21 "V346 Ori" 81.17833333333333 1.7299999999999998 336.18 2.16 2.19 "7500- 8000" 0.0 0.0 7500 125 A7-A9 1.6 0.06 0.86 0.01 0.01 "" 16.21 5.51 3.37 "" 1.65 0.04 0.04 "" "V346 Ori" 81.17833333333333 1.7299999999999998 81.17834682069 1.73006923181 0.0003265 0.0002293 102.77 3222263312193940096 81.17835108055 0.0161 1.73006516073 0.0122 2.948 0.0193 153.0323 1.325 0.958 0.02 -0.916 0.014 428 1.3994 1410.82 0.126 25.92 31 "" "" 21 1.048 False 1752070.0 830.1 10.078487 1134660.0 1331.72 10.20138 923149.0 9.834716 1.174 0.366664 "" "" 0 "" "" "" "" "" 459022815.0 0.002803 0.003067 0.003862 10.078487 0.002803 1752070.0 0.003 0.3224 0.235 -0.1535 0.253916
22 "HD 290409" 81.77291666666666 0.4188888888888888 403.75 7.35 7.63 9250-10250 0.5 0.0 10000 125 B9 1.67 0.06 1.4 0.03 0.02 "" 8.0 0.0 0.5 "" 2.18 0.0 0.02 "" "HD 290409" 81.77291666666666 0.4188888888888888 108500817727563099 81.77280864 0.41879168 0.008 0.006 0.0 1141006336 136 55568.00934028 4 60 12.498 "" "" "" 65636 11.659 "" "" "" 65636 11.151 "" "" "" 65636 10.746 "" "" "" 16484 10.552 "" "" "" 114788 0.523162 22 "HD 290409" 81.77291666666666 0.4188888888888888 403.75 7.35 7.63 9250-10250 0.5 0.0 10000 125 B9 1.67 0.06 1.4 0.03 0.02 "" 8.0 0.0 0.5 "" 2.18 0.0 0.02 "" "HD 290409" 81.77291666666666 0.4188888888888888 81.77280564145 0.41878340988 0.0008091 0.0005044 119.42 3221803269657702400 81.77280704876 0.0367 0.41878998766 0.0301 2.4443 0.0459 53.2199 1.513 0.317 0.046 1.48 0.036 453 8.38 8608.46 0.372 241.2 95 1.7139 0.0076 20 1.292 False 1946220.0 1890.59 9.964387 1347520.0 3411.25 10.014705 917437.0 9.841455 1.164 0.173249 "" "" 0 "" "" "" 1.237646587173667e+18 76396584.0 453020149.0 0.00295 0.003917 0.004808 9.964387 0.00295 1946220.0 0.003 0.747 0.5925 -0.3869 0.551303
23 "CO Ori" 81.90958333333332 11.427499999999998 394.73 3.17 3.22 "6000- 6500" 2.0 0.43 6500 215 F3-F6 3.77 0.67 1.36 0.17 0.12 "" 3.92 1.19 2.07 "" 2.3 0.35 0.3 "" "CO Ori" 81.90958333333332 11.427499999999998 121710819091283629 81.90918852 11.42756915 0.134 0.11 90.0 847568896 101 56170.67928241 2 30 14.0842 0.0015 13.4112 0.0013 16793904 13.5624 0.1067 12.8098 0.0626 16891960 13.2753 0.1181 12.7135 0.0946 16440 12.6941 0.0208 11.9344 0.0151 16891960 11.8602 0.0012 11.6581 0.0017 16794680 1.415218 23 "CO Ori" 81.90958333333332 11.427499999999998 394.73 3.17 3.22 "6000- 6500" 2.0 0.43 6500 215 F3-F6 3.77 0.67 1.36 0.17 0.12 "" 3.92 1.19 2.07 "" 2.3 0.35 0.3 "" "CO Ori" 81.90958333333332 11.427499999999998 81.9097289902 11.42747783773 0.0004348 0.0002062 112.96 3339339963154835072 81.9097390718 0.0175 11.42746837845 0.0128 2.5049 0.0205 122.1028 3.078 2.223 0.025 -2.128 0.015 497 3.691 2090.22 0.133 34.32 95 1.4239 0.0032 18 1.119 False 692558.0 16043.8 11.086226 262205.0 23028.0 11.791939 597137.0 10.307711 1.241 1.484228 "" "" 0 "" "" 1.2171081910005352e+17 "" "" 508035945.0 0.025303 0.095395 0.090291 11.086226 0.025303 692558.0 -0.027 0.4083 0.2546 -0.5062 0.520125
24 "HD 35929" 81.92833333333333 -8.327499999999999 376.71 3.36 3.42 "6750- 7250" 0.5 0.05 7250 125 A9-F0 6.14 0.27 1.97 0.02 0.02 "" 1.2 0.16 0.3 "" 3.53 0.13 0.08 "" "HD 35929" 81.92833333333333 -8.327499999999999 98000819280947399 81.92822431 -8.32743413 0.147 0.147 90.0 268959744 32 55843.50143519 0 5 "" "" "" "" 0 "" "" "" "" 0 8.5165 0.0739 11.0822 0.1535 16 "" "" "" "" 0 8.3342 0.0168 10.1555 0.0401 24 0.455021 24 "HD 35929" 81.92833333333333 -8.327499999999999 376.71 3.36 3.42 "6750- 7250" 0.5 0.05 7250 125 A9-F0 6.14 0.27 1.97 0.02 0.02 "" 1.2 0.16 0.3 "" 3.53 0.13 0.08 "" "HD 35929" 81.92833333333333 -8.327499999999999 81.9282943705 -8.32734630615 0.0003914 0.0002904 113.42 3014834946056441984 81.92828901015 0.0177 -8.32736794712 0.0146 2.6291 0.0239 110.1912 5.013 -1.193 0.023 -4.869 0.019 392 -0.5475 888.58 0.138 14.33 31 "" "" 21 0.98 True 11799200.0 2793.13 8.007738 6993140.0 3705.68 8.226862 7046800.0 7.627916 1.19 0.598946 "" "" 0 "" "" "" "" 26010286.0 409010534.0 0.002767 0.002849 0.003793 8.007738 0.002767 11799200.0 0.005 0.3772 0.3085 -0.2158 0.570439
25 "HD 290500" 82.45041666666665 -0.3952777777777777 402.46 5.32 5.46 8500-10500 1.0 0.15 8750 156 A2-A3 1.54 0.12 1.1 0.07 0.06 < 19.92 "" "" "" 1.85 0.0 0.05 "" "HD 290500" 82.45041666666665 -0.3952777777777777 107520824502565905 82.4502209 -0.39541808 0.029 0.01 90.0 604299264 72 55764.08516204 10 76 12.746 "" "" "" 16484 12.1 "" "" "" 32868 11.72 "" "" "" 98404 11.413 "" "" "" 98404 11.267 "" "" "" 98404 0.867051 25 "HD 290500" 82.45041666666665 -0.3952777777777777 402.46 5.32 5.46 8500-10500 1.0 0.15 8750 156 A2-A3 1.54 0.12 1.1 0.07 0.06 < 19.92 "" "" "" 1.85 0.0 0.05 "" "HD 290500" 82.45041666666665 -0.3952777777777777 82.45021483414 -0.3954189081 0.0005254 0.0003757 124.61 3220927405566313216 82.45022406731 0.0245 -0.39541429105 0.0216 2.4517 0.0333 73.6763 2.323 2.077 0.03 1.039 0.026 357 17.3602 3393.04 0.228 90.66 31 "" "" 19 1.72 False 756438.0 1564.89 10.990434 474108.0 3125.46 11.14885 424900.0 10.677178 1.188 0.471671 "" "" 0 "" "" "" 1.2376742843199e+18 27345597.0 449018554.0 0.003555 0.007682 0.006419 10.990434 0.003555 756438.0 0.011 0.4822 0.4297 -0.3043 0.886596
26 "HD 244314" 82.57916666666665 11.338888888888889 398.05 3.11 3.16 "8250- 8750" 0.5 0.0 8750 125 A2-A3 1.91 0.06 1.29 0.02 0.02 "" 6.99 0.0 0.63 "" 2.12 0.07 0.04 "" "HD 244314" 82.57916666666665 11.338888888888889 121600825791997216 82.5791047 11.33876595 4.014 0.283 90.0 1409441792 168 56081.67986111 5 58 12.265 "" "" "" 114788 11.279 "" "" "" 114788 10.854 "" "" "" 114788 10.602 "" "" "" 114788 10.446 "" "" "" 114788 0.493678 26 "HD 244314" 82.57916666666665 11.338888888888889 398.05 3.11 3.16 "8250- 8750" 0.5 0.0 8750 125 A2-A3 1.91 0.06 1.29 0.02 0.02 "" 6.99 0.0 0.63 "" 2.12 0.07 0.04 "" "HD 244314" 82.57916666666665 11.338888888888889 82.57926974599 11.33888964457 0.000345 0.0002048 112.2 3340623299383790848 82.57927852944 0.0167 11.33888018338 0.0123 2.4834 0.0198 125.6723 2.879 1.938 0.02 -2.129 0.014 470 1.8668 1622.85 0.121 25.07 31 "" "" 21 1.061 False 1851820.0 794.711 10.018372 1218650.0 1234.86 10.123842 954269.0 9.798718 1.173 0.325124 "" "" 0 "" "" "" "" "" 507036273.0 0.002794 0.002999 0.004016 10.018372 0.002794 1851820.0 0.005 0.3287 0.2301 -0.3566 0.363853
27 "HD 36112" 82.61458333333333 25.3325 155.02 0.75 0.76 "7250- 7750" 0.0 0.0 7250 125 A9-F0 1.87 0.07 0.94 0.01 0.01 "" 10.92 0.97 0.23 "" 1.64 0.04 0.06 "" "HD 36112" 82.61458333333333 25.3325 138390826145989413 82.61471934 25.33241145 0.001 0.001 90.0 1409359872 168 50799.20719907 4 18 12.52 "" "" "" 114788 10.897 "" "" "" 68 9.857 "" "" "" 114788 9.029 "" "" "" 114788 8.649 "" "" "" 114788 0.545403 27 "HD 36112" 82.61458333333333 25.3325 155.02 0.75 0.76 "7250- 7750" 0.0 0.0 7250 125 A9-F0 1.87 0.07 0.94 0.01 0.01 "" 10.92 0.97 0.23 "" 1.64 0.04 0.06 "" "HD 36112" 82.61458333333333 25.3325 82.61470234585 25.33252119132 0.0005331 0.0003674 95.82 3417062653416093184 82.6147204637 0.0261 25.33240397883 0.0193 6.4157 0.0314 204.4481 26.629 3.685 0.033 -26.373 0.022 256 -0.1857 663.27 0.145 11.66 31 "" "" 17 0.99 True 9700180.0 7433.95 8.220417 6202170.0 16357.5 8.357183 5322750.0 7.932556 1.188 0.424628 "" "" 0 "" "" "" "" "" 577065351.0 0.002878 0.003998 0.004466 8.220417 0.002878 9700180.0 0.014 0.5316 0.3694 -0.0767 0.394689
28 "HD 244604" 82.98874999999998 11.29472222222222 398.41 3.17 3.22 "8750- 9250" 0.5 0.0 8750 130 A2-A3 2.52 0.09 1.53 0.02 0.02 "" 5.08 0.08 0.16 "" 2.16 0.01 0.04 "" "HD 244604" 82.98874999999998 11.29472222222222 121550829886174259 82.98854972 11.29481937 0.001 0.001 90.0 1140924416 136 51467.32719907 5 51 9.394 "" "" "" 65636 9.027 "" "" "" 65636 8.897 "" "" "" 65636 8.854 "" "" "" 65636 8.843 "" "" "" 114788 0.788811 28 "HD 244604" 82.98874999999998 11.29472222222222 398.41 3.17 3.22 "8750- 9250" 0.5 0.0 8750 130 A2-A3 2.52 0.09 1.53 0.02 0.02 "" 5.08 0.08 0.16 "" 2.16 0.01 0.04 "" "HD 244604" 82.98874999999998 11.29472222222222 82.9885463218 11.29482467789 0.00033 0.0002281 109.21 3340578150687480192 82.9885499405 0.0163 11.29481882705 0.0128 2.4798 0.0201 123.2435 1.54 0.798 0.02 -1.316 0.014 439 0.0858 1302.36 0.118 20.03 31 "" "" 21 1.002 False 3321380.0 1510.53 9.384071 2215940.0 2573.02 9.474646 1672740.0 9.189323 1.171 0.285322 "" "" 0 "" "" "" "" "" 507036953.0 0.002799 0.003062 0.003985 9.384071 0.002799 3321380.0 0.004 0.3205 0.2412 -0.2286 0.808123
29 "RY Ori" 83.04124999999999 -2.829722222222222 346.88 2.39 2.42 "6000- 6500" 1.0 0.26 6250 194 F4-F9 2.15 0.27 0.8 0.11 0.09 "" 9.42 2.44 2.19 "" 1.58 0.17 0.17 "" "RY Ori" 83.04124999999999 -2.829722222222222 104600830413884747 83.04144189 -2.82964447 0.094 0.079 0.0 604299264 72 55828.95023148 5 75 12.156 "" "" "" 114788 11.196 "" "" "" 32868 10.81 "" "" "" 32868 10.618 "" "" "" 114788 10.47 "" "" "" 114788 0.744577 29 "RY Ori" 83.04124999999999 -2.829722222222222 346.88 2.39 2.42 "6000- 6500" 1.0 0.26 6250 194 F4-F9 2.15 0.27 0.8 0.11 0.09 "" 9.42 2.44 2.19 "" 1.58 0.17 0.17 "" "RY Ori" 83.04124999999999 -2.829722222222222 83.04142468057 -2.82965849994 0.0003022 0.0002426 92.75 3216805130316380672 83.04143135664 0.0142 -2.82966097472 0.0121 2.8527 0.02 142.7177 1.6 1.5 0.019 -0.557 0.015 486 8.2097 2790.21 0.153 49.7 31 "" "" 22 1.275 False 536531.0 7406.36 11.36338 277206.0 12139.9 11.731536 455291.0 10.602172 1.365 1.129364 34.02 7.66 5 6000.0 3.5 "" 1.2376715570098998e+18 27631615.0 436015149.0 0.015239 0.04763 0.036848 11.36338 0.015239 536531.0 0.136 0.3021 0.2428 -0.0212 0.668665
31 "HD 288012" 83.26999999999998 2.469444444444444 341.35 2.38 2.41 7250-12250 0.0 0.0 8750 125 A2-A3 1.64 0.05 1.15 0.01 0.01 "" 12.59 2.53 6.59 "" 1.87 0.0 0.03 "" "HD 288012" 83.26999999999998 2.469444444444444 110960832699953615 83.26997373 2.46933856 0.033 0.033 90.0 604135424 72 54538.07751157 1 34 9.621 "" "" "" 100 9.788 "" "" "" 100 9.954 "" "" "" 100 10.076 "" "" "" 100 10.128 "" "" "" 114788 0.392719 31 "HD 288012" 83.26999999999998 2.469444444444444 341.35 2.38 2.41 7250-12250 0.0 0.0 8750 125 A2-A3 1.64 0.05 1.15 0.01 0.01 "" 12.59 2.53 6.59 "" 1.87 0.0 0.03 "" "HD 288012" 83.26999999999998 2.469444444444444 83.26995178904 2.46937972632 0.0003578 0.0002506 124.77 3223690443927231360 83.2699605205 0.0181 2.46938113373 0.0156 2.903 0.0205 141.3011 1.988 1.963 0.02 0.317 0.017 376 -1.2388 1452.83 0.139 30.0 31 "" "" 18 0.954 False 2585390.0 612.476 9.656052 1843250.0 604.33 9.674583 1144720.0 9.601145 1.156 0.073438 "" "" 0 "" "" "" 1.2376677258999235e+18 "" 463026990.0 0.002767 0.002813 0.003787 9.656052 0.002767 2585390.0 -0.001 0.3268 0.2899 -0.3225 0.290429
32 "HBC 442" 83.55916666666666 -5.614999999999999 383.32 2.52 2.56 "6000- 6250" 0.0 0.05 6000 125 F8-G1 2.91 0.15 1.0 0.03 0.03 "" 4.81 1.06 1.17 "" 2.0 0.14 0.16 "" "HBC 442" 83.55916666666666 -5.614999999999999 101260835589152461 83.55895262 -5.61492212 0.001 0.001 90.0 1343750144 160 56228.79826389 2 22 10.5673 0.0954 12.3334 0.0058 114744 10.4645 0.0672 12.6509 0.0699 114744 9.4101 0.0659 12.784 0.0289 24 9.5234 0.0536 11.8736 0.094 24 9.8399 0.1 10.889 0.0086 24 0.816515 32 "HBC 442" 83.55916666666666 -5.614999999999999 383.32 2.52 2.56 "6000- 6250" 0.0 0.05 6000 125 F8-G1 2.91 0.15 1.0 0.03 0.03 "" 4.81 1.06 1.17 "" 2.0 0.14 0.16 "" "HBC 442" 83.55916666666666 -5.614999999999999 83.55900799853 -5.61505217284 0.0002702 0.0002136 72.75 3017260709226477952 83.55901094871 0.012 -5.61505342662 0.0113 2.5829 0.0173 149.4578 0.718 0.661 0.016 -0.282 0.013 423 -0.1271 958.72 0.097 13.94 31 "" "" 22 0.995 False 1758150.0 6104.68 10.074726 965828.0 10894.9 10.376293 1155150.0 9.591302 1.206 0.784991 25.9 2.54 5 4500.0 4.5 "" 1.2376537511498875e+18 27368094.0 422014422.0 0.004669 0.012561 0.010283 10.074726 0.004669 1758150.0 0.008 0.2657 0.2191 0.1333 0.598689
