AeBe-PS-Gaia.ecsv
# %ECSV 1.0
# ---
# datatype:
# - {name: recno_1, datatype: int64}
# - {name: Object_1, datatype: string}
# - {name: RA_ICRS_1, datatype: float64}
# - {name: DE_ICRS_1, datatype: float64}
# - {name: d_1, datatype: float64}
# - {name: e_d_1, datatype: float64}
# - {name: E_d_1, datatype: float64}
# - {name: DeltaT_1, datatype: string}
# - {name: Av_1, datatype: float64}
# - {name: e_Av_1, datatype: float64}
# - {name: Teff_1, datatype: int64}
# - {name: e_Teff_1, datatype: int64}
# - {name: SpType_1, datatype: string}
# - {name: R_1, datatype: float64}
# - {name: e_R_1, datatype: float64}
# - {name: LogL_1, datatype: float64}
# - {name: e_LogL_1, datatype: float64}
# - {name: E_LogL_1, datatype: float64}
# - {name: l_t_1, datatype: string}
# - {name: t_1, datatype: float64}
# - {name: e_t_1, datatype: float64}
# - {name: E_t_1, datatype: float64}
# - {name: l_M_1, datatype: string}
# - {name: M_1, datatype: float64}
# - {name: e_M_1, datatype: float64}
# - {name: E_M_1, datatype: float64}
# - {name: Notes_1, datatype: float64}
# - {name: SimbadName_1, datatype: string}
# - {name: _RA_icrs_1, datatype: float64}
# - {name: _DE_icrs_1, datatype: float64}
# - {name: objID, datatype: int64}
# - {name: RAJ2000_1, datatype: float64}
# - {name: DEJ2000_1, datatype: float64}
# - {name: errHalfMaj_1, datatype: float64}
# - {name: errHalfMin_1, datatype: float64}
# - {name: errPosAng_1, datatype: float64}
# - {name: f_objID, datatype: int64}
# - {name: Qual, datatype: int64}
# - {name: Epoch, datatype: float64}
# - {name: Ns, datatype: int64}
# - {name: Nd, datatype: int64}
# - {name: gmag, datatype: float64}
# - {name: e_gmag, datatype: float64}
# - {name: gKmag, datatype: float64}
# - {name: e_gKmag, datatype: float64}
# - {name: gFlags, datatype: int64}
# - {name: rmag, datatype: float64}
# - {name: e_rmag, datatype: float64}
# - {name: rKmag, datatype: float64}
# - {name: e_rKmag, datatype: float64}
# - {name: rFlags, datatype: int64}
# - {name: imag, datatype: float64}
# - {name: e_imag, datatype: float64}
# - {name: iKmag, datatype: float64}
# - {name: e_iKmag, datatype: float64}
# - {name: iFlags, datatype: int64}
# - {name: zmag, datatype: float64}
# - {name: e_zmag, datatype: float64}
# - {name: zKmag, datatype: float64}
# - {name: e_zKmag, datatype: float64}
# - {name: zFlags, datatype: int64}
# - {name: ymag, datatype: float64}
# - {name: e_ymag, datatype: float64}
# - {name: yKmag, datatype: float64}
# - {name: e_yKmag, datatype: float64}
# - {name: yFlags, datatype: int64}
# - {name: angDist_1, datatype: float64}
# - {name: recno_2, datatype: int64}
# - {name: Object_2, datatype: string}
# - {name: RA_ICRS_2, datatype: float64}
# - {name: DE_ICRS_2, datatype: float64}
# - {name: d_2, datatype: float64}
# - {name: e_d_2, datatype: float64}
# - {name: E_d_2, datatype: float64}
# - {name: DeltaT_2, datatype: string}
# - {name: Av_2, datatype: float64}
# - {name: e_Av_2, datatype: float64}
# - {name: Teff_2, datatype: int64}
# - {name: e_Teff_2, datatype: int64}
# - {name: SpType_2, datatype: string}
# - {name: R_2, datatype: float64}
# - {name: e_R_2, datatype: float64}
# - {name: LogL_2, datatype: float64}
# - {name: e_LogL_2, datatype: float64}
# - {name: E_LogL_2, datatype: float64}
# - {name: l_t_2, datatype: string}
# - {name: t_2, datatype: float64}
[...]
[from data line 126]
193 "LkHa 324" 315.9758333333333 50.25277777777777 620.61 3.51 3.55 12000-13000 3.5 0.05 12000 125 B7-B8 2.62 0.1 2.11 0.03 0.03 "" 1.99 0.09 0.51 "" 3.19 0.0 0.24 "" "LkHa 324" 315.9758333333333 50.25277777777777 168303159759854329 315.97598836 50.25279373 0.488 0.257 0.0 1157947392 138 55934.67974537 4 69 13.449 "" "" "" 114724 12.567 "" "" "" 114724 12.027 "" "" "" 36 11.593 "" "" "" 36 11.39 "" "" "" 114724 0.361439 193 "LkHa 324" 315.9758333333333 50.25277777777777 620.61 3.51 3.55 12000-13000 3.5 0.05 12000 125 B7-B8 2.62 0.1 2.11 0.03 0.03 "" 1.99 0.09 0.51 "" 3.19 0.0 0.24 "" "LkHa 324" 315.9758333333333 50.25277777777777 "Gaia DR3 2168758339005340160" 315.97595718585 50.25275943018 0.0 0.0 36.0 1636148068921376768 2168758339005340160 1788124650 0.0081 0.0084 1.607 0.0092 175.5403 3.837 1.049 0.011 -3.691 0.011 0.1101 -0.0713 -0.0409 -0.2137 0.0178 -0.2027 -0.2363 -0.1515 0.0583 0.0515 373 373 371 2 -0.6478 490.89 0.04 2.2687 31 True 1.401 "" "" "" "" "" "" "" 42 27 0.0156 56 0.01069 165.2 0 0 0.975 0 453 246066.02501 49.2476 4996.51 12.209738 0.002764 56 89632.5 78.2701 1145.17 12.957378 0.002947 55 230762.0 88.1701 2617.24 11.339985 0.003802 1.302 0.0 0.0 0.0 0.0 0.0 1.617393 0.747641 0.869753 -29.57 19.24 1.0 33.0 4.0 21.0 55.399 0.16523 0.533191 953.859 260.49 11000.0 5.0 0.25 555.0 "" "" "" 10.928193 0.009998 29.0 "" NOT_AVAILABLE 0.0 0.0 0.999998 9664.5 9472.1 9686.4 3.7447 3.7124 3.7468 -0.43 -0.4304 -0.4299 654.0696 653.027 670.6452 3.5638 3.5386 3.5683 3.0005 2.9754 3.0045 1.6482 1.6343 1.6505 A 315.97594989369 50.25277583385 0.170009 0.175191 0.0708 0.292641
194 "HD 235495" 320.3645833333333 50.99666666666666 511.4 3.85 3.91 9500-10750 1.0 0.0 9750 134 B9 3.21 0.11 1.93 0.02 0.02 "" 2.99 0.07 0.01 "" 2.78 0.07 0.02 "" "HD 235495" 320.3645833333333 50.99666666666666 169193203644036716 320.36420419 50.99669899 0.428 0.251 0.0 1141006336 136 55784.66731481 4 40 9.9775 0.0896 12.7151 0.1952 32888 12.911 "" "" "" 16484 11.668 "" "" "" 65636 10.795 "" "" "" 65636 10.343 "" "" "" 114788 0.866876 194 "HD 235495" 320.3645833333333 50.99666666666666 511.4 3.85 3.91 9500-10750 1.0 0.0 9750 134 B9 3.21 0.11 1.93 0.02 0.02 "" 2.99 0.07 0.01 "" 2.78 0.07 0.02 "" "HD 235495" 320.3645833333333 50.99666666666666 "Gaia DR3 2171983588879452160" 320.36458617641 50.99655625643 0.0 0.0 180.0 1636148068921376768 2171983588879452160 1055146441 0.0127 0.0145 1.9396 0.0148 130.8295 2.825 2.045 0.018 -1.949 0.019 -0.0024 0.055 -0.1716 -0.1359 0.1036 -0.1252 -0.346 0.0266 -0.0845 -0.095 329 329 326 3 1.4176 931.03 0.119 17.612 31 False 1.648 "" "" "" "" "" "" "" 37 25 0.027122 52 0.004377 168.0 0 0 1.055 0 427 2742310.06798 1833.82 1495.41 9.592075 0.002849 50 1739160.0 3161.77 550.061 9.737691 0.003418 47 1502710.0 2155.93 697.016 9.305705 0.004088 1.182 0.0 17.0 0.0 18.0 0.0 0.431986 0.145616 0.28637 -1.85 10.38 1.0 9.0 6.0 8.0 70.22 "" 0.0 947.25 85.4 14500.0 5.0 0.25 555.0 "" "" "" 9.170319 0.013128 3.0 "" NOT_AVAILABLE 0.0 0.0 0.99996 "" "" "" "" "" "" "" "" "" "" "" "" "" "" "" "" "" "" "" "" "" "" 320.3645717382 50.99656492064 0.284654 0.307785 -0.0808 0.397529
195 "AS 470" 324.0591666666666 57.3586111111111 9102.29 807.02 817.3 "7500- 9750" 2.5 0.23 8000 228 A4-A7 42.78 7.73 3.83 0.18 0.13 "" 0.02 0.01 0.01 "" 13.29 1.44 0.75 "" "AS 470" 324.0591666666666 57.3586111111111 176833240595810964 324.05947749 57.35851356 0.223 0.222 0.0 872734720 104 56162.32822917 3 56 12.387 "" "" "" 114724 11.741 "" "" "" 4 11.52 "" "" "" 16420 11.423 "" "" "" 114724 11.347 "" "" "" 114724 0.698283 195 "AS 470" 324.0591666666666 57.3586111111111 9102.29 807.02 817.3 "7500- 9750" 2.5 0.23 8000 228 A4-A7 42.78 7.73 3.83 0.18 0.13 "" 0.02 0.01 0.01 "" 13.29 1.44 0.75 "" "AS 470" 324.0591666666666 57.3586111111111 "Gaia DR3 2178416625254778624" 324.05927011203 57.3585688898 0.0 0.0 138.0 1636148068921376768 2178416625254778624 1174246876 0.0093 0.0095 0.0989 0.01 9.8734 2.59 -2.155 0.013 -1.436 0.012 -0.1662 -0.0253 -0.2588 0.1672 0.1145 0.1817 -0.2536 0.015 0.0381 -0.0943 308 308 307 1 -1.1867 431.49 0.047 2.9104 31 False 1.455 "" "" "" "" "" "" "" 36 24 0.018556 56 0.01414 154.3 0 0 0.951 0 451 257417.67198 320.78 802.473 12.160771 0.00307 52 107973.0 408.613 264.243 12.755254 0.004967 52 217831.0 785.547 277.298 11.402597 0.005442 1.266 0.0 1.0 0.0 1.0 0.0 1.352656 0.594482 0.758174 "" "" "" "" "" "" "" "" "" "" "" "" "" "" "" "" "" "" "" "" "" "" VARIABLE 0.0 0.0 0.999985 35458.3 35445.3 35469.4 3.8991 3.8981 3.9008 0.0004 -0.0001 0.0015 5174.466 5157.7925 5186.778 3.7146 3.7135 3.7156 3.3269 3.3261 3.3277 1.8413 1.8408 1.8417 OB 324.05928787025 57.35857527012 0.208165 0.189365 -0.1086 0.251894
196 "GSC 3975-0579" 324.5354166666666 57.44666666666666 901.32 10.8 11.07 "8500- 9500" 1.0 0.0 9250 125 A0-A1 2.53 0.08 1.62 0.02 0.01 "" 4.74 0.27 0.14 "" 2.29 0.04 0.01 "" "GSC 3975-0579" 324.5354166666666 57.44666666666666 176933245352356616 324.53521501 57.44653934 0.04 0.033 90.0 604299264 72 56420.69179398 4 70 12.4242 0.0638 12.8045 0.024 16504 11.48 0.0378 12.6112 0.0855 32888 12.833 "" "" "" 16484 12.196 "" "" "" 114788 11.85 "" "" "" 114788 0.602246 196 "GSC 3975-0579" 324.5354166666666 57.44666666666666 901.32 10.8 11.07 "8500- 9500" 1.0 0.0 9250 125 A0-A1 2.53 0.08 1.62 0.02 0.01 "" 4.74 0.27 0.14 "" 2.29 0.04 0.01 "" "GSC 3975-0579" 324.5354166666666 57.44666666666666 "Gaia DR3 2178394394502336768" 324.53522007735 57.44654210338 0.0 0.0 128.0 1636148068921376768 2178394394502336768 129923609 0.0127 0.012 1.0583 0.0135 78.632 5.467 -2.622 0.017 -4.797 0.015 -0.2338 -0.0955 -0.1485 0.1332 0.2399 0.1304 -0.223 0.0318 -0.1256 -0.2242 334 334 332 2 -1.715 1076.5 0.11 17.728 31 False 1.628 "" "" "" "" "" "" "" 38 24 0.025081 57 0.01444 163.7 0 0 0.933 0 459 476810.43098 120.257 3964.93 11.491503 0.002769 54 292969.0 189.824 1543.37 11.67149 0.002877 52 270699.0 120.537 2245.78 11.166678 0.00381 1.182 0.0 1.0 0.0 0.0 0.0 0.504811 0.179987 0.324824 -13.05 7.18 1.0 24.0 11.0 16.0 42.281 -0.52626 0.573878 998.401 114.0 9500.0 4.5 0.25 555.0 "" "" "" 11.028445 0.010727 13.0 "" NOT_AVAILABLE 0.0 0.0 0.999983 "" "" "" "" "" "" "" "" "" "" "" "" "" "" "" "" "" "" "" "" "" "" 324.53524173475 57.44656342281 0.274043 0.240964 -0.2327 0.588309
197 "V361 Cep" 325.70916666666665 66.10972222222222 882.1 10.4 10.66 16000-18000 2.0 0.0 16000 500 B4 4.57 0.29 3.09 0.01 0.01 "" 0.5 0.03 0.01 "" 5.54 0.11 0.06 "" "V361 Cep" 325.70916666666665 66.10972222222222 187333257092652286 325.7090738 66.10970415 0.047 0.047 90.0 889348096 106 52155.09038194 1 41 11.156 "" "" "" 16420 10.626 "" "" "" 16420 10.319 "" "" "" 16420 10.064 "" "" "" 114724 9.951 "" "" "" 16420 0.150215 197 "V361 Cep" 325.70916666666665 66.10972222222222 882.1 10.4 10.66 16000-18000 2.0 0.0 16000 500 B4 4.57 0.29 3.09 0.01 0.01 "" 0.5 0.03 0.01 "" 5.54 0.11 0.06 "" "V361 Cep" 325.70916666666665 66.10972222222222 "Gaia DR3 2218012096241598976" 325.70906230287 66.10975658256 0.0 0.0 31.0 1636148068921376768 2218012096241598976 1714493326 0.0126 0.0129 1.119 0.0135 82.6941 4.354 -1.868 0.015 -3.932 0.016 0.0375 -0.0276 -0.1817 -0.1237 0.125 -0.1291 -0.1703 -0.0468 -0.002 0.0264 346 346 344 2 2.3028 908.07 0.119 16.349 31 False 1.585 "" "" "" "" "" "" "" 39 27 0.022113 43 0.01688 178.7 0 0 1.089 0 366 2009064.72941 586.498 3425.53 9.929882 0.002773 41 1136140.0 783.01 1450.99 10.199965 0.002889 41 1313430.0 625.798 2098.81 9.45188 0.003815 1.219 0.0 0.0 0.0 0.0 0.0 0.748085 0.270082 0.478003 "" "" "" "" "" "" "" "" "" "" "" "" "" "" "" "" "" "" "" "" "" "" NOT_AVAILABLE 0.0 0.0 0.999982 5793.6 5748.0 5838.3 2.8967 2.8807 2.9154 -1.9836 -2.1177 -1.9493 824.2112 811.2098 836.0196 0.0704 0.0383 0.097 0.0598 0.0324 0.0827 0.0328 0.0178 0.0454 MARCS 325.70908280241 66.10977406024 0.248733 0.250575 0.0388 0.196094
198 "V373 Cep" 325.7783333333333 66.115 872.52 14.91 15.44 10250-12750 3.5 0.0 12750 125 B7 3.32 0.1 2.42 0.02 0.02 "" 1.43 0.1 0.14 "" 3.6 0.0 0.04 "" "V373 Cep" 325.7783333333333 66.115 187333257784198544 325.77840606 66.11504133 0.001 0.001 90.0 302145536 36 56281.36327546 0 18 13.0817 0.001 12.961 0.001 16777752 12.3837 0.0002 12.5645 0.1209 24 11.757 0.0518 12.2945 0.0936 24 12.5926 0.0534 13.1806 0.002 24 11.0219 0.001 10.8532 0.001 16778264 0.182691 198 "V373 Cep" 325.7783333333333 66.115 872.52 14.91 15.44 10250-12750 3.5 0.0 12750 125 B7 3.32 0.1 2.42 0.02 0.02 "" 1.43 0.1 0.14 "" 3.6 0.0 0.04 "" "V373 Cep" 325.7783333333333 66.115 "Gaia DR3 2218012031823081856" 325.77840577709 66.11504088405 0.0 0.0 180.0 1636148068921376768 2218012031823081856 220468886 0.018 0.0188 1.1403 0.0199 57.2353 3.831 -1.68 0.024 -3.443 0.023 -0.0004 0.039 -0.0824 -0.0713 0.2289 -0.0772 -0.1045 -0.0065 0.0318 0.0238 407 407 406 1 27.683 2612.0 0.232 73.586 31 True 1.419 "" "" "" "" "" "" "" 46 29 0.03325 50 0.0335 150.2 0 0 2.122 0 421 214016.75489 2301.56 92.9879 12.361247 0.011997 44 87626.8 3432.16 25.5311 12.98195 0.042617 46 218633.0 6795.12 32.1751 11.398605 0.033956 1.431 0.0 0.0 0.0 1.0 0.0 1.583344 0.620703 0.962642 "" "" "" "" "" "" "" "" "" "" "" "" "" "" "" "" "" "" "" "" "" "" NOT_AVAILABLE 0.0 0.0 0.999971 6735.4 6713.5 6754.8 3.1607 3.1541 3.1666 -2.993 -2.9985 -2.9827 1004.2102 999.0145 1009.9789 2.3079 2.296 2.3185 1.8803 1.8698 1.8896 1.041 1.0354 1.0461 MARCS 325.77842421395 66.11505618689 0.383743 0.371134 0.0307 0.181145
199 "AS 477" 328.1420833333333 47.22888888888888 758.32 6.99 7.13 10000-11000 1.5 0.22 10250 344 B8-B9 4.75 0.84 2.35 0.17 0.12 "" 1.19 0.28 0.79 "" 3.78 0.56 0.42 "" "AS 477" 328.1420833333333 47.22888888888888 164673281419315338 328.14206059 47.22876574 0.001 0.001 90.0 1140924416 136 51822.29689815 2 3 10.281 "" "" "" 16484 9.88 "" "" "" 16484 9.63 "" "" "" 16484 9.458 "" "" "" 98404 9.482 "" "" "" 16484 0.446809 199 "AS 477" 328.1420833333333 47.22888888888888 758.32 6.99 7.13 10000-11000 1.5 0.22 10250 344 B8-B9 4.75 0.84 2.35 0.17 0.12 "" 1.19 0.28 0.79 "" 3.78 0.56 0.42 "" "AS 477" 328.1420833333333 47.22888888888888 "Gaia DR3 1974732783388041216" 328.14205944194 47.22876486609 0.0 0.0 135.0 1636148068921376768 1974732783388041216 1617216169 0.0099 0.0099 1.3001 0.0123 105.8951 4.56 -3.192 0.013 -3.256 0.012 -0.1072 -0.0697 -0.2496 -0.0959 0.1552 -0.1074 -0.2001 -0.0592 0.0034 -0.1082 458 458 453 5 -0.6441 1011.8 0.094 12.834 31 True 1.592 "" "" "" "" "" "" "" 52 27 0.018436 67 0.01941 87.93 11 0 0.978 0 542 1865749.57628 1270.64 1468.35 10.010234 0.002853 61 1087110.0 1961.07 554.344 10.247863 0.003409 62 1172860.0 2955.83 396.795 9.574782 0.004666 1.211 0.0 52.0 0.0 56.0 0.0 0.67308 0.237629 0.435452 "" "" "" "" "" "" "" "" "" "" "" "" "" "" "" "" "" "" "" "" "" "" VARIABLE 0.0 0.0 0.999963 "" "" "" "" "" "" "" "" "" "" "" "" "" "" "" "" "" "" "" "" "" "" 328.14208033387 47.22877933815 0.207146 0.200682 -0.0961 0.450286
200 "LkHa 257" 328.57833333333326 47.20277777777777 784.36 8.2 8.38 "9000- 9500" 2.0 0.0 9000 125 A1-A2 1.69 0.05 1.23 0.01 0.01 "" 10.0 0.41 1.21 "" 1.95 0.0 0.03 "" "LkHa 257" 328.57833333333326 47.20277777777777 164643285782273878 328.57822613 47.202672 0.093 0.053 0.0 1174724608 140 55916.11226852 12 70 13.5746 0.001 13.5918 0.001 16875832 13.5565 0.2434 13.3416 0.1679 16876088 14.0703 0.1229 13.1546 0.0214 16892472 12.7671 0.0839 12.8132 0.0952 98616 12.4808 0.0023 12.4731 0.0032 115000 0.462342 200 "LkHa 257" 328.57833333333326 47.20277777777777 784.36 8.2 8.38 "9000- 9500" 2.0 0.0 9000 125 A1-A2 1.69 0.05 1.23 0.01 0.01 "" 10.0 0.41 1.21 "" 1.95 0.0 0.03 "" "LkHa 257" 328.57833333333326 47.20277777777777 "Gaia DR3 1976042404824692736" 328.57823324187 47.20267472965 0.0 0.0 167.0 1636148068921376768 1976042404824692736 839148586 0.0107 0.0111 1.2482 0.0135 92.629 3.6 -2.682 0.014 -2.401 0.013 -0.0165 0.1257 -0.3297 -0.1271 0.165 -0.1678 -0.0992 -0.1864 -0.0734 -0.068 393 9 393 0 5.8292 702.08 0.083 7.1273 31 False 1.505 "" "" "" "" "" "" "" 45 25 0.02031 60 0.01411 33.23 0 0 1.215 0 483 113882.16981 45.8536 2483.6 13.046227 0.00279 55 55528.9 73.4413 756.099 13.477245 0.003138 54 84838.7 109.873 772.154 12.426411 0.004032 1.233 0.0 0.0 0.0 0.0 0.0 1.050835 0.431018 0.619817 "" "" "" "" "" "" "" "" "" "" "" "" "" "" "" "" "" "" "" "" "" "" VARIABLE 0.0 0.0 0.999998 "" "" "" "" "" "" "" "" "" "" "" "" "" "" "" "" "" "" "" "" "" "" 328.57825078482 47.20268540203 0.230649 0.214945 -0.0522 0.444469
201 "BH Cep" 330.42875 69.74333333333333 323.94 1.18 1.19 "6250- 6750" 1.0 0.25 6750 251 F1-F4 1.83 0.21 0.8 0.08 0.07 "" 13.49 3.04 5.72 "" 1.49 0.07 0.06 "" "BH Cep" 330.42875 69.74333333333333 191693304284642915 330.42870035 69.7434461 0.021 0.021 90.0 1141006336 136 54894.88690972 5 25 11.7721 0.0265 12.6555 0.0915 65656 12.494 "" "" "" 65636 11.748 "" "" "" 32868 11.272 "" "" "" 114788 10.996 "" "" "" 32868 0.41065 201 "BH Cep" 330.42875 69.74333333333333 323.94 1.18 1.19 "6250- 6750" 1.0 0.25 6750 251 F1-F4 1.83 0.21 0.8 0.08 0.07 "" 13.49 3.04 5.72 "" 1.49 0.07 0.06 "" "BH Cep" 330.42875 69.74333333333333 "Gaia DR3 2223441007923049600" 330.42876002909 69.7434438209 0.0 0.0 130.0 1636148068921376768 2223441007923049600 10162156 0.0107 0.0105 3.0526 0.0113 269.7774 9.91 9.741 0.014 -1.823 0.013 -0.0985 0.0341 0.1252 -0.153 0.1968 -0.1721 0.1253 -0.0954 0.0247 -0.1207 396 396 394 2 -3.5248 1056.6 0.104 17.841 31 True 1.532 "" "" "" "" "" "" "" 45 29 0.01997 52 0.04748 169.6 0 0 0.876 0 435 672602.87426 4683.83 143.601 11.11797 0.008047 48 350089.0 8983.03 38.9722 11.478097 0.027999 45 487102.0 8141.71 59.8279 10.528847 0.018537 1.245 0.0 9.0 0.0 0.0 0.0 0.94925 0.360126 0.589124 "" "" "" "" "" "" "" "" "" "" "" "" "" "" "" "" "" "" "" "" "" "" VARIABLE 0.0 0.0 0.99998 6196.4 6131.2 6278.9 4.086 4.0796 4.0946 0.1901 0.1457 0.2379 324.2379 323.0317 325.4419 0.485 0.4489 0.5328 0.4097 0.3785 0.4508 0.2198 0.203 0.2419 MARCS 330.42863498368 69.74345192186 0.219353 0.205239 -0.1058 0.397952
202 "BO Cep" 334.2254166666666 70.06249999999999 367.93 1.94 1.96 "6500- 6750" 0.5 0.0 6500 125 F3-F5 1.62 0.06 0.63 0.01 0.01 "" 16.74 3.02 2.3 "" 1.35 0.0 0.04 "" "BO Cep" 334.2254166666666 70.06249999999999 192073342256075713 334.22526516 70.06249599 0.049 0.049 90.0 1141006336 136 52255.2603588 3 27 12.494 "" "" "" 65636 11.774 "" "" "" 16484 11.529 "" "" "" 16484 11.42 "" "" "" 114788 11.329 "" "" "" 114788 0.186546 202 "BO Cep" 334.2254166666666 70.06249999999999 367.93 1.94 1.96 "6500- 6750" 0.5 0.0 6500 125 F3-F5 1.62 0.06 0.63 0.01 0.01 "" 16.74 3.02 2.3 "" 1.35 0.0 0.04 "" "BO Cep" 334.2254166666666 70.06249999999999 "Gaia DR3 2229359472855896832" 334.22531164667 70.06251030554 0.0 0.0 11.0 1636148068921376768 2229359472855896832 597620479 0.0125 0.0136 2.6751 0.0144 185.3189 6.08 5.267 0.017 3.036 0.019 0.0341 0.051 -0.0077 -0.0481 0.0526 -0.0618 -0.0155 -0.1843 0.1172 -0.0266 352 352 351 1 -0.8019 1254.0 0.142 30.297 31 True 1.557 "" "" "" "" "" "" "" 40 27 0.025702 46 0.02767 65.62 0 0 0.969 0 337 517318.395 521.365 992.238 11.402972 0.002965 38 279647.0 912.267 306.541 11.722017 0.004509 38 350159.0 799.107 438.188 10.887232 0.004519 1.217 0.0 0.0 0.0 0.0 0.0 0.834785 0.319045 0.51574 -28.55 8.69 1.0 14.0 4.0 12.0 46.101 28.676 0.0 838.843 87.14 6000.0 3.5 0.0 440.0 "" "" "" 10.647623 0.01452 10.0 "" VARIABLE 0.0 0.0 0.999976 6381.5 6344.8 6443.9 3.8378 3.8098 3.8856 -2.5128 -3.0567 -2.0624 379.2823 359.4607 393.0546 0.5316 0.5112 0.5615 0.4553 0.4376 0.4814 0.2502 0.2408 0.2644 MARCS 334.22524299873 70.06249681037 0.273137 0.296872 -0.0214 0.134153
