CV-PS-Gaia.ecsv
# %ECSV 1.0
# ---
# datatype:
# - {name: recno_1, datatype: int64}
# - {name: uid_1, datatype: int64}
# - {name: R_1, datatype: string}
# - {name: GCVS_1, datatype: string}
# - {name: RAJ2000_1, datatype: float64}
# - {name: DEJ2000_1, datatype: float64}
# - {name: pmRA_1, datatype: float64}
# - {name: e_pmRA_1, datatype: float64}
# - {name: pmDE_1, datatype: float64}
# - {name: e_pmDE_1, datatype: float64}
# - {name: Epoch_1, datatype: float64}
# - {name: GLON_1, datatype: float64}
# - {name: GLAT_1, datatype: float64}
# - {name: VarType_1, datatype: string}
# - {name: Per_1, datatype: float64}
# - {name: OutDate_1, datatype: float64}
# - {name: Cl_1, datatype: string}
# - {name: l_Maxmag_1, datatype: string}
# - {name: Maxmag_1, datatype: float64}
# - {name: n_Maxmag_1, datatype: string}
# - {name: l_Minmag_1, datatype: string}
# - {name: Minmag_1, datatype: float64}
# - {name: u_Minmag_1, datatype: float64}
# - {name: n_Minmag_1, datatype: string}
# - {name: ref(Coo)_1, datatype: string}
# - {name: f_ref(Coo)_1, datatype: string}
# - {name: ref(pm)_1, datatype: string}
# - {name: ref(CV)_1, datatype: string}
# - {name: f_ref(CV)_1, datatype: string}
# - {name: ref(CV)2_1, datatype: string}
# - {name: f_ref(CV)2_1, datatype: string}
# - {name: ref(Cha)_1, datatype: string}
# - {name: u_ref(Cha)_1, datatype: string}
# - {name: n_ref(Cha)_1, datatype: string}
# - {name: ref(Sp)_1, datatype: string}
# - {name: n_ref(Sp)_1, datatype: string}
# - {name: u_ref(Sp)_1, datatype: string}
# - {name: f_ref(Sp)_1, datatype: string}
# - {name: ref(Per)_1, datatype: string}
# - {name: f_ref(Per)_1, datatype: string}
# - {name: Names_1, datatype: string}
# - {name: IUE_1, datatype: string}
# - {name: HST_1, datatype: string}
# - {name: ARIEL5_1, datatype: float64}
# - {name: HEAO1_1, datatype: float64}
# - {name: HEAO2_1, datatype: float64}
# - {name: EXOSAT_1, datatype: string}
# - {name: ROSAT_1, datatype: string}
# - {name: GINGA_1, datatype: string}
# - {name: ASCA_1, datatype: string}
# - {name: EUVE_1, datatype: string}
# - {name: objID, datatype: int64}
# - {name: RAJ2000_x_1, datatype: float64}
# - {name: DEJ2000_x_1, datatype: float64}
# - {name: errHalfMaj_1, datatype: float64}
# - {name: errHalfMin_1, datatype: float64}
# - {name: errPosAng_1, datatype: float64}
# - {name: f_objID, datatype: int64}
# - {name: Qual, datatype: int64}
# - {name: Epoch_x, datatype: float64}
# - {name: Ns, datatype: int64}
# - {name: Nd, datatype: int64}
# - {name: gmag, datatype: float64}
# - {name: e_gmag, datatype: float64}
# - {name: gKmag, datatype: float64}
# - {name: e_gKmag, datatype: float64}
# - {name: gFlags, datatype: int64}
# - {name: rmag, datatype: float64}
# - {name: e_rmag, datatype: float64}
# - {name: rKmag, datatype: float64}
# - {name: e_rKmag, datatype: float64}
# - {name: rFlags, datatype: int64}
# - {name: imag, datatype: float64}
# - {name: e_imag, datatype: float64}
# - {name: iKmag, datatype: float64}
# - {name: e_iKmag, datatype: float64}
# - {name: iFlags, datatype: int64}
# - {name: zmag, datatype: float64}
# - {name: e_zmag, datatype: float64}
# - {name: zKmag, datatype: float64}
# - {name: e_zKmag, datatype: float64}
# - {name: zFlags, datatype: int64}
# - {name: ymag, datatype: float64}
# - {name: e_ymag, datatype: float64}
# - {name: yKmag, datatype: float64}
[...]
[from data line 468]
1577 7143 "" "V1162 Cyg" 298.6905 36.78655555555555 0.006 0.002 0.004 0.0 2000.0 72.0 4.0 NL: "" 1948.0 "" "" 15.8 p < 17.6 "" p 2003-115 "" 2003-115 T00000 "" "" "" 1967-08 "" "" "" "" "" "" "" "" "VV 176" "" "" "" "" "" "" "" "" "" "" 152142986904274416 298.69045971 36.78645993 0.011 0.003 0.0 503635968 60 55971.784375 10 66 17.8671 0.0056 17.9852 0.0067 115000 17.1265 0.0051 17.2394 0.003 115000 16.8221 0.0046 16.924 0.0083 115000 16.6553 0.0035 16.7742 0.0078 115000 16.5415 0.0074 16.6974 0.0098 115000 0.363322 1577 7143 "" "V1162 Cyg" 298.6905 36.78655555555555 0.006 0.002 0.004 0.0 2000.0 72.0 4.0 NL: "" 1948.0 "" "" 15.8 p < 17.6 "" p 2003-115 "" 2003-115 T00000 "" "" "" 1967-08 "" "" "" "" "" "" "" "" "VV 176" "" "" "" "" "" "" "" "" "" "" "Gaia DR3 2071817564208303232" 298.69045845322 36.7864563918 0.0 0.0 178.0 1636148068921376768 2071817564208303232 367823777 0.0408 0.0448 0.2582 0.0519 4.9788 1.281 -0.575 0.053 -1.145 0.059114303 -0.0066 0.1553 -0.0204 0.0337 0.1197 0.015 -0.1308 -0.1224 -0.047 0.0678 442 0 442 0 0.2784 463.88 0.0 0.0 31 False 1.461 "" "" "" "" "" "" "" 51 27 0.082759 53 0.008981 137.7 1 0 1.009 0 448 2662.55513 1.65693 1606.92 17.12412 0.002837 45 1131.05 5.67255 199.39 17.70484 0.006119 45 2146.74 7.58514 283.019 16.418447 0.005385 1.231 0.0 4.0 0.0 1.0 0.0 1.286392 0.580719 0.705673 "" "" "" "" "" "" "" "" "" "" "" "" "" "" "" "" "" "" "" "" "" "" NOT_AVAILABLE 0.0 0.0 0.999995 5154.3 5118.5 5201.3 4.5943 4.5803 4.6092 -0.3502 -0.4001 -0.2975 1311.9515 1277.3857 1354.7 0.7096 0.6809 0.7475 0.5625 0.5391 0.5935 0.302 0.2894 0.3184 MARCS 298.69046164176 36.7864614825 0.855364 0.952721 0.0648 0.37655
1562 7126 "" "V813 Cyg" 297.39949999999993 36.74444444444444 -0.014 0.006 0.006 0.002 2000.0 72.0 5.0 UGSS "" "" "" "" 16.0 p < 19.0 "" p 2003-115 "" 2003-115 1987-04 / T00000 "" 1987-04 "" "" "" "" "" "" "" "" "VV 65" "" "" "" "" "" "" "" "" "" "" 152092973995723827 297.39959851 36.74433112 0.011 0.01 0.0 512024576 61 55968.80380787 5 62 19.5176 0.0058 19.7181 0.0192 115000 18.4331 0.0159 17.7526 0.0246 16892216 17.9219 0.0363 17.3641 0.016 16892216 17.6975 0.0185 17.1518 0.0128 16892216 17.5732 0.0258 17.1555 0.0658 16892216 0.497185 1562 7126 "" "V813 Cyg" 297.39949999999993 36.74444444444444 -0.014 0.006 0.006 0.002 2000.0 72.0 5.0 UGSS "" "" "" "" 16.0 p < 19.0 "" p 2003-115 "" 2003-115 1987-04 / T00000 "" 1987-04 "" "" "" "" "" "" "" "" "VV 65" "" "" "" "" "" "" "" "" "" "" "Gaia DR3 2071945829103724416" 297.39959829506 36.74433312012 0.0 0.0 171.0 1636148068921376768 2071945829103724416 111413893 0.1209 0.1363 0.1566 0.1547 1.0123 5.676 -5.055 0.163 -2.581 0.16736875 -0.0369 -0.209 0.0897 0.1549 0.1431 0.1478 -0.2211 -0.0443 -0.0815 0.0225 313 0 312 1 1.0816 352.88 0.407 0.97546 95 False "" 1.3745 0.0371 0.052 -0.128 -0.017 -0.083 0.027 36 24 0.235722 40 0.02296 153.9 0 2 1.043 0 329 754.61926 2.58362 292.078 18.493048 0.004627 34 429.277 15.6751 27.3859 18.756699 0.039744 35 905.265 23.7235 38.159 17.355955 0.028703 1.768 0.0 24.0 0.0 26.0 0.0 1.400743 0.263651 1.137093 "" "" "" "" "" "" "" "" "" "" "" "" "" "" "" "" "" "" "" "" "" "" NOT_AVAILABLE 0.0 0.0 1.0 4052.2 3944.4 4476.0 4.6127 4.4836 4.7621 -1.9615 -2.2538 -1.6699 841.8516 737.1799 1034.7192 0.2999 0.132 0.8648 0.2206 0.0964 0.6512 0.1194 0.0519 0.3554 PHOENIX 297.39962633475 36.74434458929 2.596913 2.711292 0.0076 0.490935
1566 7175 "" Cyg 297.94787499999995 37.27994444444444 -0.0037 0.0058 -0.0056 0.006 2000.0 72.0 5.0 CV 0.492 "" "" "" 15.5 B "" "" "" "" 2004-105 "" 2004-105 1998-18 "" "" "" 1998-18 "" "" 1998-18 S "" "" 2005-117 "" "RX J1951.7+3716" "" "" "" "" "" "" R "" "" "" 152732979479006494 297.94788261 37.27987555 0.014 0.003 0.0 503635968 60 55993.5078125 11 79 15.3189 0.047 15.3927 0.0415 115000 14.9884 0.0375 15.0564 0.0407 115000 14.6987 0.0263 14.7183 0.028 115000 14.5828 0.0397 14.6447 0.0305 115000 14.3333 0.0118 14.4293 0.0444 115000 0.248976 1566 7175 "" Cyg 297.94787499999995 37.27994444444444 -0.0037 0.0058 -0.0056 0.006 2000.0 72.0 5.0 CV 0.492 "" "" "" 15.5 B "" "" "" "" 2004-105 "" 2004-105 1998-18 "" "" "" 1998-18 "" "" 1998-18 S "" "" 2005-117 "" "RX J1951.7+3716" "" "" "" "" "" "" R "" "" "" "Gaia DR3 2071989534691997184" 297.94788191961 37.27987207332 0.0 0.0 11.0 1636148068921376768 2071989534691997184 86288081 0.0267 0.0303 1.8149 0.0343 52.9861 14.49 -3.708 0.035 -14.008 0.037905596 0.0496 0.0748 -0.0096 -0.0077 0.144 -0.0226 -0.0133 -0.1426 -0.076 0.0464 413 0 409 4 16.2365 1101.6 0.256 13.656 31 True 1.425 "" "" "" "" "" "" "" 48 28 0.052833 52 0.1636 125.5 0 0 1.622 0 344 9044.17768 78.9805 114.512 15.796444 0.009874 39 3605.79 129.495 27.845 16.446041 0.039092 42 8281.69 208.006 39.8147 14.952598 0.02753 1.314 0.0 1.0 0.0 1.0 0.0 1.493443 0.649597 0.843846 "" "" "" "" "" "" "" "" "" "" "" "" "" "" "" "" "" "" "" "" "" "" NOT_AVAILABLE 0.0 0.0 0.99999 6028.8 5964.2 6359.7 4.5801 4.4531 4.6247 -2.4527 -2.4933 -2.2552 636.3292 604.7526 787.9185 1.8772 1.8442 2.0705 1.4973 1.4682 1.6627 0.8326 0.8164 0.9234 PHOENIX 297.94790263303 37.27993433018 0.568011 0.607647 0.0478 0.261289
1589 7107 * "V337 Cyg" 299.9708333333333 39.233888888888885 "" "" "" "" "" 75.0 4.0 UG "" "" "" "" 14.4 p < 16.5 "" p ICRS "" "" 1996-34 "" "" "" 1996-34 "" * "" "" "" "" "" "" 101.1928 "" "" "" "" "" "" "" "" "" "" 155082999705241697 299.97052098 39.23418651 0.018 0.008 0.0 436527104 52 55943.26877315 5 50 20.657 0.0468 20.9399 0.0929 115000 19.8526 0.0588 20.1362 0.096 115000 19.5278 0.0135 19.6833 0.0674 115000 19.3618 0.0363 19.5834 0.0832 115000 19.242 0.0473 19.5072 0.1051 115000 1.380791 1589 7107 * "V337 Cyg" 299.9708333333333 39.233888888888885 "" "" "" "" "" 75.0 4.0 UG "" "" "" "" 14.4 p < 16.5 "" p ICRS "" "" 1996-34 "" "" "" 1996-34 "" * "" "" "" "" "" "" 101.1928 "" "" "" "" "" "" "" "" "" "" "Gaia DR3 2072678894104998656" 299.97052288268 39.23419114366 0.0 0.0 156.0 1636148068921376768 2072678894104998656 1640388103 0.2739 0.3234 -0.0294 0.3622 -0.0811 6.067 -2.944 0.393 -5.305 0.4617628 -0.1911 -0.1785 0.0451 0.0116 0.1254 -0.0005 -0.0445 0.0877 -0.1806 -0.2952 368 0 365 3 0.6849 398.19 0.993 0.98021 31 False 1.445 "" "" "" "" "" "" "" 42 26 0.685777 46 0.01515 132.5 0 0 1.025 0 363 213.5685 0.844448 252.909 19.863523 0.005101 34 87.5278 5.70167 15.3513 20.483177 0.070781 33 174.18 5.17904 33.6317 19.145401 0.032504 1.225 0.0 0.0 0.0 0.0 0.0 1.337776 0.619654 0.718122 "" "" "" "" "" "" "" "" "" "" "" "" "" "" "" "" "" "" "" "" "" "" NOT_AVAILABLE 0.0 0.0 0.999996 "" "" "" "" "" "" "" "" "" "" "" "" "" "" "" "" "" "" "" "" "" "" 299.97053977371 39.23421472087 6.278093 7.409633 -0.2955 1.390465
1610 7146 "" "V1310 Cyg" 302.3850833333333 41.008 -0.002 0.005 0.006 0.001 2000.0 77.0 4.0 UGSS "" "" "" "" 15.9 p < 19.0 "" p 2003-115 "" 2003-115 1987-04 / T00000 "" 1969-07 "" "" "" "" "" "" "" "" "GR 135" "" "" "" "" "" "" "" "" "" "" 157213023850880121 302.38508005 41.00789439 0.005 0.004 90.0 503635968 60 55990.53065972 5 71 18.0861 0.0075 18.2183 0.0387 115000 17.3795 0.0066 17.478 0.0139 115000 17.0222 0.0035 17.1706 0.0106 115000 16.8091 0.0067 16.9074 0.0091 115000 16.6545 0.0063 16.762 0.0288 115000 0.380301 1610 7146 "" "V1310 Cyg" 302.3850833333333 41.008 -0.002 0.005 0.006 0.001 2000.0 77.0 4.0 UGSS "" "" "" "" 15.9 p < 19.0 "" p 2003-115 "" 2003-115 1987-04 / T00000 "" 1969-07 "" "" "" "" "" "" "" "" "GR 135" "" "" "" "" "" "" "" "" "" "" "Gaia DR3 2074528959877067904" 302.38507877879 41.00789334051 0.0 0.0 179.0 1636148068921376768 2074528959877067904 85245422 0.0497 0.0573 0.1669 0.0636 2.6249 2.542 -1.061 0.067 -2.31 0.075796105 -0.0039 -0.1021 0.0721 -0.1052 0.2118 -0.1595 -0.2002 -0.212 -0.0471 0.0739 380 0 378 2 -0.7034 368.61 0.0 0.0 31 False 1.461 "" "" "" "" "" "" "" 45 27 0.107041 48 0.009439 21.0 0 0 0.973 0 381 2174.22027 1.68281 1292.01 17.344109 0.002881 45 931.675 8.88004 104.918 17.91538 0.010718 40 1791.02 7.40065 242.008 16.615147 0.005866 1.252 0.0 1.0 0.0 0.0 0.0 1.300234 0.571272 0.728962 "" "" "" "" "" "" "" "" "" "" "" "" "" "" "" "" "" "" "" "" "" "" NOT_AVAILABLE 0.0 0.0 0.999997 5031.9 4958.0 5093.7 4.6066 4.5723 4.6375 -2.0732 -2.2262 -1.893 1228.9414 1178.6876 1286.6047 0.6989 0.6325 0.7553 0.553 0.499 0.5989 0.3032 0.2734 0.3284 MARCS 302.38508502482 41.00790360864 1.069247 1.225498 0.0856 0.384173
1611 7147 * "V1316 Cyg" 303.05675 42.76430555555555 "" "" "" "" "" 79.0 4.0 UGSU: "" "" "" "" 14.1 V "" 17.6 "" V ICRS "" "" 1987-04 / T00000 "" 2000-58 "" * 1992-06 X "" "" "" "" "GR 141" "" "" "" "" "" "" "" "" "" "" 159313030568747672 303.05686993 42.76415849 0.012 0.007 0.0 436527232 52 55847.2778588 5 60 18.1232 0.0444 18.3297 0.0316 115000 17.9962 0.0086 18.0919 0.0062 115000 17.8596 0.0927 17.9936 0.0403 115000 17.5232 0.135 17.6053 0.1551 115000 17.7517 0.0213 17.845 0.04 115000 0.617067 1611 7147 * "V1316 Cyg" 303.05675 42.76430555555555 "" "" "" "" "" 79.0 4.0 UGSU: "" "" "" "" 14.1 V "" 17.6 "" V ICRS "" "" 1987-04 / T00000 "" 2000-58 "" * 1992-06 X "" "" "" "" "GR 141" "" "" "" "" "" "" "" "" "" "" "Gaia DR3 2080764530817013376" 303.05686817266 42.76415216812 0.0 0.0 160.0 1636148068921376768 2080764530817013376 1785756180 0.0676 0.0822 1.6258 0.0827 19.6516 11.006 -0.648 0.093 -10.987 0.09652886 -0.1709 -0.0069 -0.2566 0.0304 0.146 0.0528 -0.5852 -0.0776 -0.4305 -0.313 371 0 370 1 0.6929 399.52 0.0 0.0 31 False 1.636 "" "" "" "" "" "" "" 43 27 0.15676 47 0.1879 47.19 0 0 1.025 0 367 1252.42196 17.4285 71.8608 17.94299 0.015358 39 839.141 50.6331 16.573 18.028955 0.065572 42 813.528 41.4155 19.6431 17.471964 0.055402 1.32 0.0 1.0 0.0 0.0 0.0 0.556992 0.085966 0.471025 "" "" "" "" "" "" "" "" "" "" "" "" "" "" "" "" "" "" "" "" "" "" VARIABLE 0.93104 0.024051 0.000918 "" "" "" "" "" "" "" "" "" "" "" "" "" "" "" "" "" "" "" "" "" "" 303.05687209681 42.76420100072 1.499303 1.593966 -0.3039 0.634402
1624 7164 * "V1776 Cyg" 305.877125 46.52486111111111 -0.002 0.005 -0.0001 0.005 2000.0 83.0 5.0 UX 0.164739 "" "" "" 17.2 V "" 18.4 "" V 2004-106 "" 2004-106 1995-41 "" "" "" 1983-05 "" "" 1983-05 S "" "" 1990-36 "" "Lanning 90" U H "" "" "" E "" "" "" "" 163833058771690473 305.87717213 46.52483868 0.01 0.008 90.0 503635968 60 55986.10471065 5 75 16.8611 0.1502 16.8966 0.1125 115000 16.3307 0.0461 16.373 0.042 115000 16.1378 0.0423 16.1966 0.0415 115000 16.1814 0.0355 16.236 0.0242 115000 16.0444 0.0316 16.1479 0.0227 115000 0.141946 1624 7164 * "V1776 Cyg" 305.877125 46.52486111111111 -0.002 0.005 -0.0001 0.005 2000.0 83.0 5.0 UX 0.164739 "" "" "" 17.2 V "" 18.4 "" V 2004-106 "" 2004-106 1995-41 "" "" "" 1983-05 "" "" 1983-05 S "" "" 1990-36 "" "Lanning 90" U H "" "" "" E "" "" "" "" "Gaia DR3 2083145484587589632" 305.8771706336 46.52483504834 0.0 0.0 129.0 1636148068921376768 2083145484587589632 793154051 0.0375 0.0362 0.8606 0.0398 21.6066 2.341 1.196 0.05 -2.012 0.043709576 -0.158 0.1379 -0.3662 0.1422 0.1166 0.1165 -0.333 -0.213 -0.0016 -0.2133 372 0 372 0 0.0783 383.56 0.0 0.0 31 False 1.565 "" "" "" "" "" "" "" 42 26 0.07468 48 0.06129 140.6 0 0 1.002 0 401 4545.08936 56.0741 81.0551 16.54351 0.013675 45 2540.13 88.2337 28.7887 16.826403 0.037817 46 3168.76 102.667 30.8646 15.99567 0.03538 1.256 0.0 0.0 0.0 2.0 0.0 0.830732 0.282892 0.54784 "" "" "" "" "" "" "" "" "" "" "" "" "" "" "" "" "" "" "" "" "" "" VARIABLE 0.00359 0.0 0.996395 5749.4 5717.0 5781.7 4.6551 4.639 4.6679 -4.091 -4.1369 -4.0412 1332.8634 1315.9434 1358.6428 0.0857 0.0655 0.1094 0.0725 0.0553 0.0926 0.0401 0.0305 0.0512 MARCS 305.87716290563 46.52484399098 0.809534 0.712232 -0.2184 0.1469
1585 7112 * "V476 Cyg" 299.60229166666664 53.61849999999999 0.0078 0.005 -0.0206 0.005 2000.0 87.0 12.0 "" "" 1920.65 "" "" 2.0 p "" 17.2 "" B 1987-28 "" 1987-28 1987-08 "" "" "" 1987-08 "" "" 1986-08 S "" "" "" "" 26.1920 "" H "" "" "" "" "" "" "" "" 172342996019693095 299.6020667 53.61858254 0.07 0.064 90.0 512024576 61 56043.29940972 5 71 18.0801 0.0175 18.0791 0.0174 115000 17.8074 0.0067 16.8401 0.0112 16892216 17.4748 0.027 17.391 0.0438 16892216 17.2213 0.0193 17.1342 0.0199 16892216 17.3922 0.0266 17.2729 0.0592 16892216 0.56486 1585 7112 * "V476 Cyg" 299.60229166666664 53.61849999999999 0.0078 0.005 -0.0206 0.005 2000.0 87.0 12.0 "" "" 1920.65 "" "" 2.0 p "" 17.2 "" B 1987-28 "" 1987-28 1987-08 "" "" "" 1987-08 "" "" 1986-08 S "" "" "" "" 26.1920 "" H "" "" "" "" "" "" "" "" "Gaia DR3 2089624258071404544" 299.60206835839 53.61856426667 0.0 0.0 112.0 1636148068921376768 2089624258071404544 418378796 0.1044 0.0974 0.8444 0.108 7.821 7.589 -5.116 0.136 -5.605 0.117920205 -0.0663 -0.2159 0.1594 -0.0767 0.1206 -0.1153 -0.2222 -0.2479 -0.0419 -0.0427 307 0 303 4 15.2664 881.02 0.834 13.546 31 False 1.602 "" "" "" "" "" "" "" 35 25 0.19094 38 0.05156 67.89 7 0 1.685 0 330 1751.84853 24.1294 72.6021 17.578625 0.015206 35 1103.7 45.5288 24.2418 17.731415 0.044875 35 1408.76 42.523 33.1294 16.875803 0.03299 1.434 0.0 35.0 0.0 35.0 0.0 0.855612 0.15279 0.702822 "" "" "" "" "" "" "" "" "" "" "" "" "" "" "" "" "" "" "" "" "" "" NOT_AVAILABLE 1e-06 1e-06 0.999998 5909.8 5871.8 5961.3 4.6291 4.6103 4.6472 -4.0796 -4.1339 -3.9042 2407.1946 2379.2576 2439.048 0.0728 0.0499 0.098 0.0621 0.0425 0.0837 0.0343 0.0235 0.0463 MARCS 299.60210669411 53.61858917815 2.160589 1.91074 -0.033 0.530009
1333 7387 "" "V394 Lyr" 277.1967916666666 35.82480555555555 "" "" "" "" "" 64.0 19.0 UG: "" "" "" "" 16.0 p < 17.0 "" p ICRS "" "" T00000 "" "" "" 1990-09 "" "" 1990-09 S "" "" "" "" "S 10439" "" "" "" "" "" "" R "" "" "" 150992771964970344 277.19645836 35.82476875 0.009 0.003 0.0 436527104 52 56385.00954861 10 91 19.4438 0.036 19.5068 0.0694 115000 19.1733 0.0173 19.2884 0.0313 115000 18.979 0.0263 19.1025 0.0294 115000 18.9652 0.0405 19.0527 0.0643 115000 19.1394 0.0988 19.2291 0.0924 115000 0.981876 1333 7387 "" "V394 Lyr" 277.1967916666666 35.82480555555555 "" "" "" "" "" 64.0 19.0 UG: "" "" "" "" 16.0 p < 17.0 "" p ICRS "" "" T00000 "" "" "" 1990-09 "" "" 1990-09 S "" "" "" "" "S 10439" "" "" "" "" "" "" R "" "" "" "Gaia DR3 2095536984927598336" 277.19645518957 35.82476857899 0.0 0.0 172.0 1636148068921376768 2095536984927598336 1319723540 0.1212 0.1526 0.6384 0.159 4.0149 8.369 -7.579 0.168 -3.55 0.16793787 -0.063 -0.0526 -0.1645 0.0579 -0.0998 0.0676 -0.4407 -0.0065 -0.2659 -0.1273 383 0 382 1 0.5187 410.5 0.0 0.0 31 False 1.651 "" "" "" "" "" "" "" 45 27 0.256467 48 0.1065 16.51 0 0 1.018 0 359 452.51996 6.01215 75.2675 19.048273 0.014686 40 294.775 15.2769 19.2954 19.164814 0.056338 41 302.789 19.6126 15.4385 18.545046 0.070428 1.321 0.0 0.0 0.0 1.0 0.0 0.619768 0.116541 0.503227 "" "" "" "" "" "" "" "" "" "" "" "" "" "" "" "" "" "" "" "" "" "" VARIABLE 0.01537 0.983919 1.1e-05 "" "" "" "" "" "" "" "" "" "" "" "" "" "" "" "" "" "" "" "" "" "" 277.19649673273 35.82478435853 2.703041 2.757648 -0.1294 0.991129
