CV-PS-Gaia.ecsv
# %ECSV 1.0
# ---
# datatype:
# - {name: recno_1, datatype: int64}
# - {name: uid_1, datatype: int64}
# - {name: R_1, datatype: string}
# - {name: GCVS_1, datatype: string}
# - {name: RAJ2000_1, datatype: float64}
# - {name: DEJ2000_1, datatype: float64}
# - {name: pmRA_1, datatype: float64}
# - {name: e_pmRA_1, datatype: float64}
# - {name: pmDE_1, datatype: float64}
# - {name: e_pmDE_1, datatype: float64}
# - {name: Epoch_1, datatype: float64}
# - {name: GLON_1, datatype: float64}
# - {name: GLAT_1, datatype: float64}
# - {name: VarType_1, datatype: string}
# - {name: Per_1, datatype: float64}
# - {name: OutDate_1, datatype: float64}
# - {name: Cl_1, datatype: string}
# - {name: l_Maxmag_1, datatype: string}
# - {name: Maxmag_1, datatype: float64}
# - {name: n_Maxmag_1, datatype: string}
# - {name: l_Minmag_1, datatype: string}
# - {name: Minmag_1, datatype: float64}
# - {name: u_Minmag_1, datatype: float64}
# - {name: n_Minmag_1, datatype: string}
# - {name: ref(Coo)_1, datatype: string}
# - {name: f_ref(Coo)_1, datatype: string}
# - {name: ref(pm)_1, datatype: string}
# - {name: ref(CV)_1, datatype: string}
# - {name: f_ref(CV)_1, datatype: string}
# - {name: ref(CV)2_1, datatype: string}
# - {name: f_ref(CV)2_1, datatype: string}
# - {name: ref(Cha)_1, datatype: string}
# - {name: u_ref(Cha)_1, datatype: string}
# - {name: n_ref(Cha)_1, datatype: string}
# - {name: ref(Sp)_1, datatype: string}
# - {name: n_ref(Sp)_1, datatype: string}
# - {name: u_ref(Sp)_1, datatype: string}
# - {name: f_ref(Sp)_1, datatype: string}
# - {name: ref(Per)_1, datatype: string}
# - {name: f_ref(Per)_1, datatype: string}
# - {name: Names_1, datatype: string}
# - {name: IUE_1, datatype: string}
# - {name: HST_1, datatype: string}
# - {name: ARIEL5_1, datatype: float64}
# - {name: HEAO1_1, datatype: float64}
# - {name: HEAO2_1, datatype: float64}
# - {name: EXOSAT_1, datatype: string}
# - {name: ROSAT_1, datatype: string}
# - {name: GINGA_1, datatype: string}
# - {name: ASCA_1, datatype: string}
# - {name: EUVE_1, datatype: string}
# - {name: objID, datatype: int64}
# - {name: RAJ2000_x_1, datatype: float64}
# - {name: DEJ2000_x_1, datatype: float64}
# - {name: errHalfMaj_1, datatype: float64}
# - {name: errHalfMin_1, datatype: float64}
# - {name: errPosAng_1, datatype: float64}
# - {name: f_objID, datatype: int64}
# - {name: Qual, datatype: int64}
# - {name: Epoch_x, datatype: float64}
# - {name: Ns, datatype: int64}
# - {name: Nd, datatype: int64}
# - {name: gmag, datatype: float64}
# - {name: e_gmag, datatype: float64}
# - {name: gKmag, datatype: float64}
# - {name: e_gKmag, datatype: float64}
# - {name: gFlags, datatype: int64}
# - {name: rmag, datatype: float64}
# - {name: e_rmag, datatype: float64}
# - {name: rKmag, datatype: float64}
# - {name: e_rKmag, datatype: float64}
# - {name: rFlags, datatype: int64}
# - {name: imag, datatype: float64}
# - {name: e_imag, datatype: float64}
# - {name: iKmag, datatype: float64}
# - {name: e_iKmag, datatype: float64}
# - {name: iFlags, datatype: int64}
# - {name: zmag, datatype: float64}
# - {name: e_zmag, datatype: float64}
# - {name: zKmag, datatype: float64}
# - {name: e_zKmag, datatype: float64}
# - {name: zFlags, datatype: int64}
# - {name: ymag, datatype: float64}
# - {name: e_ymag, datatype: float64}
# - {name: yKmag, datatype: float64}
[...]
[from data line 101]
483 8597 * Hya 136.61770833333333 5.449138888888888 -0.00047 0.0039 0.00364 0.00389 2002.118 224.0 32.0 UG "" "" "" "" 15.5 V "" 18.8 "" s 2006-22 "" 2006-22 2005-32 "" "" "" A9999-99 "" "" 2005-32 S "" * "" "" "SDSS J090628+052656" "" "" "" "" "" "" "" "" "" "" 114531366176899438 136.61768654 5.44915855 0.006 0.003 90.0 436527232 52 56091.59944444 5 61 18.6651 0.0847 18.7515 0.1159 115000 18.6468 0.0448 18.711 0.0667 115000 18.1801 0.1023 18.2767 0.0933 115000 16.2691 0.0092 16.367 0.0149 115000 18.1362 0.0162 18.2773 0.0339 115000 0.105402 483 8597 * Hya 136.61770833333333 5.449138888888888 -0.00047 0.0039 0.00364 0.00389 2002.118 224.0 32.0 UG "" "" "" "" 15.5 V "" 18.8 "" s 2006-22 "" 2006-22 2005-32 "" "" "" A9999-99 "" "" 2005-32 S "" * "" "" "SDSS J090628+052656" "" "" "" "" "" "" "" "" "" "" "Gaia DR3 580320897110564480" 136.61768448466 5.44915921002 0.0 0.0 112.0 1636148068921376768 580320897110564480 1744119210 0.0954 0.0824 0.6006 0.0971 6.186 1.952 -1.812 0.121 -0.726 0.09398609 -0.1449 0.2612 -0.458 0.0854 -0.1818 -0.0242 -0.6673 0.2349 0.1629 0.142 292 0 292 0 5.6929 464.69 0.378 5.5791 31 False 1.557 "" "" "" "" "" "" "" 34 17 0.177179 36 1.325 110.1 0 0 1.246 0 211 877.13337 34.1358 25.6954 18.329702 0.042344 24 507.341 73.0463 6.94548 18.57529 0.156348 23 697.637 65.992 10.5715 17.638823 0.102773 1.374 0.0 0.0 0.0 1.0 0.0 0.936468 0.245588 0.69088 "" "" "" "" "" "" "" "" "" "" "" "" "" "" "" "" "" "" "" "" "" "" VARIABLE 0.999993 0.0 7e-06 5352.6 5338.1 5377.0 4.7232 4.7133 4.7358 -3.8085 -4.0806 -3.5802 2519.0789 2482.0522 2554.1006 0.0566 0.027 0.0861 0.0467 0.0223 0.0711 0.0258 0.0123 0.0393 MARCS 136.61769257387 5.44916243486 1.987427 1.559982 0.1306 0.112501
462 7292 * "CT Hya" 132.78079166666666 3.142861111111111 -0.00204 0.0039 0.00562 0.00389 2001.137 225.0 27.0 UGSU "" "" "" "" 14.0 V "" 19.9 "" V 2006-22 "" 2006-22 1996-37 "" "" "" 1982-03 "" "" "" "" "" "" "" * 114.1936 "" "" "" "" "" "" "" "" "" "" 111771327807841973 132.78078943 3.14291414 0.006 0.004 90.0 436527232 52 56079.53791667 5 69 18.3772 0.0786 18.4589 0.0762 115000 18.5141 0.0227 18.6428 0.03 115000 18.4412 0.0545 18.4714 0.0485 115000 18.1075 0.0633 18.2279 0.0495 115000 18.4646 0.0506 18.5919 0.0432 115000 0.191073 462 7292 * "CT Hya" 132.78079166666666 3.142861111111111 -0.00204 0.0039 0.00562 0.00389 2001.137 225.0 27.0 UGSU "" "" "" "" 14.0 V "" 19.9 "" V 2006-22 "" 2006-22 1996-37 "" "" "" 1982-03 "" "" "" "" "" "" "" * 114.1936 "" "" "" "" "" "" "" "" "" "" "Gaia DR3 581110831791334400" 132.78078738548 3.14291775647 0.0 0.0 99.0 1636148068921376768 581110831791334400 1257249052 0.0805 0.0276 1.721 0.1172 14.6796 9.661 -3.905 0.214 8.836 0.08714548 -0.4361 -0.0636 -0.1092 -0.0362 0.0879 0.0255 -0.1817 0.5314 0.1196 -0.0426 397 0 394 3 2.7751 492.89 0.129 1.4615 31 False 1.673 "" "" "" "" "" "" "" 46 20 0.299718 48 2.662 15.17 0 0 1.1 0 287 719.54158 11.8747 60.5947 18.544727 0.018129 29 498.422 27.2885 18.2649 18.59455 0.059509 29 418.886 24.201 17.3087 18.192656 0.062842 1.275 0.0 1.0 0.0 1.0 0.0 0.401894 0.049822 0.352072 "" "" "" "" "" "" "" "" "" "" "" "" "" "" "" "" "" "" "" "" "" "" VARIABLE 0.161343 0.825528 0.00016 "" "" "" "" "" "" "" "" "" "" "" "" "" "" "" "" "" "" "" "" "" "" 132.78080476771 3.1428784852 3.437922 1.399596 -0.0422 0.204503
456 8692 "" Hya 130.22562499999998 4.922 0.00387 0.00427 -0.0081 0.00427 2002.118 221.0 27.0 NL "" "" "" "" 15.7 g "" "" "" "" 2006-05 "" 2006-22 2006-05 "" "" "" A9999-99 "" "" 2006-05 S "" "" "" "" "SDSS J084054+045519" "" "" "" "" "" "" "" "" "" "" 113901302256316854 130.22563033 4.92186411 0.189 0.02 0.0 512024576 61 56285.71375 5 74 15.7996 0.0164 15.6534 0.0102 16892216 15.5979 0.0093 15.4949 0.0304 16892216 15.6364 0.0093 15.5057 0.0092 16892216 15.7012 0.0145 15.4694 0.0064 16892216 15.6884 0.0283 15.4404 0.01 16892216 0.489577 456 8692 "" Hya 130.22562499999998 4.922 0.00387 0.00427 -0.0081 0.00427 2002.118 221.0 27.0 NL "" "" "" "" 15.7 g "" "" "" "" 2006-05 "" 2006-22 2006-05 "" "" "" A9999-99 "" "" 2006-05 S "" "" "" "" "SDSS J084054+045519" "" "" "" "" "" "" "" "" "" "" "Gaia DR3 582480170443653376" 130.22560164841 4.92207262928 0.0 0.0 94.0 1636148068921376768 582480170443653376 1493364342 0.067 0.0258 0.6726 0.0694 9.6848 11.783 -3.918 0.137 -11.112 0.05984298 -0.1677 -0.0312 -0.6425 -0.3129 0.2969 -0.0169 -0.3597 0.126 -0.332 0.4951 376 0 375 1 0.0523 398.77 0.0 0.0 95 False "" 1.5501 0.01 0.009 -0.143 0.083 0.065 0.164 44 14 0.199021 57 0.07412 175.3 0 38 1.001 0 395 6126.15965 12.0543 508.212 16.219397 0.003487 5 7262.05 151.583 47.9081 15.685894 0.022834 7 7041.86 157.943 44.5849 15.128677 0.024644 2.335 0.0 5.0 0.0 7.0 0.0 0.557217 -0.533503 1.090719 "" "" "" "" "" "" "" "" "" "" "" "" "" "" "" "" "" "" "" "" "" "" NOT_AVAILABLE 0.0 0.005139 0.994861 "" "" "" "" "" "" "" "" "" "" "" "" "" "" "" "" "" "" "" "" "" "" 130.22561912693 4.92212201793 2.230676 0.967056 0.4902 0.274553
471 7307 "" Hya 134.78824999999998 5.615138888888888 0.01459 0.0039 -0.01057 0.00389 2002.173 223.0 31.0 AM "" "" "" "" 17.0 V "" "" "" "" 2006-22 "" 2006-22 1999-12 "" "" "" A9999-99 "" "" 1999-12 S : "" "" "" "RXS J0859.1+0537" "" "" "" "" "" "" R "" "" "" 114731347882678618 134.78830364 5.6151277 0.006 0.002 90.0 503636096 60 56231.86496528 5 87 18.604 0.0467 18.6638 0.0759 115000 18.4717 0.0954 18.3781 0.0449 115000 17.9024 0.0453 17.9999 0.0493 115000 17.5979 0.0583 17.6677 0.0578 115000 17.2445 0.0293 17.4119 0.0239 115000 0.196353 471 7307 "" Hya 134.78824999999998 5.615138888888888 0.01459 0.0039 -0.01057 0.00389 2002.173 223.0 31.0 AM "" "" "" "" 17.0 V "" "" "" "" 2006-22 "" 2006-22 1999-12 "" "" "" A9999-99 "" "" 1999-12 S : "" "" "" "RXS J0859.1+0537" "" "" "" "" "" "" R "" "" "" "Gaia DR3 583340808875713280" 134.78830856583 5.61512416859 0.0 0.0 109.0 1636148068921376768 583340808875713280 1195126315 0.1012 0.0654 2.2497 0.1183 19.0121 14.392 11.091 0.129 -9.172 0.09799384 -0.3632 -0.0513 -0.0686 0.1436 0.1963 0.0738 -0.4012 0.2396 -0.0778 -0.0538 434 0 431 3 0.3931 455.17 0.0 0.0 31 False 1.546 "" "" "" "" "" "" "" 50 18 0.180185 53 0.1066 126.9 0 0 1.013 0 448 1119.15203 13.9788 80.0608 18.065144 0.013838 51 599.476 23.491 25.5194 18.394114 0.042637 52 864.659 27.5906 31.339 17.405783 0.03485 1.308 0.0 1.0 0.0 1.0 0.0 0.988331 0.32897 0.659361 "" "" "" "" "" "" "" "" "" "" "" "" "" "" "" "" "" "" "" "" "" "" VARIABLE 0.18556 0.803141 0.000212 "" "" "" "" "" "" "" "" "" "" "" "" "" "" "" "" "" "" "" "" "" "" 134.78825903443 5.61516493393 2.068581 1.595287 -0.0633 0.216414
502 8603 * Leo 141.18533333333332 8.030833333333332 -0.00924 0.0039 0.01412 0.00389 2002.869 224.0 38.0 AM: "" "" "" "" 19.3 s "" "" "" "" 2006-22 "" 2006-22 2005-32 "" "" "" A9999-99 "" "" 2005-32 S "" * "" * "SDSS J092444+080150" "" "" "" "" "" "" "" "" "" "" 117631411852857517 141.18527989 8.03087443 0.005 0.003 0.0 503636096 60 56172.51380787 10 91 18.375 0.1036 18.4501 0.0953 115000 18.3775 0.0742 18.3886 0.0559 115000 18.0834 0.1119 18.1258 0.1025 115000 17.2254 0.0384 17.3231 0.0432 115000 17.0417 0.0217 17.1173 0.0279 115000 0.24121 502 8603 * Leo 141.18533333333332 8.030833333333332 -0.00924 0.0039 0.01412 0.00389 2002.869 224.0 38.0 AM: "" "" "" "" 19.3 s "" "" "" "" 2006-22 "" 2006-22 2005-32 "" "" "" A9999-99 "" "" 2005-32 S "" * "" * "SDSS J092444+080150" "" "" "" "" "" "" "" "" "" "" "Gaia DR3 587316166180416640" 141.18526027626 8.03089639753 0.0 0.0 142.0 1636148068921376768 587316166180416640 720380021 0.2107 0.2416 1.8745 0.2747 6.8241 20.964 -15.633 0.242 13.967 0.21463548 -0.544 0.3938 -0.2477 0.4309 -0.5877 0.0924 -0.7933 0.2451 0.3489 -0.2474 252 0 251 1 -2.2246 210.15 0.0 0.0 95 False "" 1.3677 0.0433 -0.179 0.316 -0.224 -0.024 -0.165 29 15 0.40934 31 0.12 86.53 1 0 0.9 0 265 589.48195 18.8553 31.2634 18.76119 0.034838 30 300.913 32.198 9.3457 19.14244 0.116208 28 538.082 61.1076 8.80549 17.920774 0.12336 1.423 0.0 1.0 0.0 1.0 0.0 1.221666 0.38125 0.840416 "" "" "" "" "" "" "" "" "" "" "" "" "" "" "" "" "" "" "" "" "" "" VARIABLE 0.0 0.0 0.999992 4242.7 4211.4 4271.8 5.1314 5.1047 5.1478 -2.9712 -2.9926 -2.9236 686.3531 643.7044 735.5339 0.0102 0.0024 0.032 0.0077 0.0018 0.0243 0.0042 0.0009 0.0132 MARCS 141.18533044458 8.03083432206 3.936875 3.628827 -0.2605 0.345492
496 8600 * Cnc 139.9379583333333 8.952805555555555 -0.06316 0.0039 -0.01117 0.00389 2002.951 223.0 37.0 CV 0.058 "" "" "" 18.2 s "" "" "" "" 2006-22 "" 2006-22 2005-32 "" "" "" A9999-99 "" "" 2005-32 S "" * 2005-32 "" "SDSS J091945+085710" "" "" "" "" "" "" "" "" "" "" 118741399378103782 139.93777078 8.95276558 0.003 0.003 90.0 436527232 52 56027.121875 10 66 18.2703 0.0064 18.3354 0.0094 115000 18.3676 0.0071 18.4336 0.0106 115000 18.5575 0.0051 18.6177 0.013 115000 18.6356 0.0031 18.7435 0.0125 115000 18.6776 0.0367 18.694 0.0508 115000 0.682315 496 8600 * Cnc 139.9379583333333 8.952805555555555 -0.06316 0.0039 -0.01117 0.00389 2002.951 223.0 37.0 CV 0.058 "" "" "" 18.2 s "" "" "" "" 2006-22 "" 2006-22 2005-32 "" "" "" A9999-99 "" "" 2005-32 S "" * 2005-32 "" "SDSS J091945+085710" "" "" "" "" "" "" "" "" "" "" "Gaia DR3 587578670286348160" 139.9377008957 8.95275754862 0.0 0.0 129.0 1636148068921376768 587578670286348160 928839322 0.1485 0.1367 5.0636 0.1697 29.8465 66.655 -65.772 0.181 -10.813 0.14670296 -0.3927 0.1165 -0.1994 0.2982 -0.2036 0.1635 -0.6838 0.1755 0.0895 -0.204 255 0 254 1 -1.2281 231.99 0.0 0.0 31 False 1.734 "" "" "" "" "" "" "" 29 16 0.270518 31 0.1714 16.33 0 0 0.944 0 258 918.0437 2.45254 374.324 18.280209 0.004001 28 618.387 17.1816 35.9913 18.360392 0.030295 29 425.865 11.9427 35.6589 18.174717 0.030682 1.137 0.0 0.0 0.0 3.0 0.0 0.185675 0.080183 0.105492 "" "" "" "" "" "" "" "" "" "" "" "" "" "" "" "" "" "" "" "" "" "" NOT_AVAILABLE 0.0 0.0 0.999927 "" "" "" "" "" "" "" "" "" "" "" "" "" "" "" "" "" "" "" "" "" "" 139.93799682016 8.9528056067 2.92378 2.442736 -0.2185 0.931655
486 8598 * Cnc 137.86399999999998 8.694638888888887 -0.01 0.00382 -0.002 0.00382 2002.951 222.0 35.0 CV "" "" "" "" 19.7 s "" "" "" "" 2005-32 * 2006-22 2005-32 * "" "" A9999-99 "" "" 2005-32 S "" * "" "" "SDSS J091127+084140" "" "" "" "" "" "" "" "" "" "" 118431378640294079 137.86398029 8.69465257 0.009 0.004 90.0 436527232 52 55990.53724537 5 75 19.2472 0.1117 19.3727 0.1036 115000 18.3662 0.0502 18.4617 0.0535 115000 18.6427 0.029 18.7553 0.034 115000 18.1413 0.0387 18.2704 0.026 115000 17.9392 0.0796 18.0243 0.1094 115000 0.085706 486 8598 * Cnc 137.86399999999998 8.694638888888887 -0.01 0.00382 -0.002 0.00382 2002.951 222.0 35.0 CV "" "" "" "" 19.7 s "" "" "" "" 2005-32 * 2006-22 2005-32 * "" "" A9999-99 "" "" 2005-32 S "" * "" "" "SDSS J091127+084140" "" "" "" "" "" "" "" "" "" "" "Gaia DR3 590408469622313344" 137.86397971855 8.69465101568 0.0 0.0 69.0 1636148068921376768 590408469622313344 119811147 0.1845 0.0955 0.8676 0.2572 3.3731 7.022 -2.521 0.275 -6.554 0.14429739 0.6548 -0.1404 -0.3684 -0.1405 -0.0188 -0.2204 -0.2375 0.5154 -0.5846 0.2957 289 0 287 2 0.845 315.25 0.0 0.0 31 False 1.45 "" "" "" "" "" "" "" 33 16 0.403592 35 0.6164 123.9 0 0 1.035 0 284 388.3907 4.42989 87.6751 19.214195 0.012686 31 161.539 12.0935 13.3575 19.817848 0.081331 30 344.816 12.2051 28.2517 18.403927 0.038616 1.304 0.0 1.0 0.0 0.0 0.0 1.413921 0.603653 0.810268 "" "" "" "" "" "" "" "" "" "" "" "" "" "" "" "" "" "" "" "" "" "" NOT_AVAILABLE 3.3e-05 0.001718 0.998239 "" "" "" "" "" "" "" "" "" "" "" "" "" "" "" "" "" "" "" "" "" "" 137.86399105543 8.69468014409 4.465627 2.333294 0.3036 0.08435
492 6942 "" "GZ Cnc" 138.96529166666664 9.013777777777776 -0.03409 0.0039 -0.02766 0.00389 2003.074 222.0 36.0 UG/DQ: 0.0883 "" "" "" 13.1 p "" 15.4 "" p 2006-22 "" 2006-22 2002-76 "" "" "" 1998-23 "" "" 1999-16 S "" "" 2003-57 "" "RX J0915.8+0900" "" "" "" "" "" "" R "" "" "" 118811389652536922 138.96518711 9.01368177 0.013 0.008 0.0 503636096 60 55859.25306713 5 76 16.3576 0.0318 16.4034 0.0344 115000 15.9274 0.064 15.9672 0.0559 115000 15.9736 0.0269 16.0353 0.0253 115000 15.6211 0.0261 15.7879 0.023 115000 16.0499 0.1065 16.1158 0.121 115000 0.507603 492 6942 "" "GZ Cnc" 138.96529166666664 9.013777777777776 -0.03409 0.0039 -0.02766 0.00389 2003.074 222.0 36.0 UG/DQ: 0.0883 "" "" "" 13.1 p "" 15.4 "" p 2006-22 "" 2006-22 2002-76 "" "" "" 1998-23 "" "" 1999-16 S "" "" 2003-57 "" "RX J0915.8+0900" "" "" "" "" "" "" R "" "" "" "Gaia DR3 590619751945633024" 138.96516696443 9.01366774701 0.0 0.0 110.0 1636148068921376768 590619751945633024 1063648632 0.0478 0.0339 2.6377 0.0538 48.9898 44.377 -34.122 0.065 -28.373 0.038086716 -0.2939 -0.2852 -0.6094 0.2481 0.1288 0.1826 -0.6841 0.6277 -0.3047 -0.1888 234 0 234 0 3.8696 337.92 0.133 2.5964 31 False 1.681 "" "" "" "" "" "" "" 27 13 0.099532 30 0.7527 117.1 0 0 1.185 0 216 7466.52913 298.29 25.0311 16.00457 0.043463 26 4814.08 616.777 7.80523 16.132257 0.139132 28 4798.88 530.492 9.04608 15.545047 0.120082 1.287 0.0 2.0 0.0 1.0 0.0 0.587211 0.127687 0.459523 "" "" "" "" "" "" "" "" "" "" "" "" "" "" "" "" "" "" "" "" "" "" VARIABLE 1e-06 0.0 0.999999 "" "" "" "" "" "" "" "" "" "" "" "" "" "" "" "" "" "" "" "" "" "" 138.96532051232 9.01379384818 1.066713 0.63308 -0.1975 0.594553
