CV-PS-Gaia.ecsv
# %ECSV 1.0
# ---
# datatype:
# - {name: recno_1, datatype: int64}
# - {name: uid_1, datatype: int64}
# - {name: R_1, datatype: string}
# - {name: GCVS_1, datatype: string}
# - {name: RAJ2000_1, datatype: float64}
# - {name: DEJ2000_1, datatype: float64}
# - {name: pmRA_1, datatype: float64}
# - {name: e_pmRA_1, datatype: float64}
# - {name: pmDE_1, datatype: float64}
# - {name: e_pmDE_1, datatype: float64}
# - {name: Epoch_1, datatype: float64}
# - {name: GLON_1, datatype: float64}
# - {name: GLAT_1, datatype: float64}
# - {name: VarType_1, datatype: string}
# - {name: Per_1, datatype: float64}
# - {name: OutDate_1, datatype: float64}
# - {name: Cl_1, datatype: string}
# - {name: l_Maxmag_1, datatype: string}
# - {name: Maxmag_1, datatype: float64}
# - {name: n_Maxmag_1, datatype: string}
# - {name: l_Minmag_1, datatype: string}
# - {name: Minmag_1, datatype: float64}
# - {name: u_Minmag_1, datatype: float64}
# - {name: n_Minmag_1, datatype: string}
# - {name: ref(Coo)_1, datatype: string}
# - {name: f_ref(Coo)_1, datatype: string}
# - {name: ref(pm)_1, datatype: string}
# - {name: ref(CV)_1, datatype: string}
# - {name: f_ref(CV)_1, datatype: string}
# - {name: ref(CV)2_1, datatype: string}
# - {name: f_ref(CV)2_1, datatype: string}
# - {name: ref(Cha)_1, datatype: string}
# - {name: u_ref(Cha)_1, datatype: string}
# - {name: n_ref(Cha)_1, datatype: string}
# - {name: ref(Sp)_1, datatype: string}
# - {name: n_ref(Sp)_1, datatype: string}
# - {name: u_ref(Sp)_1, datatype: string}
# - {name: f_ref(Sp)_1, datatype: string}
# - {name: ref(Per)_1, datatype: string}
# - {name: f_ref(Per)_1, datatype: string}
# - {name: Names_1, datatype: string}
# - {name: IUE_1, datatype: string}
# - {name: HST_1, datatype: string}
# - {name: ARIEL5_1, datatype: float64}
# - {name: HEAO1_1, datatype: float64}
# - {name: HEAO2_1, datatype: float64}
# - {name: EXOSAT_1, datatype: string}
# - {name: ROSAT_1, datatype: string}
# - {name: GINGA_1, datatype: string}
# - {name: ASCA_1, datatype: string}
# - {name: EUVE_1, datatype: string}
# - {name: objID, datatype: int64}
# - {name: RAJ2000_x_1, datatype: float64}
# - {name: DEJ2000_x_1, datatype: float64}
# - {name: errHalfMaj_1, datatype: float64}
# - {name: errHalfMin_1, datatype: float64}
# - {name: errPosAng_1, datatype: float64}
# - {name: f_objID, datatype: int64}
# - {name: Qual, datatype: int64}
# - {name: Epoch_x, datatype: float64}
# - {name: Ns, datatype: int64}
# - {name: Nd, datatype: int64}
# - {name: gmag, datatype: float64}
# - {name: e_gmag, datatype: float64}
# - {name: gKmag, datatype: float64}
# - {name: e_gKmag, datatype: float64}
# - {name: gFlags, datatype: int64}
# - {name: rmag, datatype: float64}
# - {name: e_rmag, datatype: float64}
# - {name: rKmag, datatype: float64}
# - {name: e_rKmag, datatype: float64}
# - {name: rFlags, datatype: int64}
# - {name: imag, datatype: float64}
# - {name: e_imag, datatype: float64}
# - {name: iKmag, datatype: float64}
# - {name: e_iKmag, datatype: float64}
# - {name: iFlags, datatype: int64}
# - {name: zmag, datatype: float64}
# - {name: e_zmag, datatype: float64}
# - {name: zKmag, datatype: float64}
# - {name: e_zKmag, datatype: float64}
# - {name: zFlags, datatype: int64}
# - {name: ymag, datatype: float64}
# - {name: e_ymag, datatype: float64}
# - {name: yKmag, datatype: float64}
[...]
[from data line 238]
774 8298 "" Vir 221.7498333333333 2.8917777777777776 0.00297 0.0039 -0.00856 0.00389 2000.342 357.0 53.0 NL "" "" "" "" 18.2 s "" "" "" "" 2006-22 "" 2006-22 2003-22 "" "" "" A9999-99 "" "" 2003-22 S "" "" "" "" "SDSS J144659+025330" "" "" "" "" "" "" R "" "" "" 111472217498470565 221.74982565 2.8917435 0.014 0.008 90.0 436527232 52 56077.96954861 5 52 17.9435 0.0497 17.9919 0.0549 115000 17.8953 0.0391 17.9822 0.0203 115000 17.9558 0.0438 18.0443 0.024 115000 17.7816 0.0488 17.9796 0.0431 115000 17.7056 0.0592 17.9559 0.0556 115000 0.126454 774 8298 "" Vir 221.7498333333333 2.8917777777777776 0.00297 0.0039 -0.00856 0.00389 2000.342 357.0 53.0 NL "" "" "" "" 18.2 s "" "" "" "" 2006-22 "" 2006-22 2003-22 "" "" "" A9999-99 "" "" 2003-22 S "" "" "" "" "SDSS J144659+025330" "" "" "" "" "" "" R "" "" "" "Gaia DR3 1157501971264781824" 221.74982444879 2.8917413475 0.0 0.0 98.0 1636148068921376768 1157501971264781824 727826547 0.1195 0.1107 0.6566 0.1549 4.2396 8.477 1.85 0.128 -8.273 0.1143134 -0.0223 -0.3752 -0.0042 -0.1275 -0.347 -0.0947 -0.1353 0.0345 0.155 -0.0963 186 0 186 0 1.3033 215.13 0.0 0.0 31 False 1.691 "" "" "" "" "" "" "" 21 14 0.179378 21 0.1502 179.3 0 0 1.067 0 173 1417.80999 25.1202 56.4411 17.808321 0.019433 20 901.766 59.3793 15.1865 17.950808 0.071548 20 828.651 69.2042 11.974 17.451965 0.090753 1.22 0.0 0.0 0.0 0.0 0.0 0.498842 0.142487 0.356356 "" "" "" "" "" "" "" "" "" "" "" "" "" "" "" "" "" "" "" "" "" "" VARIABLE 0.925808 6e-06 0.000911 6794.8 6760.1 6828.7 4.5869 4.5757 4.5945 -3.2969 -3.4379 -3.1829 4553.019 4480.8955 4619.907 0.0014 0.0003 0.004 0.0013 0.0003 0.0036 0.0007 0.0001 0.002 MARCS 221.74981621774 2.89177811697 2.045422 1.847255 -0.0822 0.134983
802 7806 "" "QW Ser" 231.55816666666664 8.300638888888887 -0.00826 0.0039 -0.04217 0.00389 2003.312 13.0 49.0 UGSU 0.07457 "" "" "" 12.8 p < 15.3 "" p 2006-22 "" 2006-22 2000-26 "" "" "" A9999-99 "" "" "" "" "" "" 2003-98 "" "Tmz V46" "" "" "" "" "" "" "" "" "" "" 117962315582121123 231.55816032 8.30051195 0.004 0.004 90.0 503636096 60 56066.24688657 5 73 18.0001 0.0164 18.0565 0.0185 115000 17.8632 0.0429 18.0155 0.0443 115000 17.7431 0.0155 17.8502 0.0321 115000 17.6436 0.0265 17.7507 0.0287 115000 17.3657 0.0306 17.4654 0.0352 115000 0.457539 802 7806 "" "QW Ser" 231.55816666666664 8.300638888888887 -0.00826 0.0039 -0.04217 0.00389 2003.312 13.0 49.0 UGSU 0.07457 "" "" "" 12.8 p < 15.3 "" p 2006-22 "" 2006-22 2000-26 "" "" "" A9999-99 "" "" "" "" "" "" 2003-98 "" "Tmz V46" "" "" "" "" "" "" "" "" "" "" "Gaia DR3 1163811724898541440" 231.55815939229 8.30049437073 0.0 0.0 82.0 1636148068921376768 1163811724898541440 847639049 0.0671 0.0504 3.3561 0.0586 57.2827 45.136 -8.006 0.109 -44.42 0.072460264 0.0816 -0.3061 0.0035 -0.1089 -0.3905 -0.0955 0.6667 -0.0298 -0.3386 0.2086 236 9 234 2 5.0336 367.72 0.187 5.5902 31 False 1.649 "" "" "" "" "" "" "" 27 17 0.152935 27 2.922 16.36 0 0 1.243 0 183 1740.61411 20.2024 86.1589 17.585611 0.012899 19 1095.81 42.7953 25.6059 17.739202 0.042494 20 994.205 48.7951 20.3751 17.254206 0.053421 1.201 0.0 0.0 0.0 1.0 0.0 0.484997 0.153591 0.331406 "" "" "" "" "" "" "" "" "" "" "" "" "" "" "" "" "" "" "" "" "" "" VARIABLE 0.983767 0.0 0.000965 "" "" "" "" "" "" "" "" "" "" "" "" "" "" "" "" "" "" "" "" "" "" 231.55819535142 8.30069179374 1.743023 1.12637 0.2233 0.52091
786 6907 "" Boo1 226.174 8.79797222222222 -0.0104 0.0039 -0.00878 0.00389 2003.312 9.0 54.0 UG "" "" "" "" 18.5 v "" "" "" "" 2006-22 "" 2006-22 1985-02 "" "" "" 1985-02 "" "" 1985-02 S "" "" "" "" 1502+09 "" "" "" "" "" "" "" "" "" "" 118552261740147960 226.17395938 8.79790447 0.006 0.004 90.0 436527232 52 56191.90872685 10 89 19.2423 0.0481 19.2785 0.0376 115000 19.382 0.0842 19.5229 0.1029 115000 19.0308 0.0271 19.1962 0.0334 115000 18.8492 0.0641 18.8387 0.0636 115000 18.8744 0.0926 18.8752 0.0682 115000 0.283504 786 6907 "" Boo1 226.174 8.79797222222222 -0.0104 0.0039 -0.00878 0.00389 2003.312 9.0 54.0 UG "" "" "" "" 18.5 v "" "" "" "" 2006-22 "" 2006-22 1985-02 "" "" "" 1985-02 "" "" 1985-02 S "" "" "" "" 1502+09 "" "" "" "" "" "" "" "" "" "" "Gaia DR3 1167630942962176512" 226.17395583917 8.79790132487 0.0 0.0 101.0 1636148068921376768 1167630942962176512 910848199 0.2268 0.197 1.1787 0.2576 4.5753 17.191 -15.22 0.289 -7.992 0.2444372 -0.0565 -0.3372 0.1502 -0.0754 -0.1012 -0.0955 0.006 -0.2164 -0.0776 -0.0082 218 0 218 0 -0.7474 206.99 0.0 0.0 31 True 1.665 "" "" "" "" "" "" "" 25 15 0.405555 25 0.2214 13.59 0 0 0.962 0 216 422.27625 7.44674 56.7062 19.123375 0.019344 20 289.289 20.6216 14.0284 19.185213 0.077446 20 261.054 19.5766 13.335 18.706068 0.081508 1.303 0.0 0.0 0.0 0.0 0.0 0.479145 0.061838 0.417307 "" "" "" "" "" "" "" "" "" "" "" "" "" "" "" "" "" "" "" "" "" "" VARIABLE 0.01522 0.984525 1.5e-05 "" "" "" "" "" "" "" "" "" "" "" "" "" "" "" "" "" "" "" "" "" "" 226.17402428907 8.79793684379 4.602861 3.914781 0.0002 0.299709
800 7808 * Ser2 231.1135833333333 12.035249999999998 "" "" "" "" "" "" "" non-CV "" "" "" "" "" "" "" "" "" "" "" "" "" 1994-49 * "" "" "" "" "" "" "" "" "" "" "" "PG 1522+122" "" "" "" "" "" "" "" "" "" "" 122442311134903042 231.11346142 12.03543328 0.002 0.002 90.0 503635968 60 56166.91296296 5 83 16.0158 0.0018 16.0656 0.0032 115000 16.413 0.0024 16.4683 0.0026 115000 16.763 0.0027 16.8254 0.0045 115000 17.0235 0.0059 17.0641 0.0087 115000 17.1956 0.0055 17.2707 0.0091 115000 0.787143 800 7808 * Ser2 231.1135833333333 12.035249999999998 "" "" "" "" "" "" "" non-CV "" "" "" "" "" "" "" "" "" "" "" "" "" 1994-49 * "" "" "" "" "" "" "" "" "" "" "" "PG 1522+122" "" "" "" "" "" "" "" "" "" "" "Gaia DR3 1169613057485519232" 231.11345799778 12.03543329131 0.0 0.0 67.0 1636148068921376768 1169613057485519232 1233230164 0.0586 0.055 0.5969 0.0717 8.3264 12.285 -12.129 0.082 1.951 0.07342044 0.0655 -0.0596 -0.0589 -0.3068 -0.2369 -0.3082 0.5547 -0.0541 -0.316 0.128 262 0 262 0 3.6805 472.41 0.298 6.2476 31 False 1.845 "" "" "" "" "" "" "" 30 14 0.117122 33 0.08502 48.54 0 0 1.165 0 255 6402.12164 6.30061 1016.11 16.171556 0.002955 27 5235.16 14.9722 349.66 16.041218 0.004175 25 2129.7 11.3901 186.978 16.427097 0.006928 1.15 0.0 0.0 0.0 0.0 0.0 -0.38588 -0.130339 -0.255541 "" "" "" "" "" "" "" "" "" "" "" "" "" "" "" "" "" "" "" "" "" "" NOT_AVAILABLE 0.0 1e-06 5e-05 "" "" "" "" "" "" "" "" "" "" "" "" "" "" "" "" "" "" "" "" "" "" 231.11351311488 12.03542461875 1.315584 1.145154 0.1597 0.793812
819 7796 "" "CT Ser" 236.41279166666664 14.375583333333331 0.004 0.002 -0.016 0.002 2000.0 24.0 48.0 N 0.195 1948.0 "" "" 7.9 v "" 16.6 "" p 2003-115 "" 2003-115 1987-08 "" "" "" 1987-08 "" "" 1992-01 S "" "" 2005-119 "" "" "" "" "" "" "" "" "" "" "" "" 125252364128661008 236.41282937 14.37539749 0.009 0.004 0.0 503636192 60 56144.91079861 5 75 16.6319 0.0298 16.6607 0.0252 115000 16.6426 0.0176 16.6996 0.0156 115000 16.7098 0.0173 16.799 0.0168 115000 16.8001 0.0098 16.8543 0.0108 115000 16.9363 0.0088 17.0072 0.01 115000 0.681833 819 7796 "" "CT Ser" 236.41279166666664 14.375583333333331 0.004 0.002 -0.016 0.002 2000.0 24.0 48.0 N 0.195 1948.0 "" "" 7.9 v "" 16.6 "" p 2003-115 "" 2003-115 1987-08 "" "" "" 1987-08 "" "" 1992-01 S "" "" 2005-119 "" "" "" "" "" "" "" "" "" "" "" "" "Gaia DR3 1192697922589844352" 236.41283054338 14.37538930828 0.0 0.0 59.0 1636148068921376768 1192697922589844352 1792613165 0.0456 0.0428 0.2915 0.0538 5.4152 22.581 3.71 0.055 -22.275 0.05221 0.1128 -0.1419 0.0325 -0.0925 -0.273 -0.0975 0.4726 -0.0976 -0.2421 0.1023 293 0 293 0 1.1193 332.11 0.123 0.88766 31 False 1.718 "" "" "" "" "" "" "" 34 19 0.079753 53 0.05624 41.33 1 0 1.046 0 404 4244.99858 12.6826 334.711 16.617674 0.004256 46 2925.26 33.5206 87.2674 16.673132 0.012751 50 2130.61 38.1853 55.7967 16.426634 0.019822 1.191 0.0 4.0 0.0 4.0 0.0 0.246498 0.055458 0.19104 "" "" "" "" "" "" "" "" "" "" "" "" "" "" "" "" "" "" "" "" "" "" VARIABLE 0.0 0.0 0.999625 19807.0 19762.3 19842.0 4.5535 4.5518 4.555 -0.9971 -0.9994 -0.9927 13074.441 13009.302 13119.35 1.0305 1.0253 1.0355 1.0001 0.9953 1.0048 0.541 0.5383 0.5436 OB 236.41281351962 14.37548830634 0.886118 0.815987 0.1151 0.711526
861 7262 * "V589 Her" 245.52979166666665 19.376861111111108 0.00307 0.0039 -0.0101 0.00389 2004.287 36.0 41.0 UGSU "" "" "" "" 14.1 p < 17.5 "" p 2006-22 "" 2006-22 2002-30 "" "" "" 1982-03 "" "" 1992-01 S "" "" "" * "S 10296" "" "" "" "" "" "" "" "" "" "" 131252455298302685 245.52980651 19.37680522 0.007 0.005 90.0 436527296 52 55843.96861111 5 70 19.1031 0.139 19.2092 0.1444 115000 18.8277 0.1001 18.9177 0.0572 115000 19.0577 0.0681 19.2067 0.0377 115000 18.1836 0.104 18.3328 0.1442 115000 18.2538 0.1245 18.282 0.0993 115000 0.207426 861 7262 * "V589 Her" 245.52979166666665 19.376861111111108 0.00307 0.0039 -0.0101 0.00389 2004.287 36.0 41.0 UGSU "" "" "" "" 14.1 p < 17.5 "" p 2006-22 "" 2006-22 2002-30 "" "" "" 1982-03 "" "" 1992-01 S "" "" "" * "S 10296" "" "" "" "" "" "" "" "" "" "" "Gaia DR3 1201107636054271744" 245.52980705748 19.37680130129 0.0 0.0 66.0 1636148068921376768 1201107636054271744 767065085 0.1209 0.092 0.9745 0.1354 7.1952 10.418 -1.417 0.139 -10.321 0.12610674 0.301 -0.3593 -0.3683 -0.0512 -0.2533 -0.0307 -0.3148 -0.1113 0.0003 0.4173 488 0 488 0 -0.6002 485.95 0.0 0.0 31 False 1.575 "" "" "" "" "" "" "" 56 24 0.223227 61 0.4226 28.72 0 0 0.98 0 515 597.37173 15.3171 39.0004 18.746756 0.027975 57 389.628 33.4429 11.6506 18.861916 0.093233 57 464.549 33.9241 13.6938 18.080317 0.079377 1.43 0.0 0.0 0.0 2.0 0.0 0.781599 0.11516 0.666439 "" "" "" "" "" "" "" "" "" "" "" "" "" "" "" "" "" "" "" "" "" "" VARIABLE 1e-06 0.0 0.999999 "" "" "" "" "" "" "" "" "" "" "" "" "" "" "" "" "" "" "" "" "" "" 245.52981373403 19.37684717115 2.265944 2.048522 0.4072 0.221569
824 7801 * "MR Ser" 238.1965833333333 18.941444444444443 -0.01998 0.0039 -0.01806 0.00389 2004.388 32.0 48.0 AM 0.078798 "" "" "" 14.9 V "" 17.0 "" V 2006-22 "" 2006-22 1984-15 "" "" "" 1982-08 "" "" 1982-08 S "" "" 1991-36 "" "PG 1550+191" U H "" "" "" E R "" "" X 130732381965010415 238.19646708 18.94159457 0.009 0.002 0.0 436527232 52 56176.74667824 10 78 17.2441 0.0433 17.2721 0.0079 115000 17.0247 0.044 17.1281 0.0436 115000 16.7289 0.0637 16.7841 0.0614 115000 15.9186 0.1099 15.9516 0.1197 115000 15.8716 0.0405 15.9366 0.0323 115000 0.669914 824 7801 * "MR Ser" 238.1965833333333 18.941444444444443 -0.01998 0.0039 -0.01806 0.00389 2004.388 32.0 48.0 AM 0.078798 "" "" "" 14.9 V "" 17.0 "" V 2006-22 "" 2006-22 1984-15 "" "" "" 1982-08 "" "" 1982-08 S "" "" 1991-36 "" "PG 1550+191" U H "" "" "" E R "" "" X "Gaia DR3 1203639265875666304" 238.19644846057 18.94162129473 0.0 0.0 53.0 1636148068921376768 1203639265875666304 1172242360 0.0299 0.0277 7.5935 0.0389 195.0958 75.855 -43.686 0.037 62.012 0.034474343 0.2709 -0.1795 -0.0553 -0.2545 -0.206 -0.1752 -0.1039 -0.3009 -0.0364 0.264 359 0 359 0 2.8571 453.54 0.14 2.2523 31 True 1.554 "" "" "" "" "" "" "" 41 21 0.056885 46 0.05566 78.69 1 0 1.108 0 391 7151.84909 201.208 35.5445 16.051321 0.03067 44 4036.54 308.881 13.0683 16.323519 0.083129 44 4923.84 394.095 12.494 15.517136 0.086982 1.253 0.0 12.0 0.0 12.0 0.0 0.806383 0.272198 0.534185 "" "" "" "" "" "" "" "" "" "" "" "" "" "" "" "" "" "" "" "" "" "" VARIABLE 0.885274 0.0 0.000873 "" "" "" "" "" "" "" "" "" "" "" "" "" "" "" "" "" "" "" "" "" "" 238.19665373801 18.94134568652 0.595968 0.555155 0.2833 0.785015
831 7807 * "QZ Ser" 239.227 21.12194444444444 0.00083 0.0039 -0.00806 0.00389 2004.366 35.0 47.0 UG 0.083161 "" "" "" 12.7 p < 14.9 "" p 2006-22 "" 2006-22 2002-22 "" "" "" 2002-22 "" "" 2002-22 X : "" 2002-115 "" HadV4 "" H "" "" "" "" "" "" "" "" 133342392270166887 239.22699569 21.12192815 0.004 0.003 90.0 503636096 60 56019.27487269 5 97 17.876 0.0145 17.946 0.0177 115000 17.2569 0.0053 17.3121 0.0075 115000 16.882 0.0057 16.9258 0.009 115000 16.7032 0.0079 16.7721 0.0074 115000 16.5928 0.0057 16.6886 0.0105 115000 0.060419 831 7807 * "QZ Ser" 239.227 21.12194444444444 0.00083 0.0039 -0.00806 0.00389 2004.366 35.0 47.0 UG 0.083161 "" "" "" 12.7 p < 14.9 "" p 2006-22 "" 2006-22 2002-22 "" "" "" 2002-22 "" "" 2002-22 X : "" 2002-115 "" HadV4 "" H "" "" "" "" "" "" "" "" "Gaia DR3 1204588041329337600" 239.22699931105 21.12192379076 0.0 0.0 24.0 1636148068921376768 1204588041329337600 1185119741 0.0433 0.0531 3.1106 0.0742 41.9055 11.159 5.215 0.064 -9.865 0.075200245 0.2252 -0.1276 -0.2875 -0.2331 -0.1315 -0.1732 -0.1544 -0.0366 0.1011 0.4859 491 0 490 1 1.1307 542.52 0.167 0.9481 31 False 1.47 "" "" "" "" "" "" "" 56 23 0.120059 63 0.0275 160.9 1 0 1.036 0 532 2335.1805 5.88085 397.082 17.266565 0.003882 62 1023.09 14.2527 71.782 17.813763 0.015381 58 1935.64 20.041 96.5839 16.530836 0.01186 1.267 0.0 1.0 0.0 1.0 0.0 1.282927 0.547197 0.735729 "" "" "" "" "" "" "" "" "" "" "" "" "" "" "" "" "" "" "" "" "" "" VARIABLE 0.0 9e-05 0.999886 "" "" "" "" "" "" "" "" "" "" "" "" "" "" "" "" "" "" "" "" "" "" 239.22697446577 21.12196763741 1.044627 1.212535 0.4936 0.074389
813 7800 "" "LX Ser" 234.500375 18.86758333333333 -0.0164 0.0059 0.0054 0.006 2000.0 30.0 51.0 VY 0.158432 "" "" "" 13.3 B "" 17.4 "" B 2004-105 "" 2004-105 1995-41 "" "" "" 1979-05 "" "" 1981-04 S "" "" 1984-21 "" "Stepanian's star" U "" "" "" "" E "" "" "" "" 130642345003391676 234.50032452 18.86759223 0.002 0.002 90.0 503636096 60 56115.32318287 5 77 15.1433 0.0279 15.177 0.0316 115000 15.0411 0.0325 15.0851 0.0328 115000 14.9715 0.0182 15.0232 0.0196 115000 14.9935 0.0172 15.0621 0.0116 115000 15.0275 0.0334 15.0691 0.0375 115000 0.174921 813 7800 "" "LX Ser" 234.500375 18.86758333333333 -0.0164 0.0059 0.0054 0.006 2000.0 30.0 51.0 VY 0.158432 "" "" "" 13.3 B "" 17.4 "" B 2004-105 "" 2004-105 1995-41 "" "" "" 1979-05 "" "" 1981-04 S "" "" 1984-21 "" "Stepanian's star" U "" "" "" "" E "" "" "" "" "Gaia DR3 1209876314302933632" 234.50031845698 18.86759504873 0.0 0.0 53.0 1636148068921376768 1209876314302933632 917326224 0.0201 0.0176 2.028 0.0267 75.94 16.577 -15.416 0.025 6.093 0.025871444 0.4549 -0.2545 -0.1441 -0.0355 -0.0393 -0.0351 -0.2587 -0.0718 -0.1176 0.1067 323 0 321 2 0.1583 340.14 0.041 0.52478 31 True 1.653 "" "" "" "" "" "" "" 37 17 0.037694 37 0.3515 116.0 0 0 1.005 0 308 20847.56163 563.788 36.9777 14.889729 0.029491 37 13405.4 1102.93 12.1543 15.02034 0.089373 37 12404.9 834.749 14.8606 14.513914 0.073159 1.238 0.0 1.0 0.0 1.0 0.0 0.506426 0.130611 0.375814 "" "" "" "" "" "" "" "" "" "" "" "" "" "" "" "" "" "" "" "" "" "" VARIABLE 0.032891 0.0 8.1e-05 "" "" "" "" "" "" "" "" "" "" "" "" "" "" "" "" "" "" "" "" "" "" 234.50039086441 18.86756796717 0.408025 0.418841 0.1087 0.197181
