CV-PS-Gaia.ecsv
# %ECSV 1.0
# ---
# datatype:
# - {name: recno_1, datatype: int64}
# - {name: uid_1, datatype: int64}
# - {name: R_1, datatype: string}
# - {name: GCVS_1, datatype: string}
# - {name: RAJ2000_1, datatype: float64}
# - {name: DEJ2000_1, datatype: float64}
# - {name: pmRA_1, datatype: float64}
# - {name: e_pmRA_1, datatype: float64}
# - {name: pmDE_1, datatype: float64}
# - {name: e_pmDE_1, datatype: float64}
# - {name: Epoch_1, datatype: float64}
# - {name: GLON_1, datatype: float64}
# - {name: GLAT_1, datatype: float64}
# - {name: VarType_1, datatype: string}
# - {name: Per_1, datatype: float64}
# - {name: OutDate_1, datatype: float64}
# - {name: Cl_1, datatype: string}
# - {name: l_Maxmag_1, datatype: string}
# - {name: Maxmag_1, datatype: float64}
# - {name: n_Maxmag_1, datatype: string}
# - {name: l_Minmag_1, datatype: string}
# - {name: Minmag_1, datatype: float64}
# - {name: u_Minmag_1, datatype: float64}
# - {name: n_Minmag_1, datatype: string}
# - {name: ref(Coo)_1, datatype: string}
# - {name: f_ref(Coo)_1, datatype: string}
# - {name: ref(pm)_1, datatype: string}
# - {name: ref(CV)_1, datatype: string}
# - {name: f_ref(CV)_1, datatype: string}
# - {name: ref(CV)2_1, datatype: string}
# - {name: f_ref(CV)2_1, datatype: string}
# - {name: ref(Cha)_1, datatype: string}
# - {name: u_ref(Cha)_1, datatype: string}
# - {name: n_ref(Cha)_1, datatype: string}
# - {name: ref(Sp)_1, datatype: string}
# - {name: n_ref(Sp)_1, datatype: string}
# - {name: u_ref(Sp)_1, datatype: string}
# - {name: f_ref(Sp)_1, datatype: string}
# - {name: ref(Per)_1, datatype: string}
# - {name: f_ref(Per)_1, datatype: string}
# - {name: Names_1, datatype: string}
# - {name: IUE_1, datatype: string}
# - {name: HST_1, datatype: string}
# - {name: ARIEL5_1, datatype: float64}
# - {name: HEAO1_1, datatype: float64}
# - {name: HEAO2_1, datatype: float64}
# - {name: EXOSAT_1, datatype: string}
# - {name: ROSAT_1, datatype: string}
# - {name: GINGA_1, datatype: string}
# - {name: ASCA_1, datatype: string}
# - {name: EUVE_1, datatype: string}
# - {name: objID, datatype: int64}
# - {name: RAJ2000_x_1, datatype: float64}
# - {name: DEJ2000_x_1, datatype: float64}
# - {name: errHalfMaj_1, datatype: float64}
# - {name: errHalfMin_1, datatype: float64}
# - {name: errPosAng_1, datatype: float64}
# - {name: f_objID, datatype: int64}
# - {name: Qual, datatype: int64}
# - {name: Epoch_x, datatype: float64}
# - {name: Ns, datatype: int64}
# - {name: Nd, datatype: int64}
# - {name: gmag, datatype: float64}
# - {name: e_gmag, datatype: float64}
# - {name: gKmag, datatype: float64}
# - {name: e_gKmag, datatype: float64}
# - {name: gFlags, datatype: int64}
# - {name: rmag, datatype: float64}
# - {name: e_rmag, datatype: float64}
# - {name: rKmag, datatype: float64}
# - {name: e_rKmag, datatype: float64}
# - {name: rFlags, datatype: int64}
# - {name: imag, datatype: float64}
# - {name: e_imag, datatype: float64}
# - {name: iKmag, datatype: float64}
# - {name: e_iKmag, datatype: float64}
# - {name: iFlags, datatype: int64}
# - {name: zmag, datatype: float64}
# - {name: e_zmag, datatype: float64}
# - {name: zKmag, datatype: float64}
# - {name: e_zKmag, datatype: float64}
# - {name: zFlags, datatype: int64}
# - {name: ymag, datatype: float64}
# - {name: e_ymag, datatype: float64}
# - {name: yKmag, datatype: float64}
[...]
[from data line 1143]
854 8830 "" Sco 244.25916666666663 -22.977194444444443 "" "" "" "" "" 353.0 19.0 UG "" "" G "" 19.5 x "" 21.5 "" x 2005-92 "" "" 2005-92 "" "" "" 2005-92 "" "" "" "" "" "" "" "" "NGC 6093-CX17" "" H "" "" "" "" "" "" "" "" 80422442588827203 244.2588101 -22.97752129 0.251 0.168 0.0 864346112 103 56092.36376157 4 48 13.822 0.2672 8.7016 0.3182 16892216 12.8109 0.0212 8.054 0.0224 16892984 13.024 "" "" "" 16420 12.354 "" "" "" 114724 12.0289 0.0682 7.3703 0.1528 16892216 1.667672 854 8830 "" Sco 244.25916666666663 -22.977194444444443 "" "" "" "" "" 353.0 19.0 UG "" "" G "" 19.5 x "" 21.5 "" x 2005-92 "" "" 2005-92 "" "" "" 2005-92 "" "" "" "" "" "" "" "" "NGC 6093-CX17" "" H "" "" "" "" "" "" "" "" "Gaia DR3 6050422856259754112" 244.25889325769 -22.97721518353 0.0 0.0 118.0 1636148068921376768 6050422856259754112 633497952 0.2327 0.146 1.0583 0.2348 4.5066 8.645 -5.701 0.251 -6.499 0.23055622 -0.7154 0.3917 -0.0086 -0.4994 -0.2621 -0.1072 0.6545 -0.1676 -0.3145 -0.2256 291 0 291 0 33.813 3088.2 1.183 90.441 95 False "" 1.3595 0.0308 -0.177 0.254 -0.16 0.017 0.076 34 13 0.390477 38 0.1298 17.99 16 68 2.709 0 301 8021.54613 14.3501 558.989 15.926722 0.003371 0 "" "" "" "" "" 0 "" "" "" "" "" "" "" "" "" "" 2.0 "" "" "" "" "" "" "" "" "" "" "" "" "" "" "" "" "" "" "" "" "" "" "" "" "" NOT_AVAILABLE "" "" "" "" "" "" "" "" "" "" "" "" "" "" "" "" "" "" "" "" "" "" "" "" "" 244.25892077897 -22.97718630099 4.027163 3.595035 -0.1987 0.909251
852 8383 * Sco 244.258375 -22.97583333333333 "" "" "" "" "" 353.0 19.0 CV: "" "" G "" "" "" "" "" "" "" 2003-80 "" "" 2003-80 * "" "" "" "" "" "" "" "" "" "" "" "NGC 6093-CX4" "" H "" "" "" "" "" "" "" "" 80422442586009770 244.2583877 -22.97552906 0.001 0.001 90.0 268959744 32 "" 0 17 "" "" 9.7728 0.1816 24 "" "" 9.1131 0.0165 24 "" "" 9.0475 0.0131 24 "" "" "" "" 0 "" "" 8.6387 0.0253 24 1.096192 852 8383 * Sco 244.258375 -22.97583333333333 "" "" "" "" "" 353.0 19.0 CV: "" "" G "" "" "" "" "" "" "" 2003-80 "" "" 2003-80 * "" "" "" "" "" "" "" "" "" "" "" "NGC 6093-CX4" "" H "" "" "" "" "" "" "" "" "Gaia DR3 6050422860560329600" 244.25851741923 -22.97580562891 0.001 0.0 101.0 1636148068921376768 6050422860560329600 1733452028 1.0519 0.3015 "" "" "" "" "" "" "" "" -0.6492 "" "" "" "" "" "" "" "" "" 104 0 104 0 17.0982 584.94 1.116 26.774 3 False "" "" "" "" "" "" "" "" 13 5 2.513702 15 0.2687 110.4 8 86 "" 0 104 5648.16254 44.0055 128.351 16.307598 0.008897 0 "" "" "" "" "" 0 "" "" "" "" "" "" "" "" "" "" 2.0 "" "" "" "" "" "" "" "" "" "" "" "" "" "" "" "" "" "" "" "" "" "" "" "" "" NOT_AVAILABLE "" "" "" "" "" "" "" "" "" "" "" "" "" "" "" "" "" "" "" "" "" "" "" "" "" 244.25851741923 -22.97580562891 1.051889 0.301547 -0.6492 0.482457
853 8385 * Sco 244.25875 -22.9755 "" "" "" "" "" 353.0 19.0 CV: "" "" G "" "" "" "" "" "" "" 2003-80 "" "" 2003-80 * "" "" "" "" "" "" "" "" "" "" "" "NGC 6093-CX15" "" H "" "" "" "" "" "" "" "" 80422442586009770 244.2583877 -22.97552906 0.001 0.001 90.0 268959744 32 "" 0 17 "" "" 9.7728 0.1816 24 "" "" 9.1131 0.0165 24 "" "" 9.0475 0.0131 24 "" "" "" "" 0 "" "" 8.6387 0.0253 24 1.205362 853 8385 * Sco 244.25875 -22.9755 "" "" "" "" "" 353.0 19.0 CV: "" "" G "" "" "" "" "" "" "" 2003-80 "" "" 2003-80 * "" "" "" "" "" "" "" "" "" "" "" "NGC 6093-CX15" "" H "" "" "" "" "" "" "" "" "Gaia DR3 6050422860560346112" 244.25890033231 -22.97544871938 0.001 0.0 67.0 1636148068921376768 6050422860560346112 1615162222 0.477 0.337 "" "" "" "" "" "" "" "" 0.3547 "" "" "" "" "" "" "" "" "" 129 0 127 2 80.8461 10741.0 2.196 397.91 3 False "" "" "" "" "" "" "" "" 15 9 2.227303 34 0.4047 97.52 17 91 "" 0 155 14661.47936 191.166 76.6952 15.271922 0.014422 0 "" "" "" "" "" 0 "" "" "" "" "" "" "" "" "" "" 2.0 "" "" "" "" "" "" "" "" "" "" "" "" "" "" "" "" "" "" "" "" "" "" "" "" "" NOT_AVAILABLE "" "" "" "" "" "" "" "" "" "" "" "" "" "" "" "" "" "" "" "" "" "" "" "" "" 244.25890033231 -22.97544871938 0.476977 0.336954 0.3547 0.531365
856 7728 * "T Sco" 244.26179166666665 -22.97536111111111 "" "" "" "" "" 353.0 19.0 N: "" 1860.39 G "" 7.0 v "" 22.2 "" B 1995-43 "" "" 1987-08 "" "" "" 1995-43 "" * "" "" "" "" "" "" "" "" H "" "" "" "" "" "" "" "" 80422442622449907 244.26224473 -22.97534507 0.0 0.0 90.0 268959744 32 "" 0 15 "" "" 9.2981 0.001 24 "" "" 9.0059 0.0063 24 "" "" 8.893 0.0422 24 "" "" "" "" 24 "" "" 8.227 0.0615 24 1.502753 856 7728 * "T Sco" 244.26179166666665 -22.97536111111111 "" "" "" "" "" 353.0 19.0 N: "" 1860.39 G "" 7.0 v "" 22.2 "" B 1995-43 "" "" 1987-08 "" "" "" 1995-43 "" * "" "" "" "" "" "" "" "" H "" "" "" "" "" "" "" "" "Gaia DR3 6050422860560803456" 244.26170817807 -22.97504184896 0.008 0.001 138.0 1636148068921376768 6050422860560803456 547691918 5.4676 5.9761 "" "" "" "" "" "" "" "" -0.9836 "" "" "" "" "" "" "" "" "" 56 0 54 2 18.6958 561.5 2.778 42.623 3 False "" "" "" "" "" "" "" "" 7 5 22.326235 16 0.3391 74.19 57 73 "" 0 64 3452.80109 100.638 34.3092 16.841938 0.031765 0 "" "" "" "" "" 0 "" "" "" "" "" "" "" "" "" "" 2.0 "" "" "" "" "" "" "" "" "" "" "" "" "" "" "" "" "" "" "" "" "" "" "" "" "" NOT_AVAILABLE "" "" "" "" "" "" "" "" "" "" "" "" "" "" "" "" "" "" "" "" "" "" "" "" "" 244.26170817807 -22.97504184896 5.467586 5.976067 -0.9836 1.182186
851 8382 * Sco 244.25666666666663 -22.97444444444444 "" "" "" "" "" 353.0 19.0 CV: "" "" G "" "" "" "" "" "" "" 2003-80 "" "" 2003-80 * "" "" "" "" "" "" "" "" "" "" "" "NGC 6093-CX3" "" H "" "" "" "" "" "" "" "" 80432442569530866 244.25693429 -22.97443271 0.336 0.038 0.0 461692928 55 56383.12633102 2 39 "" "" "" "" 16440 14.3695 0.0724 8.0083 0.0005 16794680 14.1206 0.1282 7.8225 0.0293 16892216 "" "" 7.705 0.2546 16440 "" "" 7.5066 0.0347 114744 0.888028 851 8382 * Sco 244.25666666666663 -22.97444444444444 "" "" "" "" "" 353.0 19.0 CV: "" "" G "" "" "" "" "" "" "" 2003-80 "" "" 2003-80 * "" "" "" "" "" "" "" "" "" "" "" "NGC 6093-CX3" "" H "" "" "" "" "" "" "" "" "Gaia DR3 6050422860560837632" 244.25662473565 -22.97423479533 0.004 0.0 65.0 1636148068921376768 6050422860560837632 382751094 3.4172 1.6014 "" "" "" "" "" "" "" "" 0.9744 "" "" "" "" "" "" "" "" "" 77 0 76 1 17.395 542.85 2.191 31.99 3 False "" "" "" "" "" "" "" "" 9 6 7.271889 17 7.404 61.9 10 88 "" 0 90 2244.90362 55.6926 40.3088 17.309372 0.027076 0 "" "" "" "" "" 0 "" "" "" "" "" "" "" "" "" "" 2.0 "" "" "" "" "" "" "" "" "" "" "" "" "" "" "" "" "" "" "" "" "" "" "" "" "" NOT_AVAILABLE "" "" "" "" "" "" "" "" "" "" "" "" "" "" "" "" "" "" "" "" "" "" "" "" "" 244.25662473565 -22.97423479533 3.417234 1.601354 0.9744 0.767426
850 8384 * Sco 244.24916666666664 -22.971666666666664 "" "" "" "" "" 353.0 19.0 UG "" "" G "" 19.0 x "" 22.0 "" x 2005-92 "" "" 2005-92 "" "" "" 2005-92 "" * "" "" "" "" "" "" "NGC 6093-CX5" "" H "" "" "" "" "" "" "" "" 80432442494274536 244.24942705 -22.97148746 0.0 0.0 90.0 268959744 32 "" 0 4 "" "" "" "" 0 "" "" "" "" 0 "" "" 11.8238 0.0557 24 "" "" 12.0058 0.001 24 "" "" "" "" 0 1.077523 850 8384 * Sco 244.24916666666664 -22.971666666666664 "" "" "" "" "" 353.0 19.0 UG "" "" G "" 19.0 x "" 22.0 "" x 2005-92 "" "" 2005-92 "" "" "" 2005-92 "" * "" "" "" "" "" "" "NGC 6093-CX5" "" H "" "" "" "" "" "" "" "" "Gaia DR3 6050422929280073856" 244.24943920258 -22.9715392964 0.001 0.0 101.0 1636148068921376768 6050422929280073856 1245194610 0.645 0.4538 -10.5481 0.5953 -17.7202 8.36 -3.89 0.814 -7.399 0.72066206 -0.1422 -0.1879 -0.094 -0.3979 -0.1547 -0.3654 0.4811 0.0358 -0.0776 -0.1567 208 0 206 2 51.0234 4183.9 4.186 146.28 95 False "" 1.6221 0.1173 -0.273 0.046 0.104 0.067 0.076 24 14 1.190251 27 0.2762 113.6 32 18 4.436 0 225 1339.98183 15.0283 89.1639 17.86962 0.012485 0 "" "" "" "" "" 0 "" "" "" "" "" "" "" "" "" "" 0.0 "" "" "" "" "" "" "" "" "" "" "" "" "" "" "" "" "" "" "" "" "" "" "" "" "" NOT_AVAILABLE 0.0 1.0 0.0 "" "" "" "" "" "" "" "" "" "" "" "" "" "" "" "" "" "" "" "" "" "" 244.2494579825 -22.97150641062 13.100109 11.319239 -0.1245 1.013038
872 7434 * "TU Oph" 246.66341666666665 -22.31627777777777 "" "" "" "" "" "" "" non-CV "" "" "" "" "" "" "" "" "" "" "" "" "" 1982-03 * "" "" "" "" "" "" "" "" "" "" "" "HV 1068" "" "" "" "" "" "" "" "" "" "" 81222466631290893 246.66323387 -22.31629322 0.016 0.016 90.0 302067712 36 55759.27145833 0 5 "" "" "" "" 0 "" "" "" "" 0 14.1082 0.0012 14.4412 0.0017 24 "" "" "" "" 0 13.1914 0.0021 11.8719 0.2452 16777496 0.611313 872 7434 * "TU Oph" 246.66341666666665 -22.31627777777777 "" "" "" "" "" "" "" non-CV "" "" "" "" "" "" "" "" "" "" "" "" "" 1982-03 * "" "" "" "" "" "" "" "" "" "" "" "HV 1068" "" "" "" "" "" "" "" "" "" "" "Gaia DR3 6051874147184855936" 246.66357924937 -22.31635967921 0.0 0.0 111.0 1636148068921376768 6051874147184855936 352366180 0.0903 0.0546 0.1983 0.1066 1.8598 4.703 -4.615 0.128 -0.908 0.089757055 -0.4592 0.0729 0.0942 -0.2148 0.0285 -0.1268 0.435 -0.4104 0.1032 -0.2083 410 217 410 0 -2.6672 17840.0 0.745 499.94 95 False "" 1.0755 0.0156 0.085 0.108 0.014 -0.092 -0.179 47 16 0.183823 50 0.837 4.221 0 0 0.907 0 435 64070.98605 2569.53 24.9349 13.670713 0.04363 49 3617.42 1124.39 3.21724 16.442545 0.337486 48 162395.0 19605.1 8.28329 11.721466 0.13113 2.591 0.0 41.0 0.0 0.0 0.0 4.721079 2.771832 1.949247 "" "" "" "" "" "" "" "" "" "" "" "" "" "" "" "" "" "" "" "" "" "" VARIABLE 0.0 0.0 0.999999 "" "" "" "" "" "" "" "" "" "" "" "" "" "" "" "" "" "" "" "" "" "" 246.66360141994 -22.31635564495 2.037797 1.413226 -0.1985 0.616533
688 7017 * "V485 Cen" 194.34675 -33.20155555555555 -0.0237 0.0062 0.0073 0.0062 1991.25 304.0 29.0 UGSU 0.040995 "" "" "" 14.0 V "" 18.2 "" V 1998-89 "" 1998-89 1997-23 "" "" "" 1982-03 "" "" 1998-03 S "" "" 1997-57 "" "HV 10231" "" H "" "" "" "" "" "" "" "" 68151943464288414 194.34635574 -33.20156902 0.001 0.001 90.0 302063616 36 56793.33383102 0 4 "" "" "" "" 0 "" "" "" "" 0 17.9912 0.0248 18.0812 0.0122 280 "" "" "" "" 0 "" "" "" "" 0 1.188617 688 7017 * "V485 Cen" 194.34675 -33.20155555555555 -0.0237 0.0062 0.0073 0.0062 1991.25 304.0 29.0 UGSU 0.040995 "" "" "" 14.0 V "" 18.2 "" V 1998-89 "" 1998-89 1997-23 "" "" "" 1982-03 "" "" 1998-03 S "" "" 1997-57 "" "HV 10231" "" H "" "" "" "" "" "" "" "" "Gaia DR3 6156396643095102464" 194.34633990136 -33.20156744475 0.0 0.0 134.0 1636148068921376768 6156396643095102464 1729496222 0.0611 0.0606 3.0008 0.0737 40.7034 46.847 -46.43 0.091 6.235 0.0616499 -0.3422 -0.4157 0.1327 0.0544 0.2282 -0.1226 -0.1256 0.0255 -0.2216 -0.0502 311 0 310 1 4.2337 438.55 0.215 3.0793 31 False 1.583 "" "" "" "" "" "" "" 36 18 0.126797 39 0.4003 106.2 0 0 1.175 0 271 1287.24597 13.01 98.9426 17.913214 0.011314 31 766.74 26.4487 28.9897 18.126923 0.037556 29 827.693 30.0558 27.5386 17.453222 0.039607 1.239 0.0 0.0 0.0 1.0 0.0 0.6737 0.213709 0.459991 "" "" "" "" "" "" "" "" "" "" "" "" "" "" "" "" "" "" "" "" "" "" VARIABLE 0.983767 0.0 0.000965 "" "" "" "" "" "" "" "" "" "" "" "" "" "" "" "" "" "" "" "" "" "" 194.34658651893 -33.20159515637 1.452202 0.995824 -0.0456 1.23608
728 7296 "" "LY Hya" 202.97441666666663 -29.68316666666666 0.0255 0.0058 -0.0113 0.0077 1991.25 313.0 32.0 UG: 0.0748 "" "" "" 14.4 V "" 18.4 "" V 2004-109 "" 2004-109 1983-02 "" "" "" 1983-02 "" "" 1983-02 S "" "" 1994-67 "" "Hya2; 1329-294" "" "" "" "" "" "" "" "" "" "" 72382029745690554 202.97457761 -29.68309698 0.011 0.004 0.0 503636096 60 56119.12226852 5 74 17.8579 0.1315 17.904 0.1147 115000 17.4991 0.0423 17.5211 0.0214 115000 17.5632 0.0783 17.68 0.079 115000 17.2235 0.0452 17.2991 0.0448 115000 17.1728 0.0117 17.2475 0.0273 115000 0.562418 728 7296 "" "LY Hya" 202.97441666666663 -29.68316666666666 0.0255 0.0058 -0.0113 0.0077 1991.25 313.0 32.0 UG: 0.0748 "" "" "" 14.4 V "" 18.4 "" V 2004-109 "" 2004-109 1983-02 "" "" "" 1983-02 "" "" 1983-02 S "" "" 1994-67 "" "Hya2; 1329-294" "" "" "" "" "" "" "" "" "" "" "Gaia DR3 6175970630128957568" 202.97458363079 -29.68309784759 0.0 0.0 84.0 1636148068921376768 6175970630128957568 1338751745 0.1092 0.0731 3.0557 0.1297 23.5534 13.126 12.65 0.148 -3.503 0.08729187 0.0906 -0.4318 0.0924 -0.0969 -0.3721 0.0439 -0.2554 0.082 0.3553 -0.0416 342 0 340 2 0.4582 360.74 0.0 0.0 31 False 1.583 "" "" "" "" "" "" "" 39 16 0.205327 41 0.1216 22.22 0 0 1.017 0 338 863.79462 22.953 37.6332 18.34634 0.028982 38 540.796 44.0801 12.2685 18.505959 0.088542 37 639.331 44.2312 14.4543 17.733582 0.07521 1.366 0.0 0.0 0.0 0.0 0.0 0.772377 0.159618 0.612759 "" "" "" "" "" "" "" "" "" "" "" "" "" "" "" "" "" "" "" "" "" "" VARIABLE 0.0 0.0 1.0 "" "" "" "" "" "" "" "" "" "" "" "" "" "" "" "" "" "" "" "" "" "" 202.9745189174 -29.68308228038 2.363056 1.417115 -0.0387 0.577987
705 7030 * "V1043 Cen" 198.32141666666664 -32.98672222222222 -0.0177 0.0024 -0.0376 0.0016 1991.25 308.0 30.0 AM 0.174592 "" "" "" 16.0 V "" "" "" "" 2004-109 "" 2004-109 2000-02 "" "" "" 2000-02 "" "" 2000-02 S "" "" 2000-02 "" "RX J1313-3259" "" H "" "" "" "" R "" "" "" 68411983212406005 198.3212291 -32.98693138 26.624 6.269 90.0 369254400 44 56628.77351852 0 4 16.065 "" "" "" 4 15.008 "" "" "" 4 14.9459 0.019 15.0224 0.0218 280 14.189 "" "" "" 4 14.015 "" "" "" 4 0.942208 705 7030 * "V1043 Cen" 198.32141666666664 -32.98672222222222 -0.0177 0.0024 -0.0376 0.0016 1991.25 308.0 30.0 AM 0.174592 "" "" "" 16.0 V "" "" "" "" 2004-109 "" 2004-109 2000-02 "" "" "" 2000-02 "" "" 2000-02 S "" "" 2000-02 "" "RX J1313-3259" "" H "" "" "" "" R "" "" "" "Gaia DR3 6179636986011888512" 198.32120650509 -32.98693725744 0.0 0.0 113.0 1636148068921376768 6179636986011888512 797732051 0.0284 0.0242 5.7403 0.0368 156.0943 38.615 -19.778 0.034 -33.165 0.029172229 -0.1654 -0.3015 -0.186 -0.1479 -0.0456 -0.0432 -0.2749 -0.0026 0.4012 -0.2554 263 0 263 0 6.0972 431.16 0.161 6.0879 31 True 1.419 "" "" "" "" "" "" "" 30 16 0.050052 34 0.01084 31.4 0 0 1.279 0 278 19411.8399 257.513 75.3821 14.9672 0.014664 33 7683.33 446.912 17.192 15.624668 0.063215 33 17807.9 444.976 40.0198 14.121367 0.027392 1.313 0.0 0.0 0.0 0.0 0.0 1.503302 0.657468 0.845834 "" "" "" "" "" "" "" "" "" "" "" "" "" "" "" "" "" "" "" "" "" "" VARIABLE 0.0 0.0 0.999988 3768.4 3763.7 3773.0 4.807 4.7991 4.8128 -0.3875 -0.4144 -0.3644 174.8065 173.4703 176.0503 0.0015 0.0003 0.0035 0.0011 0.0002 0.0025 0.0006 0.0001 0.0014 MARCS 198.32131130314 -32.9867898586 0.548046 0.473968 -0.2395 1.001005
693 8532 * Cen 195.121125 -30.882388888888883 -0.022 0.012 0.018 0.007 2000.0 305.0 32.0 CV "" "" "" "" 15.5 V "" 18.7 "" V 2003-115 "" 2003-115 2004-58 "" "" "" 2004-58 "" "" 2004-58 S "" "" "" * "CTCV J1300-3052" "" "" "" "" "" "" "" "" "" "" 70941951210961317 195.1210536 -30.88244954 0.011 0.004 90.0 503636096 60 55912.3937037 5 25 18.872 0.0585 19.0078 0.0577 115000 18.4416 0.004 18.569 0.027 115000 18.2033 0.015 18.2519 0.046 115000 17.8218 0.1272 17.688 0.0543 115000 17.6219 0.023 17.772 0.0311 115000 0.310383 693 8532 * Cen 195.121125 -30.882388888888883 -0.022 0.012 0.018 0.007 2000.0 305.0 32.0 CV "" "" "" "" 15.5 V "" 18.7 "" V 2003-115 "" 2003-115 2004-58 "" "" "" 2004-58 "" "" 2004-58 S "" "" "" * "CTCV J1300-3052" "" "" "" "" "" "" "" "" "" "" "Gaia DR3 6184077776037155072" 195.12104520918 -30.88244520135 0.0 0.0 88.0 1636148068921376768 6184077776037155072 221405965 0.1669 0.0828 2.7256 0.1677 16.252 13.908 -9.786 0.2 9.882 0.13038896 0.057 -0.2564 -0.2795 -0.2327 -0.6271 -0.2205 -0.1932 0.1394 0.5175 -0.2437 316 0 316 0 1.3063 359.17 0.141 0.33001 31 False 1.523 "" "" "" "" "" "" "" 36 16 0.287206 39 0.3924 12.55 0 0 1.052 0 293 631.18956 12.902 48.922 18.686968 0.022364 32 349.424 25.4309 13.7401 18.98016 0.079069 30 535.127 23.4206 22.8486 17.926754 0.047669 1.401 0.0 0.0 0.0 0.0 0.0 1.053406 0.293192 0.760214 "" "" "" "" "" "" "" "" "" "" "" "" "" "" "" "" "" "" "" "" "" "" VARIABLE 0.0 0.0 1.0 "" "" "" "" "" "" "" "" "" "" "" "" "" "" "" "" "" "" "" "" "" "" 195.12109588663 -30.88248912229 3.257009 2.103792 -0.2174 0.319171
