PN-Gaia-distance.ecsv
# %ECSV 1.0
# ---
# datatype:
# - {name: recno_1, datatype: int64}
# - {name: Astrom_1, datatype: string}
# - {name: PNG_1, datatype: string}
# - {name: OName_1, datatype: string}
# - {name: GaiaEDR3_1, datatype: int64}
# - {name: Group_1, datatype: string}
# - {name: RA_ICRS_1, datatype: float64}
# - {name: DE_ICRS_1, datatype: float64}
# - {name: Dang_1, datatype: float64}
# - {name: Gmag_1, datatype: float64}
# - {name: BP-RP_1, datatype: float64}
# - {name: AV_1, datatype: float64}
# - {name: (BP-RP)0_1, datatype: float64}
# - {name: _RA_icrs_1, datatype: float64}
# - {name: _DE_icrs_1, datatype: float64}
# - {name: Source_1, datatype: int64}
# - {name: RA_ICRS_x, datatype: float64}
# - {name: DE_ICRS_x, datatype: float64}
# - {name: rgeo, datatype: float64}
# - {name: b_rgeo_x, datatype: float64}
# - {name: B_rgeo_xa, datatype: float64}
# - {name: rpgeo, datatype: float64}
# - {name: b_rpgeo_x, datatype: float64}
# - {name: B_rpgeo_xa, datatype: float64}
# - {name: Flag, datatype: int64}
# - {name: angDist_1, datatype: float64}
# - {name: recno_2, datatype: int64}
# - {name: Astrom_2, datatype: string}
# - {name: PNG_2, datatype: string}
# - {name: OName_2, datatype: string}
# - {name: GaiaEDR3_2, datatype: int64}
# - {name: Group_2, datatype: string}
# - {name: RA_ICRS_2, datatype: float64}
# - {name: DE_ICRS_2, datatype: float64}
# - {name: Dang_2, datatype: float64}
# - {name: Gmag_2, datatype: float64}
# - {name: BP-RP_2, datatype: float64}
# - {name: AV_2, datatype: float64}
# - {name: (BP-RP)0_2, datatype: float64}
# - {name: _RA_icrs_2, datatype: float64}
# - {name: _DE_icrs_2, datatype: float64}
# - {name: DR3Name, datatype: string}
# - {name: RAdeg, datatype: float64}
# - {name: DEdeg, datatype: float64}
# - {name: errHalfMaj, datatype: float64}
# - {name: errHalfMin, datatype: float64}
# - {name: errPosAng, datatype: float64}
# - {name: SolID, datatype: int64}
# - {name: Source_2, datatype: int64}
# - {name: RandomI, datatype: int64}
# - {name: e_RAdeg, datatype: float64}
# - {name: e_DEdeg, datatype: float64}
# - {name: Plx, datatype: float64}
# - {name: e_Plx, datatype: float64}
# - {name: RPlx, datatype: float64}
# - {name: PM, datatype: float64}
# - {name: pmRA, datatype: float64}
# - {name: e_pmRA, datatype: float64}
# - {name: pmDE, datatype: float64}
# - {name: e_pmDE, datatype: float64}
# - {name: RADEcor, datatype: float64}
# - {name: RAPlxcor, datatype: float64}
# - {name: RApmRAcor, datatype: float64}
# - {name: RApmDEcor, datatype: float64}
# - {name: DEPlxcor, datatype: float64}
# - {name: DEpmRAcor, datatype: float64}
# - {name: DEpmDEcor, datatype: float64}
# - {name: PlxpmRAcor, datatype: float64}
# - {name: PlxpmDEcor, datatype: float64}
# - {name: pmRApmDEcor, datatype: float64}
# - {name: NAL, datatype: int64}
# - {name: NAC, datatype: int64}
# - {name: NgAL, datatype: int64}
# - {name: NbAL, datatype: int64}
# - {name: gofAL, datatype: float64}
# - {name: chi2AL, datatype: float64}
# - {name: epsi, datatype: float64}
# - {name: sepsi, datatype: float64}
# - {name: Solved, datatype: int64}
# - {name: APF, datatype: bool}
# - {name: nueff, datatype: float64}
# - {name: pscol, datatype: float64}
# - {name: e_pscol, datatype: float64}
# - {name: RApscolCorr, datatype: float64}
# - {name: DEpscolCorr, datatype: float64}
[...]
# - {name: RAJ2000, datatype: float64}
# - {name: DEJ2000, datatype: float64}
# - {name: e_RAJ2000, datatype: float64}
# - {name: e_DEJ2000, datatype: float64}
# - {name: RADEcorJ2000, datatype: float64}
# - {name: angDist_2, datatype: float64}
# schema: astropy-2.0
recno_1 Astrom_1 PNG_1 OName_1 GaiaEDR3_1 Group_1 RA_ICRS_1 DE_ICRS_1 Dang_1 Gmag_1 BP-RP_1 AV_1 (BP-RP)0_1 _RA_icrs_1 _DE_icrs_1 Source_1 RA_ICRS_x DE_ICRS_x rgeo b_rgeo_x B_rgeo_xa rpgeo b_rpgeo_x B_rpgeo_xa Flag angDist_1 recno_2 Astrom_2 PNG_2 OName_2 GaiaEDR3_2 Group_2 RA_ICRS_2 DE_ICRS_2 Dang_2 Gmag_2 BP-RP_2 AV_2 (BP-RP)0_2 _RA_icrs_2 _DE_icrs_2 DR3Name RAdeg DEdeg errHalfMaj errHalfMin errPosAng SolID Source_2 RandomI e_RAdeg e_DEdeg Plx e_Plx RPlx PM pmRA e_pmRA pmDE e_pmDE RADEcor RAPlxcor RApmRAcor RApmDEcor DEPlxcor DEpmRAcor DEpmDEcor PlxpmRAcor PlxpmDEcor pmRApmDEcor NAL NAC NgAL NbAL gofAL chi2AL epsi sepsi Solved APF nueff pscol e_pscol RApscolCorr DEpscolCorr PlxpscolCorr pmRApscolCorr pmDEpscolCorr MatchObsA Nper amax MatchObs IPDgofha IPDgofhp IPDfmp IPDfow RUWE Dup o_Gmag FG e_FG RFG Gmag_x e_Gmag o_BPmag FBP e_FBP RFBP BPmag e_BPmag o_RPmag FRP e_FRP RFRP RPmag e_RPmag E(BP/RP) NBPcont NBPblend NRPcont NRPblend Mode BP-RP_x BP-G G-RP RV e_RV n_RV o_RV o_RVd RVNper RVS/N RVgof RVchi2 RVTdur RVamp RVtempTeff RVtemplogg RVtemp[Fe/H] Vatmparam vbroad e_Vbroad o_Vbroad GRVSmag e_GRVSmag o_GRVSmag RVSS/N VarFlag PQSO PGal PSS Teff b_Teff_x B_Teff_xa logg b_logg_x B_logg_xa [Fe/H] b_[Fe/H]_x B_[Fe/H]_xa Dist b_Dist_x B_Dist_xa A0 b_A0_x B_A0_xa AG b_AG_x B_AG_xa E(BP-RP) b_E(BP-RP)_x B_E(BP-RP)_xa Lib RAJ2000 DEJ2000 e_RAJ2000 e_DEJ2000 RADEcorJ2000 angDist_2
[from data line 147]
181 "" "PN G005.5-02.5" M3-24 4065669098214601600 B 271.9746 -25.401 0.65 19.03 1.0 1.52 0.23 271.9746 -25.401 4065669098214601600 271.97462564432 -25.40098466091 3773.62354 2214.80591 5485.37646 8400.73242 6481.31445 10590.6816 10033 0.09821 181 "" "PN G005.5-02.5" M3-24 4065669098214601600 B 271.9746 -25.401 0.65 19.03 1.0 1.52 0.23 271.9746 -25.401 "Gaia DR3 4065669098214601600" 271.97462564432 -25.40098466091 0.0 0.0 69.0 1636148068921376768 4065669098214601600 581406381 0.3899 0.3283 0.6753 0.4424 1.5263 17.181 -11.107 0.486 -13.108 0.348 0.1595 0.1228 0.0347 0.1699 -0.4262 0.1312 -0.369 -0.1504 0.2625 0.3688 198 0 196 2 6.8917 370.93 1.497 3.4933 95 False "" 1.4533 0.0909 -0.192 0.022 -0.004 -0.089 -0.158 23 14 0.710769 23 0.1275 7.849 2 0 1.372 0 194 461.19383 4.4011 104.791 19.027658 0.010721 6 2612.96 77.007 33.9314 16.795712 0.032119 7 3802.58 87.1275 43.6439 15.797699 0.025163 13.911 0 6 0 7 0 0.998013 -2.231947 3.229959 "" "" "" "" "" "" "" "" "" "" "" "" "" "" "" "" "" "" "" "" "" "" NOT_AVAILABLE 0.0 0.967255 0.032745 "" "" "" "" "" "" "" "" "" "" "" "" "" "" "" "" "" "" "" "" "" "" 271.97468029196 -25.40092640426 7.777424 5.693972 0.3452 0.09821
182 "" "PN G005.5-02.8" MGE005.5423-02.8069 4064902326296851456 B 272.2617 -25.548 1.44 16.08 1.21 2.66 -0.15 272.2617 -25.548 4064902326296851456 272.26169002516 -25.54803646613 8315.20996 6569.2627 9871.9707 6509.57227 5366.91992 7993.87549 10033 0.134044 182 "" "PN G005.5-02.8" MGE005.5423-02.8069 4064902326296851456 B 272.2617 -25.548 1.44 16.08 1.21 2.66 -0.15 272.2617 -25.548 "Gaia DR3 4064902326296851456" 272.26169002516 -25.54803646613 0.0 0.0 56.0 1636148068921376768 4064902326296851456 1450680328 0.0528 0.0474 0.0412 0.053 0.7785 6.734 0.074 0.066 -6.733 0.048 0.2705 -0.0086 -0.3815 -0.1357 -0.3122 -0.0435 -0.6297 -0.1295 0.2303 0.1558 213 0 208 5 0.3995 219.62 0.0 0.0 31 False 1.483 "" "" "" "" "" "" "" 25 15 0.095904 26 0.06633 2.544 0 0 1.018 0 216 6939.80608 11.7234 591.96 16.083998 0.00331 25 3172.04 14.4721 219.183 16.585196 0.005685 24 5623.39 65.2753 86.1488 15.3729 0.013158 1.267 0 25 0 23 0 1.212296 0.501198 0.711098 "" "" "" "" "" "" "" "" "" "" "" "" "" "" "" "" "" "" "" "" "" "" NOT_AVAILABLE 0.0 0.0 0.999982 "" "" "" "" "" "" "" "" "" "" "" "" "" "" "" "" "" "" "" "" "" "" 272.26168965868 -25.54800654062 1.076079 0.801843 0.1566 0.134044
183 "" "PN G005.7+04.5" PTB5 4117204612583552256 B 265.412 -21.7427 0.28 19.06 0.49 2.02 -0.59 265.412 -21.7427 4117204612583552256 265.41203721856 -21.74268489903 6257.86621 4403.93408 8228.75098 8729.8457 7151.75244 10721.5625 10023 0.136654 183 "" "PN G005.7+04.5" PTB5 4117204612583552256 B 265.412 -21.7427 0.28 19.06 0.49 2.02 -0.59 265.412 -21.7427 "Gaia DR3 4117204612583552256" 265.41203721856 -21.74268489903 0.0 0.0 64.0 1636148068921376768 4117204612583552256 960522159 0.2606 0.2021 0.2725 0.2722 1.0008 4.858 -0.805 0.352 -4.791 0.208 0.3335 -0.112 -0.236 -0.208 -0.224 -0.1985 -0.7284 -0.1384 0.2104 0.3941 415 0 412 3 0.9056 445.94 0.0 0.0 95 False "" 1.4731 0.052 -0.062 -0.003 0.119 -0.149 -0.172 48 19 0.514832 48 0.06263 4.916 0 0 1.031 0 402 449.63917 1.65488 271.704 19.055206 0.004854 43 1961.11 20.7847 94.3535 17.10729 0.011841 41 1794.27 11.4806 156.287 16.613178 0.007909 8.352 0 43 0 41 0 0.494112 -1.947916 2.442028 "" "" "" "" "" "" "" "" "" "" "" "" "" "" "" "" "" "" "" "" "" "" NOT_AVAILABLE 0.0 0.00272 0.99728 "" "" "" "" "" "" "" "" "" "" "" "" "" "" "" "" "" "" "" "" "" "" 265.4120410719 -21.74266360698 5.693458 3.474174 0.394 0.136654
184 "" "PN G005.7-05.3" M2-38 4052583840315474560 B 274.8549 -26.5888 0.38 18.79 0.65 1.4 -0.09 274.8549 -26.5888 4052583840315474560 274.85488621795 -26.58878160155 5511.25195 3876.92676 7391.99268 9754.50098 8986.41211 11341.2646 10033 0.081013 184 "" "PN G005.7-05.3" M2-38 4052583840315474560 B 274.8549 -26.5888 0.38 18.79 0.65 1.4 -0.09 274.8549 -26.5888 "Gaia DR3 4052583840315474560" 274.85488621795 -26.58878160155 0.0 0.0 59.0 1636148068921376768 4052583840315474560 1695288826 0.2372 0.2179 0.3024 0.2903 1.0419 2.432 1.689 0.3 -1.749 0.223 0.1542 -0.1092 -0.1423 -0.0491 -0.4535 0.084 -0.4536 -0.2806 0.2187 0.0449 185 0 184 1 -0.2228 181.5 0.0 0.0 95 False "" 1.6829 0.0654 -0.064 0.146 -0.2 -0.164 -0.318 21 16 0.422456 21 0.179 175.7 2 0 0.986 0 185 574.18776 4.26706 134.563 18.789732 0.008526 13 1177.82 83.9979 14.022 17.660847 0.077481 12 1241.5 26.4597 46.9205 17.013025 0.023447 4.213 0 6 0 7 0 0.647821 -1.128885 1.776707 "" "" "" "" "" "" "" "" "" "" "" "" "" "" "" "" "" "" "" "" "" "" NOT_AVAILABLE 0.0 0.00017 0.99983 "" "" "" "" "" "" "" "" "" "" "" "" "" "" "" "" "" "" "" "" "" "" 274.85487782197 -26.58877382818 4.840773 3.671042 0.0411 0.081013
185 "" "PN G005.8+02.2a" MPAJ1750-2248a 4068900524147714688 B 267.5864 -22.8068 0.69 17.49 1.64 2.71 0.33 267.5864 -22.8068 4068900524147714688 267.58637737056 -22.80678973474 8776.69141 6172.41553 11515.0439 6321.8999 4593.45068 7855.37305 10033 0.085079 185 "" "PN G005.8+02.2a" MPAJ1750-2248a 4068900524147714688 B 267.5864 -22.8068 0.69 17.49 1.64 2.71 0.33 267.5864 -22.8068 "Gaia DR3 4068900524147714688" 267.58637737056 -22.80678973474 0.0 0.0 71.0 1636148068921376768 4068900524147714688 1591430368 0.0998 0.0791 -0.1578 0.1224 -1.2894 8.463 -1.811 0.144 -8.267 0.087 0.1902 -0.115 -0.0582 -0.0326 -0.4291 -0.0935 -0.7799 0.0142 0.507 0.3021 486 0 484 2 3.0373 610.27 0.347 2.9137 95 False "" 1.4017 0.0198 -0.125 -0.079 -0.06 0.115 -0.099 55 17 0.205061 55 0.03884 26.88 1 0 1.099 0 481 1901.25223 3.55455 534.878 17.489767 0.003422 54 749.335 8.43355 88.8516 18.151854 0.012534 51 1963.14 13.3126 147.465 16.515518 0.008276 1.427 0 1 0 1 0 1.636335 0.662086 0.974249 "" "" "" "" "" "" "" "" "" "" "" "" "" "" "" "" "" "" "" "" "" "" NOT_AVAILABLE 0.0 0.0 0.999992 "" "" "" "" "" "" "" "" "" "" "" "" "" "" "" "" "" "" "" "" "" "" 267.58638610093 -22.80675299431 2.313175 1.448685 0.2949 0.085079
186 "" "PN G005.8+02.2b" MPAJ1750-2248b 4068900631529845120 B 267.6098 -22.8143 0.44 19.73 2.2 3.13 0.82 267.6098 -22.8143 4068900631529845120 267.60978196912 -22.81432534685 1995.82812 861.395752 3103.03979 7083.7334 5170.81494 9311.46777 10033 0.107504 186 "" "PN G005.8+02.2b" MPAJ1750-2248b 4068900631529845120 B 267.6098 -22.8143 0.44 19.73 2.2 3.13 0.82 267.6098 -22.8143 "Gaia DR3 4068900631529845120" 267.60978196912 -22.81432534685 0.001 0.0 61.0 1636148068921376768 4068900631529845120 982152107 0.4938 0.4013 1.5759 0.5224 3.0163 5.044 -0.373 0.563 -5.03 0.377 0.3447 -0.096 -0.3156 -0.2098 -0.3473 -0.0306 -0.8225 -0.1885 0.4024 0.1466 404 0 402 2 -0.6855 431.94 0.778 0.74637 95 False "" 1.1237 0.0862 -0.118 -0.125 -0.124 0.025 -0.077 46 15 0.816064 47 0.06961 12.27 0 8 0.975 0 398 240.51572 1.06308 226.244 19.734509 0.005534 15 100.424 7.21312 13.9224 20.33395 0.078035 17 442.902 17.335 25.5495 18.132128 0.042663 2.259 0 15 0 17 0 2.201822 0.599442 1.602381 "" "" "" "" "" "" "" "" "" "" "" "" "" "" "" "" "" "" "" "" "" "" NOT_AVAILABLE 0.0 0.0 0.999995 "" "" "" "" "" "" "" "" "" "" "" "" "" "" "" "" "" "" "" "" "" "" 267.60978376795 -22.81430299049 9.179623 6.362668 0.1501 0.107504
187 "" "PN G005.8-09.2" PPAJ1835-2811 4048631478276339840 A 278.8376 -28.1979 0.59 18.62 -0.09 0.53 -0.38 278.8376 -28.1979 4048631478276339840 278.8375836532 -28.19792526987 2843.44727 1683.54712 3878.79834 1204.79407 1010.71533 1490.44666 10011 0.102312 187 "" "PN G005.8-09.2" PPAJ1835-2811 4048631478276339840 A 278.8376 -28.1979 0.59 18.62 -0.09 0.53 -0.38 278.8376 -28.1979 "Gaia DR3 4048631478276339840" 278.8375836532 -28.19792526987 0.0 0.0 48.0 1636148068921376768 4048631478276339840 838296027 0.1934 0.1842 0.6937 0.2006 3.458 7.765 -3.524 0.239 -6.92 0.217 0.4147 -0.0798 -0.2906 -0.2705 -0.2919 -0.2029 -0.4117 -0.0451 0.2432 0.4774 219 8 217 2 1.6195 262.21 0.588 1.5759 95 False "" 1.7303 0.0494 -0.151 0.074 0.137 0.241 0.077 25 14 0.398097 25 0.1357 96.24 0 0 1.078 0 215 668.82877 2.53493 263.845 18.624079 0.004952 10 822.386 20.5147 40.0875 18.050854 0.027227 10 439.583 11.663 37.6905 18.140295 0.029053 1.887 0 2 0 1 0 -0.089441 -0.573225 0.483784 "" "" "" "" "" "" "" "" "" "" "" "" "" "" "" "" "" "" "" "" "" "" NOT_AVAILABLE 0.0 3e-06 0.999996 "" "" "" "" "" "" "" "" "" "" "" "" "" "" "" "" "" "" "" "" "" "" 278.837601423 -28.19789451622 3.879849 3.545567 0.484 0.102312
188 "" "PN G005.9-09.8" CGMW4-2031 4048380549113958272 B 279.4778 -28.4592 1.89 20.26 0.25 0.71 -0.14 279.4778 -28.4592 4048380549113958272 279.47782398541 -28.45915377679 6141.45801 4189.96094 7680.63525 4695.76807 3503.69556 7591.06738 20023 0.182592 188 "" "PN G005.9-09.8" CGMW4-2031 4048380549113958272 B 279.4778 -28.4592 1.89 20.26 0.25 0.71 -0.14 279.4778 -28.4592 "Gaia DR3 4048380549113958272" 279.47782398541 -28.45915377679 0.001 0.001 48.0 1636148068921376768 4048380549113958272 420416222 0.9361 0.8735 -1.5427 0.8358 -1.8458 7.225 -0.048 1.603 -7.224 1.447 0.6234 0.3814 -0.1771 -0.2861 0.2623 -0.3272 -0.3076 -0.2155 -0.0646 0.7343 144 0 143 1 -0.1469 142.11 0.0 0.0 95 False "" 1.7825 0.2371 0.208 0.389 0.252 -0.01 -0.098 17 11 2.812453 17 0.4487 176.6 5 0 0.989 0 141 147.65032 1.31446 112.328 20.26428 0.010051 12 154.66 6.60188 23.4267 19.865095 0.04643 12 112.504 7.26332 15.4893 19.619978 0.070198 1.809 0 0 0 0 0 0.245117 -0.399185 0.644302 "" "" "" "" "" "" "" "" "" "" "" "" "" "" "" "" "" "" "" "" "" "" NOT_AVAILABLE 0.000108 0.0 0.99989 "" "" "" "" "" "" "" "" "" "" "" "" "" "" "" "" "" "" "" "" "" "" 279.47782422968 -28.45912166794 25.827282 23.427823 0.7435 0.182592
189 "" "PN G006.0+02.8" Th4-3 4068994601118701312 B 267.1559 -22.2803 0.47 16.07 1.51 2.51 0.28 267.1559 -22.2803 4068994601118701312 267.15588574837 -22.28033084089 7933.57422 6106.3252 10503.127 5790.28369 4577.1416 9299.96875 10133 0.120287 189 "" "PN G006.0+02.8" Th4-3 4068994601118701312 B 267.1559 -22.2803 0.47 16.07 1.51 2.51 0.28 267.1559 -22.2803 "Gaia DR3 4068994601118701312" 267.15588574837 -22.28033084089 0.0 0.0 65.0 1636148068921376768 4068994601118701312 591166144 0.0596 0.0452 0.0644 0.0646 0.997 3.384 0.046 0.074 -3.384 0.046 0.3295 -0.1993 -0.0777 -0.1741 -0.3052 -0.1279 -0.7506 -0.1004 0.3233 0.3587 451 0 450 1 5.3199 768.95 0.303 8.3505 95 False "" 1.3744 0.0103 0.055 -0.024 0.007 -0.077 -0.116 51 18 0.107458 52 0.1109 176.5 0 0 1.183 0 446 7061.77955 18.6305 379.044 16.06508 0.003974 48 3948.49 25.6336 154.036 16.347464 0.007581 47 9179.48 30.1663 304.296 14.84085 0.005198 1.859 0 28 0 27 0 1.506614 0.282383 1.224231 "" "" "" "" "" "" "" "" "" "" "" "" "" "" "" "" "" "" "" "" "" "" NOT_AVAILABLE 0.0 1.1e-05 0.99994 "" "" "" "" "" "" "" "" "" "" "" "" "" "" "" "" "" "" "" "" "" "" 267.15588552791 -22.28031580171 1.195397 0.769662 0.3576 0.120287
190 "" "PN G006.0+03.1" M1-28 4117036254171342208 B 266.909 -22.1051 1.75 19.96 1.16 2.28 0.0 266.909 -22.1051 4117036254171342208 266.9090418406 -22.10511937382 5260.83545 3187.65576 7372.37012 8309.30664 6904.05127 10185.2217 10033 0.155009 190 "" "PN G006.0+03.1" M1-28 4117036254171342208 B 266.909 -22.1051 1.75 19.96 1.16 2.28 0.0 266.909 -22.1051 "Gaia DR3 4117036254171342208" 266.9090418406 -22.10511937382 0.001 0.0 56.0 1636148068921376768 4117036254171342208 21732967 0.6272 0.5145 0.9514 0.6333 1.5024 5.991 -3.467 0.7 -4.885 0.46 0.4758 -0.3469 -0.0927 -0.245 -0.4579 0.1402 -0.7425 -0.189 0.3709 0.0596 298 0 289 9 -1.5673 296.24 0.0 0.0 95 False "" 1.0515 0.1208 -0.118 -0.071 0.086 -0.094 -0.149 34 13 0.977591 34 0.02867 178.2 8 0 0.934 0 287 194.80279 1.59514 122.123 19.963379 0.009308 22 582.772 21.8134 26.7162 18.424795 0.040735 23 984.732 17.3419 56.7834 17.2646 0.019491 8.047 0 5 0 6 0 1.160194 -1.538584 2.698778 "" "" "" "" "" "" "" "" "" "" "" "" "" "" "" "" "" "" "" "" "" "" NOT_AVAILABLE 0.0 0.061045 0.938955 "" "" "" "" "" "" "" "" "" "" "" "" "" "" "" "" "" "" "" "" "" "" 266.90905847119 -22.10509766085 11.275429 7.748486 0.0617 0.155009
191 "" "PN G006.0+05.6" PHRJ1738-2052 4118196406426023168 B 264.6073 -20.8716 0.96 20.24 1.41 1.93 0.49 264.6073 -20.8716 4118196406426023168 264.60732854845 -20.87155633198 5695.36768 3457.40869 7396.48193 8051.91211 6343.27588 9245.17188 10033 0.181756 191 "" "PN G006.0+05.6" PHRJ1738-2052 4118196406426023168 B 264.6073 -20.8716 0.96 20.24 1.41 1.93 0.49 264.6073 -20.8716 "Gaia DR3 4118196406426023168" 264.60732854845 -20.87155633198 0.002 0.001 54.0 1636148068921376768 4118196406426023168 813043251 1.7879 1.4309 -2.209 1.3963 -1.582 13.344 -11.817 1.792 -6.199 1.244 0.718 -0.2436 -0.4313 -0.581 -0.2883 -0.4222 -0.87 0.012 0.2395 0.5825 262 0 260 2 19.4103 1040.1 6.515 38.786 95 False "" 1.6594 0.24 0.053 0.145 0.296 -0.261 -0.283 30 10 3.138571 30 0.02648 140.2 5 0 1.973 0 260 151.47452 1.10882 136.609 20.236517 0.008412 7 95.3652 9.90835 9.62474 20.390066 0.112841 6 202.985 22.1437 9.16671 18.979239 0.118504 1.97 0 0 0 0 0 1.410828 0.153549 1.257278 "" "" "" "" "" "" "" "" "" "" "" "" "" "" "" "" "" "" "" "" "" "" NOT_AVAILABLE 3e-06 1e-05 0.999979 "" "" "" "" "" "" "" "" "" "" "" "" "" "" "" "" "" "" "" "" "" "" 264.60738475601 -20.87152878264 29.492569 21.163118 0.5966 0.181756
192 "" "PN G006.0-02.2" StDr102 4065796160446079104 B 272.0152 -24.8499 0.41 17.99 1.52 3.28 -0.13 272.0152 -24.8499 4065796160446079104 272.01522324055 -24.84987694888 8209.0752 5912.09961 11392.4619 5261.021 4068.96484 7074.54053 10033 0.110606 192 "" "PN G006.0-02.2" StDr102 4065796160446079104 B 272.0152 -24.8499 0.41 17.99 1.52 3.28 -0.13 272.0152 -24.8499 "Gaia DR3 4065796160446079104" 272.01522324055 -24.84987694888 0.0 0.0 59.0 1636148068921376768 4065796160446079104 1304296160 0.1448 0.1244 -0.0471 0.1446 -0.3257 3.56 -0.295 0.176 -3.548 0.136 0.2965 -0.129 -0.2623 -0.2933 -0.1677 -0.2822 -0.5082 -0.0466 0.0888 0.2895 223 0 222 1 1.3542 253.35 0.356 0.97765 95 False "" 1.4821 0.0346 0.03 -0.034 0.001 -0.088 -0.124 26 17 0.266909 26 0.1619 0.2866 12 0 1.064 0 219 1201.81283 5.09371 235.94 17.987774 0.005364 3 1705.54 37.8096 45.1086 17.258888 0.024231 3 4024.6 48.3095 83.3087 15.736089 0.01357 4.768 0 3 0 3 0 1.522799 -0.728886 2.251685 "" "" "" "" "" "" "" "" "" "" "" "" "" "" "" "" "" "" "" "" "" "" NOT_AVAILABLE 0.0 1.0 0.0 "" "" "" "" "" "" "" "" "" "" "" "" "" "" "" "" "" "" "" "" "" "" 272.01522468511 -24.84986118023 2.854698 2.234896 0.3077 0.110606
194 "" "PN G006.0-41.9" PRMG1 6776041195616496256 A 316.4732 -37.1446 0.25 17.01 -0.5 0.14 -0.58 316.4732 -37.1446 6776041195616496256 316.47322087013 -37.14456654238 6968.16699 4948.53125 11317.167 "" "" "" 10000 0.13424 194 "" "PN G006.0-41.9" PRMG1 6776041195616496256 A 316.4732 -37.1446 0.25 17.01 -0.5 0.14 -0.58 316.4732 -37.1446 "Gaia DR3 6776041195616496256" 316.47322087013 -37.14456654238 0.0 0.0 62.0 1636148068921376768 6776041195616496256 763926358 0.0673 0.0519 0.0929 0.0878 1.0581 3.737 0.079 0.088 -3.736 0.076 0.3769 0.2137 -0.096 -0.3679 0.1198 -0.3048 -0.1424 -0.4308 -0.2623 0.3543 372 0 371 1 -0.6244 482.46 0.268 2.4725 95 False "" 1.8369 0.0161 -0.043 0.176 0.029 -0.09 -0.002 43 19 0.139375 51 0.0206 2.357 0 0 0.976 0 411 2965.39064 4.00757 739.948 17.007162 0.003122 46 3261.83 23.2955 140.02 16.554888 0.008241 46 1192.26 9.43043 126.427 17.056965 0.009383 1.502 0 1 0 0 0 -0.502077 -0.452274 -0.049803 "" "" "" "" "" "" "" "" "" "" "" "" "" "" "" "" "" "" "" "" "" "" NOT_AVAILABLE 0.0 0.0 5e-05 9999.3 9998.2 9999.8 4.4668 4.4623 4.4771 -1.2323 -1.249 -1.2114 8562.489 8443.824 8619.617 0.0002 0.0 0.0005 0.0002 0.0 0.0005 0.0001 0.0 0.0003 PHOENIX 316.47322042706 -37.14454993608 1.421466 1.221448 0.3808 0.13424
