PN-Gaia-distance.ecsv
# %ECSV 1.0
# ---
# datatype:
# - {name: recno_1, datatype: int64}
# - {name: Astrom_1, datatype: string}
# - {name: PNG_1, datatype: string}
# - {name: OName_1, datatype: string}
# - {name: GaiaEDR3_1, datatype: int64}
# - {name: Group_1, datatype: string}
# - {name: RA_ICRS_1, datatype: float64}
# - {name: DE_ICRS_1, datatype: float64}
# - {name: Dang_1, datatype: float64}
# - {name: Gmag_1, datatype: float64}
# - {name: BP-RP_1, datatype: float64}
# - {name: AV_1, datatype: float64}
# - {name: (BP-RP)0_1, datatype: float64}
# - {name: _RA_icrs_1, datatype: float64}
# - {name: _DE_icrs_1, datatype: float64}
# - {name: Source_1, datatype: int64}
# - {name: RA_ICRS_x, datatype: float64}
# - {name: DE_ICRS_x, datatype: float64}
# - {name: rgeo, datatype: float64}
# - {name: b_rgeo_x, datatype: float64}
# - {name: B_rgeo_xa, datatype: float64}
# - {name: rpgeo, datatype: float64}
# - {name: b_rpgeo_x, datatype: float64}
# - {name: B_rpgeo_xa, datatype: float64}
# - {name: Flag, datatype: int64}
# - {name: angDist_1, datatype: float64}
# - {name: recno_2, datatype: int64}
# - {name: Astrom_2, datatype: string}
# - {name: PNG_2, datatype: string}
# - {name: OName_2, datatype: string}
# - {name: GaiaEDR3_2, datatype: int64}
# - {name: Group_2, datatype: string}
# - {name: RA_ICRS_2, datatype: float64}
# - {name: DE_ICRS_2, datatype: float64}
# - {name: Dang_2, datatype: float64}
# - {name: Gmag_2, datatype: float64}
# - {name: BP-RP_2, datatype: float64}
# - {name: AV_2, datatype: float64}
# - {name: (BP-RP)0_2, datatype: float64}
# - {name: _RA_icrs_2, datatype: float64}
# - {name: _DE_icrs_2, datatype: float64}
# - {name: DR3Name, datatype: string}
# - {name: RAdeg, datatype: float64}
# - {name: DEdeg, datatype: float64}
# - {name: errHalfMaj, datatype: float64}
# - {name: errHalfMin, datatype: float64}
# - {name: errPosAng, datatype: float64}
# - {name: SolID, datatype: int64}
# - {name: Source_2, datatype: int64}
# - {name: RandomI, datatype: int64}
# - {name: e_RAdeg, datatype: float64}
# - {name: e_DEdeg, datatype: float64}
# - {name: Plx, datatype: float64}
# - {name: e_Plx, datatype: float64}
# - {name: RPlx, datatype: float64}
# - {name: PM, datatype: float64}
# - {name: pmRA, datatype: float64}
# - {name: e_pmRA, datatype: float64}
# - {name: pmDE, datatype: float64}
# - {name: e_pmDE, datatype: float64}
# - {name: RADEcor, datatype: float64}
# - {name: RAPlxcor, datatype: float64}
# - {name: RApmRAcor, datatype: float64}
# - {name: RApmDEcor, datatype: float64}
# - {name: DEPlxcor, datatype: float64}
# - {name: DEpmRAcor, datatype: float64}
# - {name: DEpmDEcor, datatype: float64}
# - {name: PlxpmRAcor, datatype: float64}
# - {name: PlxpmDEcor, datatype: float64}
# - {name: pmRApmDEcor, datatype: float64}
# - {name: NAL, datatype: int64}
# - {name: NAC, datatype: int64}
# - {name: NgAL, datatype: int64}
# - {name: NbAL, datatype: int64}
# - {name: gofAL, datatype: float64}
# - {name: chi2AL, datatype: float64}
# - {name: epsi, datatype: float64}
# - {name: sepsi, datatype: float64}
# - {name: Solved, datatype: int64}
# - {name: APF, datatype: bool}
# - {name: nueff, datatype: float64}
# - {name: pscol, datatype: float64}
# - {name: e_pscol, datatype: float64}
# - {name: RApscolCorr, datatype: float64}
# - {name: DEpscolCorr, datatype: float64}
[...]
# - {name: RAJ2000, datatype: float64}
# - {name: DEJ2000, datatype: float64}
# - {name: e_RAJ2000, datatype: float64}
# - {name: e_DEJ2000, datatype: float64}
# - {name: RADEcorJ2000, datatype: float64}
# - {name: angDist_2, datatype: float64}
# schema: astropy-2.0
recno_1 Astrom_1 PNG_1 OName_1 GaiaEDR3_1 Group_1 RA_ICRS_1 DE_ICRS_1 Dang_1 Gmag_1 BP-RP_1 AV_1 (BP-RP)0_1 _RA_icrs_1 _DE_icrs_1 Source_1 RA_ICRS_x DE_ICRS_x rgeo b_rgeo_x B_rgeo_xa rpgeo b_rpgeo_x B_rpgeo_xa Flag angDist_1 recno_2 Astrom_2 PNG_2 OName_2 GaiaEDR3_2 Group_2 RA_ICRS_2 DE_ICRS_2 Dang_2 Gmag_2 BP-RP_2 AV_2 (BP-RP)0_2 _RA_icrs_2 _DE_icrs_2 DR3Name RAdeg DEdeg errHalfMaj errHalfMin errPosAng SolID Source_2 RandomI e_RAdeg e_DEdeg Plx e_Plx RPlx PM pmRA e_pmRA pmDE e_pmDE RADEcor RAPlxcor RApmRAcor RApmDEcor DEPlxcor DEpmRAcor DEpmDEcor PlxpmRAcor PlxpmDEcor pmRApmDEcor NAL NAC NgAL NbAL gofAL chi2AL epsi sepsi Solved APF nueff pscol e_pscol RApscolCorr DEpscolCorr PlxpscolCorr pmRApscolCorr pmDEpscolCorr MatchObsA Nper amax MatchObs IPDgofha IPDgofhp IPDfmp IPDfow RUWE Dup o_Gmag FG e_FG RFG Gmag_x e_Gmag o_BPmag FBP e_FBP RFBP BPmag e_BPmag o_RPmag FRP e_FRP RFRP RPmag e_RPmag E(BP/RP) NBPcont NBPblend NRPcont NRPblend Mode BP-RP_x BP-G G-RP RV e_RV n_RV o_RV o_RVd RVNper RVS/N RVgof RVchi2 RVTdur RVamp RVtempTeff RVtemplogg RVtemp[Fe/H] Vatmparam vbroad e_Vbroad o_Vbroad GRVSmag e_GRVSmag o_GRVSmag RVSS/N VarFlag PQSO PGal PSS Teff b_Teff_x B_Teff_xa logg b_logg_x B_logg_xa [Fe/H] b_[Fe/H]_x B_[Fe/H]_xa Dist b_Dist_x B_Dist_xa A0 b_A0_x B_A0_xa AG b_AG_x B_AG_xa E(BP-RP) b_E(BP-RP)_x B_E(BP-RP)_xa Lib RAJ2000 DEJ2000 e_RAJ2000 e_DEJ2000 RADEcorJ2000 angDist_2
[from data line 1147]
1343 "" "PN G299.2-04.1" PHRJ1213-6643 5860474835237734144 B 183.399 -66.7202 0.26 18.73 1.23 1.14 0.69 183.399 -66.7202 5860474835237734144 183.39898519963 -66.72021228048 2774.19678 1944.70203 4161.7915 4788.10547 4004.52002 5998.67725 10033 0.050322 1311 * "PN G293.6+01.2" Hen2-70 5335879596943573888 B 173.7956 -60.2836 0.04 15.69 2.01 2.5 0.9 173.7956 -60.2836 "Gaia DR3 5335879596943573888" 173.79564345387 -60.28361322884 0.0 0.0 29.0 1636148068921376768 5335879596943573888 571682625 0.0308 0.0319 0.1096 0.0384 2.858 4.529 -4.336 0.04 1.307 0.041 0.0557 -0.209 -0.1299 0.152 0.015 0.192 -0.1097 0.1138 0.1104 0.1953 389 0 387 2 -1.6215 717.38 0.265 9.7052 95 False "" 1.2699 0.0088 0.019 0.059 -0.02 0.038 -0.078 45 27 0.061336 55 0.004054 10.35 0 0 0.941 0 446 9955.73901 16.9766 586.438 15.692183 0.00332 51 3642.22 33.5807 108.462 16.435125 0.010392 50 13448.0 35.431 379.554 14.426252 0.00474 1.717 0 50 0 50 0 2.008873 0.742942 1.265931 64.65 4.85 2.0 14.0 9.0 13.0 4.0197 "" "" 911.903 "" 5500.0 4.5 0.0 0.0 "" "" "" 13.957949 0.157284 8.0 "" VARIABLE 0.0 0.0 0.999999 "" "" "" "" "" "" "" "" "" "" "" "" "" "" "" "" "" "" "" "" "" "" 173.79568233232 -60.28361903639 0.645315 0.658288 0.1763 0.091279
1344 "" "PN G299.3-02.0" PHRJ1217-6443 6053088351666738944 A 184.4694 -64.725 3.84 19.23 0.99 3.4 -0.76 184.4694 -64.725 6053088351666738944 184.46943357817 -64.72498838284 7134.37793 4629.33301 10034.5293 10288.165 7496.38916 13488.6123 10033 0.063115 1312 * "PN G293.6+10.9" BlDz1 5369311141281715072 A 178.2778 -50.8491 1.34 18.27 -0.28 0.38 -0.49 178.2778 -50.8491 "Gaia DR3 5369311141281715072" 178.27780335131 -50.84912341103 0.0 0.0 53.0 1636148068921376768 5369311141281715072 1782543225 0.0846 0.0787 0.7367 0.128 5.7556 5.85 -5.821 0.115 0.584 0.105 0.2674 -0.0465 -0.2118 0.0405 -0.0806 0.0599 0.0843 0.1101 0.183 0.3072 592 0 586 6 0.0574 633.94 0.263 0.75428 95 False "" 1.8063 0.0224 0.036 -0.067 -0.043 -0.117 -0.11 69 28 0.176286 74 0.05361 79.29 0 0 1.001 0 589 929.37394 1.45581 638.391 18.266891 0.003238 67 761.091 6.27317 121.325 18.13495 0.009374 66 340.934 5.70646 59.7453 18.416218 0.018562 1.186 1 2 1 0 0 -0.281267 -0.131941 -0.149326 "" "" "" "" "" "" "" "" "" "" "" "" "" "" "" "" "" "" "" "" "" "" NOT_AVAILABLE 0.0 2.1e-05 5e-05 10171.2 10064.2 10213.5 4.4959 4.4882 4.4986 -1.442 -1.4806 -1.3489 15360.258 15242.12 15406.6045 0.0124 0.0033 0.0284 0.0119 0.0032 0.0273 0.0063 0.0017 0.0145 A 178.27784432552 -50.8491260068 1.861336 1.673036 0.3007 0.091059
1345 "" "PN G299.4-04.1" HaTr1 5860462740585624448 B 184.1272 -66.7629 4.25 17.64 1.15 1.23 0.56 184.1272 -66.7629 5860462740585624448 184.12724845188 -66.7629193099 6586.74512 4873.104 9955.06934 4777.4834 3893.33301 5812.98975 10033 0.094534 1313 "" "PN G294.1+14.4" Lo6 6142985384373962496 A 180.1795 -47.553 0.06 19.73 -0.46 0.24 -0.6 180.1795 -47.553 "Gaia DR3 6142985384373962496" 180.17947963833 -47.55300204723 0.0 0.0 71.0 1636148068921376768 6142985384373962496 439384516 0.2526 0.2168 0.5289 0.362 1.4613 4.941 -3.734 0.348 3.236 0.281 0.1211 -0.1055 -0.197 -0.1524 -0.0822 -0.1515 -0.1344 0.3738 0.3172 0.2134 365 0 363 2 -0.7851 368.34 0.0 0.0 31 False 1.917 "" "" "" "" "" "" "" 42 23 0.518978 52 0.01826 127.4 0 0 0.97 0 380 240.63092 0.778776 308.986 19.733988 0.004465 48 187.402 5.42128 34.5679 19.656607 0.031533 44 71.01 6.91425 10.2701 20.119596 0.105786 1.074 0 1 0 0 0 -0.46299 -0.077381 -0.385609 "" "" "" "" "" "" "" "" "" "" "" "" "" "" "" "" "" "" "" "" "" "" NOT_AVAILABLE 0.0 0.0 5e-05 "" "" "" "" "" "" "" "" "" "" "" "" "" "" "" "" "" "" "" "" "" "" 180.17950422947 -47.55301642952 5.630984 4.531134 0.224 0.049526
1346 "" "PN G299.5+02.3" PHRJ1224-6023 6058242896507642496 A 186.06 -60.3916 3.3 19.77 0.88 2.87 -0.62 186.06 -60.3916 6058242896507642496 186.059965347 -60.39159147381 5642.2915 3409.50708 8287.89746 10721.0615 9110.08105 12182.624 10133 0.07154 1314 * "PN G294.1+43.6" NGC4361 3519614068578061568 A 186.1281 -18.7849 0.08 13.09 -0.54 0.09 -0.59 186.1281 -18.7849 "Gaia DR3 3519614068578061568" 186.12810795532 -18.78492488633 0.0 0.0 119.0 1636148068921376768 3519614068578061568 1102742027 0.0356 0.0275 0.9653 0.0439 21.9925 11.121 -4.565 0.053 -10.141 0.041 -0.4224 0.044 -0.1977 0.1146 -0.0642 0.0751 -0.2965 0.1458 0.008 -0.1259 392 8 392 0 -0.1545 4493.9 0.353 118.11 31 False 1.903 "" "" "" "" "" "" "" 45 18 0.07453 53 0.03299 3.826 0 0 0.994 0 458 109620.43263 57.9687 1891.03 13.087638 0.002815 52 94410.9 158.471 595.76 12.900987 0.003333 51 33372.8 39.7843 838.844 13.439414 0.003995 1.166 0 0 0 0 0 -0.538427 -0.186651 -0.351776 "" "" "" "" "" "" "" "" "" "" "" "" "" "" "" "" "" "" "" "" "" "" VARIABLE 0.0 0.0 5e-05 "" "" "" "" "" "" "" "" "" "" "" "" "" "" "" "" "" "" "" "" "" "" 186.12812938647 -18.78487981564 0.852077 0.668115 -0.1316 0.091314
1351 "" "PN G300.1+04.1" BMPJ1229-5839 6059295438380078592 A 187.49 -58.6517 0.3 19.87 0.08 1.63 -0.8 187.49 -58.6517 6059295438380078592 187.49003869267 -58.65165786185 3513.71265 1909.65491 5678.12842 2824.55029 1957.29456 4370.45801 10013 0.16509 1315 "" "PN G294.2+01.3" PHRJ1140-6022 5335831424541245056 A 175.1537 -60.3699 1.77 20.02 1.26 2.89 -0.22 175.1537 -60.3699 "Gaia DR3 5335831424541245056" 175.15368316521 -60.36991464042 0.0 0.0 103.0 1636148068921376768 5335831424541245056 1098755483 0.4115 0.3215 -0.1932 0.4272 -0.4521 7.786 -7.33 0.701 2.625 0.478 -0.1192 -0.0316 -0.1763 -0.1319 0.2735 -0.1918 0.241 0.1118 0.0773 -0.3175 296 0 293 3 1.4986 340.18 1.002 0.79331 95 False "" 1.3568 0.1054 0.08 -0.169 0.057 0.168 -0.183 34 22 1.010004 39 0.02357 43.29 3 0 1.062 0 318 184.94934 0.924833 199.981 20.019735 0.006088 34 124.994 13.993 8.93259 20.09632 0.12158 32 232.426 11.8021 19.6936 18.832184 0.055261 1.933 0 20 0 19 0 1.264135 0.076584 1.187551 "" "" "" "" "" "" "" "" "" "" "" "" "" "" "" "" "" "" "" "" "" "" NOT_AVAILABLE 0.0 0.0 0.999996 "" "" "" "" "" "" "" "" "" "" "" "" "" "" "" "" "" "" "" "" "" "" 175.15374905929 -60.36992630549 11.296439 7.573105 -0.3054 0.061412
1352 "" "PN G300.2+00.6" Hen2-83 6054755761030163328 A 187.1832 -62.0931 0.1 17.19 1.89 7.79 -1.33 187.1832 -62.0931 6054755761030163328 187.18321420501 -62.09308633469 3569.92896 2650.03979 4824.60791 2848.75977 2338.71313 3616.78296 10033 0.059616 1316 "" "PN G294.6+04.7" NGC3918 5342260406474812416 A 177.574 -57.1825 0.36 15.37 -0.32 1.07 -0.9 177.574 -57.1825 "Gaia DR3 5342260406474812416" 177.57402604454 -57.18250431247 0.0 0.0 59.0 1636148068921376768 5342260406474812416 75487475 0.0582 0.0541 0.2195 0.0735 2.9853 2.391 -2.388 0.075 0.111 0.069 0.141 -0.24 -0.2079 0.162 -0.0329 0.1802 0.0519 0.1765 -0.0063 0.2224 460 0 460 0 -8.9326 1623.0 0.654 32.555 95 False "" 1.7697 0.0148 0.043 -0.021 -0.001 -0.007 0.051 54 28 0.111506 61 0.02641 94.44 0 1 0.718 0 487 13374.00828 56.7177 235.8 15.371713 0.005366 47 218972.0 2972.64 73.6626 11.987569 0.015001 54 94792.1 204.639 463.217 12.305964 0.004447 23.461 0 47 0 54 0 -0.318396 -3.384144 3.065748 "" "" "" "" "" "" "" "" "" "" "" "" "" "" "" "" "" "" "" "" "" "" NOT_AVAILABLE 0.0 3e-06 0.999996 "" "" "" "" "" "" "" "" "" "" "" "" "" "" "" "" "" "" "" "" "" "" 177.57404562706 -57.18250480623 1.212731 1.099664 0.2041 0.054381
1353 "" "PN G300.4-00.9" Hen2-84 6053533482078258304 A 187.1952 -63.7436 0.07 19.25 1.13 5.91 -1.39 187.1952 -63.7436 6053533482078258304 187.19518818469 -63.74363152282 884.771851 566.963501 1387.42041 6030.61475 4961.27637 8199.02539 10033 0.118805 1317 "" "PN G294.9-00.6" Hf69 5333350548355207168 A 175.4053 -62.4819 0.11 19.39 -0.3 15.92 -2.19 175.4053 -62.4819 "Gaia DR3 5333350548355207168" 175.4053268827 -62.48189495129 0.0 0.0 79.0 1636148068921376768 5333350548355207168 685213336 0.2105 0.1785 0.43 0.2477 1.7362 6.63 -6.509 0.271 1.26 0.237 0.0685 -0.1446 -0.2736 0.0374 0.0413 0.0779 -0.0506 0.3188 -0.0491 0.2416 396 0 395 1 -1.368 371.5 0.0 2.0379e-15 95 False "" 1.7652 0.0612 -0.014 -0.076 -0.11 -0.041 0.104 46 28 0.403875 49 0.01919 76.11 0 0 0.951 0 421 331.37147 0.848433 390.569 19.38658 0.003914 45 257.227 7.01423 36.6722 19.31275 0.029738 45 113.239 6.28035 18.0307 19.612904 0.060334 1.118 0 1 0 0 0 -0.300154 -0.07383 -0.226324 "" "" "" "" "" "" "" "" "" "" "" "" "" "" "" "" "" "" "" "" "" "" NOT_AVAILABLE 0.0 0.0 5e-05 "" "" "" "" "" "" "" "" "" "" "" "" "" "" "" "" "" "" "" "" "" "" 175.40538949766 -62.48190055227 4.403892 3.807129 0.2321 0.04733
1354 * "PN G300.5-01.1" Hen2-85 6053470775539684736 A 187.5319 -63.8835 0.79 18.04 1.29 5.03 -1.09 187.5319 -63.8835 6053470775539684736 187.53185333279 -63.88353778102 1278.77295 1066.82458 1643.33398 2487.44092 2003.66675 3429.51953 10033 0.157527 1318 "" "PN G295.3-09.3" Hen2-62 5228539671146215552 A 169.4298 -70.8256 0.25 14.92 -0.01 0.53 -0.3 169.4298 -70.8256 "Gaia DR3 5228539671146215552" 169.42976985943 -70.82560516209 0.0 0.0 132.0 1636148068921376768 5228539671146215552 1443070027 0.4081 0.4025 0.2922 0.4096 0.7133 3.609 -3.519 0.479 -0.8 0.468 -0.1526 -0.032 -0.3 0.3993 0.0247 0.4261 -0.0881 0.0151 0.1285 -0.0742 309 0 309 0 182.4665 89858.0 4.452 3541.5 31 False 1.749 "" "" "" "" "" "" "" 35 23 0.734657 38 0.02751 132.0 0 0 14.45 0 320 20251.4321 134.89 150.133 14.921227 0.007739 36 36805.5 115.729 318.032 13.923759 0.004409 33 21153.6 65.3201 323.845 13.934436 0.005052 2.862 0 3 0 27 0 -0.010676 -0.997468 0.986792 "" "" "" "" "" "" "" "" "" "" "" "" "" "" "" "" "" "" "" "" "" "" NOT_AVAILABLE 0.031072 0.052474 8.7e-05 "" "" "" "" "" "" "" "" "" "" "" "" "" "" "" "" "" "" "" "" "" "" 169.42981747553 -70.82560160605 7.79767 7.530027 -0.1161 0.040755
1356 "" "PN G300.8-03.4" ESO95-12 5860136258689477632 A 187.6022 -66.2405 0.39 20.14 0.29 1.62 -0.58 187.6022 -66.2405 5860136258689477632 187.60217322076 -66.2404929419 5724.17627 3270.49487 8955.66504 7298.30908 3957.06616 12402.1055 10033 0.049362 1319 "" "PN G295.4-04.0" PHRJ1137-6548 5237168775846157696 A 174.2581 -65.8018 16.79 20.76 1.06 2.51 -0.25 174.2581 -65.8018 "Gaia DR3 5237168775846157696" 174.2581329058 -65.80178192856 0.001 0.001 103.0 1636148068921376768 5237168775846157696 1459346678 0.8353 0.7436 0.1126 0.9338 0.1206 7.494 -7.043 1.052 2.559 0.948 -0.0564 0.1527 0.0507 0.1147 0.2761 0.0887 -0.2438 -0.1018 0.1932 -0.1562 172 0 172 0 0.8655 187.73 0.0 0.0 95 False "" 1.6886 0.209 -0.097 -0.098 0.016 -0.269 0.165 20 16 1.518392 21 0.04749 78.93 0 0 1.046 0 180 93.67679 0.894342 104.744 20.758287 0.010726 7 42.9183 11.1352 3.85428 21.256937 0.28171 7 65.9858 7.43829 8.87109 20.19927 0.122449 1.163 0 0 0 0 0 1.057667 0.49865 0.559017 "" "" "" "" "" "" "" "" "" "" "" "" "" "" "" "" "" "" "" "" "" "" NOT_AVAILABLE 0.0 0.0 0.999996 "" "" "" "" "" "" "" "" "" "" "" "" "" "" "" "" "" "" "" "" "" "" 174.25820927697 -65.80179330274 16.814064 15.372704 -0.1645 0.091859
1358 "" "PN G301.3+09.0" MPAJ1240-5347 6074692891815161728 A 190.1847 -53.7907 0.45 19.54 -0.13 0.52 -0.42 190.1847 -53.7907 6074692891815161728 190.18470537681 -53.79069257811 3466.14746 2021.76208 5913.05225 1110.10266 883.924438 1457.2052 10012 0.025809 1320 "" "PN G295.5-03.0" PHRJ1140-6454 5332635384758534656 B 175.1848 -64.9157 2.72 20.17 1.6 3.09 0.08 175.1848 -64.9157 "Gaia DR3 5332635384758534656" 175.18477680309 -64.91572805268 0.0 0.0 42.0 1636148068921376768 5332635384758534656 329289023 0.4019 0.407 1.1733 0.4728 2.4818 6.123 -5.822 0.514 1.896 0.648 0.1202 0.0297 0.0715 0.1522 0.1541 0.144 -0.2358 0.1316 0.0051 0.2341 278 0 275 3 1.6516 344.59 1.066 0.84537 95 False "" 1.1653 0.1274 -0.2 -0.153 -0.217 -0.216 0.174 32 22 0.935392 37 0.03122 121.6 1 2 1.071 0 306 161.68099 1.12184 144.122 20.16572 0.008022 29 100.652 10.39 9.68737 20.33149 0.112112 30 255.73 9.06957 28.1965 18.72844 0.038691 2.204 0 29 0 30 0 1.60305 0.16577 1.437281 "" "" "" "" "" "" "" "" "" "" "" "" "" "" "" "" "" "" "" "" "" "" NOT_AVAILABLE 0.0 0.0 0.999999 "" "" "" "" "" "" "" "" "" "" "" "" "" "" "" "" "" "" "" "" "" "" 175.18483783915 -64.91573647776 8.201087 10.477358 0.2196 0.097494
1359 "" "PN G301.8-00.1" MGE301.8797-00.1036 6055117672125402368 A 190.5452 -62.9567 1.6 20.58 1.75 12.4 -1.75 190.5452 -62.9567 6055117672125402368 190.54521207161 -62.9567152719 3201.64282 1852.27917 5486.10254 4641.56885 3924.62695 5853.80029 10033 0.060556 1321 "" "PN G296.0-06.2" MPAJ1137-6806 5234306472200493568 A 174.3149 -68.1124 0.34 20.32 -0.07 0.85 -0.54 174.3149 -68.1124 "Gaia DR3 5234306472200493568" 174.31493553091 -68.11236957942 0.001 0.0 84.0 1636148068921376768 5234306472200493568 848034389 0.5225 0.4341 -0.1278 0.5696 -0.2244 6.016 -5.774 0.722 1.688 0.73 0.0423 -0.3917 0.2758 0.2455 0.1977 0.1105 0.0158 -0.0389 -0.1521 0.4323 296 0 296 0 2.7143 387.93 2.004 2.1839 31 False 1.8 "" "" "" "" "" "" "" 34 23 1.215511 40 0.0202 69.13 0 0 1.113 0 340 139.77106 0.733674 190.508 20.323824 0.00633 38 101.458 4.72072 21.492 20.322828 0.050595 39 55.314 4.18395 13.2205 20.390808 0.082212 1.122 0 0 0 0 0 -0.06798 -0.000996 -0.066984 "" "" "" "" "" "" "" "" "" "" "" "" "" "" "" "" "" "" "" "" "" "" NOT_AVAILABLE 5e-06 0.0 5e-05 "" "" "" "" "" "" "" "" "" "" "" "" "" "" "" "" "" "" "" "" "" "" 174.31500437391 -68.11237708153 11.424103 11.676376 0.4219 0.107171
1360 "" "PN G301.9-02.1" MPAJ1242-6459 5860308641513003776 B 190.6002 -64.9904 1.14 18.08 0.9 3.1 -0.71 190.6002 -64.9904 5860308641513003776 190.60024287027 -64.99037311156 7515.19287 4973.43799 12531.5186 7416.09131 6113.83154 9121.53906 10033 0.123448 1322 "" "PN G296.2-00.4" PHRJ1152-6234 5334601448998815488 A 178.2329 -62.5694 1.39 19.07 1.55 8.68 -1.58 178.2329 -62.5694 "Gaia DR3 5334601448998815488" 178.23287154022 -62.56940951068 0.0 0.0 68.0 1636148068921376768 5334601448998815488 819607418 0.168 0.1475 0.1441 0.1976 0.7295 5.803 -5.785 0.224 0.455 0.212 0.1281 -0.2057 -0.2672 -0.0722 0.1066 0.0096 -0.1538 0.2773 0.1801 0.3652 393 0 391 2 0.862 429.76 0.514 0.90955 95 False "" 1.3853 0.0491 -0.006 -0.064 -0.053 -0.223 -0.07 45 24 0.3581 53 0.01424 137.7 1 11 1.03 0 436 443.83598 1.0465 424.114 19.069311 0.003761 4 217.557 43.7924 4.96793 19.494608 0.218567 3 524.247 27.684 18.9368 17.949055 0.057459 1.671 0 0 0 0 0 1.545553 0.425297 1.120256 "" "" "" "" "" "" "" "" "" "" "" "" "" "" "" "" "" "" "" "" "" "" NOT_AVAILABLE 0.0 0.0 0.999996 "" "" "" "" "" "" "" "" "" "" "" "" "" "" "" "" "" "" "" "" "" "" 178.23292734928 -62.56941153405 3.638643 3.41436 0.3608 0.056691
1361 "" "PN G302.0-01.6" MPAJ1243-6428 5862586520319889920 A 190.8309 -64.467 0.3 18.4 1.88 4.26 -0.24 190.8309 -64.467 5862586520319889920 190.83087745442 -64.46704357097 6091.4541 4293.91357 8345.62988 4127.81934 2862.46387 5329.61865 10033 0.150647 1324 "" "PN G296.3+03.1" KFR1 6071221875354726528 B 180.0695 -59.0791 3.13 20.3 1.65 1.88 0.8 180.0695 -59.0791 "Gaia DR3 6071221875354726528" 180.06945279793 -59.07912152388 0.0 0.0 53.0 1636148068921376768 6071221875354726528 1777862563 0.3513 0.3457 0.1194 0.5003 0.2387 6.292 -6.036 0.454 1.774 0.473 0.0546 -0.2044 -0.0531 -0.0288 0.1797 0.0805 -0.0062 0.234 0.2629 0.2429 364 0 364 0 -0.079 394.63 0.127 0.010441 95 False "" 1.2256 0.1042 -0.126 -0.118 0.003 -0.187 -0.029 41 23 0.726942 46 0.01636 118.9 0 0 0.996 0 402 142.75257 0.636338 224.334 20.300907 0.005569 27 46.7044 4.35708 10.7192 21.165148 0.101327 30 124.082 7.42258 16.7169 19.51362 0.065058 1.196 0 0 0 0 0 1.651527 0.864241 0.787287 "" "" "" "" "" "" "" "" "" "" "" "" "" "" "" "" "" "" "" "" "" "" NOT_AVAILABLE 0.0 0.0 0.999997 "" "" "" "" "" "" "" "" "" "" "" "" "" "" "" "" "" "" "" "" "" "" 180.06950500731 -59.07912940871 7.295967 7.572565 0.2395 0.113086
