PN-Gaia-distance.ecsv
# %ECSV 1.0
# ---
# datatype:
# - {name: recno_1, datatype: int64}
# - {name: Astrom_1, datatype: string}
# - {name: PNG_1, datatype: string}
# - {name: OName_1, datatype: string}
# - {name: GaiaEDR3_1, datatype: int64}
# - {name: Group_1, datatype: string}
# - {name: RA_ICRS_1, datatype: float64}
# - {name: DE_ICRS_1, datatype: float64}
# - {name: Dang_1, datatype: float64}
# - {name: Gmag_1, datatype: float64}
# - {name: BP-RP_1, datatype: float64}
# - {name: AV_1, datatype: float64}
# - {name: (BP-RP)0_1, datatype: float64}
# - {name: _RA_icrs_1, datatype: float64}
# - {name: _DE_icrs_1, datatype: float64}
# - {name: Source_1, datatype: int64}
# - {name: RA_ICRS_x, datatype: float64}
# - {name: DE_ICRS_x, datatype: float64}
# - {name: rgeo, datatype: float64}
# - {name: b_rgeo_x, datatype: float64}
# - {name: B_rgeo_xa, datatype: float64}
# - {name: rpgeo, datatype: float64}
# - {name: b_rpgeo_x, datatype: float64}
# - {name: B_rpgeo_xa, datatype: float64}
# - {name: Flag, datatype: int64}
# - {name: angDist_1, datatype: float64}
# - {name: recno_2, datatype: int64}
# - {name: Astrom_2, datatype: string}
# - {name: PNG_2, datatype: string}
# - {name: OName_2, datatype: string}
# - {name: GaiaEDR3_2, datatype: int64}
# - {name: Group_2, datatype: string}
# - {name: RA_ICRS_2, datatype: float64}
# - {name: DE_ICRS_2, datatype: float64}
# - {name: Dang_2, datatype: float64}
# - {name: Gmag_2, datatype: float64}
# - {name: BP-RP_2, datatype: float64}
# - {name: AV_2, datatype: float64}
# - {name: (BP-RP)0_2, datatype: float64}
# - {name: _RA_icrs_2, datatype: float64}
# - {name: _DE_icrs_2, datatype: float64}
# - {name: DR3Name, datatype: string}
# - {name: RAdeg, datatype: float64}
# - {name: DEdeg, datatype: float64}
# - {name: errHalfMaj, datatype: float64}
# - {name: errHalfMin, datatype: float64}
# - {name: errPosAng, datatype: float64}
# - {name: SolID, datatype: int64}
# - {name: Source_2, datatype: int64}
# - {name: RandomI, datatype: int64}
# - {name: e_RAdeg, datatype: float64}
# - {name: e_DEdeg, datatype: float64}
# - {name: Plx, datatype: float64}
# - {name: e_Plx, datatype: float64}
# - {name: RPlx, datatype: float64}
# - {name: PM, datatype: float64}
# - {name: pmRA, datatype: float64}
# - {name: e_pmRA, datatype: float64}
# - {name: pmDE, datatype: float64}
# - {name: e_pmDE, datatype: float64}
# - {name: RADEcor, datatype: float64}
# - {name: RAPlxcor, datatype: float64}
# - {name: RApmRAcor, datatype: float64}
# - {name: RApmDEcor, datatype: float64}
# - {name: DEPlxcor, datatype: float64}
# - {name: DEpmRAcor, datatype: float64}
# - {name: DEpmDEcor, datatype: float64}
# - {name: PlxpmRAcor, datatype: float64}
# - {name: PlxpmDEcor, datatype: float64}
# - {name: pmRApmDEcor, datatype: float64}
# - {name: NAL, datatype: int64}
# - {name: NAC, datatype: int64}
# - {name: NgAL, datatype: int64}
# - {name: NbAL, datatype: int64}
# - {name: gofAL, datatype: float64}
# - {name: chi2AL, datatype: float64}
# - {name: epsi, datatype: float64}
# - {name: sepsi, datatype: float64}
# - {name: Solved, datatype: int64}
# - {name: APF, datatype: bool}
# - {name: nueff, datatype: float64}
# - {name: pscol, datatype: float64}
# - {name: e_pscol, datatype: float64}
# - {name: RApscolCorr, datatype: float64}
# - {name: DEpscolCorr, datatype: float64}
[...]
# - {name: RAJ2000, datatype: float64}
# - {name: DEJ2000, datatype: float64}
# - {name: e_RAJ2000, datatype: float64}
# - {name: e_DEJ2000, datatype: float64}
# - {name: RADEcorJ2000, datatype: float64}
# - {name: angDist_2, datatype: float64}
# schema: astropy-2.0
recno_1 Astrom_1 PNG_1 OName_1 GaiaEDR3_1 Group_1 RA_ICRS_1 DE_ICRS_1 Dang_1 Gmag_1 BP-RP_1 AV_1 (BP-RP)0_1 _RA_icrs_1 _DE_icrs_1 Source_1 RA_ICRS_x DE_ICRS_x rgeo b_rgeo_x B_rgeo_xa rpgeo b_rpgeo_x B_rpgeo_xa Flag angDist_1 recno_2 Astrom_2 PNG_2 OName_2 GaiaEDR3_2 Group_2 RA_ICRS_2 DE_ICRS_2 Dang_2 Gmag_2 BP-RP_2 AV_2 (BP-RP)0_2 _RA_icrs_2 _DE_icrs_2 DR3Name RAdeg DEdeg errHalfMaj errHalfMin errPosAng SolID Source_2 RandomI e_RAdeg e_DEdeg Plx e_Plx RPlx PM pmRA e_pmRA pmDE e_pmDE RADEcor RAPlxcor RApmRAcor RApmDEcor DEPlxcor DEpmRAcor DEpmDEcor PlxpmRAcor PlxpmDEcor pmRApmDEcor NAL NAC NgAL NbAL gofAL chi2AL epsi sepsi Solved APF nueff pscol e_pscol RApscolCorr DEpscolCorr PlxpscolCorr pmRApscolCorr pmDEpscolCorr MatchObsA Nper amax MatchObs IPDgofha IPDgofhp IPDfmp IPDfow RUWE Dup o_Gmag FG e_FG RFG Gmag_x e_Gmag o_BPmag FBP e_FBP RFBP BPmag e_BPmag o_RPmag FRP e_FRP RFRP RPmag e_RPmag E(BP/RP) NBPcont NBPblend NRPcont NRPblend Mode BP-RP_x BP-G G-RP RV e_RV n_RV o_RV o_RVd RVNper RVS/N RVgof RVchi2 RVTdur RVamp RVtempTeff RVtemplogg RVtemp[Fe/H] Vatmparam vbroad e_Vbroad o_Vbroad GRVSmag e_GRVSmag o_GRVSmag RVSS/N VarFlag PQSO PGal PSS Teff b_Teff_x B_Teff_xa logg b_logg_x B_logg_xa [Fe/H] b_[Fe/H]_x B_[Fe/H]_xa Dist b_Dist_x B_Dist_xa A0 b_A0_x B_A0_xa AG b_AG_x B_AG_xa E(BP-RP) b_E(BP-RP)_x B_E(BP-RP)_xa Lib RAJ2000 DEJ2000 e_RAJ2000 e_DEJ2000 RADEcorJ2000 angDist_2
[from data line 587]
716 "" "PN G064.5+03.4" Kn15 2031657180462828288 A 295.1681 29.5029 0.23 17.69 0.38 1.1 -0.21 295.1681 29.5029 2031657180462828288 295.168063918 29.50288106043 6213.15527 4552.48096 9956.87402 9997.87305 8387.95215 12805.8555 10033 0.130503 716 "" "PN G064.5+03.4" Kn15 2031657180462828288 A 295.1681 29.5029 0.23 17.69 0.38 1.1 -0.21 295.1681 29.5029 "Gaia DR3 2031657180462828288" 295.168063918 29.50288106043 0.0 0.0 166.0 1636148068921376768 2031657180462828288 1549723597 0.0585 0.0663 0.1711 0.087 1.9668 4.148 -1.335 0.075 -3.927 0.085 -0.069 -0.1553 -0.2347 0.0801 0.1887 0.0435 -0.2417 -0.0479 -0.1658 -0.1064 435 0 434 1 1.2822 486.52 0.0 0.0 31 False 1.68 "" "" "" "" "" "" "" 51 26 0.121633 54 0.005744 23.99 0 0 1.043 0 457 1584.72844 3.60319 439.812 17.687479 0.003699 24 1091.92 17.7981 61.3503 17.743067 0.017916 24 902.502 17.0551 52.9168 17.359276 0.020863 1.259 0 0 0 0 0 0.383791 0.055588 0.328203 "" "" "" "" "" "" "" "" "" "" "" "" "" "" "" "" "" "" "" "" "" "" NOT_AVAILABLE 0.0 0.0 0.999999 7035.2 7020.1 7050.4 4.3963 4.3926 4.3987 -3.8449 -4.0809 -3.5003 5675.6914 5638.2603 5711.863 0.0016 0.0004 0.0037 0.0014 0.0003 0.0033 0.0008 0.0001 0.0018 MARCS 295.16807073361 29.50289851377 1.208191 1.37609 -0.1098 0.130503
717 "" "PN G064.5-06.9" Kn16 1831949378782925952 B 305.0481 24.077 0.81 20.65 0.34 0.78 -0.08 305.0481 24.077 1831949378782925952 305.04807613039 24.07696389317 3120.33252 1876.55322 5013.76953 2719.64966 628.160339 4165.24463 20133 0.150793 717 "" "PN G064.5-06.9" Kn16 1831949378782925952 B 305.0481 24.077 0.81 20.65 0.34 0.78 -0.08 305.0481 24.077 "Gaia DR3 1831949378782925952" 305.04807613039 24.07696389317 0.001 0.001 150.0 1636148068921376768 1831949378782925952 1682159090 0.6701 0.7278 0.4782 1.1753 0.4069 8.333 -4.61 0.816 -6.942 0.866 -0.1404 0.0687 -0.3957 0.3319 0.3525 0.2234 -0.0212 -0.2345 0.1209 -0.1214 323 0 317 6 2.0322 405.71 2.607 1.6724 31 False 1.68 "" "" "" "" "" "" "" 37 17 1.310948 38 0.03113 121.2 0 0 1.081 0 324 103.44993 0.854254 121.1 20.650541 0.009379 31 72.2814 5.67699 12.7324 20.690975 0.085319 29 57.399 5.85031 9.81128 20.350636 0.110727 1.254 0 0 0 0 0 0.34034 0.040434 0.299906 "" "" "" "" "" "" "" "" "" "" "" "" "" "" "" "" "" "" "" "" "" "" NOT_AVAILABLE 0.000283 0.0 0.999717 "" "" "" "" "" "" "" "" "" "" "" "" "" "" "" "" "" "" "" "" "" "" 305.04809857109 24.07699474519 13.330222 13.893624 -0.1471 0.150793
718 * "PN G064.6+48.2" NGC6058 1380199049219990784 A 241.1106 40.683 0.1 13.73 -0.52 0.09 -0.57 241.1106 40.683 1380199049219990784 241.11059520354 40.68302071288 2716.92212 2510.55591 2965.97485 2734.66772 2551.27148 2922.01758 10020 0.080473 718 * "PN G064.6+48.2" NGC6058 1380199049219990784 A 241.1106 40.683 0.1 13.73 -0.52 0.09 -0.57 241.1106 40.683 "Gaia DR3 1380199049219990784" 241.11059520354 40.68302071288 0.0 0.0 15.0 1636148068921376768 1380199049219990784 595380163 0.0231 0.026 0.3596 0.0294 12.2313 6.012 -3.778 0.029 -4.677 0.038 0.0687 -0.1074 0.0771 -0.0114 -0.0157 -0.0337 -0.027 -0.1184 -0.1573 0.2075 398 0 396 2 -0.9122 2347.8 0.306 62.391 31 False 1.898 "" "" "" "" "" "" "" 46 26 0.054085 49 0.005213 118.9 0 0 0.967 0 409 60680.72921 35.2016 1723.8 13.72974 0.002826 48 52101.3 92.4504 563.56 13.54642 0.003391 45 18735.5 22.5006 832.667 14.066232 0.003998 1.167 0 0 0 1 0 -0.519812 -0.18332 -0.336492 "" "" "" "" "" "" "" "" "" "" "" "" "" "" "" "" "" "" "" "" "" "" NOT_AVAILABLE 0.0 0.0 5e-05 19990.4 19934.6 19998.3 4.0812 4.0669 4.0955 0.7903 0.7669 0.7971 13785.633 13454.044 14065.532 0.0005 0.0001 0.0018 0.0005 0.0001 0.0018 0.0003 0.0 0.001 A 241.11061734697 40.68304149751 0.46698 0.609147 0.2098 0.080473
719 "" "PN G064.6-04.7" Pa145 1835499250843571712 B 303.0657 25.3705 0.03 20.61 1.07 2.25 -0.09 303.0657 25.3705 1835499250843571712 303.06570505501 25.37049627004 4044.94946 2151.51733 6068.96338 10472.8633 9158.51367 12216.8086 10033 0.02257 719 "" "PN G064.6-04.7" Pa145 1835499250843571712 B 303.0657 25.3705 0.03 20.61 1.07 2.25 -0.09 303.0657 25.3705 "Gaia DR3 1835499250843571712" 303.06570505501 25.37049627004 0.001 0.001 145.0 1636148068921376768 1835499250843571712 685169855 0.7437 0.8435 0.614 1.1643 0.5274 2.847 -2.686 0.896 -0.944 0.863 -0.3604 -0.2107 -0.3245 0.17 0.4107 0.2566 -0.1151 0.1021 -0.1733 -0.2284 207 0 207 0 0.7584 223.94 0.0 0.0 95 False "" 1.3686 0.2124 -0.302 0.34 0.007 0.107 0.171 24 14 1.429609 26 0.02175 146.3 0 0 1.036 0 222 107.36495 0.892614 120.281 20.61021 0.009438 19 57.9385 5.97762 9.69257 20.931124 0.112052 25 90.4795 5.41573 16.7068 19.85652 0.065098 1.382 0 0 0 0 0 1.074604 0.320913 0.753691 "" "" "" "" "" "" "" "" "" "" "" "" "" "" "" "" "" "" "" "" "" "" NOT_AVAILABLE 0.0 0.0 0.999992 "" "" "" "" "" "" "" "" "" "" "" "" "" "" "" "" "" "" "" "" "" "" 303.06571826837 25.37050046668 14.58836 13.933231 -0.2473 0.02257
720 * "PN G064.7+05.0" BD+303639 2032744769234150016 B 293.6885 30.5163 0.03 10.34 0.5 0.3 0.35 293.6885 30.5163 2032744769234150016 293.68846239414 30.5163360388 1561.95435 1490.80298 1630.29211 1602.40466 1492.6228 1703.99719 10033 0.173917 720 * "PN G064.7+05.0" BD+303639 2032744769234150016 B 293.6885 30.5163 0.03 10.34 0.5 0.3 0.35 293.6885 30.5163 "Gaia DR3 2032744769234150016" 293.68846239414 30.5163360388 0.0 0.0 172.0 1636148068921376768 2032744769234150016 128149049 0.0233 0.0251 0.6184 0.0324 19.0606 9.09 -2.251 0.028 -8.807 0.028 -0.022 -0.2231 -0.072 0.0207 0.1149 -0.0453 -0.1795 -0.2959 -0.0721 0.0702 332 332 329 3 -1.8165 2824.1 0.274 76.207 95 False "" 1.6964 0.0074 -0.132 -0.07 0.024 -0.008 -0.113 37 22 0.04131 40 0.02823 111.2 0 0 0.928 1 341 1380883.57237 2117.96 651.989 10.336974 0.003219 37 1320730.0 8730.21 151.283 10.036504 0.0077 37 1212780.0 9376.02 129.349 9.538444 0.009205 1.835 0 37 0 37 0 0.49806 -0.30047 0.798531 "" "" "" "" "" "" "" "" "" "" "" "" "" "" "" "" "" "" "" "" "" "" NOT_AVAILABLE 0.0 0.0 1.0 "" "" "" "" "" "" "" "" "" "" "" "" "" "" "" "" "" "" "" "" "" "" 293.68847400852 30.5163751809 0.454667 0.45731 0.0704 0.173917
722 "" "PN G064.9+15.5" M1-64 2093171999835941504 B 282.5087 35.2432 0.4 19.35 0.22 0.18 0.12 282.5087 35.2432 2093171999835941504 282.50874002559 35.24322401938 1556.68311 1176.95178 2639.13794 1494.22168 1079.89905 2267.7146 10022 0.149528 722 "" "PN G064.9+15.5" M1-64 2093171999835941504 B 282.5087 35.2432 0.4 19.35 0.22 0.18 0.12 282.5087 35.2432 "Gaia DR3 2093171999835941504" 282.50874002559 35.24322401938 0.0 0.0 158.0 1636148068921376768 2093171999835941504 800173531 0.1993 0.2239 0.7972 0.2481 3.2129 6.657 0.944 0.275 -6.589 0.295 -0.1155 -0.0553 -0.1246 0.0886 0.0645 0.0374 -0.2886 -0.0596 -0.0217 -0.0413 377 0 376 1 0.85 418.92 0.785 1.1608 95 False "" 1.8133 0.0686 -0.048 0.227 0.044 -0.152 -0.216 43 25 0.417734 46 0.005225 102.7 2 0 1.03 0 370 342.94084 1.55301 220.824 19.34932 0.005636 43 906.09 36.5543 24.7875 17.945614 0.043891 41 642.617 15.7759 40.734 17.728016 0.026921 4.516 0 1 0 0 0 0.217598 -1.403706 1.621304 "" "" "" "" "" "" "" "" "" "" "" "" "" "" "" "" "" "" "" "" "" "" NOT_AVAILABLE 0.0 0.012699 0.987301 "" "" "" "" "" "" "" "" "" "" "" "" "" "" "" "" "" "" "" "" "" "" 282.50873488731 35.24325330518 4.434363 4.791809 -0.0464 0.149528
724 * "PN G064.9-09.1a" Pa15 1830887113098897920 A 307.2816 23.186 0.69 16.67 -0.19 0.35 -0.39 307.2816 23.186 1830887113098897920 307.28159916486 23.18599450965 3961.41187 3157.84082 5059.47949 3949.88232 2967.35327 5547.11426 10011 0.022899 724 * "PN G064.9-09.1a" Pa15 1830887113098897920 A 307.2816 23.186 0.69 16.67 -0.19 0.35 -0.39 307.2816 23.186 "Gaia DR3 1830887113098897920" 307.28159916486 23.18599450965 0.0 0.0 60.0 1636148068921376768 1830887113098897920 1272544657 0.0477 0.0462 0.2682 0.0721 3.7222 5.077 -2.236 0.059 -4.558 0.062 0.055 0.1677 -0.4331 -0.0011 0.2367 -0.0669 -0.297 -0.3226 -0.0666 0.0822 364 0 362 2 2.8243 534.81 0.266 3.7015 31 False 1.844 "" "" "" "" "" "" "" 42 20 0.090846 45 0.02841 136.7 0 0 1.107 0 382 4048.66576 3.39327 1193.15 16.669086 0.002902 42 3649.64 16.5412 220.64 16.432917 0.005657 41 1771.29 18.2319 97.1535 16.627172 0.011797 1.339 0 1 0 1 0 -0.194256 -0.23617 0.041914 "" "" "" "" "" "" "" "" "" "" "" "" "" "" "" "" "" "" "" "" "" "" NOT_AVAILABLE 0.0 0.0 0.999998 15732.4 15447.7 15910.4 4.4986 4.4963 4.4997 -0.9018 -0.9841 -0.7817 15073.73 15044.019 15091.003 0.0286 0.012 0.0408 0.0284 0.0119 0.0406 0.0152 0.0064 0.0218 A 307.28160997669 23.18601476657 0.966619 1.000099 0.0824 0.022899
725 "" "PN G065.2-05.6" Hen1-6 1835268185902868992 B 304.339 25.3631 0.77 20.64 0.62 0.99 0.1 304.339 25.3631 1835268185902868992 304.33904476085 25.36307979317 4437.82715 2465.4436 6432.01367 4310.32812 2830.75122 6986.97656 10033 0.162851 725 "" "PN G065.2-05.6" Hen1-6 1835268185902868992 B 304.339 25.3631 0.77 20.64 0.62 0.99 0.1 304.339 25.3631 "Gaia DR3 1835268185902868992" 304.33904476085 25.36307979317 0.001 0.001 165.0 1636148068921376768 1835268185902868992 705330103 0.6543 0.7128 -1.8779 1.1518 -1.6305 5.132 -2.549 0.791 -4.454 1.258 -0.0511 0.2945 0.0401 0.0694 -0.1383 0.0383 0.1365 -0.1956 0.1643 0.0376 305 0 304 1 1.971 371.05 2.943 2.007 95 False "" 1.4505 0.2158 -0.128 0.067 0.216 -0.075 -0.015 35 17 1.74977 36 0.05082 101.6 0 0 1.081 0 308 104.06301 1.03314 100.725 20.644125 0.011126 34 367.456 12.487 29.4271 18.92553 0.037001 34 376.47 14.456 26.0425 18.30857 0.041862 7.149 0 0 0 0 0 0.616959 -1.718596 2.335554 "" "" "" "" "" "" "" "" "" "" "" "" "" "" "" "" "" "" "" "" "" "" NOT_AVAILABLE 0.0 0.021502 0.978498 "" "" "" "" "" "" "" "" "" "" "" "" "" "" "" "" "" "" "" "" "" "" 304.33905729903 25.36309959038 12.639904 20.048664 0.0328 0.162851
726 "" "PN G065.4+03.1" TaWe2 2032079697828332544 B 295.9496 30.2354 1.19 20.9 0.68 1.2 0.06 295.9496 30.2354 2032079697828332544 295.94959595735 30.23537198599 6184.40625 3403.08838 11442.6279 6872.41846 2825.67407 14095.6943 20033 0.098939 726 "" "PN G065.4+03.1" TaWe2 2032079697828332544 B 295.9496 30.2354 1.19 20.9 0.68 1.2 0.06 295.9496 30.2354 "Gaia DR3 2032079697828332544" 295.94959595735 30.23537198599 0.002 0.001 177.0 1636148068921376768 2032079697828332544 879059851 1.0213 1.7642 2.4499 1.8034 1.3585 6.66 -0.634 1.643 -6.63 2.816 -0.0519 0.297 0.2939 -0.055 -0.1065 0.2584 -0.5591 0.0594 -0.0214 -0.4511 121 0 120 1 0.3047 145.45 3.178 1.3277 95 False "" 1.0643 0.3867 -0.131 0.103 -0.316 -0.105 0.053 14 12 4.198542 15 0.03286 24.2 0 0 1.017 0 127 82.25257 1.16165 70.8064 20.899492 0.015579 8 199.567 14.136 14.1176 19.58832 0.076957 9 217.472 10.033 21.6756 18.904388 0.050233 5.07 0 0 0 0 0 0.683931 -1.311172 1.995104 "" "" "" "" "" "" "" "" "" "" "" "" "" "" "" "" "" "" "" "" "" "" NOT_AVAILABLE 1e-06 2.7e-05 0.999972 "" "" "" "" "" "" "" "" "" "" "" "" "" "" "" "" "" "" "" "" "" "" 295.94959921759 30.23540145371 26.006997 46.058136 -0.4539 0.098939
727 * "PN G065.4+20.2" StDr29 2096246444804803328 A 277.2587 37.3349 0.42 17.8 -0.5 0.02 -0.51 277.2587 37.3349 2096246444804803328 277.25865164752 37.33494476489 750.231445 707.569458 819.293579 754.915405 714.77948 799.439575 10020 0.212695 727 * "PN G065.4+20.2" StDr29 2096246444804803328 A 277.2587 37.3349 0.42 17.8 -0.5 0.02 -0.51 277.2587 37.3349 "Gaia DR3 2096246444804803328" 277.25865164752 37.33494476489 0.0 0.0 19.0 1636148068921376768 2096246444804803328 1336775619 0.0718 0.0913 1.3709 0.0879 15.6051 8.997 0.127 0.096 8.996 0.111 0.1911 0.0839 -0.303 -0.2066 0.2594 -0.2315 -0.4047 -0.1554 -0.2305 0.1769 386 0 383 3 0.2715 441.12 0.334 1.6495 31 False 1.901 "" "" "" "" "" "" "" 44 26 0.167743 47 0.01408 172.9 0 0 1.009 0 379 1430.46815 1.61941 883.326 17.798672 0.003017 44 1193.84 9.02851 132.23 17.646175 0.008672 42 437.176 7.06495 61.8796 18.146254 0.017948 1.14 0 1 0 1 0 -0.500078 -0.152496 -0.347582 "" "" "" "" "" "" "" "" "" "" "" "" "" "" "" "" "" "" "" "" "" "" NOT_AVAILABLE 0.0 6e-06 5e-05 "" "" "" "" "" "" "" "" "" "" "" "" "" "" "" "" "" "" "" "" "" "" 277.25865093536 37.33490478407 1.557046 1.811285 0.1918 0.212695
728 "" "PN G065.7+04.8" Kn17 2033168076901487744 B 294.3451 31.2494 1.07 19.18 0.92 0.48 0.69 294.3451 31.2494 2033168076901487744 294.34508061939 31.24935216692 5949.09766 3610.57153 8608.99414 8759.07227 7050.95996 11335.6279 10033 0.179468 728 "" "PN G065.7+04.8" Kn17 2033168076901487744 B 294.3451 31.2494 1.07 19.18 0.92 0.48 0.69 294.3451 31.2494 "Gaia DR3 2033168076901487744" 294.34508061939 31.24935216692 0.0 0.0 156.0 1636148068921376768 2033168076901487744 1757590177 0.1661 0.1978 0.2098 0.2606 0.805 4.171 -2.392 0.218 -3.417 0.244 -0.197 -0.0796 -0.1496 -0.0155 0.3403 -0.0754 -0.1788 -0.1191 -0.2175 -0.1838 369 0 367 2 1.5674 424.9 0.519 0.82081 31 False 1.538 "" "" "" "" "" "" "" 42 24 0.354996 46 0.01622 141.6 0 0 1.058 0 394 402.50361 0.899117 447.665 19.175442 0.003671 37 191.954 4.85624 39.5272 19.63055 0.027609 41 259.396 5.34679 48.5144 18.712986 0.022697 1.121 0 0 0 0 0 0.917564 0.455109 0.462456 "" "" "" "" "" "" "" "" "" "" "" "" "" "" "" "" "" "" "" "" "" "" NOT_AVAILABLE 0.0 0.0 0.999992 "" "" "" "" "" "" "" "" "" "" "" "" "" "" "" "" "" "" "" "" "" "" 294.34509305222 31.24936735225 3.509254 3.942186 -0.1764 0.179468
729 "" "PN G065.8+05.1" IPHASXJ193630.2+312810 2033188971938317952 B 294.127 31.4689 3.5 20.62 1.35 0.48 1.14 294.127 31.4689 2033188971938317952 294.12702071524 31.46894825801 5660.36328 3056.08203 9001.0 7702.6167 6548.43994 9069.5293 20033 0.182708 729 "" "PN G065.8+05.1" IPHASXJ193630.2+312810 2033188971938317952 B 294.127 31.4689 3.5 20.62 1.35 0.48 1.14 294.127 31.4689 "Gaia DR3 2033188971938317952" 294.12702071524 31.46894825801 0.001 0.001 161.0 1636148068921376768 2033188971938317952 1316553460 0.6667 0.8242 -0.3509 1.0613 -0.3307 7.519 -1.545 1.099 -7.358 1.365 -0.171 -0.0157 0.1731 -0.2266 0.2439 -0.2278 0.1624 0.1249 -0.1986 -0.4421 248 0 246 2 -0.2931 250.48 0.0 0.0 95 False "" 1.4868 0.2102 -0.073 0.134 -0.045 -0.107 -0.076 29 17 2.105738 33 0.02166 11.4 0 0 0.985 0 260 105.94645 0.906129 116.922 20.624651 0.009686 27 45.5699 5.58176 8.16408 21.191847 0.133019 29 91.8944 6.00146 15.312 19.839674 0.071008 1.297 0 2 0 1 0 1.352173 0.567196 0.784977 "" "" "" "" "" "" "" "" "" "" "" "" "" "" "" "" "" "" "" "" "" "" NOT_AVAILABLE 0.0 0.0 0.999993 "" "" "" "" "" "" "" "" "" "" "" "" "" "" "" "" "" "" "" "" "" "" 294.12702876419 31.46898096234 17.480374 21.725179 -0.43 0.182708
