PN-Gaia-distance.ecsv
# %ECSV 1.0
# ---
# datatype:
# - {name: recno_1, datatype: int64}
# - {name: Astrom_1, datatype: string}
# - {name: PNG_1, datatype: string}
# - {name: OName_1, datatype: string}
# - {name: GaiaEDR3_1, datatype: int64}
# - {name: Group_1, datatype: string}
# - {name: RA_ICRS_1, datatype: float64}
# - {name: DE_ICRS_1, datatype: float64}
# - {name: Dang_1, datatype: float64}
# - {name: Gmag_1, datatype: float64}
# - {name: BP-RP_1, datatype: float64}
# - {name: AV_1, datatype: float64}
# - {name: (BP-RP)0_1, datatype: float64}
# - {name: _RA_icrs_1, datatype: float64}
# - {name: _DE_icrs_1, datatype: float64}
# - {name: Source_1, datatype: int64}
# - {name: RA_ICRS_x, datatype: float64}
# - {name: DE_ICRS_x, datatype: float64}
# - {name: rgeo, datatype: float64}
# - {name: b_rgeo_x, datatype: float64}
# - {name: B_rgeo_xa, datatype: float64}
# - {name: rpgeo, datatype: float64}
# - {name: b_rpgeo_x, datatype: float64}
# - {name: B_rpgeo_xa, datatype: float64}
# - {name: Flag, datatype: int64}
# - {name: angDist_1, datatype: float64}
# - {name: recno_2, datatype: int64}
# - {name: Astrom_2, datatype: string}
# - {name: PNG_2, datatype: string}
# - {name: OName_2, datatype: string}
# - {name: GaiaEDR3_2, datatype: int64}
# - {name: Group_2, datatype: string}
# - {name: RA_ICRS_2, datatype: float64}
# - {name: DE_ICRS_2, datatype: float64}
# - {name: Dang_2, datatype: float64}
# - {name: Gmag_2, datatype: float64}
# - {name: BP-RP_2, datatype: float64}
# - {name: AV_2, datatype: float64}
# - {name: (BP-RP)0_2, datatype: float64}
# - {name: _RA_icrs_2, datatype: float64}
# - {name: _DE_icrs_2, datatype: float64}
# - {name: DR3Name, datatype: string}
# - {name: RAdeg, datatype: float64}
# - {name: DEdeg, datatype: float64}
# - {name: errHalfMaj, datatype: float64}
# - {name: errHalfMin, datatype: float64}
# - {name: errPosAng, datatype: float64}
# - {name: SolID, datatype: int64}
# - {name: Source_2, datatype: int64}
# - {name: RandomI, datatype: int64}
# - {name: e_RAdeg, datatype: float64}
# - {name: e_DEdeg, datatype: float64}
# - {name: Plx, datatype: float64}
# - {name: e_Plx, datatype: float64}
# - {name: RPlx, datatype: float64}
# - {name: PM, datatype: float64}
# - {name: pmRA, datatype: float64}
# - {name: e_pmRA, datatype: float64}
# - {name: pmDE, datatype: float64}
# - {name: e_pmDE, datatype: float64}
# - {name: RADEcor, datatype: float64}
# - {name: RAPlxcor, datatype: float64}
# - {name: RApmRAcor, datatype: float64}
# - {name: RApmDEcor, datatype: float64}
# - {name: DEPlxcor, datatype: float64}
# - {name: DEpmRAcor, datatype: float64}
# - {name: DEpmDEcor, datatype: float64}
# - {name: PlxpmRAcor, datatype: float64}
# - {name: PlxpmDEcor, datatype: float64}
# - {name: pmRApmDEcor, datatype: float64}
# - {name: NAL, datatype: int64}
# - {name: NAC, datatype: int64}
# - {name: NgAL, datatype: int64}
# - {name: NbAL, datatype: int64}
# - {name: gofAL, datatype: float64}
# - {name: chi2AL, datatype: float64}
# - {name: epsi, datatype: float64}
# - {name: sepsi, datatype: float64}
# - {name: Solved, datatype: int64}
# - {name: APF, datatype: bool}
# - {name: nueff, datatype: float64}
# - {name: pscol, datatype: float64}
# - {name: e_pscol, datatype: float64}
# - {name: RApscolCorr, datatype: float64}
# - {name: DEpscolCorr, datatype: float64}
[...]
# - {name: RAJ2000, datatype: float64}
# - {name: DEJ2000, datatype: float64}
# - {name: e_RAJ2000, datatype: float64}
# - {name: e_DEJ2000, datatype: float64}
# - {name: RADEcorJ2000, datatype: float64}
# - {name: angDist_2, datatype: float64}
# schema: astropy-2.0
recno_1 Astrom_1 PNG_1 OName_1 GaiaEDR3_1 Group_1 RA_ICRS_1 DE_ICRS_1 Dang_1 Gmag_1 BP-RP_1 AV_1 (BP-RP)0_1 _RA_icrs_1 _DE_icrs_1 Source_1 RA_ICRS_x DE_ICRS_x rgeo b_rgeo_x B_rgeo_xa rpgeo b_rpgeo_x B_rpgeo_xa Flag angDist_1 recno_2 Astrom_2 PNG_2 OName_2 GaiaEDR3_2 Group_2 RA_ICRS_2 DE_ICRS_2 Dang_2 Gmag_2 BP-RP_2 AV_2 (BP-RP)0_2 _RA_icrs_2 _DE_icrs_2 DR3Name RAdeg DEdeg errHalfMaj errHalfMin errPosAng SolID Source_2 RandomI e_RAdeg e_DEdeg Plx e_Plx RPlx PM pmRA e_pmRA pmDE e_pmDE RADEcor RAPlxcor RApmRAcor RApmDEcor DEPlxcor DEpmRAcor DEpmDEcor PlxpmRAcor PlxpmDEcor pmRApmDEcor NAL NAC NgAL NbAL gofAL chi2AL epsi sepsi Solved APF nueff pscol e_pscol RApscolCorr DEpscolCorr PlxpscolCorr pmRApscolCorr pmDEpscolCorr MatchObsA Nper amax MatchObs IPDgofha IPDgofhp IPDfmp IPDfow RUWE Dup o_Gmag FG e_FG RFG Gmag_x e_Gmag o_BPmag FBP e_FBP RFBP BPmag e_BPmag o_RPmag FRP e_FRP RFRP RPmag e_RPmag E(BP/RP) NBPcont NBPblend NRPcont NRPblend Mode BP-RP_x BP-G G-RP RV e_RV n_RV o_RV o_RVd RVNper RVS/N RVgof RVchi2 RVTdur RVamp RVtempTeff RVtemplogg RVtemp[Fe/H] Vatmparam vbroad e_Vbroad o_Vbroad GRVSmag e_GRVSmag o_GRVSmag RVSS/N VarFlag PQSO PGal PSS Teff b_Teff_x B_Teff_xa logg b_logg_x B_logg_xa [Fe/H] b_[Fe/H]_x B_[Fe/H]_xa Dist b_Dist_x B_Dist_xa A0 b_A0_x B_A0_xa AG b_AG_x B_AG_xa E(BP-RP) b_E(BP-RP)_x B_E(BP-RP)_xa Lib RAJ2000 DEJ2000 e_RAJ2000 e_DEJ2000 RADEcorJ2000 angDist_2
[from data line 1319]
1543 "" "PN G325.0+03.2" Hen2-129 5888795544644516608 A 231.386 -52.8439 0.18 17.61 1.05 2.91 -0.47 231.386 -52.8439 5888795544644516608 231.38603419083 -52.84387791606 8594.48535 6480.39893 10880.4766 6965.30908 5198.7876 8855.18066 10033 0.105663 1507 "" "PN G320.6-04.8" PHRJ1532-6203 5827410630783549312 A 233.2474 -62.051 1.01 16.56 0.4 1.2 -0.25 233.2474 -62.051 "Gaia DR3 5827410630783549312" 233.24740753696 -62.05096451364 0.0 0.0 154.0 1636148068921376768 5827410630783549312 282661330 0.0345 0.0372 0.0624 0.0507 1.2316 7.195 -5.344 0.058 -4.818 0.057 -0.093 0.027 -0.2003 -0.1873 0.0775 -0.1531 0.2347 -0.099 0.1291 0.0376 387 0 386 1 -1.7898 345.82 0.0 0.0 31 False 1.671 "" "" "" "" "" "" "" 44 22 0.081793 49 0.02407 46.35 0 0 0.935 0 414 4490.75732 3.11485 1441.72 16.556568 0.002856 48 2968.86 14.9536 198.539 16.657068 0.006139 46 2481.11 9.02366 274.956 16.26128 0.005466 1.214 0 22 0 21 0 0.395788 0.1005 0.295288 "" "" "" "" "" "" "" "" "" "" "" "" "" "" "" "" "" "" "" "" "" "" NOT_AVAILABLE 0.062227 0.0 0.000108 16214.8 16209.3 16217.2 4.6049 4.6023 4.6063 -0.9943 -0.9987 -0.9829 7631.78 7612.849 7666.431 1.2701 1.2676 1.2729 1.2067 1.2044 1.2093 0.6514 0.6501 0.6528 OB 233.24745821554 -62.05094310003 0.933816 0.909311 0.0507 0.123682
1544 "" "PN G325.3-02.9" PHRJ1553-5738 5835851723298840576 A 238.2911 -57.6351 11.79 16.68 0.47 1.88 -0.54 238.2911 -57.6351 5835851723298840576 238.2910877902 -57.6350595511 10444.4199 7803.85693 14853.5625 9664.63477 7468.5249 12380.0869 10033 0.152192 1508 "" "PN G320.7+04.2" BMPJ1457-5413 5893724513518808832 B 224.2595 -54.2328 0.13 18.66 1.81 2.07 0.88 224.2595 -54.2328 "Gaia DR3 5893724513518808832" 224.25949554405 -54.2328147854 0.0 0.0 145.0 1636148068921376768 5893724513518808832 1404924370 0.1403 0.1502 0.5641 0.2122 2.6578 4.708 -4.275 0.211 -1.973 0.239 -0.1798 0.0916 -0.1135 -0.0112 -0.0263 -0.0692 0.4021 -0.1558 -0.0232 -0.2949 349 0 344 5 2.5582 427.34 0.677 2.3434 31 False 1.352 "" "" "" "" "" "" "" 40 19 0.362232 43 0.01951 104.1 0 0 1.099 0 357 648.86728 1.24627 520.648 18.656977 0.003456 39 216.413 5.79284 37.3587 19.500334 0.029196 38 662.78 6.54803 101.218 17.694471 0.011373 1.355 0 1 0 0 0 1.805862 0.843357 0.962505 "" "" "" "" "" "" "" "" "" "" "" "" "" "" "" "" "" "" "" "" "" "" NOT_AVAILABLE 0.0 0.0 0.999993 4231.7 3921.4 4466.8 4.8915 4.8421 4.9226 -1.2851 -1.5444 -1.0049 778.6331 713.1777 873.3932 1.1504 0.535 1.4907 0.8346 0.3815 1.098 0.4514 0.2081 0.5977 MARCS 224.25952804872 -54.23280601702 3.397362 3.767274 -0.2949 0.055714
1545 "" "PN G325.4-04.0" Hen2-141 5835567460898896128 A 239.7865 -58.3977 0.14 18.06 0.21 1.49 -0.6 239.7865 -58.3977 5835567460898896128 239.7864923486 -58.39768651885 5668.38477 3994.83008 7724.97852 13413.5059 5942.09131 15760.6357 10133 0.055008 1509 "" "PN G320.7-11.4" Kn72 5821376785848327552 A 243.303 -67.0831 0.42 17.6 -0.42 0.21 -0.54 243.303 -67.0831 "Gaia DR3 5821376785848327552" 243.30298345997 -67.08311616102 0.0 0.0 16.0 1636148068921376768 5821376785848327552 816010512 0.0376 0.0526 0.1002 0.0773 1.2962 7.435 -5.15 0.046 -5.363 0.072 0.2208 -0.0123 -0.3357 -0.0227 -0.0338 -0.033 -0.1822 -0.1104 0.1769 0.1509 859 0 855 4 -1.0091 913.23 0.101 0.31457 31 False 1.881 "" "" "" "" "" "" "" 98 28 0.101235 103 0.02815 83.24 0 0 0.975 0 879 1718.27578 1.1726 1465.36 17.599634 0.002853 100 1432.95 4.7822 299.643 17.447964 0.004573 93 565.842 5.27302 107.309 17.866158 0.010801 1.163 0 1 0 0 0 -0.418194 -0.15167 -0.266523 "" "" "" "" "" "" "" "" "" "" "" "" "" "" "" "" "" "" "" "" "" "" NOT_AVAILABLE 0.0 1e-06 5e-05 10925.5 10387.7 11097.9 4.4915 4.4735 4.4983 -0.5526 -0.6299 -0.4781 14485.563 13559.678 14699.179 0.0178 0.0046 0.048 0.0173 0.0045 0.0466 0.0092 0.0024 0.0248 A 243.3030422367 -67.08309232387 0.750433 1.160028 0.1499 0.064758
1547 "" "PN G325.5-01.6" PHRJ1548-5629 5884060875767301248 B 237.0893 -56.4994 2.09 19.44 2.29 5.09 -0.18 237.0893 -56.4994 5884060875767301248 237.08929072322 -56.49938063948 4537.59033 2406.94971 7448.23438 5387.80225 3381.81445 9431.79688 10033 0.075903 1511 "" "PN G320.9+02.0" Hen2-117 5881321133340445696 A 226.4966 -55.988 0.11 17.81 1.89 5.36 -0.73 226.4966 -55.988 "Gaia DR3 5881321133340445696" 226.49663339227 -55.98795259695 0.0 0.0 144.0 1636148068921376768 5881321133340445696 1168277964 0.1341 0.1445 0.794 0.205 3.8737 7.678 -7.067 0.194 -3.003 0.207 -0.2296 -0.17 -0.0566 -0.0091 0.1659 -0.0081 0.0773 -0.0858 0.0017 -0.2221 348 0 347 1 1.4479 423.22 0.534 1.3691 95 False "" 1.3196 0.0376 0.114 0.013 -0.072 0.148 -0.111 40 19 0.308093 49 0.0598 149.6 0 10 1.055 0 373 1412.38298 7.61536 185.465 17.812485 0.00647 28 11905.9 183.11 65.0202 15.149139 0.01693 31 39532.4 148.349 266.482 13.255513 0.005557 36.419 0 28 0 31 0 1.893626 -2.663345 4.556972 "" "" "" "" "" "" "" "" "" "" "" "" "" "" "" "" "" "" "" "" "" "" NOT_AVAILABLE 0.0 0.999876 0.000124 "" "" "" "" "" "" "" "" "" "" "" "" "" "" "" "" "" "" "" "" "" "" 226.49668954163 -55.98793925071 3.110313 3.310643 -0.2216 0.179951
1548 "" "PN G325.6-02.1" PHRJ1551-5653 5835952156893844096 B 237.8358 -56.8974 2.67 18.64 1.46 2.93 -0.02 237.8358 -56.8974 5835952156893844096 237.83575309407 -56.89743031241 7851.68604 5382.95459 11013.9951 5677.1499 4396.04736 7223.49512 10033 0.143143 1512 "" "PN G321.0+01.4" Pa179 5880493815227788160 B 227.1294 -56.5504 0.54 19.43 3.22 8.21 -0.57 227.1294 -56.5504 "Gaia DR3 5880493815227788160" 227.12938023453 -56.55035060855 0.0 0.0 137.0 1636148068921376768 5880493815227788160 726149826 0.2161 0.2176 0.0101 0.3002 0.0336 6.322 -5.323 0.293 -3.412 0.302 -0.121 -0.0365 -0.1296 0.0829 0.1929 0.1032 0.1737 -0.037 0.2268 -0.0424 351 0 351 0 0.2108 408.26 0.797 1.2006 95 False "" 1.13 0.0601 0.13 0.034 -0.021 -0.032 0.012 40 20 0.427496 45 0.04741 43.36 0 0 1.007 0 384 318.61283 1.3688 232.769 19.429209 0.005417 30 45.312 6.13369 7.3874 21.198008 0.146998 36 512.567 9.35265 54.8045 17.973518 0.020168 1.751 0 1 0 1 0 3.224489 1.768799 1.45569 "" "" "" "" "" "" "" "" "" "" "" "" "" "" "" "" "" "" "" "" "" "" NOT_AVAILABLE 0.0 0.0 0.999999 "" "" "" "" "" "" "" "" "" "" "" "" "" "" "" "" "" "" "" "" "" "" 227.1294231521 -56.55033544629 4.724773 4.802001 -0.0511 0.181311
1549 "" "PN G325.7+02.2" BMPJ1533-5319 5888601549601893632 B 233.3361 -53.3169 0.26 16.81 2.99 4.42 1.18 233.3361 -53.3169 5888601549601893632 233.33608871007 -53.31693298381 5860.59521 4460.41553 7662.23926 5278.40723 3849.37646 7155.02686 10033 0.127038 1514 "" "PN G321.0-03.8" HaTr2 5875572813518489856 A 232.5774 -61.0276 0.13 18.3 0.81 2.09 -0.29 232.5774 -61.0276 "Gaia DR3 5875572813518489856" 232.57741065589 -61.02758753172 0.0 0.0 163.0 1636148068921376768 5875572813518489856 1114733883 0.0949 0.1092 0.0611 0.1475 0.4144 10.068 -7.464 0.143 -6.757 0.151 -0.0923 -0.0346 -0.1926 -0.1652 -0.1993 -0.1622 0.3532 -0.1138 -0.0423 -0.1238 382 0 378 4 1.2572 425.07 0.19 0.29779 31 False 1.588 "" "" "" "" "" "" "" 45 22 0.221094 48 0.01669 94.39 0 0 1.045 0 394 902.94307 1.23299 732.32 18.298216 0.003129 45 572.43 7.006 81.7056 18.444237 0.013578 43 698.06 10.359 67.3866 17.638165 0.016549 1.407 0 18 0 18 0 0.806072 0.146021 0.660051 "" "" "" "" "" "" "" "" "" "" "" "" "" "" "" "" "" "" "" "" "" "" NOT_AVAILABLE 0.0 0.0 0.999995 5611.5 5589.0 5678.7 4.7153 4.6985 4.7393 -3.9582 -4.1104 -3.7909 2758.2344 2648.6418 2801.6565 0.0176 0.0039 0.0533 0.0148 0.0032 0.0449 0.0082 0.0018 0.0248 MARCS 232.57747913686 -61.02755750125 2.313292 2.375494 -0.1106 0.046376
1550 "" "PN G325.8+04.5" Hen2-128 5889777649042432256 B 231.2826 -51.3284 0.15 15.79 0.74 1.61 -0.11 231.2826 -51.3284 5889777649042432256 231.28264491109 -51.32837880467 9007.99023 6776.0 12346.7559 6854.26318 5158.16113 8916.40723 10033 0.125866 1515 * "PN G321.1-05.1" PHRJ1537-6159 5827235503541282432 B 234.4391 -61.9961 4.06 16.3 1.31 1.39 0.65 234.4391 -61.9961 "Gaia DR3 5827235503541282432" 234.43910412328 -61.99612625598 0.0 0.0 63.0 1636148068921376768 5827235503541282432 703955615 0.0331 0.0319 0.304 0.0452 6.7217 5.265 -5.088 0.051 -1.353 0.048 0.053 0.0832 -0.3685 -0.176 0.0794 -0.2041 0.1823 -0.1952 0.0322 0.0147 397 0 396 1 1.4773 451.98 0.079 0.48181 31 False 1.46 "" "" "" "" "" "" "" 45 22 0.072826 49 0.008846 118.7 0 0 1.052 0 405 5663.11482 33.469 169.205 16.304728 0.006983 46 2491.28 55.6705 44.7503 16.847488 0.024422 47 4810.5 61.6246 78.0614 15.542419 0.014413 1.289 0 46 0 47 0 1.305069 0.542761 0.762308 "" "" "" "" "" "" "" "" "" "" "" "" "" "" "" "" "" "" "" "" "" "" VARIABLE 0.0 0.0 0.999992 5976.7 5904.1 6259.4 4.3602 4.3115 4.4175 -0.3366 -0.4024 -0.1548 1468.4307 1398.5323 1525.4644 1.2775 1.2383 1.4268 1.0342 1.0009 1.1617 0.5607 0.5425 0.6287 PHOENIX 234.43915228682 -61.9961202448 0.832396 0.764122 0.0301 0.089826
1551 "" "PN G325.8-05.4" BMPJ1608-5913 5834543476289552768 A 242.0395 -59.2286 0.62 18.7 -0.01 0.86 -0.49 242.0395 -59.2286 5834543476289552768 242.03953527487 -59.22859281219 6488.1001 4187.70068 9073.2959 15212.0088 13115.8379 17823.0566 10023 0.069348 1516 "" "PN G321.2-01.9" MPAJ1522-5917 5876787705124856320 A 230.7425 -59.2957 0.25 19.75 1.31 3.34 -0.4 230.7425 -59.2957 "Gaia DR3 5876787705124856320" 230.74253887327 -59.29567240568 0.0 0.0 166.0 1636148068921376768 5876787705124856320 1205801359 0.2547 0.3739 0.3388 0.4333 0.7818 6.506 -5.794 0.427 -2.959 0.488 -0.2055 -0.1085 -0.1268 -0.1957 0.0005 -0.1162 0.383 -0.0368 0.0907 -0.0864 368 0 365 3 -0.7794 360.17 0.0 0.0 95 False "" 1.3341 0.0951 -0.02 -0.154 -0.079 -0.196 -0.021 43 21 0.704576 48 0.02156 169.8 12 0 0.97 0 403 238.12697 1.19199 199.773 19.745346 0.006093 40 600.097 13.0272 46.0648 18.392988 0.023734 42 1167.22 10.4547 111.646 17.080013 0.010433 7.422 0 40 0 42 0 1.312975 -1.352358 2.665333 "" "" "" "" "" "" "" "" "" "" "" "" "" "" "" "" "" "" "" "" "" "" NOT_AVAILABLE 0.0 1.0 0.0 "" "" "" "" "" "" "" "" "" "" "" "" "" "" "" "" "" "" "" "" "" "" 230.74258930787 -59.29565925601 6.863598 7.673097 -0.0748 0.122584
1552 "" "PN G325.8-12.8" Hen2-182 5817579661117922688 B 253.6464 -64.2413 0.28 13.12 0.22 0.36 0.03 253.6464 -64.2413 5817579661117922688 253.64638560928 -64.24129463116 12486.0 9571.36621 16956.4551 10250.4863 6023.146 14754.335 10022 0.036158 1517 "" "PN G321.3+02.8" Hen2-115 5887420772835970944 A 226.32 -55.1862 0.24 16.75 1.45 3.29 -0.23 226.32 -55.1862 "Gaia DR3 5887420772835970944" 226.31995915888 -55.18624906601 0.0 0.0 148.0 1636148068921376768 5887420772835970944 915339214 0.1342 0.1524 -0.3952 0.1975 -2.0009 8.558 -7.429 0.188 -4.248 0.224 -0.2725 -0.0809 0.0233 -0.1298 -0.0264 -0.1471 0.3071 0.0153 -0.146 -0.3233 318 8 317 1 18.8985 1283.5 1.444 36.598 95 False "" 1.4084 0.038 0.045 0.123 -0.128 0.059 0.039 37 20 0.338271 40 0.05862 88.83 2 0 1.845 0 344 3774.71581 19.4414 194.159 16.745155 0.006234 32 17095.5 156.861 108.986 14.756335 0.010346 34 37586.1 210.976 178.154 13.310326 0.007171 14.486 0 32 0 34 0 1.44601 -1.98882 3.43483 "" "" "" "" "" "" "" "" "" "" "" "" "" "" "" "" "" "" "" "" "" "" NOT_AVAILABLE 0.0 0.992267 0.007733 "" "" "" "" "" "" "" "" "" "" "" "" "" "" "" "" "" "" "" "" "" "" 226.32001698985 -55.18623018394 3.01226 3.534734 -0.3156 0.198211
1553 "" "PN G325.9+09.4" BMPJ1509-4707 5903941763984739072 A 227.4351 -47.1188 0.36 15.8 -0.05 0.6 -0.38 227.4351 -47.1188 5903941763984739072 227.43509081377 -47.118802135 6390.42578 5281.42383 8254.08008 7929.29248 5953.80029 13616.9189 10122 0.0228 1518 "" "PN G321.3-16.7" He2-185 5808014459690304000 A 255.3218 -70.1009 0.17 16.03 -0.47 0.21 -0.59 255.3218 -70.1009 "Gaia DR3 5808014459690304000" 255.32179391084 -70.10090684772 0.0 0.0 8.0 1636148068921376768 5808014459690304000 1223849088 0.2048 0.4123 -0.4721 0.3862 -1.2223 1.78 -0.361 0.278 -1.743 0.509 0.2084 0.0181 -0.3085 -0.1849 0.0845 -0.2179 -0.6161 -0.2654 0.0131 0.2206 385 0 375 10 21.4768 9231.2 3.099 306.02 95 False "" 1.8285 0.0721 -0.02 0.127 0.027 -0.041 -0.173 47 25 0.766034 55 0.1741 80.54 12 5 1.886 1 398 7280.15697 54.0242 134.757 16.032015 0.008515 43 78861.6 541.674 145.589 13.096378 0.007962 42 29589.5 199.076 148.634 13.570052 0.008225 14.897 0 43 0 42 0 -0.473674 -2.935637 2.461963 "" "" "" "" "" "" "" "" "" "" "" "" "" "" "" "" "" "" "" "" "" "" NOT_AVAILABLE 0.0 0.0 5e-05 "" "" "" "" "" "" "" "" "" "" "" "" "" "" "" "" "" "" "" "" "" "" 255.32179863125 -70.10089910012 4.516129 8.404122 0.2297 0.030117
1554 "" "PN G325.9-01.7" vBe2 5884101454628163072 B 237.8285 -56.3551 1.77 20.33 2.39 3.43 0.91 237.8285 -56.3551 5884101454628163072 237.82848994184 -56.35512873291 4632.94775 2407.40601 9950.70215 4619.21924 2652.35815 6505.46777 10033 0.109878 1519 "" "PN G321.4-05.1" MPAJ1539-6147 5827334493954740992 A 234.9681 -61.7896 0.52 17.07 0.5 1.35 -0.23 234.9681 -61.7896 "Gaia DR3 5827334493954740992" 234.96814150126 -61.78959662402 0.0 0.0 112.0 1636148068921376768 5827334493954740992 127396987 0.0471 0.0436 0.114 0.0639 1.7842 6.303 -4.574 0.078 -4.337 0.073 -0.0768 -0.0811 -0.1181 -0.1269 0.0672 -0.1231 0.016 -0.2082 0.162 0.0185 403 0 402 1 -0.474 412.74 0.047 0.08057 95 False "" 1.6189 0.0139 -0.046 0.115 -0.009 -0.026 -0.21 46 23 0.108658 50 0.01331 157.9 0 0 0.982 0 407 2799.17279 4.15406 673.841 17.069792 0.003192 37 1894.86 8.07628 234.621 17.144598 0.005404 39 1737.55 9.91082 175.319 16.648052 0.007255 1.298 0 4 0 4 0 0.496546 0.074806 0.42174 "" "" "" "" "" "" "" "" "" "" "" "" "" "" "" "" "" "" "" "" "" "" NOT_AVAILABLE 0.815079 0.022691 0.00081 6697.9 6688.6 6706.1 4.5844 4.5496 4.5954 -3.5414 -3.5775 -3.5041 2989.5378 2958.7642 3087.8975 0.001 0.0002 0.0024 0.0009 0.0002 0.0021 0.0005 0.0001 0.0012 MARCS 234.96818450672 -61.7895773487 1.254337 1.1631 0.0277 0.071903
1555 "" "PN G326.0-06.5" Hen2-151 5831451649598626560 B 243.9262 -59.9003 0.17 12.73 0.48 0.56 0.19 243.9262 -59.9003 5831451649598626560 243.92618349562 -59.90029454888 3427.5769 2446.32495 5226.75 2248.6731 1778.97058 3076.87207 10033 0.033957 1520 "" "PN G321.6+02.2" CVMP1 5886591161255356416 A 227.3548 -55.5516 0.1 20.24 -0.04 4.79 -1.8 227.3548 -55.5516 "Gaia DR3 5886591161255356416" 227.35483995299 -55.55159262709 0.001 0.0 152.0 1636148068921376768 5886591161255356416 905428741 0.4747 0.5093 0.1448 0.6545 0.2213 6.58 -4.934 0.635 -4.353 0.743 -0.1018 0.0616 -0.0777 -0.1855 -0.2872 -0.185 0.5264 -0.0949 -0.1661 -0.176 249 0 249 0 1.4577 296.04 1.328 0.82292 31 False 1.689 "" "" "" "" "" "" "" 29 18 1.105631 33 0.01096 144.7 0 0 1.065 0 271 151.30043 0.793943 190.568 20.237766 0.006329 24 109.554 6.49479 16.868 20.239471 0.064427 24 61.1088 7.08816 8.62125 20.282637 0.125994 1.128 0 0 0 0 0 -0.043165 0.001705 -0.04487 "" "" "" "" "" "" "" "" "" "" "" "" "" "" "" "" "" "" "" "" "" "" NOT_AVAILABLE 8.6e-05 0.0 0.999912 "" "" "" "" "" "" "" "" "" "" "" "" "" "" "" "" "" "" "" "" "" "" 227.35487872109 -55.55157328061 10.204112 11.62956 -0.1624 0.087288
