PN-PS-Gaia.ecsv
# %ECSV 1.0
# ---
# datatype:
# - {name: recno_1, datatype: int64}
# - {name: Astrom_1, datatype: string}
# - {name: PNG_1, datatype: string}
# - {name: OName_1, datatype: string}
# - {name: GaiaEDR3_1, datatype: int64}
# - {name: Group_1, datatype: string}
# - {name: RA_ICRS_1, datatype: float64}
# - {name: DE_ICRS_1, datatype: float64}
# - {name: Dang_1, datatype: float64}
# - {name: Gmag_1, datatype: float64}
# - {name: BP-RP_1, datatype: float64}
# - {name: AV_1, datatype: float64}
# - {name: (BP-RP)0_1, datatype: float64}
# - {name: _RA_icrs_1, datatype: float64}
# - {name: _DE_icrs_1, datatype: float64}
# - {name: objID, datatype: int64}
# - {name: RAJ2000_1, datatype: float64}
# - {name: DEJ2000_1, datatype: float64}
# - {name: errHalfMaj_1, datatype: float64}
# - {name: errHalfMin_1, datatype: float64}
# - {name: errPosAng_1, datatype: float64}
# - {name: f_objID, datatype: int64}
# - {name: Qual, datatype: int64}
# - {name: Epoch, datatype: float64}
# - {name: Ns, datatype: int64}
# - {name: Nd, datatype: int64}
# - {name: gmag_x, datatype: float64}
# - {name: e_gmag, datatype: float64}
# - {name: gKmag, datatype: float64}
# - {name: e_gKmag, datatype: float64}
# - {name: gFlags, datatype: int64}
# - {name: rmag, datatype: float64}
# - {name: e_rmag, datatype: float64}
# - {name: rKmag, datatype: float64}
# - {name: e_rKmag, datatype: float64}
# - {name: rFlags, datatype: int64}
# - {name: imag, datatype: float64}
# - {name: e_imag, datatype: float64}
# - {name: iKmag, datatype: float64}
# - {name: e_iKmag, datatype: float64}
# - {name: iFlags, datatype: int64}
# - {name: zmag, datatype: float64}
# - {name: e_zmag, datatype: float64}
# - {name: zKmag, datatype: float64}
# - {name: e_zKmag, datatype: float64}
# - {name: zFlags, datatype: int64}
# - {name: ymag, datatype: float64}
# - {name: e_ymag, datatype: float64}
# - {name: yKmag, datatype: float64}
# - {name: e_yKmag, datatype: float64}
# - {name: yFlags, datatype: int64}
# - {name: angDist_1, datatype: float64}
# - {name: recno_2, datatype: int64}
# - {name: Astrom_2, datatype: string}
# - {name: PNG_2, datatype: string}
# - {name: OName_2, datatype: string}
# - {name: GaiaEDR3_2, datatype: int64}
# - {name: Group_2, datatype: string}
# - {name: RA_ICRS_2, datatype: float64}
# - {name: DE_ICRS_2, datatype: float64}
# - {name: Dang_2, datatype: float64}
# - {name: Gmag_2, datatype: float64}
# - {name: BP-RP_2, datatype: float64}
# - {name: AV_2, datatype: float64}
# - {name: (BP-RP)0_2, datatype: float64}
# - {name: _RA_icrs_2, datatype: float64}
# - {name: _DE_icrs_2, datatype: float64}
# - {name: DR3Name, datatype: string}
# - {name: RAdeg, datatype: float64}
# - {name: DEdeg, datatype: float64}
# - {name: errHalfMaj_2, datatype: float64}
# - {name: errHalfMin_2, datatype: float64}
# - {name: errPosAng_2, datatype: float64}
# - {name: SolID, datatype: int64}
# - {name: Source, datatype: int64}
# - {name: RandomI, datatype: int64}
# - {name: e_RAdeg, datatype: float64}
# - {name: e_DEdeg, datatype: float64}
# - {name: Plx, datatype: float64}
# - {name: e_Plx, datatype: float64}
# - {name: RPlx, datatype: float64}
# - {name: PM, datatype: float64}
# - {name: pmRA, datatype: float64}
# - {name: e_pmRA, datatype: float64}
# - {name: pmDE, datatype: float64}
# - {name: e_pmDE, datatype: float64}
[...]
# - {name: angDist_2, datatype: float64}
# schema: astropy-2.0
recno_1 Astrom_1 PNG_1 OName_1 GaiaEDR3_1 Group_1 RA_ICRS_1 DE_ICRS_1 Dang_1 Gmag_1 BP-RP_1 AV_1 (BP-RP)0_1 _RA_icrs_1 _DE_icrs_1 objID RAJ2000_1 DEJ2000_1 errHalfMaj_1 errHalfMin_1 errPosAng_1 f_objID Qual Epoch Ns Nd gmag_x e_gmag gKmag e_gKmag gFlags rmag e_rmag rKmag e_rKmag rFlags imag e_imag iKmag e_iKmag iFlags zmag e_zmag zKmag e_zKmag zFlags ymag e_ymag yKmag e_yKmag yFlags angDist_1 recno_2 Astrom_2 PNG_2 OName_2 GaiaEDR3_2 Group_2 RA_ICRS_2 DE_ICRS_2 Dang_2 Gmag_2 BP-RP_2 AV_2 (BP-RP)0_2 _RA_icrs_2 _DE_icrs_2 DR3Name RAdeg DEdeg errHalfMaj_2 errHalfMin_2 errPosAng_2 SolID Source RandomI e_RAdeg e_DEdeg Plx e_Plx RPlx PM pmRA e_pmRA pmDE e_pmDE RADEcor RAPlxcor RApmRAcor RApmDEcor DEPlxcor DEpmRAcor DEpmDEcor PlxpmRAcor PlxpmDEcor pmRApmDEcor NAL NAC NgAL NbAL gofAL chi2AL epsi sepsi Solved APF nueff pscol e_pscol RApscolCorr DEpscolCorr PlxpscolCorr pmRApscolCorr pmDEpscolCorr MatchObsA Nper amax MatchObs IPDgofha IPDgofhp IPDfmp IPDfow RUWE Dup o_Gmag FG e_FG RFG Gmag_x e_Gmag o_BPmag FBP e_FBP RFBP BPmag e_BPmag o_RPmag FRP e_FRP RFRP RPmag e_RPmag E(BP/RP) NBPcont NBPblend NRPcont NRPblend Mode BP-RP_x BP-G G-RP RV e_RV n_RV o_RV o_RVd RVNper RVS/N RVgof RVchi2 RVTdur RVamp RVtempTeff RVtemplogg RVtemp[Fe/H] Vatmparam vbroad e_Vbroad o_Vbroad GRVSmag e_GRVSmag o_GRVSmag RVSS/N VarFlag PQSO PGal PSS Teff b_Teff_x B_Teff_xa logg b_logg_x B_logg_xa [Fe/H] b_[Fe/H]_x B_[Fe/H]_xa Dist b_Dist_x B_Dist_xa A0 b_A0_x B_A0_xa AG b_AG_x B_AG_xa E(BP-RP) b_E(BP-RP)_x B_E(BP-RP)_xa Lib RAJ2000_2 DEJ2000_2 e_RAJ2000 e_DEJ2000 RADEcorJ2000 angDist_2
[from data line 399]
193 "" "PN G006.0-03.6" M2-31 4064771067972273920 B 273.3169 -25.5015 0.51 17.55 0.66 2.32 -0.57 273.3169 -25.5015 77392733168898518 273.31687553 -25.50148161 0.065 0.022 90.0 243589120 29 55892.74501157 4 62 14.5926 0.0261 13.8378 0.0016 16875832 14.6115 0.0542 13.7153 0.0051 16777496 15.5748 0.0112 14.6167 0.0075 16793904 14.8635 0.0464 14.1529 0.0136 16777488 14.1582 0.0235 13.1609 0.0066 16793912 0.101591 420 "" "PN G024.2-05.2" M4-11 4202377048194457344 B 283.5736 -10.0869 1.33 18.04 0.31 0.69 -0.06 283.5736 -10.0869 "Gaia DR3 4202377048194457344" 283.57360191234 -10.08685648714 0.0 0.0 55.0 1636148068921376768 4202377048194457344 1070666860 0.167 0.1443 0.3475 0.1592 2.1828 8.999 -6.749 0.194 -5.953 0.164 0.4097 -0.2793 -0.2689 -0.3023 -0.156 -0.2567 -0.3285 -0.0878 0.131 0.2857 169 0 168 1 1.2835 205.17 0.401 1.1365 95 False "" 1.7473 0.0392 0.166 -0.025 -0.023 -0.108 -0.054 20 13 0.299839 24 0.07665 72.77 20 0 1.07 0 186 1145.64966 3.44332 332.717 18.039738 0.004271 21 1305.05 11.7879 110.711 17.549475 0.010196 21 1011.53 40.1907 25.1682 17.23545 0.043304 2.022 0 21 0 21 0 0.314024 -0.490263 0.804287 "" "" "" "" "" "" "" "" "" "" "" "" "" "" "" "" "" "" "" "" "" "" NOT_AVAILABLE 0.0 1e-06 0.999998 "" "" "" "" "" "" "" "" "" "" "" "" "" "" "" "" "" "" "" "" "" "" 283.57363237752 -10.08683003109 3.1497 2.669259 0.3064 0.15592
195 "" "PN G006.1+03.5" PHRJ1746-2150 4117103221360980608 B 266.5559 -21.8471 0.43 19.97 1.67 2.44 0.53 266.5559 -21.8471 81782665559253924 266.55591732 -21.8470929 0.009 0.008 90.0 436527104 52 55973.42278935 4 40 21.6882 0.1096 22.1217 0.1667 16892208 20.1611 0.017 20.495 0.0882 115000 19.4973 0.0042 19.7411 0.0092 16777496 19.158 0.0542 19.4194 0.1071 115000 19.1585 0.1518 19.5266 0.2102 115000 0.062297 421 "" "PN G024.3-03.3" Pe1-17 4203399937651147520 B 281.9531 -9.1522 1.21 20.73 0.95 1.94 -0.05 281.9531 -9.1522 "Gaia DR3 4203399937651147520" 281.95312423819 -9.15219016252 0.016 0.014 36.0 1636148068921376768 4203399937651147520 1038036948 14.816 15.2959 "" "" "" "" "" "" "" "" 0.0953 "" "" "" "" "" "" "" "" "" 67 0 67 0 36.211 1964.4 54.09 170.77 3 False "" "" "" "" "" "" "" "" 8 6 34.555695 11 0.9194 94.03 0 20 "" 0 68 95.40017 3.78016 25.2371 20.738495 0.04311 5 1193.92 41.1669 29.0018 17.646109 0.037541 6 1663.32 46.3244 35.9059 16.695457 0.030474 29.95 0 5 0 6 0 0.950651 -3.092386 4.043037 "" "" "" "" "" "" "" "" "" "" "" "" "" "" "" "" "" "" "" "" "" "" NOT_AVAILABLE 0.007185 0.034582 0.958079 "" "" "" "" "" "" "" "" "" "" "" "" "" "" "" "" "" "" "" "" "" "" 281.95312423819 -9.15219016252 14.816036 15.295895 0.0953 0.092797
196 "" "PN G006.1+08.3" M1-20 4121750616461170432 A 262.2401 -19.265 0.22 16.71 0.49 1.89 -0.52 262.2401 -19.265 84882622400772348 262.24006209 -19.26503732 0.013 0.006 0.0 243589120 29 55970.69553241 7 54 13.9624 0.0013 13.7678 0.0011 16843064 13.9615 0.022 13.6224 0.0041 16892216 14.6471 0.0253 14.3741 0.0043 16892216 14.4649 0.0084 14.2403 0.0013 16892216 13.7597 0.029 13.354 0.0039 16875832 0.187733 422 "" "PN G024.4+00.9" MPAJ1832-0706 4159840031367633024 B 278.0953 -7.116 0.37 19.29 2.82 4.42 0.95 278.0953 -7.116 "Gaia DR3 4159840031367633024" 278.09531638269 -7.11601354567 0.0 0.0 42.0 1636148068921376768 4159840031367633024 1047566471 0.3399 0.3572 0.6618 0.4316 1.5332 6.955 -2.844 0.431 -6.347 0.319 0.4254 -0.3072 0.0257 -0.1683 -0.5615 -0.0289 -0.2358 -0.1446 0.0387 0.1994 172 0 172 0 -0.2827 194.57 0.611 0.52643 95 False "" 1.088 0.0849 -0.091 -0.216 0.221 -0.171 -0.08 20 15 0.61046 20 0.0403 84.41 0 0 0.983 0 171 362.83644 2.28239 158.972 19.28809 0.007365 19 83.2607 6.61698 12.5829 20.537441 0.086332 19 647.65 9.43197 68.6654 17.719543 0.016257 2.014 0 0 0 0 0 2.817898 1.249352 1.568546 "" "" "" "" "" "" "" "" "" "" "" "" "" "" "" "" "" "" "" "" "" "" NOT_AVAILABLE 0.0 0.0 0.999993 "" "" "" "" "" "" "" "" "" "" "" "" "" "" "" "" "" "" "" "" "" "" 278.09532911872 -7.1159853349 6.893311 5.201719 0.2073 0.075774
197 "" "PN G006.2+01.0" HaTr8 4069412793495388416 B 268.983 -22.9837 0.12 20.3 3.49 2.45 2.4 268.983 -22.9837 80422689829770007 268.98300195 -22.98363328 0.016 0.01 90.0 512024576 61 55862.29501157 3 37 23.27 "" "" "" 16420 20.53 "" "" "" 16420 19.8226 0.0205 19.3537 0.0295 16892216 18.4624 0.0848 18.5943 0.3311 16892216 17.4737 0.0073 17.0583 0.0129 16892216 0.239554 423 "" "PN G024.4-03.3" PHRJ1848-0903 4203498996752125696 B 282.0323 -9.0529 3.24 20.17 1.89 2.65 0.69 282.0323 -9.0529 "Gaia DR3 4203498996752125696" 282.03230418388 -9.05286322844 0.001 0.0 39.0 1636148068921376768 4203498996752125696 58345062 0.6464 0.7295 0.0353 0.8088 0.0437 4.348 -1.404 0.757 -4.115 0.683 0.5703 -0.3874 -0.085 -0.0254 -0.6146 0.127 -0.0621 -0.2288 -0.0038 0.3839 158 0 157 1 0.2896 164.34 0.0 0.0 95 False "" 1.3701 0.1887 -0.307 -0.311 0.427 -0.143 0.053 18 10 1.184438 18 0.6205 84.47 0 0 1.014 0 153 160.62526 1.19191 134.763 20.172832 0.008515 14 58.2697 6.14095 9.48871 20.924936 0.114458 14 192.841 5.06348 38.0847 19.034899 0.028758 1.563 0 0 0 0 0 1.890038 0.752104 1.137934 "" "" "" "" "" "" "" "" "" "" "" "" "" "" "" "" "" "" "" "" "" "" NOT_AVAILABLE 0.0 0.0 0.999996 "" "" "" "" "" "" "" "" "" "" "" "" "" "" "" "" "" "" "" "" "" "" 282.0323105019 -9.05284494055 12.178612 10.991156 0.3742 0.134335
198 "" "PN G006.2+06.9" PHRJ1734-2000 4121407981117238400 A 263.5571 -20.0141 0.14 19.82 0.66 1.86 -0.33 263.5571 -20.0141 83982635571273496 263.5571223 -20.01406836 0.043 0.028 0.0 436527104 52 55989.12513889 9 27 20.0748 0.016 19.8191 0.092 16892216 19.8486 0.0118 19.8466 0.0471 16892216 19.8068 0.0251 19.9271 0.0768 115000 19.8671 0.063 19.9068 0.1037 16696 "" "" "" "" 16416 0.13399 424 "" "PN G024.6+00.5" MPAJ1834-0706 4252901531617858944 B 278.5833 -7.0882 0.91 19.95 3.63 28.46 -2.03 278.5833 -7.0882 "Gaia DR3 4252901531617858944" 278.58326051946 -7.08819750627 0.013 0.009 78.0 1636148068921376768 4252901531617858944 213490790 12.8602 8.9224 "" "" "" "" "" "" "" "" 0.1592 "" "" "" "" "" "" "" "" "" 51 0 46 5 27.3952 1119.7 22.794 140.93 3 False "" "" "" "" "" "" "" "" 6 5 33.094345 13 0.2072 75.81 0 40 "" 1 53 201.41226 5.36042 37.574 19.927153 0.029027 4 279.197 27.5565 10.1318 19.223764 0.107197 4 4568.37 31.0084 147.327 15.598492 0.008282 24.068 0 4 0 4 0 3.625273 -0.703388 4.328661 "" "" "" "" "" "" "" "" "" "" "" "" "" "" "" "" "" "" "" "" "" "" NOT_AVAILABLE 0.0 0.0 0.998967 "" "" "" "" "" "" "" "" "" "" "" "" "" "" "" "" "" "" "" "" "" "" 278.58326051946 -7.08819750627 12.860204 8.922387 0.1592 0.141351
199 "" "PN G006.2-09.1" CGMW4-1723 4048647245087934336 A 278.9359 -27.8556 1.05 17.06 -0.02 0.57 -0.34 278.9359 -27.8556 74572789359433585 278.93592037 -27.85560988 0.019 0.013 90.0 444915712 53 55842.87890046 5 62 16.9294 0.0082 15.6006 0.0155 16892216 17.1305 0.0002 16.3597 0.0367 16892216 17.4613 0.0166 17.1114 0.0879 16892216 17.5102 0.0074 17.082 0.0109 16892216 17.6142 0.0256 17.1069 0.0314 16892216 0.073341 425 "" "PN G024.8-01.4" Sab8 4252568654478440064 B 280.4422 -7.8582 0.68 19.47 2.15 1.41 1.57 280.4422 -7.8582 "Gaia DR3 4252568654478440064" 280.44218077934 -7.85821965195 0.0 0.0 41.0 1636148068921376768 4252568654478440064 1359235016 0.3833 0.401 0.7769 0.393 1.977 2.308 -1.964 0.501 -1.212 0.412 0.3568 -0.0537 -0.4617 -0.1991 -0.4657 -0.1225 -0.5411 -0.0357 0.2161 0.0499 169 0 169 0 0.4777 177.72 0.0 1.5741e-15 95 False "" 1.4688 0.0996 -0.036 0.202 0.089 0.05 -0.074 19 13 0.735636 19 0.01457 134.0 0 0 1.025 0 165 306.53082 1.92095 159.572 19.471182 0.007341 8 118.224 8.72765 13.546 20.156775 0.080201 10 499.34 14.2081 35.1446 18.001905 0.031124 2.015 0 0 0 0 0 2.154869 0.685593 1.469276 "" "" "" "" "" "" "" "" "" "" "" "" "" "" "" "" "" "" "" "" "" "" NOT_AVAILABLE 0.0 0.0 0.999997 "" "" "" "" "" "" "" "" "" "" "" "" "" "" "" "" "" "" "" "" "" "" 280.44218959161 -7.85821426443 8.202645 6.824516 0.0642 0.098317
200 "" "PN G006.3+03.3" H2-22 4117062676912301184 B 266.8914 -21.7898 0.24 18.47 1.57 2.6 0.31 266.8914 -21.7898 81852668913832603 266.89131476 -21.7897958 0.054 0.012 90.0 310697984 37 56302.38541667 0 31 19.019 0.0278 18.4376 0.0196 16777496 16.9245 0.1113 15.4384 0.0037 16777496 16.708 0.0056 16.3063 0.0064 16777744 "" "" "" "" 0 18.1372 0.0247 "" "" 16777488 0.285472 426 "" "PN G024.8-02.7" M2-46 4251616408769092352 B 281.6442 -8.4673 0.16 16.7 1.17 2.14 0.09 281.6442 -8.4673 "Gaia DR3 4251616408769092352" 281.64422565247 -8.46725651725 0.0 0.0 49.0 1636148068921376768 4251616408769092352 698296176 0.0693 0.0656 0.1169 0.0776 1.5061 8.845 -2.935 0.085 -8.344 0.066 0.3641 -0.1618 -0.1571 -0.1062 -0.3312 0.0099 -0.252 -0.2795 -0.094 0.3088 181 0 181 0 -0.5451 174.6 0.0 0.0 95 False "" 1.5479 0.021 -0.127 -0.169 0.122 -0.264 -0.099 21 14 0.125199 21 0.07481 73.23 0 0 0.969 0 179 3918.93085 29.0922 134.707 16.704449 0.008518 21 4743.3 152.425 31.1189 16.14834 0.035001 20 8124.94 106.069 76.6007 14.973346 0.014669 3.284 0 13 0 12 0 1.174994 -0.556108 1.731103 "" "" "" "" "" "" "" "" "" "" "" "" "" "" "" "" "" "" "" "" "" "" NOT_AVAILABLE 0.0 0.095845 0.904155 "" "" "" "" "" "" "" "" "" "" "" "" "" "" "" "" "" "" "" "" "" "" 281.64423883932 -8.46721943438 1.3652 1.073341 0.3065 0.182531
201 "" "PN G006.3+04.4" H2-18 4117385040014126592 A 265.8698 -21.1644 0.32 18.07 0.6 2.39 -0.67 265.8698 -21.1644 82602658699623149 265.86980459 -21.16435394 0.039 0.017 0.0 512024576 61 55931.89975694 5 62 16.7907 0.0285 15.7302 0.0045 16892216 16.491 0.0322 15.8239 0.0056 16892216 17.1754 0.0272 16.3909 0.0166 16892216 16.9956 0.0356 16.1208 0.0182 16892216 16.3821 0.0146 15.5326 0.0684 16892216 0.166891 427 "" "PN G025.0-11.6" Abell60 4186077574260953984 A 289.8241 -12.2434 0.47 18.52 -0.24 0.48 -0.51 289.8241 -12.2434 "Gaia DR3 4186077574260953984" 289.82413369084 -12.24337046442 0.0 0.0 88.0 1636148068921376768 4186077574260953984 646518825 0.2033 0.164 0.2643 0.218 1.2123 1.333 1.295 0.234 -0.315 0.218 0.0152 -0.2284 -0.2741 0.0055 -0.165 0.0823 -0.0604 -0.0002 0.1612 0.1849 157 0 157 0 -0.236 158.08 0.0 0.0 95 False "" 1.7811 0.0585 0.055 0.003 -0.002 -0.053 0.046 18 13 0.346737 18 0.07601 91.98 0 0 0.984 0 155 738.72801 2.33945 315.77 18.516155 0.004406 15 634.698 14.3837 44.126 18.332125 0.024763 15 295.408 13.8738 21.2926 18.57184 0.051131 1.259 0 9 0 9 0 -0.239716 -0.184031 -0.055685 "" "" "" "" "" "" "" "" "" "" "" "" "" "" "" "" "" "" "" "" "" "" NOT_AVAILABLE 0.0 0.0 5e-05 9995.5 9986.1 9998.9 4.6463 4.6445 4.6466 -2.4743 -2.4929 -2.4427 13882.738 13866.2705 13896.982 0.0008 0.0001 0.0023 0.0007 0.0001 0.0022 0.0004 0.0 0.0012 PHOENIX 289.8241277993 -12.24336906519 3.80859 3.499251 0.1772 0.158321
202 "" "PN G006.4+02.0" M1-31 4070421084305148928 A 268.1727 -22.3659 0.32 17.56 1.35 3.94 -0.65 268.1727 -22.3659 81162681727081277 268.17268796 -22.36587679 0.005 0.003 0.0 512024576 61 55921.86928241 6 67 15.2217 0.0056 14.884 0.0056 16892216 14.1906 0.0771 13.7762 0.0069 16892216 15.2755 0.024 14.5569 0.0042 16777496 14.3797 0.0552 13.9114 0.0047 16892208 13.1879 0.0042 12.6173 0.0147 16892216 0.092802 428 "" "PN G025.1-04.6" Pa121 4203637225993816576 B 283.5191 -9.0299 0.15 15.3 0.56 1.1 -0.02 283.5191 -9.0299 "Gaia DR3 4203637225993816576" 283.51906012899 -9.0299400912 0.0 0.0 56.0 1636148068921376768 4203637225993816576 1413724068 0.0279 0.026 0.0111 0.0304 0.3665 6.806 -2.047 0.032 -6.491 0.027 0.1791 0.0602 -0.1471 -0.2445 -0.2961 -0.206 -0.2796 -0.0996 0.0527 0.1332 238 0 238 0 -0.9293 223.75 0.0 0.0 31 False 1.625 "" "" "" "" "" "" "" 28 16 0.046942 29 0.04878 76.22 0 0 0.956 0 242 14239.89716 35.4397 401.807 15.303599 0.003859 27 8643.16 60.6163 142.588 15.496861 0.00811 26 8410.56 66.6487 126.192 14.935833 0.009397 1.198 0 8 0 6 0 0.561028 0.193261 0.367766 "" "" "" "" "" "" "" "" "" "" "" "" "" "" "" "" "" "" "" "" "" "" NOT_AVAILABLE 0.114361 0.0 0.000156 23376.8 23237.9 23523.6 4.2454 4.2424 4.248 0.0044 0.001 0.0114 12077.88 11927.883 12236.748 1.798 1.7937 1.8016 1.7101 1.7059 1.7138 0.9329 0.9305 0.935 OB 283.51906934062 -9.02991124378 0.521699 0.445919 0.1549 0.203338
203 * "PN G006.4-03.4" PHRJ1813-2505 4065348964202561920 B 273.3626 -25.0981 1.19 15.56 0.8 1.86 -0.17 273.3626 -25.0981 77882733626352616 273.36261757 -25.09810924 0.04 0.005 90.0 444915712 53 55828.70422454 4 72 15.8836 0.0079 15.8723 0.0044 16892216 15.5848 0.0038 15.4675 0.0198 16892208 15.5805 0.0273 15.3308 0.0658 16777496 15.4244 0.0151 14.9626 0.025 16892216 15.4946 0.0256 15.4984 0.0297 16892216 0.065074 429 "" "PN G025.1-08.4" MPAJ1907-1043 4199466808402502656 A 286.8853 -10.7292 0.29 18.34 0.22 1.1 -0.38 286.8853 -10.7292 "Gaia DR3 4199466808402502656" 286.88527020471 -10.72919694187 0.0 0.0 42.0 1636148068921376768 4199466808402502656 381293756 0.1597 0.1664 0.0322 0.1802 0.1785 8.109 -4.819 0.269 -6.522 0.287 0.4554 -0.1155 0.3839 0.3068 -0.3698 0.412 0.4614 -0.2807 -0.0883 0.7197 190 0 190 0 0.9377 211.48 0.171 0.16939 95 False "" 1.638 0.0457 -0.175 -0.081 0.294 -0.164 -0.076 22 14 0.514876 22 0.1324 86.34 0 0 1.047 0 188 868.56612 2.28724 379.745 18.340359 0.003971 20 749.596 7.1013 105.558 18.151474 0.010657 20 532.183 7.7957 68.2663 17.932743 0.016347 1.476 0 0 0 0 0 0.218731 -0.188885 0.407616 "" "" "" "" "" "" "" "" "" "" "" "" "" "" "" "" "" "" "" "" "" "" NOT_AVAILABLE 0.0 0.0 1.0 7686.0 7598.1 7723.4 4.3951 4.3902 4.3981 -3.5273 -3.5651 -3.4115 9159.703 8976.635 9268.543 0.0019 0.0005 0.0052 0.0018 0.0004 0.0047 0.001 0.0002 0.0026 MARCS 286.88529200544 -10.72916795597 4.241274 4.509693 0.7152 0.106105
204 "" "PN G006.5+03.4" PNPBOZ29 4118615290396335744 B 266.9544 -21.5396 0.47 19.16 2.31 3.0 1.03 266.9544 -21.5396 82152669543632860 266.95435709 -21.53958161 0.031 0.013 90.0 512024576 61 56062.93922454 5 72 18.4799 0.0082 18.3856 0.0109 16892216 17.0061 0.017 16.9094 0.0131 16892216 17.1702 0.0012 17.0532 0.0143 16892216 16.0237 0.0114 15.7893 0.0046 16892216 14.5473 0.0699 14.308 0.0013 16892216 0.158772 430 * "PN G025.3+40.8" IC4593 4457218245479455744 A 242.9356 12.0714 0.05 11.22 -0.29 0.21 -0.41 242.9356 12.0714 "Gaia DR3 4457218245479455744" 242.93557448486 12.07140336966 0.0 0.0 66.0 1636148068921376768 4457218245479455744 1031180780 0.0366 0.0294 0.3757 0.0454 8.2783 9.322 -9.232 0.043 1.296 0.038 0.25 -0.1887 0.1312 -0.013 -0.0994 -0.0012 0.1622 -0.1676 -0.0555 0.2328 335 335 332 3 2.6213 7526.1 0.381 240.7 31 False 1.861 "" "" "" "" "" "" "" 38 19 0.063821 44 0.0188 19.13 0 0 1.103 0 373 612577.18552 880.311 695.864 11.219465 0.003166 39 566329.0 2540.28 222.939 10.955871 0.005613 40 251013.0 848.776 295.735 11.248656 0.005269 1.334 0 0 0 0 0 -0.292786 -0.263595 -0.029191 "" "" "" "" "" "" "" "" "" "" "" "" "" "" "" "" "" "" "" "" "" "" NOT_AVAILABLE 0.0 0.0 5e-05 "" "" "" "" "" "" "" "" "" "" "" "" "" "" "" "" "" "" "" "" "" "" 242.93561644285 12.07139760794 0.691176 0.596825 0.2371 0.090796
