PN-PS-Gaia.ecsv
# %ECSV 1.0
# ---
# datatype:
# - {name: recno_1, datatype: int64}
# - {name: Astrom_1, datatype: string}
# - {name: PNG_1, datatype: string}
# - {name: OName_1, datatype: string}
# - {name: GaiaEDR3_1, datatype: int64}
# - {name: Group_1, datatype: string}
# - {name: RA_ICRS_1, datatype: float64}
# - {name: DE_ICRS_1, datatype: float64}
# - {name: Dang_1, datatype: float64}
# - {name: Gmag_1, datatype: float64}
# - {name: BP-RP_1, datatype: float64}
# - {name: AV_1, datatype: float64}
# - {name: (BP-RP)0_1, datatype: float64}
# - {name: _RA_icrs_1, datatype: float64}
# - {name: _DE_icrs_1, datatype: float64}
# - {name: objID, datatype: int64}
# - {name: RAJ2000_1, datatype: float64}
# - {name: DEJ2000_1, datatype: float64}
# - {name: errHalfMaj_1, datatype: float64}
# - {name: errHalfMin_1, datatype: float64}
# - {name: errPosAng_1, datatype: float64}
# - {name: f_objID, datatype: int64}
# - {name: Qual, datatype: int64}
# - {name: Epoch, datatype: float64}
# - {name: Ns, datatype: int64}
# - {name: Nd, datatype: int64}
# - {name: gmag_x, datatype: float64}
# - {name: e_gmag, datatype: float64}
# - {name: gKmag, datatype: float64}
# - {name: e_gKmag, datatype: float64}
# - {name: gFlags, datatype: int64}
# - {name: rmag, datatype: float64}
# - {name: e_rmag, datatype: float64}
# - {name: rKmag, datatype: float64}
# - {name: e_rKmag, datatype: float64}
# - {name: rFlags, datatype: int64}
# - {name: imag, datatype: float64}
# - {name: e_imag, datatype: float64}
# - {name: iKmag, datatype: float64}
# - {name: e_iKmag, datatype: float64}
# - {name: iFlags, datatype: int64}
# - {name: zmag, datatype: float64}
# - {name: e_zmag, datatype: float64}
# - {name: zKmag, datatype: float64}
# - {name: e_zKmag, datatype: float64}
# - {name: zFlags, datatype: int64}
# - {name: ymag, datatype: float64}
# - {name: e_ymag, datatype: float64}
# - {name: yKmag, datatype: float64}
# - {name: e_yKmag, datatype: float64}
# - {name: yFlags, datatype: int64}
# - {name: angDist_1, datatype: float64}
# - {name: recno_2, datatype: int64}
# - {name: Astrom_2, datatype: string}
# - {name: PNG_2, datatype: string}
# - {name: OName_2, datatype: string}
# - {name: GaiaEDR3_2, datatype: int64}
# - {name: Group_2, datatype: string}
# - {name: RA_ICRS_2, datatype: float64}
# - {name: DE_ICRS_2, datatype: float64}
# - {name: Dang_2, datatype: float64}
# - {name: Gmag_2, datatype: float64}
# - {name: BP-RP_2, datatype: float64}
# - {name: AV_2, datatype: float64}
# - {name: (BP-RP)0_2, datatype: float64}
# - {name: _RA_icrs_2, datatype: float64}
# - {name: _DE_icrs_2, datatype: float64}
# - {name: DR3Name, datatype: string}
# - {name: RAdeg, datatype: float64}
# - {name: DEdeg, datatype: float64}
# - {name: errHalfMaj_2, datatype: float64}
# - {name: errHalfMin_2, datatype: float64}
# - {name: errPosAng_2, datatype: float64}
# - {name: SolID, datatype: int64}
# - {name: Source, datatype: int64}
# - {name: RandomI, datatype: int64}
# - {name: e_RAdeg, datatype: float64}
# - {name: e_DEdeg, datatype: float64}
# - {name: Plx, datatype: float64}
# - {name: e_Plx, datatype: float64}
# - {name: RPlx, datatype: float64}
# - {name: PM, datatype: float64}
# - {name: pmRA, datatype: float64}
# - {name: e_pmRA, datatype: float64}
# - {name: pmDE, datatype: float64}
# - {name: e_pmDE, datatype: float64}
[...]
# - {name: angDist_2, datatype: float64}
# schema: astropy-2.0
recno_1 Astrom_1 PNG_1 OName_1 GaiaEDR3_1 Group_1 RA_ICRS_1 DE_ICRS_1 Dang_1 Gmag_1 BP-RP_1 AV_1 (BP-RP)0_1 _RA_icrs_1 _DE_icrs_1 objID RAJ2000_1 DEJ2000_1 errHalfMaj_1 errHalfMin_1 errPosAng_1 f_objID Qual Epoch Ns Nd gmag_x e_gmag gKmag e_gKmag gFlags rmag e_rmag rKmag e_rKmag rFlags imag e_imag iKmag e_iKmag iFlags zmag e_zmag zKmag e_zKmag zFlags ymag e_ymag yKmag e_yKmag yFlags angDist_1 recno_2 Astrom_2 PNG_2 OName_2 GaiaEDR3_2 Group_2 RA_ICRS_2 DE_ICRS_2 Dang_2 Gmag_2 BP-RP_2 AV_2 (BP-RP)0_2 _RA_icrs_2 _DE_icrs_2 DR3Name RAdeg DEdeg errHalfMaj_2 errHalfMin_2 errPosAng_2 SolID Source RandomI e_RAdeg e_DEdeg Plx e_Plx RPlx PM pmRA e_pmRA pmDE e_pmDE RADEcor RAPlxcor RApmRAcor RApmDEcor DEPlxcor DEpmRAcor DEpmDEcor PlxpmRAcor PlxpmDEcor pmRApmDEcor NAL NAC NgAL NbAL gofAL chi2AL epsi sepsi Solved APF nueff pscol e_pscol RApscolCorr DEpscolCorr PlxpscolCorr pmRApscolCorr pmDEpscolCorr MatchObsA Nper amax MatchObs IPDgofha IPDgofhp IPDfmp IPDfow RUWE Dup o_Gmag FG e_FG RFG Gmag_x e_Gmag o_BPmag FBP e_FBP RFBP BPmag e_BPmag o_RPmag FRP e_FRP RFRP RPmag e_RPmag E(BP/RP) NBPcont NBPblend NRPcont NRPblend Mode BP-RP_x BP-G G-RP RV e_RV n_RV o_RV o_RVd RVNper RVS/N RVgof RVchi2 RVTdur RVamp RVtempTeff RVtemplogg RVtemp[Fe/H] Vatmparam vbroad e_Vbroad o_Vbroad GRVSmag e_GRVSmag o_GRVSmag RVSS/N VarFlag PQSO PGal PSS Teff b_Teff_x B_Teff_xa logg b_logg_x B_logg_xa [Fe/H] b_[Fe/H]_x B_[Fe/H]_xa Dist b_Dist_x B_Dist_xa A0 b_A0_x B_A0_xa AG b_AG_x B_AG_xa E(BP-RP) b_E(BP-RP)_x B_E(BP-RP)_xa Lib RAJ2000_2 DEJ2000_2 e_RAJ2000 e_DEJ2000 RADEcorJ2000 angDist_2
[from data line 85]
1116 "" "PN G238.4-01.8" KLSS1-8 5618434427152146688 B 113.3521 -23.426 11.88 19.49 2.06 2.25 1.1 113.3521 -23.426 79881133521479134 113.35214406 -23.42598827 0.021 0.014 0.0 436527104 52 55961.2415625 5 57 20.9252 0.031 21.0519 0.078 115000 19.6952 0.0193 19.8514 0.0312 115000 18.903 0.0071 19.0062 0.0229 115000 18.4436 0.0172 18.4579 0.0402 115000 18.1564 0.0468 18.1096 0.0759 115000 0.152155 98 "" "PN G002.6+08.1" H1-11 4114722469423030272 A 260.3238 -22.3099 0.48 16.81 0.67 2.12 -0.46 260.3238 -22.3099 "Gaia DR3 4114722469423030272" 260.32383375406 -22.30988185406 0.0 0.0 80.0 1636148068921376768 4114722469423030272 1604260575 0.0661 0.0427 0.2138 0.074 2.8885 6.471 -5.4 0.087 -3.567 0.06 0.1712 -0.177 -0.1685 -0.3622 -0.2897 -0.3442 -0.6111 0.1538 0.3853 0.1953 439 0 438 1 0.8524 483.93 0.055 0.13345 95 False "" 1.5495 0.0129 -0.009 0.135 0.068 0.036 0.005 50 16 0.125711 50 0.0135 146.2 0 0 1.028 0 406 3556.20153 11.1392 319.251 16.8099 0.004377 43 6180.34 77.3322 79.9195 15.861011 0.013869 46 6628.47 32.9454 201.195 15.194362 0.006588 3.602 0 43 0 46 0 0.666649 -0.94889 1.615539 "" "" "" "" "" "" "" "" "" "" "" "" "" "" "" "" "" "" "" "" "" "" NOT_AVAILABLE 0.0 0.060231 0.939769 "" "" "" "" "" "" "" "" "" "" "" "" "" "" "" "" "" "" "" "" "" "" 260.32385969362 -22.30986599954 1.404772 0.98091 0.2201 0.130537
1117 "" "PN G238.5+01.7" PHRJ0747-2146 5712122717736651264 B 116.8281 -21.7792 4.37 20.93 1.23 1.56 0.48 116.8281 -21.7792 81861168281525298 116.82809233 -21.77921287 0.022 0.018 0.0 436527104 52 56102.79561343 5 34 22.0591 0.193 "" "" 115000 20.9757 0.0472 21.1968 0.0711 115000 20.4617 0.045 20.6501 0.0857 115000 20.121 0.0246 20.3532 0.1863 115000 19.7084 0.0818 19.6241 0.1578 115000 0.054218 99 "" "PN G002.6-02.8a" MPAJ1802-2807 4062523120590486144 B 270.7228 -28.1322 0.6 16.76 2.18 1.73 1.46 270.7228 -28.1322 "Gaia DR3 4062523120590486144" 270.72278503673 -28.13218898023 0.0 0.0 62.0 1636148068921376768 4062523120590486144 597020900 0.0977 0.085 0.2411 0.1025 2.3512 7.0 -3.808 0.138 -5.874 0.095 0.2127 -0.1631 -0.2455 -0.0892 -0.2671 -0.0491 -0.5151 0.0583 0.1051 0.0735 198 0 198 0 5.8816 454.27 0.532 9.0763 95 False "" 1.2564 0.0234 -0.026 0.082 0.128 -0.006 -0.105 23 13 0.193476 25 0.05077 169.9 2 0 1.313 0 200 3715.21867 3.95302 939.843 16.762405 0.002988 23 984.244 39.3707 24.9994 17.855785 0.04352 24 4258.86 110.119 38.6749 15.674663 0.028327 1.411 0 0 0 0 0 2.181123 1.09338 1.087743 "" "" "" "" "" "" "" "" "" "" "" "" "" "" "" "" "" "" "" "" "" "" NOT_AVAILABLE 0.0 0.0 0.999997 4782.8 4761.4 4819.8 3.7447 3.7 3.8109 0.4698 0.4511 0.5123 1608.7078 1508.4855 1692.268 2.5392 2.5151 2.5714 1.8424 1.8241 1.8684 0.9801 0.9694 0.9938 MARCS 270.72280422893 -28.1321628749 2.232804 1.572938 0.0774 0.06245
1118 "" "PN G238.9+07.3" Sa2-21 5713819779576751488 A 122.1844 -19.2338 0.63 19.53 -0.28 0.22 -0.4 122.1844 -19.2338 84911221843819744 122.18439608 -19.23380627 0.014 0.012 90.0 310697984 37 56118.169375 0 50 18.5011 0.0868 14.3045 0.0199 16777496 18.9715 0.0321 14.1899 0.0401 16777496 19.9057 0.0223 19.1204 0.1427 16777496 20.2123 0.052 19.5177 0.1031 16777496 19.8714 0.0726 "" "" 280 0.023514 100 "" "PN G002.7-04.8" M1-42 4050550916418916864 B 272.7708 -28.9831 0.55 18.32 0.59 1.13 0.0 272.7708 -28.9831 "Gaia DR3 4050550916418916864" 272.77079444935 -28.98308718183 0.0 0.0 71.0 1636148068921376768 4050550916418916864 690889129 0.4526 0.379 -1.3594 0.524 -2.5943 4.714 3.906 0.57 2.639 0.381 0.1427 0.0514 0.0117 -0.1306 -0.2947 -0.1095 -0.4354 -0.2865 0.122 0.2414 191 0 191 0 22.1587 1092.9 3.133 36.356 95 False "" 1.6541 0.099 -0.18 0.027 -0.145 0.019 -0.026 22 15 0.814549 23 0.1155 24.34 0 0 2.348 0 198 884.11438 10.8837 81.233 18.321096 0.013647 10 5362.72 289.699 18.5114 16.01508 0.058719 11 5382.05 354.071 15.2005 15.420527 0.071528 12.153 0 2 0 0 0 0.594553 -2.306017 2.90057 "" "" "" "" "" "" "" "" "" "" "" "" "" "" "" "" "" "" "" "" "" "" NOT_AVAILABLE 0.0 0.621058 0.378942 "" "" "" "" "" "" "" "" "" "" "" "" "" "" "" "" "" "" "" "" "" "" 272.77077460283 -28.9830989128 9.130879 6.275804 0.2479 0.052357
1119 * "PN G239.6+13.9" NGC2610 5709928951521751168 A 128.3476 -16.1494 0.07 15.89 -0.49 0.02 -0.51 128.3476 -16.1494 88621283475921127 128.34757739 -16.1493659 0.003 0.003 0.0 503635968 60 56113.60211806 5 60 15.6656 0.0069 12.7337 0.0099 16892216 16.1058 0.0034 12.9633 0.0085 115000 16.5553 0.0059 15.9358 0.0704 115000 16.8218 0.0119 16.6564 0.0087 16892216 17.0171 0.0109 16.7132 0.0318 16892216 0.147709 103 "" "PN G002.8-00.2" LDu36 4063891909388675200 B 268.2739 -26.5677 6.69 20.99 1.43 70.55 -3.74 268.2739 -26.5677 "Gaia DR3 4063891909388675200" 268.2739054228 -26.56771463348 0.041 0.003 60.0 1636148068921376768 4063891909388675200 15938462 35.3772 20.6627 "" "" "" "" "" "" "" "" 0.9894 "" "" "" "" "" "" "" "" "" 45 0 45 0 3.0217 72.575 7.708 3.5022 3 False "" "" "" "" "" "" "" "" 5 3 6799.5796 5 1.519 73.21 0 0 "" 0 44 75.53313 1.9602 38.5334 20.992023 0.028311 2 45.2162 11.9177 3.79404 21.200308 0.286183 4 97.8467 24.4265 4.00576 19.77153 0.27107 1.894 0 0 0 0 0 1.428778 0.208284 1.220493 "" "" "" "" "" "" "" "" "" "" "" "" "" "" "" "" "" "" "" "" "" "" NOT_AVAILABLE 1.6e-05 1.1e-05 0.999738 "" "" "" "" "" "" "" "" "" "" "" "" "" "" "" "" "" "" "" "" "" "" 268.2739054228 -26.56771463348 35.377228 20.662651 0.9894 0.057442
1120 "" "PN G239.6-12.0" ESO427-19 5608770995551017600 A 103.801 -29.1247 0.39 20.2 -0.32 0.21 -0.44 103.801 -29.1247 73051038010670669 103.80097491 -29.12465387 0.052 0.017 0.0 444915712 53 56473.02881944 5 47 19.0192 0.065 15.7222 0.0439 16892216 19.8118 0.0378 18.3594 0.0475 16892216 20.549 0.0343 19.868 0.0648 16892216 20.5204 0.1117 "" "" 16892216 "" "" "" "" 114720 0.185638 105 * "PN G002.9+06.5" PM1-149 4111493787901120768 B 261.9737 -22.9552 0.28 15.59 1.19 2.3 0.02 261.9737 -22.9552 "Gaia DR3 4111493787901120768" 261.97369128229 -22.95519799197 0.0 0.0 80.0 1636148068921376768 4111493787901120768 1422980201 0.035 0.0239 0.1952 0.0393 4.9713 5.584 -2.279 0.045 -5.098 0.029 0.1418 -0.1457 -0.0527 -0.23 -0.2124 -0.1961 -0.4491 -0.2171 0.1794 0.1718 300 0 298 2 -0.2379 302.24 0.0 0.0 95 False "" 1.4723 0.0079 -0.037 0.107 -0.053 -0.037 -0.03 34 17 0.063505 34 0.04755 179.3 1 0 0.989 0 298 10918.59565 27.4888 397.202 15.591949 0.003881 30 5786.75 47.3975 122.09 15.932456 0.00932 30 10015.7 67.1966 149.05 14.746196 0.008206 1.447 0 0 0 1 0 1.18626 0.340507 0.845754 "" "" "" "" "" "" "" "" "" "" "" "" "" "" "" "" "" "" "" "" "" "" NOT_AVAILABLE 0.0 5e-06 0.999995 19969.3 19919.0 19991.9 4.0024 3.9857 4.0277 -0.1245 -0.2339 -0.0209 8382.549 8115.599 8614.759 3.1001 3.0967 3.1036 2.7787 2.7753 2.782 1.5271 1.5251 1.529 A 261.97370228296 -22.95517533564 0.723525 0.47269 0.1882 0.029967
1121 * "PN G240.1-01.0" Pa60 5615067658135032960 A 115.0436 -24.4976 0.8 16.29 0.05 0.85 -0.42 115.0436 -24.4976 78601150435773171 115.04358903 -24.49757993 0.017 0.005 0.0 503635968 60 56071.78324074 10 69 16.3242 0.0043 16.3808 0.0035 115000 16.438 0.0041 16.5011 0.0049 115000 16.5859 0.0042 16.6744 0.0059 115000 16.7269 0.0027 16.8084 0.0086 115000 16.8257 0.0215 17.0028 0.0052 115000 0.082491 106 "" "PN G002.9-03.9" H2-39 4050818097742912640 A 272.024 -28.4363 0.1 17.81 0.76 1.91 -0.25 272.024 -28.4363 "Gaia DR3 4050818097742912640" 272.02404286876 -28.43634131522 0.0 0.0 55.0 1636148068921376768 4050818097742912640 301705382 0.174 0.156 -0.5544 0.2163 -2.5632 7.589 -4.664 0.215 -5.987 0.164 0.315 -0.1317 -0.0103 -0.1377 -0.4782 -0.0286 -0.4886 -0.2064 0.4043 0.2772 236 0 236 0 7.1493 485.03 1.012 8.4952 95 False "" 1.2986 0.0455 -0.057 0.113 -0.14 0.091 -0.188 27 16 0.311996 30 0.09428 178.7 99 0 1.35 0 244 1411.35698 9.40796 150.017 17.813274 0.007744 24 3214.69 88.1502 36.4683 16.570694 0.029902 26 3757.96 56.561 66.4408 15.810515 0.016773 4.94 0 11 0 16 0 0.760179 -1.24258 2.002759 "" "" "" "" "" "" "" "" "" "" "" "" "" "" "" "" "" "" "" "" "" "" NOT_AVAILABLE 0.0 0.008394 0.991606 "" "" "" "" "" "" "" "" "" "" "" "" "" "" "" "" "" "" "" "" "" "" 272.0240664414 -28.4363147073 3.446078 2.71082 0.2779 0.200604
1122 * "PN G240.3+07.0" Y-C2-5 5701379385324474240 A 122.6735 -20.5256 0.24 15.63 -0.39 0.09 -0.44 122.6735 -20.5256 83361226734779578 122.67349989 -20.52562842 0.007 0.004 0.0 512024576 61 56202.14907407 5 72 14.9211 0.0185 13.3579 0.004 16892216 15.4938 0.0211 14.2982 0.0022 16892216 16.0635 0.0087 15.2263 0.0032 16892216 16.2962 0.0254 15.4289 0.0118 16892216 16.2896 0.0635 15.1564 0.002 16892216 0.100753 108 "" "PN G003.0+01.6" MGE003.0836+01.6435 4067166834825756288 B 266.6295 -25.448 1.12 19.01 2.58 3.89 0.91 266.6295 -25.448 "Gaia DR3 4067166834825756288" 266.6295174207 -25.44804283239 0.0 0.0 75.0 1636148068921376768 4067166834825756288 494869707 0.3067 0.2278 0.8077 0.3406 2.3713 1.245 0.792 0.371 0.961 0.221 0.1753 -0.1595 0.0202 -0.0219 -0.1885 -0.0632 -0.7142 -0.1313 0.267 0.2659 324 0 321 3 1.3045 393.47 0.927 2.3331 95 False "" 1.2214 0.0578 0.008 -0.085 -0.056 0.146 -0.085 37 18 0.523901 37 0.06823 19.15 23 0 1.051 0 316 467.31481 1.49543 312.496 19.013344 0.004434 14 138.804 13.8288 10.0373 19.982536 0.108206 13 864.018 43.7028 19.7703 17.406588 0.055047 2.146 0 14 0 13 0 2.575949 0.969193 1.606756 "" "" "" "" "" "" "" "" "" "" "" "" "" "" "" "" "" "" "" "" "" "" NOT_AVAILABLE 0.0 0.0 0.999982 "" "" "" "" "" "" "" "" "" "" "" "" "" "" "" "" "" "" "" "" "" "" 266.62951352253 -25.44804710172 5.935781 3.696426 0.2594 0.164421
1123 "" "PN G240.6-07.7" BMPJ0715-2805 5609834734391604736 A 108.7595 -28.0956 0.4 18.09 -0.13 0.16 -0.22 108.7595 -28.0956 74281087594775593 108.75948506 -28.095581 0.023 0.014 0.0 444915712 53 56074.44226852 5 61 17.6722 0.0055 15.859 0.0058 16892216 17.9419 0.0115 15.7855 0.008 16892216 18.3045 0.0098 16.8441 0.034 16892216 18.7106 0.009 17.6129 0.0697 16892216 18.6365 0.0332 17.9279 0.0237 16892216 0.083624 109 "" "PN G003.0-01.7" PHRJ1759-2712 4063564770382530688 B 269.8882 -27.2141 0.96 18.54 2.36 2.67 1.24 269.8882 -27.2141 "Gaia DR3 4063564770382530688" 269.88817415765 -27.21409643974 0.0 0.0 61.0 1636148068921376768 4063564770382530688 1551945576 0.3246 0.279 0.5611 0.3364 1.6681 9.285 -7.16 0.446 -5.911 0.304 0.2456 -0.0387 -0.2554 -0.1937 -0.1467 -0.2371 -0.6054 -0.102 0.0382 0.3681 217 0 217 0 13.8275 688.1 2.022 18.084 95 False "" 1.3314 0.0711 -0.093 -0.098 0.204 0.061 0.023 25 15 0.664335 25 0.02293 164.3 7 0 1.742 0 216 720.96761 2.4297 296.732 18.542578 0.00458 21 210.891 15.5696 13.5451 19.528399 0.080206 21 1076.26 52.583 20.4679 17.1681 0.05318 1.785 0 21 0 21 0 2.360298 0.985821 1.374477 "" "" "" "" "" "" "" "" "" "" "" "" "" "" "" "" "" "" "" "" "" "" NOT_AVAILABLE 0.0 0.0 0.99999 3712.1 3676.2 3803.9 4.5189 4.4274 4.9016 -1.1336 -1.3559 -0.8745 478.0183 392.3545 530.0774 1.76 1.6727 1.8825 1.1978 1.1365 1.2847 0.6563 0.6237 0.7039 PHOENIX 269.8882099413 -27.2140701681 7.233609 5.035916 0.3729 0.083658
1124 * "PN G241.0+02.3" M3-4 5710725616423348352 B 118.7975 -23.6368 0.03 15.22 1.46 0.32 1.32 118.7975 -23.6368 79631187974906095 118.79749045 -23.63683517 0.009 0.008 0.0 503635968 60 56023.15876157 5 64 13.475 "" "" "" 114724 13.397 "" "" "" 114724 13.439 "" "" "" 114724 14.5617 0.0057 14.433 0.0124 115000 14.4013 0.0087 14.1662 0.0839 16892216 0.127796 110 "" "PN G003.1+02.9" Hb4 4068200586367730944 A 265.47 -24.7023 0.06 17.52 1.1 2.81 -0.35 265.47 -24.7023 "Gaia DR3 4068200586367730944" 265.46999556698 -24.70233428142 0.0 0.0 64.0 1636148068921376768 4068200586367730944 1610996339 0.1239 0.0909 0.1652 0.132 1.2515 4.674 -1.082 0.156 -4.547 0.091 0.4116 -0.2701 -0.0468 -0.1834 -0.3483 -0.1256 -0.6604 -0.0785 0.3149 0.4052 340 0 340 0 4.0739 468.02 0.418 3.1269 95 False "" 1.4465 0.0249 -0.166 -0.069 0.199 -0.066 -0.116 39 16 0.225652 39 0.01483 113.5 0 0 1.161 0 315 1845.78262 8.31228 222.055 17.521915 0.005612 35 8671.15 202.058 42.9141 15.493351 0.025454 38 13909.0 137.744 100.977 14.389658 0.011397 12.233 3 32 0 36 0 1.103693 -2.028564 3.132257 "" "" "" "" "" "" "" "" "" "" "" "" "" "" "" "" "" "" "" "" "" "" NOT_AVAILABLE 0.0 0.579543 0.420457 "" "" "" "" "" "" "" "" "" "" "" "" "" "" "" "" "" "" "" "" "" "" 265.47000086055 -24.70231407311 2.510823 1.514522 0.4048 0.127416
1125 "" "PN G242.3-02.4" FPJ0739-2709 5612254965642151808 A 114.9088 -27.1584 0.01 18.85 -0.24 1.47 -1.03 114.9088 -27.1584 75411149088360192 114.90881705 -27.15840448 0.028 0.014 0.0 436527104 52 56042.65207176 5 44 18.7641 0.0078 18.8674 0.0189 115000 19.0614 0.0138 19.2052 0.0205 115000 19.3695 0.007 19.4615 0.0245 115000 19.6069 0.039 19.5561 0.0616 115000 19.5627 0.0345 19.3769 0.2432 115000 0.057389 111 "" "PN G003.1+03.4" H2-17 4068268859125380224 B 265.0309 -24.4285 0.03 16.53 1.47 2.53 0.23 265.0309 -24.4285 "Gaia DR3 4068268859125380224" 265.03092285262 -24.42852502339 0.0 0.0 67.0 1636148068921376768 4068268859125380224 1647123779 0.0586 0.0471 0.083 0.0624 1.3316 7.169 -3.723 0.074 -6.127 0.044 0.2261 -0.1792 -0.2394 -0.1358 -0.2932 -0.0569 -0.7871 -0.0922 0.3102 0.2336 419 0 417 2 0.6481 458.28 0.0 0.0 95 False "" 1.4079 0.0107 0.03 0.011 0.058 0.004 -0.139 48 16 0.10555 48 0.04932 6.604 0 0 1.022 0 405 4620.92526 13.0861 353.118 16.525545 0.004129 46 3691.82 43.5676 84.7376 16.420443 0.013113 47 8320.94 35.4068 235.009 14.947464 0.005969 2.6 0 34 0 35 0 1.472979 -0.105103 1.578081 "" "" "" "" "" "" "" "" "" "" "" "" "" "" "" "" "" "" "" "" "" "" NOT_AVAILABLE 0.0 0.031604 0.968396 "" "" "" "" "" "" "" "" "" "" "" "" "" "" "" "" "" "" "" "" "" "" 265.03094102466 -24.42849779318 1.199204 0.744757 0.2295 0.119325
1126 "" "PN G242.6-04.4" PHRJ0732-2825 5611737443573911168 B 113.0731 -28.4216 0.83 18.44 0.94 0.91 0.49 113.0731 -28.4216 73891130731234336 113.07313541 -28.42161651 0.006 0.005 0.0 436527104 52 56027.85840278 5 64 18.753 0.0084 18.2573 0.0129 16892216 18.2753 0.0077 16.6275 0.1193 16892216 18.236 0.0062 18.2829 0.0081 115000 18.1699 0.0066 18.2424 0.0168 115000 18.0297 0.0226 18.1645 0.0356 115000 0.12632 112 "" "PN G003.1+03.7" PHRJ1738-2419 4068263155407067904 B 264.7154 -24.3289 0.06 16.64 2.54 2.48 1.52 264.7154 -24.3289 "Gaia DR3 4068263155407067904" 264.71536212894 -24.32890427978 0.0 0.0 76.0 1636148068921376768 4068263155407067904 1128560340 0.1037 0.0736 0.1087 0.1144 0.9503 1.531 -1.488 0.128 -0.359 0.068 0.1834 0.1434 0.0817 0.0623 -0.3177 -0.0201 -0.7749 -0.0952 0.4129 0.3036 479 0 475 4 18.5855 1357.8 0.622 24.095 31 False 1.29 "" "" "" "" "" "" "" 54 16 0.180518 54 0.04309 1.288 0 0 1.663 0 469 4159.76365 3.98105 1044.89 16.639696 0.002945 49 859.44 7.08732 121.264 18.003004 0.009378 48 5173.86 14.8252 348.992 15.463358 0.004895 1.45 0 9 0 12 0 2.539646 1.363308 1.176338 "" "" "" "" "" "" "" "" "" "" "" "" "" "" "" "" "" "" "" "" "" "" NOT_AVAILABLE 0.0 0.0 1.0 7674.1 7514.4 7808.5 3.8151 3.7046 3.926 0.0525 -0.4587 0.633 1941.3446 1555.306 2322.299 5.4192 5.3275 5.4706 4.1164 4.0413 4.1616 2.2823 2.2515 2.3065 A 264.71536938765 -24.32890268302 2.042345 1.153971 0.2881 0.125473
