PN-PS-Gaia.ecsv
# %ECSV 1.0
# ---
# datatype:
# - {name: recno_1, datatype: int64}
# - {name: Astrom_1, datatype: string}
# - {name: PNG_1, datatype: string}
# - {name: OName_1, datatype: string}
# - {name: GaiaEDR3_1, datatype: int64}
# - {name: Group_1, datatype: string}
# - {name: RA_ICRS_1, datatype: float64}
# - {name: DE_ICRS_1, datatype: float64}
# - {name: Dang_1, datatype: float64}
# - {name: Gmag_1, datatype: float64}
# - {name: BP-RP_1, datatype: float64}
# - {name: AV_1, datatype: float64}
# - {name: (BP-RP)0_1, datatype: float64}
# - {name: _RA_icrs_1, datatype: float64}
# - {name: _DE_icrs_1, datatype: float64}
# - {name: objID, datatype: int64}
# - {name: RAJ2000_1, datatype: float64}
# - {name: DEJ2000_1, datatype: float64}
# - {name: errHalfMaj_1, datatype: float64}
# - {name: errHalfMin_1, datatype: float64}
# - {name: errPosAng_1, datatype: float64}
# - {name: f_objID, datatype: int64}
# - {name: Qual, datatype: int64}
# - {name: Epoch, datatype: float64}
# - {name: Ns, datatype: int64}
# - {name: Nd, datatype: int64}
# - {name: gmag_x, datatype: float64}
# - {name: e_gmag, datatype: float64}
# - {name: gKmag, datatype: float64}
# - {name: e_gKmag, datatype: float64}
# - {name: gFlags, datatype: int64}
# - {name: rmag, datatype: float64}
# - {name: e_rmag, datatype: float64}
# - {name: rKmag, datatype: float64}
# - {name: e_rKmag, datatype: float64}
# - {name: rFlags, datatype: int64}
# - {name: imag, datatype: float64}
# - {name: e_imag, datatype: float64}
# - {name: iKmag, datatype: float64}
# - {name: e_iKmag, datatype: float64}
# - {name: iFlags, datatype: int64}
# - {name: zmag, datatype: float64}
# - {name: e_zmag, datatype: float64}
# - {name: zKmag, datatype: float64}
# - {name: e_zKmag, datatype: float64}
# - {name: zFlags, datatype: int64}
# - {name: ymag, datatype: float64}
# - {name: e_ymag, datatype: float64}
# - {name: yKmag, datatype: float64}
# - {name: e_yKmag, datatype: float64}
# - {name: yFlags, datatype: int64}
# - {name: angDist_1, datatype: float64}
# - {name: recno_2, datatype: int64}
# - {name: Astrom_2, datatype: string}
# - {name: PNG_2, datatype: string}
# - {name: OName_2, datatype: string}
# - {name: GaiaEDR3_2, datatype: int64}
# - {name: Group_2, datatype: string}
# - {name: RA_ICRS_2, datatype: float64}
# - {name: DE_ICRS_2, datatype: float64}
# - {name: Dang_2, datatype: float64}
# - {name: Gmag_2, datatype: float64}
# - {name: BP-RP_2, datatype: float64}
# - {name: AV_2, datatype: float64}
# - {name: (BP-RP)0_2, datatype: float64}
# - {name: _RA_icrs_2, datatype: float64}
# - {name: _DE_icrs_2, datatype: float64}
# - {name: DR3Name, datatype: string}
# - {name: RAdeg, datatype: float64}
# - {name: DEdeg, datatype: float64}
# - {name: errHalfMaj_2, datatype: float64}
# - {name: errHalfMin_2, datatype: float64}
# - {name: errPosAng_2, datatype: float64}
# - {name: SolID, datatype: int64}
# - {name: Source, datatype: int64}
# - {name: RandomI, datatype: int64}
# - {name: e_RAdeg, datatype: float64}
# - {name: e_DEdeg, datatype: float64}
# - {name: Plx, datatype: float64}
# - {name: e_Plx, datatype: float64}
# - {name: RPlx, datatype: float64}
# - {name: PM, datatype: float64}
# - {name: pmRA, datatype: float64}
# - {name: e_pmRA, datatype: float64}
# - {name: pmDE, datatype: float64}
# - {name: e_pmDE, datatype: float64}
[...]
# - {name: angDist_2, datatype: float64}
# schema: astropy-2.0
recno_1 Astrom_1 PNG_1 OName_1 GaiaEDR3_1 Group_1 RA_ICRS_1 DE_ICRS_1 Dang_1 Gmag_1 BP-RP_1 AV_1 (BP-RP)0_1 _RA_icrs_1 _DE_icrs_1 objID RAJ2000_1 DEJ2000_1 errHalfMaj_1 errHalfMin_1 errPosAng_1 f_objID Qual Epoch Ns Nd gmag_x e_gmag gKmag e_gKmag gFlags rmag e_rmag rKmag e_rKmag rFlags imag e_imag iKmag e_iKmag iFlags zmag e_zmag zKmag e_zKmag zFlags ymag e_ymag yKmag e_yKmag yFlags angDist_1 recno_2 Astrom_2 PNG_2 OName_2 GaiaEDR3_2 Group_2 RA_ICRS_2 DE_ICRS_2 Dang_2 Gmag_2 BP-RP_2 AV_2 (BP-RP)0_2 _RA_icrs_2 _DE_icrs_2 DR3Name RAdeg DEdeg errHalfMaj_2 errHalfMin_2 errPosAng_2 SolID Source RandomI e_RAdeg e_DEdeg Plx e_Plx RPlx PM pmRA e_pmRA pmDE e_pmDE RADEcor RAPlxcor RApmRAcor RApmDEcor DEPlxcor DEpmRAcor DEpmDEcor PlxpmRAcor PlxpmDEcor pmRApmDEcor NAL NAC NgAL NbAL gofAL chi2AL epsi sepsi Solved APF nueff pscol e_pscol RApscolCorr DEpscolCorr PlxpscolCorr pmRApscolCorr pmDEpscolCorr MatchObsA Nper amax MatchObs IPDgofha IPDgofhp IPDfmp IPDfow RUWE Dup o_Gmag FG e_FG RFG Gmag_x e_Gmag o_BPmag FBP e_FBP RFBP BPmag e_BPmag o_RPmag FRP e_FRP RFRP RPmag e_RPmag E(BP/RP) NBPcont NBPblend NRPcont NRPblend Mode BP-RP_x BP-G G-RP RV e_RV n_RV o_RV o_RVd RVNper RVS/N RVgof RVchi2 RVTdur RVamp RVtempTeff RVtemplogg RVtemp[Fe/H] Vatmparam vbroad e_Vbroad o_Vbroad GRVSmag e_GRVSmag o_GRVSmag RVSS/N VarFlag PQSO PGal PSS Teff b_Teff_x B_Teff_xa logg b_logg_x B_logg_xa [Fe/H] b_[Fe/H]_x B_[Fe/H]_xa Dist b_Dist_x B_Dist_xa A0 b_A0_x B_A0_xa AG b_AG_x B_AG_xa E(BP-RP) b_E(BP-RP)_x B_E(BP-RP)_xa Lib RAJ2000_2 DEJ2000_2 e_RAJ2000 e_DEJ2000 RADEcorJ2000 angDist_2
[from data line 339]
132 "" "PN G003.9+02.6" K5-14 4068334275660862976 B 266.1358 -24.2243 0.32 17.99 1.06 2.29 -0.13 266.1358 -24.2243 78932661358141233 266.13575524 -24.22426512 0.025 0.005 0.0 436527104 52 56135.68907407 5 75 17.0436 0.0076 17.1085 0.0083 115000 16.6826 0.0086 16.6662 0.006 16892216 17.4723 0.0117 17.6493 0.0073 114992 16.8929 0.0268 17.0864 0.0342 115000 15.3707 0.0121 15.4655 0.0174 115000 0.194192 360 "" "PN G016.7-07.3" SB22 4098926576110700160 B 282.1268 -17.7321 0.78 19.47 0.45 0.85 0.0 282.1268 -17.7321 "Gaia DR3 4098926576110700160" 282.12682799001 -17.73206292137 0.0 0.0 53.0 1636148068921376768 4098926576110700160 1403517386 0.388 0.3597 -0.2237 0.4764 -0.4697 5.066 -1.284 0.486 -4.901 0.368 0.2532 0.2487 0.0317 0.0452 -0.3911 0.0505 -0.0933 -0.0038 -0.0319 0.2957 159 0 158 1 -1.4071 133.09 0.0 0.0 95 False "" 1.5134 0.1161 -0.091 0.079 0.237 -0.204 0.019 18 12 0.703944 18 0.03523 165.9 0 0 0.918 0 140 307.53509 2.9052 105.857 19.46763 0.01062 3 444.462 3.68893 120.485 18.718956 0.009433 5 389.492 18.2907 21.2945 18.271648 0.051127 2.712 0 3 0 5 0 0.447308 -0.748674 1.195982 "" "" "" "" "" "" "" "" "" "" "" "" "" "" "" "" "" "" "" "" "" "" NOT_AVAILABLE 0.0 1.7e-05 0.999982 "" "" "" "" "" "" "" "" "" "" "" "" "" "" "" "" "" "" "" "" "" "" 282.12683397956 -17.73204114009 7.780448 5.930456 0.2891 0.163044
133 "" "PN G003.9-02.3" M1-35 4063320541318246656 A 270.9137 -26.7261 0.32 18.55 1.3 5.46 -1.2 270.9137 -26.7261 75922709137079002 270.91359542 -26.72624326 0.195 0.187 90.0 512024576 61 56132.13460648 5 92 16.09 0.0436 14.7899 0.0001 16892216 15.2809 0.0192 13.5689 0.0131 16892216 16.0742 0.0105 14.6107 0.0033 16892216 15.6513 0.1413 13.9196 0.0028 16892216 14.1971 0.01 12.5409 0.0087 16892216 0.612901 361 "" "PN G016.8+07.0" PHRJ1756-1057 4152110709452698240 A 269.0895 -10.9602 1.26 20.88 0.91 2.25 -0.27 269.0895 -10.9602 "Gaia DR3 4152110709452698240" 269.0894544517 -10.96015903921 0.003 0.003 113.0 1636148068921376768 4152110709452698240 783215518 3.3785 2.8321 "" "" "" "" "" "" "" "" -0.1829 "" "" "" "" "" "" "" "" "" 44 0 44 0 0.7722 45.482 0.0 0.0 3 False "" "" "" "" "" "" "" "" 5 4 6002.99 6 0.09674 87.86 0 0 "" 0 51 83.36023 1.47068 56.6815 20.88497 0.019352 3 71.8778 5.27094 13.6366 20.697056 0.079668 5 96.0192 20.4509 4.69511 19.792 0.231279 2.014 0 0 0 0 0 0.905056 -0.187914 1.09297 "" "" "" "" "" "" "" "" "" "" "" "" "" "" "" "" "" "" "" "" "" "" NOT_AVAILABLE 6.4e-05 7e-06 0.999438 "" "" "" "" "" "" "" "" "" "" "" "" "" "" "" "" "" "" "" "" "" "" 269.0894544517 -10.96015903921 3.378527 2.832114 -0.1829 0.219066
134 "" "PN G004.0-02.5" PHRJ1804-2643 4063311637847832576 B 271.2456 -26.7098 0.6 17.71 2.48 2.51 1.45 271.2456 -26.7098 75942712456288612 271.24560662 -26.70975869 0.009 0.005 0.0 436527104 52 55774.91753472 5 69 19.9552 0.0214 20.1523 0.0658 115000 18.1231 0.0109 18.3124 0.0187 115000 17.2211 0.0092 17.3566 0.0118 114992 16.6344 0.0098 16.793 0.007 115000 16.2995 0.0153 16.5002 0.0426 115000 0.152799 362 "" "PN G016.8-01.7" BMPJ1827-1504 4103988212315867008 B 276.9615 -15.0734 0.31 19.14 2.4 1.69 1.7 276.9615 -15.0734 "Gaia DR3 4103988212315867008" 276.96148887318 -15.07340378921 0.0 0.0 52.0 1636148068921376768 4103988212315867008 794228422 0.3232 0.2909 0.3471 0.3402 1.0206 7.152 -2.538 0.357 -6.687 0.297 0.4262 0.1024 -0.2033 -0.2863 -0.1936 -0.2261 -0.3701 -0.2556 0.0182 0.4229 201 0 199 2 -0.1817 221.63 0.616 0.60553 95 False "" 1.2032 0.0806 -0.095 0.019 -0.046 -0.046 0.003 23 14 0.572093 23 0.02086 96.77 6 0 0.989 0 200 415.40353 2.49817 166.283 19.141191 0.007087 14 520.858 16.0252 32.5024 18.546743 0.033521 15 2747.54 28.067 97.8924 16.150534 0.011717 7.868 0 14 0 15 0 2.39621 -0.594448 2.990658 "" "" "" "" "" "" "" "" "" "" "" "" "" "" "" "" "" "" "" "" "" "" NOT_AVAILABLE 0.0 0.000223 0.999741 "" "" "" "" "" "" "" "" "" "" "" "" "" "" "" "" "" "" "" "" "" "" 276.96150055712 -15.07337407109 5.784563 4.870907 0.4379 0.041588
135 "" "PN G004.0-02.7" PPAJ1805-2649 4063262984510013952 B 271.3593 -26.8175 0.62 18.66 1.95 2.18 0.99 271.3593 -26.8175 75812713593009444 271.35931023 -26.8174259 0.009 0.004 0.0 436527104 52 55968.0933912 4 44 20.2054 0.0302 20.4908 0.0662 115000 18.7423 0.0195 18.5894 0.0771 16777496 18.1038 0.0075 18.2159 0.0784 114992 17.6197 0.0012 17.7652 0.0399 115000 17.3565 0.0202 17.8855 0.0596 115000 0.265779 363 "" "PN G016.9-02.0" Sa3-134 4103960690161695232 A 277.3326 -15.1278 0.18 18.07 1.15 6.1 -1.42 277.3326 -15.1278 "Gaia DR3 4103960690161695232" 277.33255944487 -15.12775934299 0.002 0.001 46.0 1636148068921376768 4103960690161695232 572401605 1.2931 1.2595 "" "" "" "" "" "" "" "" 0.539 "" "" "" "" "" "" "" "" "" 124 0 123 1 37.9378 2182.2 7.709 123.85 3 False "" "" "" "" "" "" "" "" 14 9 4.473778 14 0.2958 95.9 0 0 "" 0 112 1108.81119 21.0831 52.5925 18.075222 0.020827 10 3235.93 20.9922 154.149 16.563545 0.007576 11 5416.42 24.7367 218.963 15.413613 0.006235 7.803 0 4 0 4 0 1.149932 -1.511677 2.661609 "" "" "" "" "" "" "" "" "" "" "" "" "" "" "" "" "" "" "" "" "" "" NOT_AVAILABLE 0.001934 0.000377 0.991372 "" "" "" "" "" "" "" "" "" "" "" "" "" "" "" "" "" "" "" "" "" "" 277.33255944487 -15.12775934299 1.293067 1.259527 0.539 0.203159
136 "" "PN G004.0-11.1" M3-29 4047152806963235584 A 279.8576 -30.677 0.78 15.42 -0.17 0.44 -0.42 279.8576 -30.677 71182798575557842 279.85756138 -30.67706207 0.024 0.016 0.0 512024576 61 56524.45511574 10 13 14.3071 0.0141 13.413 0.0161 16892208 15.0562 0.0179 13.6103 0.0035 16892216 15.7118 0.0027 14.8889 0.0023 16892216 15.8037 0.0035 14.8897 0.0034 16892216 15.6011 0.0802 14.4284 0.1379 16892216 0.253289 364 * "PN G016.9-09.7" PTB44 4086522779285431680 B 284.4167 -18.6046 0.09 16.32 0.98 0.51 0.74 284.4167 -18.6046 "Gaia DR3 4086522779285431680" 284.4167104364 -18.60463239231 0.0 0.0 51.0 1636148068921376768 4086522779285431680 1532481717 0.0529 0.0487 0.3345 0.0549 6.0885 4.211 -2.483 0.067 -3.401 0.063 0.3746 0.251 -0.4264 -0.4526 -0.1752 -0.3483 -0.4354 -0.246 -0.2762 0.4645 198 0 197 1 -0.568 188.3 0.0 0.0 31 False 1.525 "" "" "" "" "" "" "" 23 15 0.115514 23 0.01294 54.55 0 0 0.969 0 195 5585.90797 5.01347 1114.18 16.319632 0.002923 23 2841.57 14.0681 201.986 16.704649 0.006056 22 4059.97 12.0288 337.522 15.726589 0.004963 1.236 0 14 0 14 0 0.97806 0.385017 0.593042 "" "" "" "" "" "" "" "" "" "" "" "" "" "" "" "" "" "" "" "" "" "" NOT_AVAILABLE 0.0 0.0 0.999986 5764.4 5723.6 5812.8 4.6097 4.5904 4.6287 -1.6444 -1.7344 -1.5397 1151.6488 1120.758 1194.0103 0.4534 0.4268 0.4838 0.3778 0.3553 0.4035 0.2076 0.1953 0.2217 MARCS 284.41672208262 -18.60461727832 1.08892 1.02571 0.4832 0.118811
137 "" "PN G004.1+01.7" PPAJ1748-2427 4068444574714528256 B 267.1344 -24.4526 0.78 17.28 2.03 3.43 0.43 267.1344 -24.4526 78652671344217227 267.13439513 -24.45259601 0.01 0.004 90.0 436527104 52 56109.35709491 5 75 18.9496 0.0179 19.0522 0.0231 115000 17.1004 0.0277 17.1477 0.0146 115000 16.9729 0.0476 17.0267 0.0402 114992 16.113 0.01 16.257 0.0133 16892216 15.6809 0.0256 15.7832 0.0236 16892216 0.022662 365 "" "PN G017.2-01.7" MPAJ1828-1441 4104039335228566528 B 277.1274 -14.6896 0.38 18.83 1.79 2.09 0.85 277.1274 -14.6896 "Gaia DR3 4104039335228566528" 277.12741693999 -14.6895523629 0.0 0.0 64.0 1636148068921376768 4104039335228566528 1802104805 0.221 0.1925 -0.3528 0.2267 -1.5562 8.25 -8.079 0.271 -1.67 0.213 0.1711 -0.0612 -0.1665 -0.1848 -0.1386 -0.1637 -0.3631 -0.1491 0.0668 0.1887 186 0 184 2 0.0158 190.82 0.0 0.0 95 False "" 1.326 0.0676 0.167 -0.051 -0.113 -0.175 0.027 21 16 0.392161 21 0.02881 67.79 4 0 0.999 0 180 553.41525 2.23077 248.083 18.829739 0.005172 19 355.47 13.7464 25.8592 18.961536 0.042079 19 1073.6 22.7438 47.2041 17.17079 0.023309 2.582 0 19 0 19 0 1.790747 0.131798 1.658949 "" "" "" "" "" "" "" "" "" "" "" "" "" "" "" "" "" "" "" "" "" "" NOT_AVAILABLE 0.0 0.0 0.999998 "" "" "" "" "" "" "" "" "" "" "" "" "" "" "" "" "" "" "" "" "" "" 277.12745406012 -14.68954494012 4.378216 3.489961 0.2014 0.181325
138 "" "PN G004.1+02.4" MGE004.1668+02.4238 4068152826285458944 B 266.5136 -24.1184 2.26 20.35 1.7 3.73 -0.17 266.5136 -24.1184 79052665136088240 266.51362616 -24.11839943 0.012 0.012 90.0 436527104 52 55930.16894676 3 42 "" "" "" "" 16416 20.3707 0.0319 20.3001 0.0296 280 19.5874 0.0365 19.5557 0.0262 16892208 19.1483 0.0114 18.89 0.0356 115000 19.1419 0.0197 14.7151 0.0088 115000 0.086053 366 * "PN G017.3-21.9" Abell65 6864617817991978624 B 296.6425 -23.137 0.13 15.48 0.24 0.25 0.11 296.6425 -23.137 "Gaia DR3 6864617817991978624" 296.64253985168 -23.13696481792 0.0 0.0 55.0 1636148068921376768 6864617817991978624 1142634076 0.0366 0.0324 0.6551 0.0376 17.4107 6.712 0.322 0.048 -6.704 0.045 0.3341 0.042 -0.3708 -0.2668 -0.1428 -0.2454 -0.361 -0.0857 -0.104 0.3893 211 0 209 2 1.8337 271.54 0.142 2.7009 31 False 1.722 "" "" "" "" "" "" "" 24 15 0.079347 24 0.2977 157.6 0 0 1.09 0 209 12050.52397 260.948 46.1798 15.484852 0.023672 23 8140.11 510.626 15.9414 15.561967 0.068165 24 5917.52 417.194 14.1841 15.317547 0.076639 1.167 0 0 0 0 0 0.24442 0.077115 0.167305 "" "" "" "" "" "" "" "" "" "" "" "" "" "" "" "" "" "" "" "" "" "" NOT_AVAILABLE 0.0 0.0 0.999999 7533.6 7505.6 7561.1 4.3925 4.3848 4.3969 -1.9648 -1.9858 -1.9257 2550.746 2524.2537 2577.5818 0.0009 0.0002 0.0029 0.0008 0.0001 0.0026 0.0005 0.0001 0.0014 MARCS 296.64253829593 -23.13693502308 0.788926 0.739579 0.3993 0.180729
139 "" "PN G004.1+03.6" PPAJ1741-2332 4116467566158377856 B 265.3701 -23.5387 0.23 18.49 1.11 2.18 -0.01 265.3701 -23.5387 79752653700343919 265.37005645 -23.53867276 0.043 0.018 90.0 436527104 52 56293.52833333 4 45 19.9781 0.0302 20.1007 0.0206 115000 18.7103 0.0246 18.8817 0.0265 115000 19.1893 0.0321 19.4672 0.0101 115000 19.8671 0.1381 19.0517 0.0388 114992 19.0389 0.1169 "" "" 16696 0.174211 367 "" "PN G017.5+01.0" MPAJ1819-1307 4152688193573412096 B 274.7595 -13.1178 0.63 20.86 3.14 9.68 -1.01 274.7595 -13.1178 "Gaia DR3 4152688193573412096" 274.75948169485 -13.11781500539 0.007 0.001 48.0 1636148068921376768 4152688193573412096 1192589157 5.2773 4.7646 "" "" "" "" "" "" "" "" 0.9657 "" "" "" "" "" "" "" "" "" 86 0 86 0 -0.8641 69.887 0.0 0.0 3 False "" "" "" "" "" "" "" "" 10 8 11.467694 12 0.1467 81.37 0 9 "" 0 86 86.9425 1.28531 67.643 20.839287 0.016286 5 13.9644 5.74893 2.42904 22.475986 0.44699 9 146.191 13.2532 11.0306 19.335596 0.098502 1.842 0 0 0 0 0 3.14039 1.6367 1.503691 "" "" "" "" "" "" "" "" "" "" "" "" "" "" "" "" "" "" "" "" "" "" NOT_AVAILABLE 2e-06 9e-06 0.999373 "" "" "" "" "" "" "" "" "" "" "" "" "" "" "" "" "" "" "" "" "" "" 274.75948169485 -13.11781500539 5.277296 4.764586 0.9657 0.084449
140 "" "PN G004.1+07.8" PTB2 4120900483473337216 A 261.5512 -21.2987 0.13 18.12 1.09 2.51 -0.21 261.5512 -21.2987 82442615512671914 261.55122221 -21.29866343 0.064 0.013 0.0 444915712 53 55679.9293287 5 45 18.4263 0.0078 17.2873 0.0294 16892216 17.9522 0.0347 16.9304 0.0021 16892216 17.748 0.0129 17.2663 0.0603 16892216 17.6601 0.0367 17.127 0.0739 16892216 17.4405 0.019 16.824 0.0449 16892216 0.152311 368 "" "PN G017.5-09.2" SB24 4086888981052416768 A 284.3189 -17.847 0.09 18.5 0.03 0.74 -0.38 284.3189 -17.847 "Gaia DR3 4086888981052416768" 284.31887040883 -17.84695415851 0.0 0.0 53.0 1636148068921376768 4086888981052416768 417086533 0.1482 0.139 0.3413 0.1649 2.0695 9.686 -6.082 0.183 -7.539 0.18 0.2245 0.0159 -0.1866 -0.1482 -0.1805 -0.1157 -0.2304 -0.1877 0.1706 0.4012 221 0 219 2 0.1922 225.71 0.0 0.0 31 False 1.778 "" "" "" "" "" "" "" 25 16 0.300296 25 0.2034 83.85 0 0 1.008 0 217 751.2561 1.65692 453.405 18.497896 0.00365 24 570.115 6.42899 88.6788 18.448635 0.012557 25 339.289 6.69125 50.7064 18.42147 0.021743 1.211 0 0 0 0 0 0.027164 -0.049261 0.076426 "" "" "" "" "" "" "" "" "" "" "" "" "" "" "" "" "" "" "" "" "" "" NOT_AVAILABLE 0.00184 0.0 5.1e-05 9304.8 9267.6 9343.6 4.5644 4.5624 4.5661 -1.1906 -1.1961 -1.1801 14051.285 13968.007 14131.103 0.0038 0.0011 0.0091 0.0036 0.001 0.0086 0.0019 0.0005 0.0046 PHOENIX 284.31889880635 -17.84692065362 2.953081 2.911716 0.4055 0.194068
141 "" "PN G004.1-03.0" PHRJ1806-2652 4063268348965374976 B 271.7335 -26.8817 0.7 18.8 1.86 2.09 0.93 271.7335 -26.8817 75742717337502422 271.73371871 -26.88159423 0.023 0.009 90.0 243589120 29 56027.61203704 1 20 24.875 "" "" "" 36 17.9821 0.0171 16.3659 0.1099 16778264 17.6269 0.0296 16.8378 0.0276 16777520 17.3577 0.3142 16.4537 0.2998 16777520 16.6624 0.224 15.7769 0.009 16810296 0.799748 369 * "PN G017.6-10.2" Abell51 4086643583803222400 A 285.2558 -18.2043 0.2 15.35 -0.1 0.51 -0.38 285.2558 -18.2043 "Gaia DR3 4086643583803222400" 285.25583554855 -18.20428645118 0.0 0.0 52.0 1636148068921376768 4086643583803222400 693838521 0.0288 0.0268 0.552 0.0308 17.909 10.103 7.428 0.035 -6.848 0.03 0.2927 -0.0076 -0.0632 -0.2028 -0.2276 -0.1538 -0.2399 -0.1714 0.0247 0.2471 213 0 213 0 -1.7684 233.22 0.0 0.0 31 False 1.795 "" "" "" "" "" "" "" 25 16 0.052025 25 0.03772 175.1 0 0 0.913 0 207 13698.40911 10.8248 1265.47 15.345692 0.002886 21 10390.6 26.9132 386.077 15.296943 0.003962 22 5480.04 12.3017 445.47 15.400936 0.004497 1.159 0 0 0 1 0 -0.103993 -0.048749 -0.055244 "" "" "" "" "" "" "" "" "" "" "" "" "" "" "" "" "" "" "" "" "" "" NOT_AVAILABLE 0.0 0.0 5e-05 "" "" "" "" "" "" "" "" "" "" "" "" "" "" "" "" "" "" "" "" "" "" 285.25580079712 -18.20425601534 0.564924 0.484801 0.2618 0.130891
142 "" "PN G004.2+01.5" K6-29 4067690206718112512 A 267.4155 -24.5371 0.49 20.94 2.08 7.6 -1.2 267.4155 -24.5371 78552674155395812 267.41548326 -24.53708184 0.032 0.021 90.0 444915712 53 56145.30753472 3 24 "" "" "" "" 16416 19.9639 0.0175 17.8668 0.014 16892216 19.7421 0.0193 18.4739 0.0163 16892208 18.9523 0.0357 17.2371 0.041 16892216 18.6532 0.036 17.032 0.0285 16794160 0.084874 370 "" "PN G017.9-04.8" M3-30 4100345805124045696 B 280.312 -15.5616 0.23 17.84 0.6 1.36 -0.12 280.312 -15.5616 "Gaia DR3 4100345805124045696" 280.31204491157 -15.56156862053 0.0 0.0 46.0 1636148068921376768 4100345805124045696 1617188058 0.116 0.1143 0.2486 0.1357 1.8319 5.629 -0.846 0.131 -5.566 0.115 0.4402 -0.2011 -0.1566 -0.2246 -0.384 -0.0422 -0.3248 -0.3325 0.1748 0.284 206 0 206 0 0.7647 224.86 0.193 0.40071 31 False 1.658 "" "" "" "" "" "" "" 24 16 0.200642 25 0.03558 76.64 0 0 1.037 0 212 1381.98901 2.88949 478.282 17.836105 0.00357 22 1034.07 15.5353 66.5621 17.802172 0.016549 21 1041.32 29.5277 35.2659 17.203934 0.031018 1.502 0 9 0 8 0 0.598238 -0.033934 0.632172 "" "" "" "" "" "" "" "" "" "" "" "" "" "" "" "" "" "" "" "" "" "" NOT_AVAILABLE 0.637725 0.217164 0.000612 6389.6 6384.4 6398.9 4.5914 4.5837 4.5955 -4.0164 -4.0242 -3.9679 3618.9656 3600.366 3643.7593 0.0079 0.0021 0.0171 0.0069 0.0018 0.0149 0.0038 0.001 0.0082 MARCS 280.31204881383 -15.56154388475 2.11934 1.887949 0.2911 0.191842
