PN-PS-Gaia.ecsv
# %ECSV 1.0
# ---
# datatype:
# - {name: recno_1, datatype: int64}
# - {name: Astrom_1, datatype: string}
# - {name: PNG_1, datatype: string}
# - {name: OName_1, datatype: string}
# - {name: GaiaEDR3_1, datatype: int64}
# - {name: Group_1, datatype: string}
# - {name: RA_ICRS_1, datatype: float64}
# - {name: DE_ICRS_1, datatype: float64}
# - {name: Dang_1, datatype: float64}
# - {name: Gmag_1, datatype: float64}
# - {name: BP-RP_1, datatype: float64}
# - {name: AV_1, datatype: float64}
# - {name: (BP-RP)0_1, datatype: float64}
# - {name: _RA_icrs_1, datatype: float64}
# - {name: _DE_icrs_1, datatype: float64}
# - {name: objID, datatype: int64}
# - {name: RAJ2000_1, datatype: float64}
# - {name: DEJ2000_1, datatype: float64}
# - {name: errHalfMaj_1, datatype: float64}
# - {name: errHalfMin_1, datatype: float64}
# - {name: errPosAng_1, datatype: float64}
# - {name: f_objID, datatype: int64}
# - {name: Qual, datatype: int64}
# - {name: Epoch, datatype: float64}
# - {name: Ns, datatype: int64}
# - {name: Nd, datatype: int64}
# - {name: gmag_x, datatype: float64}
# - {name: e_gmag, datatype: float64}
# - {name: gKmag, datatype: float64}
# - {name: e_gKmag, datatype: float64}
# - {name: gFlags, datatype: int64}
# - {name: rmag, datatype: float64}
# - {name: e_rmag, datatype: float64}
# - {name: rKmag, datatype: float64}
# - {name: e_rKmag, datatype: float64}
# - {name: rFlags, datatype: int64}
# - {name: imag, datatype: float64}
# - {name: e_imag, datatype: float64}
# - {name: iKmag, datatype: float64}
# - {name: e_iKmag, datatype: float64}
# - {name: iFlags, datatype: int64}
# - {name: zmag, datatype: float64}
# - {name: e_zmag, datatype: float64}
# - {name: zKmag, datatype: float64}
# - {name: e_zKmag, datatype: float64}
# - {name: zFlags, datatype: int64}
# - {name: ymag, datatype: float64}
# - {name: e_ymag, datatype: float64}
# - {name: yKmag, datatype: float64}
# - {name: e_yKmag, datatype: float64}
# - {name: yFlags, datatype: int64}
# - {name: angDist_1, datatype: float64}
# - {name: recno_2, datatype: int64}
# - {name: Astrom_2, datatype: string}
# - {name: PNG_2, datatype: string}
# - {name: OName_2, datatype: string}
# - {name: GaiaEDR3_2, datatype: int64}
# - {name: Group_2, datatype: string}
# - {name: RA_ICRS_2, datatype: float64}
# - {name: DE_ICRS_2, datatype: float64}
# - {name: Dang_2, datatype: float64}
# - {name: Gmag_2, datatype: float64}
# - {name: BP-RP_2, datatype: float64}
# - {name: AV_2, datatype: float64}
# - {name: (BP-RP)0_2, datatype: float64}
# - {name: _RA_icrs_2, datatype: float64}
# - {name: _DE_icrs_2, datatype: float64}
# - {name: DR3Name, datatype: string}
# - {name: RAdeg, datatype: float64}
# - {name: DEdeg, datatype: float64}
# - {name: errHalfMaj_2, datatype: float64}
# - {name: errHalfMin_2, datatype: float64}
# - {name: errPosAng_2, datatype: float64}
# - {name: SolID, datatype: int64}
# - {name: Source, datatype: int64}
# - {name: RandomI, datatype: int64}
# - {name: e_RAdeg, datatype: float64}
# - {name: e_DEdeg, datatype: float64}
# - {name: Plx, datatype: float64}
# - {name: e_Plx, datatype: float64}
# - {name: RPlx, datatype: float64}
# - {name: PM, datatype: float64}
# - {name: pmRA, datatype: float64}
# - {name: e_pmRA, datatype: float64}
# - {name: pmDE, datatype: float64}
# - {name: e_pmDE, datatype: float64}
[...]
# - {name: angDist_2, datatype: float64}
# schema: astropy-2.0
recno_1 Astrom_1 PNG_1 OName_1 GaiaEDR3_1 Group_1 RA_ICRS_1 DE_ICRS_1 Dang_1 Gmag_1 BP-RP_1 AV_1 (BP-RP)0_1 _RA_icrs_1 _DE_icrs_1 objID RAJ2000_1 DEJ2000_1 errHalfMaj_1 errHalfMin_1 errPosAng_1 f_objID Qual Epoch Ns Nd gmag_x e_gmag gKmag e_gKmag gFlags rmag e_rmag rKmag e_rKmag rFlags imag e_imag iKmag e_iKmag iFlags zmag e_zmag zKmag e_zKmag zFlags ymag e_ymag yKmag e_yKmag yFlags angDist_1 recno_2 Astrom_2 PNG_2 OName_2 GaiaEDR3_2 Group_2 RA_ICRS_2 DE_ICRS_2 Dang_2 Gmag_2 BP-RP_2 AV_2 (BP-RP)0_2 _RA_icrs_2 _DE_icrs_2 DR3Name RAdeg DEdeg errHalfMaj_2 errHalfMin_2 errPosAng_2 SolID Source RandomI e_RAdeg e_DEdeg Plx e_Plx RPlx PM pmRA e_pmRA pmDE e_pmDE RADEcor RAPlxcor RApmRAcor RApmDEcor DEPlxcor DEpmRAcor DEpmDEcor PlxpmRAcor PlxpmDEcor pmRApmDEcor NAL NAC NgAL NbAL gofAL chi2AL epsi sepsi Solved APF nueff pscol e_pscol RApscolCorr DEpscolCorr PlxpscolCorr pmRApscolCorr pmDEpscolCorr MatchObsA Nper amax MatchObs IPDgofha IPDgofhp IPDfmp IPDfow RUWE Dup o_Gmag FG e_FG RFG Gmag_x e_Gmag o_BPmag FBP e_FBP RFBP BPmag e_BPmag o_RPmag FRP e_FRP RFRP RPmag e_RPmag E(BP/RP) NBPcont NBPblend NRPcont NRPblend Mode BP-RP_x BP-G G-RP RV e_RV n_RV o_RV o_RVd RVNper RVS/N RVgof RVchi2 RVTdur RVamp RVtempTeff RVtemplogg RVtemp[Fe/H] Vatmparam vbroad e_Vbroad o_Vbroad GRVSmag e_GRVSmag o_GRVSmag RVSS/N VarFlag PQSO PGal PSS Teff b_Teff_x B_Teff_xa logg b_logg_x B_logg_xa [Fe/H] b_[Fe/H]_x B_[Fe/H]_xa Dist b_Dist_x B_Dist_xa A0 b_A0_x B_A0_xa AG b_AG_x B_AG_xa E(BP-RP) b_E(BP-RP)_x B_E(BP-RP)_xa Lib RAJ2000_2 DEJ2000_2 e_RAJ2000 e_DEJ2000 RADEcorJ2000 angDist_2
[from data line 1059]
863 "" "PN G107.0+21.3" K1-6 2288467186442571008 B 301.0595 74.4266 0.37 12.3 1.35 0.02 1.34 301.0595 74.4266 197313010594582765 301.05946329 74.42663084 0.07 0.039 0.0 604299264 72 55649.28224537 9 84 13.425 "" "" "" 16484 12.512 "" "" "" 16484 12.112 "" "" "" 100 11.873 "" "" "" 114788 11.736 "" "" "" 16484 0.12483 1065 * "PN G219.3+01.1" K1-9 3053413132594418688 B 106.815 -5.1688 0.49 16.92 1.06 0.12 1.01 106.815 -5.1688 "Gaia DR3 3053413132594418688" 106.8150185672 -5.16875714984 0.0 0.0 145.0 1636148068921376768 3053413132594418688 465609463 0.0515 0.0549 0.6036 0.0706 8.5512 3.208 -0.877 0.065 -3.086 0.065 -0.1813 0.1495 0.072 0.1889 -0.3901 0.1727 0.0437 -0.0011 -0.0253 0.0075 298 0 297 1 1.3649 339.35 0.136 0.66038 31 False 1.501 "" "" "" "" "" "" "" 35 18 0.091243 45 0.01831 132.1 0 0 1.056 0 315 3215.64016 2.99894 1072.26 16.919199 0.002935 31 1523.09 11.2424 135.478 17.381727 0.008486 31 2355.66 12.3093 191.372 16.317616 0.006817 1.206 0 1 0 0 0 1.064112 0.462528 0.601583 "" "" "" "" "" "" "" "" "" "" "" "" "" "" "" "" "" "" "" "" "" "" NOT_AVAILABLE 0.0 0.0 0.999978 4958.7 4934.0 5019.0 4.6867 4.6534 4.7126 -0.7207 -0.8255 -0.6112 1195.946 1147.9106 1266.8997 0.0316 0.0082 0.0813 0.0253 0.0066 0.0653 0.0135 0.0035 0.0349 PHOENIX 106.81502247911 -5.16874343454 1.030066 1.041357 -0.0115 0.167606
864 * "PN G107.2-14.9" Dr21 1938255660503776000 A 350.9579 45.2817 0.3 17.49 -0.34 0.41 -0.58 350.9579 45.2817 162333509578758712 350.9578868 45.28170814 0.008 0.005 0.0 436527104 52 56103.34451389 5 72 17.3925 0.0095 17.4598 0.0113 115000 17.7325 0.0039 17.8062 0.0094 115000 18.0618 0.0044 18.1631 0.0125 115000 18.3169 0.0069 18.4134 0.0194 115000 18.468 0.0139 18.5753 0.0502 115000 0.044143 1066 "" "PN G219.5+02.8" BMPJ0713-0432 3059502709018185856 A 108.4625 -4.5476 7.07 20.69 -0.75 1.19 -1.36 108.4625 -4.5476 "Gaia DR3 3059502709018185856" 108.46254584237 -4.54760700913 0.016 0.002 134.0 1636148068921376768 3059502709018185856 976563172 11.7652 11.5619 "" "" "" "" "" "" "" "" -0.9832 "" "" "" "" "" "" "" "" "" 53 0 53 0 -0.3822 43.722 0.0 0.0 3 False "" "" "" "" "" "" "" "" 6 5 36.62679 6 0.5696 107.9 0 0 "" 0 52 99.44778 1.54286 64.4568 20.693378 0.017068 5 98.3506 20.7097 4.74901 20.3566 0.228641 4 28.5735 8.47148 3.37291 21.107986 0.321921 1.276 0 0 0 0 0 -0.751387 -0.336779 -0.414608 "" "" "" "" "" "" "" "" "" "" "" "" "" "" "" "" "" "" "" "" "" "" NOT_AVAILABLE 0.020223 0.0 0.972584 "" "" "" "" "" "" "" "" "" "" "" "" "" "" "" "" "" "" "" "" "" "" 108.46254584237 -4.54760700913 11.765188 11.561917 -0.9832 0.166552
865 "" "PN G107.4-02.6" K3-87 2004012155267889792 B 343.7789 56.7086 0.44 19.89 0.93 1.72 0.04 343.7789 56.7086 176053437788271057 343.77887962 56.70860974 0.128 0.059 90.0 512024576 61 56179.38925926 5 70 18.8573 0.1212 17.4182 0.0161 16892216 18.6955 0.0376 17.0428 0.008 16892216 19.1237 0.0247 17.6232 0.0213 16892216 18.7137 0.0667 17.3386 0.0189 16892216 17.9227 0.0367 16.6595 0.0219 16892216 0.055602 1067 "" "PN G220.3-53.9" NGC1360 5084896688945791232 A 53.311 -25.8715 0.05 11.25 -0.56 0.0 -0.56 53.311 -25.8715 "Gaia DR3 5084896688945791232" 53.31103732933 -25.87154078439 0.0 0.0 166.0 1636148068921376768 5084896688945791232 792585741 0.0299 0.0465 2.5197 0.0652 38.6172 26.985 1.777 0.035 26.927 0.056 -0.2464 0.0984 -0.5025 0.2199 -0.1804 0.162 -0.3012 -0.1028 0.1751 -0.4609 970 970 962 8 25.4641 64227.0 0.663 1218.0 31 False 1.908 "" "" "" "" "" "" "" 110 27 0.084275 120 0.005972 67.58 0 0 1.635 0 957 595705.58276 314.431 1894.55 11.249787 0.002814 102 516495.0 322.573 1601.17 11.055876 0.002871 110 178267.0 50.059 3561.13 11.620219 0.003792 1.166 0 0 0 0 0 -0.564343 -0.193912 -0.370432 "" "" "" "" "" "" "" "" "" "" "" "" "" "" "" "" "" "" "" "" "" "" NOT_AVAILABLE 0.0 0.0 5e-05 "" "" "" "" "" "" "" "" "" "" "" "" "" "" "" "" "" "" "" "" "" "" 53.31102855331 -25.87166045775 0.583429 0.903972 -0.4609 0.190163
866 * "PN G107.6-13.3" Vy2-3 1941633699525901440 B 350.7413 46.8995 0.5 14.6 -0.29 0.23 -0.42 350.7413 46.8995 164283507412810027 350.74126432 46.89945999 0.004 0.003 0.0 512024576 61 56101.76482639 5 78 13.241 "" "" "" 114724 14.5952 0.0128 13.9407 0.0036 16892216 14.9685 0.0053 14.6532 0.0057 16892216 15.1839 0.008 14.8512 0.0032 16892216 15.256 0.0144 14.7492 0.0092 16892216 0.174237 1068 * "PN G221.0-01.4" PHRJ0701-0749 3052395775097859072 B 105.2892 -7.8233 0.04 13.14 2.07 1.24 1.55 105.2892 -7.8233 "Gaia DR3 3052395775097859072" 105.28920291076 -7.82329148294 0.0 0.0 142.0 1636148068921376768 3052395775097859072 148485568 0.0113 0.0122 0.3189 0.0148 21.5413 2.221 -1.089 0.014 1.935 0.015 -0.3006 0.3068 0.1737 -0.2035 -0.26 -0.2147 0.1696 0.0084 0.0131 -0.3237 247 0 245 2 2.3571 279.51 0.0 0.0 31 False 1.334 "" "" "" "" "" "" "" 29 17 0.023822 33 0.01656 89.55 0 0 1.108 0 245 104295.39495 48.6799 2142.48 13.141704 0.002802 27 28662.0 51.3064 558.645 14.195275 0.0034 29 111679.0 92.5176 1207.11 12.127965 0.003885 1.346 0 2 0 0 0 2.06731 1.053572 1.013739 44.86 2.92 1.0 14.0 5.0 11.0 20.31 7.8021 0.0 936.77 30.35 4250.0 2.0 -1.5 111.0 "" "" "" 11.660892 0.018271 9.0 "" NOT_AVAILABLE 0.0 0.0 0.999999 6279.4 6092.1 6286.1 2.2487 2.1744 2.2643 0.0271 0.0185 0.0333 4372.674 4284.2593 4875.8867 3.3484 3.2583 3.3559 2.5611 2.4745 2.5669 1.3993 1.3468 1.4026 PHOENIX 105.28920779722 -7.82330008407 0.224613 0.240865 -0.3081 0.031979
867 * "PN G107.7+07.8" IsWe2 2218688261534278912 A 333.3438 65.8987 0.02 18.09 -0.09 1.03 -0.66 333.3438 65.8987 187073333439329198 333.34381634 65.89870669 0.006 0.005 90.0 436527104 52 56069.96625 5 56 18.0829 0.0278 18.1791 0.0203 115000 18.2517 0.0072 18.3658 0.0072 115000 18.4378 0.0055 18.5551 0.0082 115000 18.5999 0.0081 18.7535 0.0232 115000 18.7445 0.0237 18.8076 0.0817 115000 0.042653 1069 "" "PN G221.3-12.3" IC2165 2999839084924027776 A 95.4283 -12.9872 0.16 17.5 -0.16 0.67 -0.53 95.4283 -12.9872 "Gaia DR3 2999839084924027776" 95.4282662281 -12.98722756884 0.0 0.0 97.0 1636148068921376768 2999839084924027776 588395351 0.3186 0.2883 0.8022 0.3429 2.3396 1.582 -0.809 0.319 1.359 0.309 -0.0234 -0.563 -0.4024 0.1237 -0.232 0.161 -0.6492 0.1884 0.0865 -0.2381 126 0 126 0 1.2649 158.94 0.838 2.2571 95 False "" 1.7659 0.0756 -0.275 -0.042 0.198 0.082 -0.115 17 13 0.525798 18 0.0544 29.9 0 0 1.08 0 126 1882.19517 13.0401 144.339 17.500706 0.008011 2 86195.8 4629.11 18.6204 12.999826 0.058376 2 43302.9 1072.05 40.3926 13.156603 0.027144 68.802 0 1 1 1 0 -0.156776 -4.500879 4.344103 "" "" "" "" "" "" "" "" "" "" "" "" "" "" "" "" "" "" "" "" "" "" VARIABLE 0.0 0.000137 0.999863 "" "" "" "" "" "" "" "" "" "" "" "" "" "" "" "" "" "" "" "" "" "" 95.42826991815 -12.9872336103 5.247034 5.140548 -0.2394 0.15505
868 * "PN G107.8+02.3" NGC7354 2201080755349789568 A 340.0828 61.2857 0.05 17.27 1.11 2.8 -0.35 340.0828 61.2857 181543400827833661 340.08277009 61.28574148 0.037 0.022 0.0 193257472 23 56069.55825231 10 72 13.199 "" "" "" 114724 16.4006 0.0781 12.3878 0.0169 16875832 16.5903 0.0195 12.9241 0.0119 16892216 16.1194 0.0165 12.3063 0.007 16892216 15.5283 0.051 11.1988 0.0207 16892216 0.15209 1070 "" "PN G221.6+46.4" EGB6 615161122059724800 B 148.2551 13.7447 11.73 19.85 2.14 0.02 2.13 148.2551 13.7447 "Gaia DR3 615161122059724800" 148.25507063102 13.74467910924 0.001 0.0 89.0 1636148068921376768 615161122059724800 594851551 0.6203 0.451 0.848 0.7179 1.1813 5.745 0.308 0.752 -5.737 0.451 0.0078 -0.1642 -0.6456 -0.0811 0.1112 -0.1467 -0.6887 0.5442 -0.4799 -0.1366 202 0 200 2 -0.9409 186.44 0.0 0.0 95 False "" 1.2901 0.1065 -0.001 0.019 -0.194 -0.087 0.167 23 12 1.166786 27 0.03704 14.51 0 3 0.951 0 221 216.93139 0.970135 223.61 19.846561 0.005583 19 60.3806 6.65736 9.06975 20.8863 0.119742 24 250.988 9.81905 25.5614 18.748762 0.042644 1.435 0 19 0 24 0 2.137537 1.039738 1.097799 "" "" "" "" "" "" "" "" "" "" "" "" "" "" "" "" "" "" "" "" "" "" NOT_AVAILABLE 0.0 0.0 0.999961 "" "" "" "" "" "" "" "" "" "" "" "" "" "" "" "" "" "" "" "" "" "" 148.25506922093 13.7447046078 12.448512 7.538708 -0.1142 0.128218
869 "" "PN G109.4+07.7" Kn31 2218796151111558016 A 336.9133 66.736 0.11 20.12 0.82 2.0 -0.23 336.9133 66.736 188083369132693932 336.91327148 66.73599284 0.035 0.015 0.0 436527104 52 56118.6250463 20 48 20.5301 0.0191 20.5879 0.057 115000 20.1014 0.0303 20.1289 0.087 115000 19.9625 0.0189 20.0572 0.0272 115000 19.798 0.0247 19.8201 0.0567 115000 19.7643 0.0336 19.9694 0.0991 115000 0.048169 1071 "" "PN G221.8-04.2" PHRJ0652-0951 3050227533864322688 B 103.0813 -9.8611 4.29 20.07 1.81 1.74 1.05 103.0813 -9.8611 "Gaia DR3 3050227533864322688" 103.08132224618 -9.86110758642 0.0 0.0 180.0 1636148068921376768 3050227533864322688 613876441 0.3382 0.3587 0.1485 0.4199 0.3537 1.287 -1.287 0.438 0.01 0.415 -0.0003 0.0082 0.081 0.0759 -0.2504 0.1252 -0.2742 0.1198 -0.0505 -0.1588 275 0 275 0 -0.6951 267.61 0.0 0.0 95 False "" 1.2924 0.1006 -0.154 -0.001 0.042 -0.012 0.107 31 17 0.646471 36 0.01754 176.1 1 0 0.969 0 278 177.0227 0.850441 208.154 20.067295 0.005899 22 54.4923 9.79477 5.56341 20.997704 0.195176 29 168.232 6.91952 24.3127 19.183123 0.044817 1.258 0 0 0 0 1 1.814581 0.930408 0.884172 "" "" "" "" "" "" "" "" "" "" "" "" "" "" "" "" "" "" "" "" "" "" NOT_AVAILABLE 0.0 0.0 0.999999 "" "" "" "" "" "" "" "" "" "" "" "" "" "" "" "" "" "" "" "" "" "" 103.08132805353 -9.86110762875 6.995129 6.746369 -0.167 0.083267
870 "" "PN G109.5-04.3" StDr97 1997161068253744768 B 348.5795 55.9937 4.01 19.8 1.53 1.24 0.97 348.5795 55.9937 175193485794443158 348.5794453 55.99369333 0.019 0.01 0.0 436527104 52 56146.32386574 10 70 20.7724 0.0166 20.8602 0.0561 115000 19.7972 0.03 19.9697 0.063 115000 19.3804 0.0083 19.5643 0.0196 115000 19.0926 0.0176 19.2405 0.0449 115000 18.9486 0.0511 18.9766 0.0831 115000 0.111476 1072 "" "PN G222.5+02.9" WHIB0717-07 3054938425794291072 B 109.9178 -7.2198 0.97 20.6 0.2 0.44 -0.03 109.9178 -7.2198 "Gaia DR3 3054938425794291072" 109.91776709109 -7.21978250445 0.001 0.001 142.0 1636148068921376768 3054938425794291072 1218986323 0.9231 1.0668 0.2066 0.9911 0.2084 0.934 0.63 1.731 -0.689 2.086 -0.5955 0.1425 -0.0491 -0.1177 -0.3269 -0.2004 0.2777 -0.001 -0.053 -0.7845 152 0 152 0 -0.1885 159.47 0.0 0.0 31 False 1.853 "" "" "" "" "" "" "" 18 11 3.559239 21 0.1182 168.4 0 0 0.987 0 150 108.73481 1.0197 106.634 20.596445 0.010548 18 66.5676 8.57547 7.76256 20.780386 0.139896 12 46.639 8.93574 5.21938 20.576023 0.208055 1.041 0 0 0 0 0 0.204363 0.183941 0.020422 "" "" "" "" "" "" "" "" "" "" "" "" "" "" "" "" "" "" "" "" "" "" NOT_AVAILABLE 1e-06 0.0 0.999998 "" "" "" "" "" "" "" "" "" "" "" "" "" "" "" "" "" "" "" "" "" "" 109.91776426762 -7.21977944001 27.761445 33.092622 -0.7796 0.133337
871 "" "PN G110.2+03.3" IPHASXJ225453.2+631827 2208061000617183872 B 343.7219 63.3073 0.99 20.18 2.44 1.6 1.77 343.7219 63.3073 183963437218269594 343.72192651 63.3073515 0.031 0.014 0.0 436527104 52 55975.69865741 5 58 22.0689 0.0804 21.9651 0.1271 115000 20.713 0.0604 20.4452 0.1494 16892216 19.4418 0.0167 19.5068 0.0267 115000 18.804 0.0111 18.8972 0.0165 115000 18.4474 0.017 18.5047 0.031 115000 0.188302 1073 "" "PN G222.5+07.6" BMPJ0736-0500 3056940091011171456 B 114.096 -5.0057 0.27 20.86 0.33 0.5 0.06 114.096 -5.0057 "Gaia DR3 3056940091011171456" 114.09600546311 -5.00567036583 0.007 0.001 138.0 1636148068921376768 3056940091011171456 1129988468 4.4773 4.9322 "" "" "" "" "" "" "" "" -0.9427 "" "" "" "" "" "" "" "" "" 114 0 112 2 0.6855 116.64 0.0 0.0 3 False "" "" "" "" "" "" "" "" 13 9 13.612508 18 0.04277 18.16 0 0 "" 0 112 85.33749 1.1001 77.5724 20.859518 0.014265 14 61.6105 8.20516 7.50875 20.864405 0.144623 11 48.3952 9.19006 5.26604 20.535889 0.206211 1.289 0 0 0 0 0 0.328516 0.004887 0.323629 "" "" "" "" "" "" "" "" "" "" "" "" "" "" "" "" "" "" "" "" "" "" NOT_AVAILABLE 0.494026 0.011135 0.0 "" "" "" "" "" "" "" "" "" "" "" "" "" "" "" "" "" "" "" "" "" "" 114.09600546311 -5.00567036583 4.477306 4.932224 -0.9427 0.108862
872 "" "PN G110.6-01.2" WeSb6 2010703954828803200 B 348.27 59.2945 5.92 18.29 1.6 3.46 -0.14 348.27 59.2945 179153482699924141 348.26998785 59.29451544 0.013 0.007 90.0 503635968 60 55968.19243056 5 47 19.2571 0.0071 19.3748 0.014 115000 18.3399 0.0095 18.458 0.0199 115000 17.8421 0.0071 17.9558 0.0079 115000 17.5789 0.0066 17.7233 0.0142 115000 17.387 0.0103 17.5321 0.0168 115000 0.065136 1074 * "PN G222.8-04.2" PM1-23 3049278041153797760 B 103.556 -10.7606 0.07 13.86 1.14 1.79 0.24 103.556 -10.7606 "Gaia DR3 3049278041153797760" 103.55598150932 -10.76062980019 0.0 0.0 140.0 1636148068921376768 3049278041153797760 1350277422 0.0142 0.0146 0.0438 0.0161 2.7173 0.64 -0.158 0.017 0.62 0.017 -0.1632 0.0666 -0.1892 0.1583 -0.1525 0.1261 -0.3446 0.1188 0.0009 -0.0795 250 0 249 1 2.6458 308.54 0.055 1.7189 31 False 1.495 "" "" "" "" "" "" "" 29 17 0.025332 31 0.06008 170.8 0 0 1.121 0 249 53781.25637 347.935 154.573 13.860789 0.007545 28 25334.3 517.64 48.942 14.329268 0.022359 28 41853.6 781.599 53.5486 13.193564 0.020625 1.249 0 0 0 0 0 1.135704 0.468479 0.667225 "" "" "" "" "" "" "" "" "" "" "" "" "" "" "" "" "" "" "" "" "" "" NOT_AVAILABLE 0.0 0.0 0.999991 "" "" "" "" "" "" "" "" "" "" "" "" "" "" "" "" "" "" "" "" "" "" 103.55598222596 -10.76063255426 0.272144 0.277487 -0.0922 0.125365
873 "" "PN G110.6-12.9" K1-20 1940269720990515584 B 354.7951 48.2082 0.51 20.61 0.15 0.28 0.0 354.7951 48.2082 165853547952470475 354.79517205 48.20818418 0.035 0.021 0.0 436527104 52 55964.00177083 5 48 20.1233 0.0312 19.026 0.0571 16892216 20.4886 0.0358 20.0995 0.1159 16892216 20.6401 0.0624 20.6081 0.0642 115000 20.4706 0.0999 20.5721 0.1521 115000 20.1539 0.1402 19.4157 0.1577 16892472 0.18043 1075 "" "PN G224.3+15.3" Abell25 3070613063558890240 A 121.6937 -2.8764 0.09 18.38 -0.54 0.02 -0.55 121.6937 -2.8764 "Gaia DR3 3070613063558890240" 121.6937482243 -2.87642357779 0.0 0.0 113.0 1636148068921376768 3070613063558890240 966859228 0.109 0.0782 0.3862 0.1627 2.3736 3.813 -1.439 0.16 3.532 0.099 -0.343 -0.1486 -0.2769 0.0452 0.1241 0.1304 0.1905 0.3825 -0.2016 -0.2396 603 0 603 0 0.4757 672.47 0.269 0.65495 31 False 1.902 "" "" "" "" "" "" "" 70 20 0.233437 73 0.1076 104.1 0 0 1.013 0 611 839.90327 1.04999 799.913 18.376793 0.003071 66 716.93 8.55416 83.8107 18.19985 0.013252 62 253.28 8.54459 29.6421 18.738894 0.036823 1.155 0 66 0 62 0 -0.539043 -0.176943 -0.362101 "" "" "" "" "" "" "" "" "" "" "" "" "" "" "" "" "" "" "" "" "" "" NOT_AVAILABLE 0.0 4.4e-05 5e-05 "" "" "" "" "" "" "" "" "" "" "" "" "" "" "" "" "" "" "" "" "" "" 121.6937546267 -2.876439274 2.594542 1.577517 -0.2476 0.19306
