SNR-PS-Gaia.ecsv
# %ECSV 1.0
# ---
# datatype:
# - {name: recno_1, datatype: int64}
# - {name: SNR_1, datatype: string}
# - {name: RAJ2000_1, datatype: float64}
# - {name: DEJ2000_1, datatype: float64}
# - {name: MajDiam_1, datatype: float64}
# - {name: MinDiam_1, datatype: float64}
# - {name: u_MinDiam_1, datatype: string}
# - {name: type_1, datatype: string}
# - {name: l_S(1GHz)_1, datatype: float64}
# - {name: S(1GHz)_1, datatype: float64}
# - {name: u_S(1GHz)_1, datatype: string}
# - {name: Sp-Index_1, datatype: float64}
# - {name: u_Sp-Index_1, datatype: string}
# - {name: Names_1, datatype: string}
# - {name: objID, datatype: int64}
# - {name: RAJ2000_x_1, datatype: float64}
# - {name: DEJ2000_x_1, datatype: float64}
# - {name: errHalfMaj_1, datatype: float64}
# - {name: errHalfMin_1, datatype: float64}
# - {name: errPosAng_1, datatype: float64}
# - {name: f_objID, datatype: int64}
# - {name: Qual, datatype: int64}
# - {name: Epoch, datatype: float64}
# - {name: Ns, datatype: int64}
# - {name: Nd, datatype: int64}
# - {name: gmag, datatype: float64}
# - {name: e_gmag, datatype: float64}
# - {name: gKmag, datatype: float64}
# - {name: e_gKmag, datatype: float64}
# - {name: gFlags, datatype: int64}
# - {name: rmag, datatype: float64}
# - {name: e_rmag, datatype: float64}
# - {name: rKmag, datatype: float64}
# - {name: e_rKmag, datatype: float64}
# - {name: rFlags, datatype: int64}
# - {name: imag, datatype: float64}
# - {name: e_imag, datatype: float64}
# - {name: iKmag, datatype: float64}
# - {name: e_iKmag, datatype: float64}
# - {name: iFlags, datatype: int64}
# - {name: zmag, datatype: float64}
# - {name: e_zmag, datatype: float64}
# - {name: zKmag, datatype: float64}
# - {name: e_zKmag, datatype: float64}
# - {name: zFlags, datatype: int64}
# - {name: ymag, datatype: float64}
# - {name: e_ymag, datatype: float64}
# - {name: yKmag, datatype: float64}
# - {name: e_yKmag, datatype: float64}
# - {name: yFlags, datatype: int64}
# - {name: angDist_1, datatype: float64}
# - {name: recno_2, datatype: int64}
# - {name: SNR_2, datatype: string}
# - {name: RAJ2000_2, datatype: float64}
# - {name: DEJ2000_2, datatype: float64}
# - {name: MajDiam_2, datatype: float64}
# - {name: MinDiam_2, datatype: float64}
# - {name: u_MinDiam_2, datatype: string}
# - {name: type_2, datatype: string}
# - {name: l_S(1GHz)_2, datatype: string}
# - {name: S(1GHz)_2, datatype: float64}
# - {name: u_S(1GHz)_2, datatype: string}
# - {name: Sp-Index_2, datatype: float64}
# - {name: u_Sp-Index_2, datatype: string}
# - {name: Names_2, datatype: string}
# - {name: DR3Name, datatype: string}
# - {name: RAdeg, datatype: float64}
# - {name: DEdeg, datatype: float64}
# - {name: errHalfMaj_2, datatype: float64}
# - {name: errHalfMin_2, datatype: float64}
# - {name: errPosAng_2, datatype: float64}
# - {name: SolID, datatype: int64}
# - {name: Source, datatype: int64}
# - {name: RandomI, datatype: int64}
# - {name: e_RAdeg, datatype: float64}
# - {name: e_DEdeg, datatype: float64}
# - {name: Plx, datatype: float64}
# - {name: e_Plx, datatype: float64}
# - {name: RPlx, datatype: float64}
# - {name: PM, datatype: float64}
# - {name: pmRA, datatype: float64}
# - {name: e_pmRA, datatype: float64}
# - {name: pmDE, datatype: float64}
# - {name: e_pmDE, datatype: float64}
# - {name: RADEcor, datatype: float64}
[...]
# - {name: angDist_2, datatype: float64}
# schema: astropy-2.0
recno_1 SNR_1 RAJ2000_1 DEJ2000_1 MajDiam_1 MinDiam_1 u_MinDiam_1 type_1 l_S(1GHz)_1 S(1GHz)_1 u_S(1GHz)_1 Sp-Index_1 u_Sp-Index_1 Names_1 objID RAJ2000_x_1 DEJ2000_x_1 errHalfMaj_1 errHalfMin_1 errPosAng_1 f_objID Qual Epoch Ns Nd gmag e_gmag gKmag e_gKmag gFlags rmag e_rmag rKmag e_rKmag rFlags imag e_imag iKmag e_iKmag iFlags zmag e_zmag zKmag e_zKmag zFlags ymag e_ymag yKmag e_yKmag yFlags angDist_1 recno_2 SNR_2 RAJ2000_2 DEJ2000_2 MajDiam_2 MinDiam_2 u_MinDiam_2 type_2 l_S(1GHz)_2 S(1GHz)_2 u_S(1GHz)_2 Sp-Index_2 u_Sp-Index_2 Names_2 DR3Name RAdeg DEdeg errHalfMaj_2 errHalfMin_2 errPosAng_2 SolID Source RandomI e_RAdeg e_DEdeg Plx e_Plx RPlx PM pmRA e_pmRA pmDE e_pmDE RADEcor RAPlxcor RApmRAcor RApmDEcor DEPlxcor DEpmRAcor DEpmDEcor PlxpmRAcor PlxpmDEcor pmRApmDEcor NAL NAC NgAL NbAL gofAL chi2AL epsi sepsi Solved APF nueff pscol e_pscol RApscolCorr DEpscolCorr PlxpscolCorr pmRApscolCorr pmDEpscolCorr MatchObsA Nper amax MatchObs IPDgofha IPDgofhp IPDfmp IPDfow RUWE Dup o_Gmag FG e_FG RFG Gmag e_Gmag o_BPmag FBP e_FBP RFBP BPmag e_BPmag o_RPmag FRP e_FRP RFRP RPmag e_RPmag E(BP/RP) NBPcont NBPblend NRPcont NRPblend Mode BP-RP BP-G G-RP RV e_RV n_RV o_RV o_RVd RVNper RVS/N RVgof RVchi2 RVTdur RVamp RVtempTeff RVtemplogg RVtemp[Fe/H] Vatmparam vbroad e_Vbroad o_Vbroad GRVSmag e_GRVSmag o_GRVSmag RVSS/N VarFlag PQSO PGal PSS Teff b_Teff_x B_Teff_xa logg b_logg_x B_logg_xa [Fe/H] b_[Fe/H]_x B_[Fe/H]_xa Dist b_Dist_x B_Dist_xa A0 b_A0_x B_A0_xa AG b_AG_x B_AG_xa E(BP-RP) b_E(BP-RP)_x B_E(BP-RP)_xa Lib RAJ2000_x_2 DEJ2000_x_2 e_RAJ2000 e_DEJ2000 RADEcorJ2000 angDist_2
[from data line 13]
65 G021.0-00.4 277.79999999999995 -10.783333333333331 9.0 7.0 "" S "" 1.1 "" 0.6 "" "" 95062777996250847 277.79961495 -10.78294543 0.003 0.003 0.0 1443160064 172 55939.59915509 8 56 22.731 "" "" "" 16420 20.1441 0.0198 20.3106 0.0524 115000 17.8671 0.0076 17.9702 0.0113 115000 16.4798 0.0101 16.5619 0.0025 115000 15.5972 0.0224 15.716 0.0305 115000 1.950465 65 G021.0-00.4 277.79999999999995 -10.783333333333331 9.0 7.0 "" S "" 1.1 "" 0.6 "" "" "Gaia DR3 4154911234277658112" 277.7996119536 -10.78295231781 0.0 0.0 50.0 1636148068921376768 4154911234277658112 651218243 0.1447 0.1385 0.515 0.1563 3.2956 8.514 -4.622 0.178 -7.15 0.15036768 0.2288 0.0305 -0.317 -0.0686 -0.2798 0.0161 -0.4201 -0.2512 0.0963 0.142 239 0 239 0 0.0961 301.94 0.379 0.94506 31 False 1.155 "" "" "" "" "" "" "" 27 15 0.258747 27 0.00893 24.28 0 0 1.003 0 232 881.96833 1.7091 516.042 18.323734 0.003467 19 40.2028 6.0828 6.60926 21.3279 0.164299 23 1527.43 9.93007 153.818 16.787994 0.008007 1.777 0.0 3.0 0.0 1.0 0 4.539906 3.004166 1.53574 "" "" "" "" "" "" "" "" "" "" "" "" "" "" "" "" "" "" "" "" "" "" NOT_AVAILABLE 0.0 0.0 1.0 4713.0 4589.2 4857.0 1.5256 1.3292 1.8095 -1.4157 -1.5095 -1.2903 6289.152 4805.9487 7425.47 9.9745 9.924 9.995 6.2227 6.1802 6.2582 3.6479 3.6192 3.6698 PHOENIX 277.79963286695 -10.78292053991 2.897702 2.467246 0.1392 1.94027
70 G023.3-00.3 278.68749999999994 -8.799999999999999 27.0 "" "" S "" 70.0 "" 0.5 "" W41 97442786871900769 278.68720845 -8.79972556 0.007 0.007 0.0 436527104 52 55954.01275463 20 61 21.5378 0.0441 21.4105 0.124 115000 19.9151 0.0148 20.0363 0.0167 16892216 18.9946 0.0144 19.1176 0.0106 115000 18.4579 0.0 18.7206 0.1812 115000 18.1315 0.0297 "" "" 115000 1.432462 70 G023.3-00.3 278.68749999999994 -8.799999999999999 27.0 "" "" S "" 70.0 "" 0.5 "" W41 "Gaia DR3 4156327435315015424" 278.68721127875 -8.79972385846 0.001 0.0 44.0 1636148068921376768 4156327435315015424 998932677 0.5183 0.5264 0.9718 0.4361 2.2281 1.44 1.419 0.697 0.247 0.67086726 0.6476 0.0611 -0.5694 -0.4171 -0.1892 -0.356 -0.5567 -0.2846 -0.2616 0.5643 150 0 149 1 -1.0747 146.73 0.0 0.0 95 False "" 1.0874 0.1074 -0.123 0.025 0.144 -0.186 -0.207 17 12 1.263622 17 0.0232 24.19 0 0 0.935 0 148 264.92703 1.09283 242.422 19.62955 0.005258 15 53.4775 6.57695 8.13106 21.018114 0.133559 14 294.173 8.46418 34.7551 18.576387 0.031467 1.312 0.0 2.0 0.0 0.0 0 2.441727 1.388563 1.053164 "" "" "" "" "" "" "" "" "" "" "" "" "" "" "" "" "" "" "" "" "" "" NOT_AVAILABLE 0.0 0.0 0.999991 "" "" "" "" "" "" "" "" "" "" "" "" "" "" "" "" "" "" "" "" "" "" 278.68720489815 -8.79972495441 11.449794 11.035628 0.5706 1.429446
73 G025.1-02.3 281.29166666666663 -7.999999999999999 80.0 30.0 ? S "" 8.0 "" 0.5 ? "" 98392812914659921 281.291416 -8.00038487 0.01 0.002 0.0 436527104 52 55822.69333333 10 42 21.5143 0.0483 "" "" 115000 20.0059 0.1051 "" "" 115000 18.6039 0.0013 18.7817 0.0716 115000 17.9594 0.0043 18.2042 0.0071 115000 17.5912 0.0135 17.8649 0.0513 115000 1.648712 73 G025.1-02.3 281.29166666666663 -7.999999999999999 80.0 30.0 ? S "" 8.0 "" 0.5 ? "" "Gaia DR3 4251847615369658240" 281.29141305412 -8.00038452896 0.0 0.0 47.0 1636148068921376768 4251847615369658240 1260108850 0.29 0.2793 1.4537 0.3409 4.264 14.299 -12.973 0.331 -6.013 0.28128186 0.4485 -0.3721 0.0847 -0.1338 -0.4679 0.0192 -0.1456 -0.2635 0.0722 0.3957 189 0 188 1 -0.4492 203.73 0.0 0.0 95 False "" 1.1524 0.0878 -0.111 -0.143 0.219 -0.197 0.099 22 15 0.508602 22 0.02093 20.13 0 0 0.975 0 177 401.67193 1.36995 293.201 19.177689 0.004616 18 65.9285 8.79299 7.49785 20.79086 0.144833 18 458.12 12.8175 35.7418 18.095446 0.030611 1.305 0.0 0.0 0.0 0.0 0 2.695414 1.613171 1.082243 "" "" "" "" "" "" "" "" "" "" "" "" "" "" "" "" "" "" "" "" "" "" NOT_AVAILABLE 0.0 0.0 0.999989 "" "" "" "" "" "" "" "" "" "" "" "" "" "" "" "" "" "" "" "" "" "" 281.29147127849 -8.00035780461 5.281578 4.549582 0.4003 1.6534
76 G028.6-00.1 280.97916666666663 -3.883333333333333 13.0 9.0 "" S "" 3.0 ? "" ? "" 103342809791670793 280.97897533 -3.88306113 0.012 0.006 90.0 512024576 61 56015.52202546 3 60 23.339 "" "" "" 4 20.9693 0.0352 20.7515 0.0377 16777496 19.0893 0.0124 18.964 0.0178 16892216 17.7334 0.0101 17.6566 0.0076 16892216 16.8249 0.0146 16.7738 0.0082 16892216 1.196893 76 G028.6-00.1 280.97916666666663 -3.883333333333333 13.0 9.0 "" S "" 3.0 ? "" ? "" "Gaia DR3 4258282262351599744" 280.97895106939 -3.88306193603 0.0 0.0 44.0 1636148068921376768 4258282262351599744 1366259488 0.3887 0.3936 -0.0462 0.4323 -0.1069 1.995 1.159 0.458 -1.623 0.42092445 0.3972 -0.1154 -0.1505 -0.0786 -0.3258 0.0153 -0.2481 -0.3316 -0.0569 0.3346 222 0 222 0 2.4987 329.69 1.882 4.3647 95 False "" 0.8785 0.1084 -0.134 0.042 0.134 -0.065 -0.171 25 14 0.715657 25 0.02954 85.3 0 0 1.121 0 220 253.17529 1.00106 252.907 19.678814 0.005101 12 38.8921 9.47283 4.10565 21.363888 0.264464 20 531.653 12.6099 42.1614 17.933825 0.026028 2.254 0.0 12.0 0.0 20.0 0 3.430063 1.685074 1.744989 "" "" "" "" "" "" "" "" "" "" "" "" "" "" "" "" "" "" "" "" "" "" NOT_AVAILABLE 0.0 0.0 0.999999 "" "" "" "" "" "" "" "" "" "" "" "" "" "" "" "" "" "" "" "" "" "" 280.9789459047 -3.88305472211 7.404158 6.843082 0.3306 1.246689
82 G031.5-00.6 282.79166666666663 -1.5166666666666666 18.0 "" ? S? "" 2.0 ? "" ? "" 106182827916690157 282.7916497 -1.51690751 0.017 0.01 90.0 168091648 20 56142.82638889 9 56 "" "" "" "" 114720 20.9112 0.0276 21.1285 0.0499 115000 20.0459 0.0218 20.2699 0.0325 115000 19.5246 0.0245 19.8491 0.0422 115000 19.2197 0.0261 19.5167 0.0729 33080 0.869183 82 G031.5-00.6 282.79166666666663 -1.5166666666666666 18.0 "" ? S? "" 2.0 ? "" ? "" "Gaia DR3 4259257911414787584" 282.79164915087 -1.51690609062 0.001 0.001 46.0 1636148068921376768 4259257911414787584 1064146456 1.0934 1.0581 -0.6572 1.1409 -0.576 4.774 -2.613 1.155 -3.995 1.0252714 0.6684 -0.3994 -0.2314 -0.4537 -0.1965 -0.3176 -0.5794 -0.4687 0.1358 0.4245 123 0 122 1 -0.5971 112.48 0.0 9.3299e-16 95 False "" 1.5849 0.2687 -0.092 -0.157 -0.04 0.159 -0.172 14 11 2.002768 14 0.07611 81.63 0 0 0.958 0 122 111.21215 1.15503 96.2851 20.571987 0.011608 8 26.3446 7.48717 3.51863 21.786814 0.30858 14 91.0601 7.47726 12.1783 19.849575 0.089234 1.056 0.0 0.0 0.0 0.0 1 1.937239 1.214827 0.722412 "" "" "" "" "" "" "" "" "" "" "" "" "" "" "" "" "" "" "" "" "" "" NOT_AVAILABLE 0.0 0.0 0.999996 "" "" "" "" "" "" "" "" "" "" "" "" "" "" "" "" "" "" "" "" "" "" 282.79166076883 -1.5168883354 18.771073 17.039279 0.4498 0.864228
87 G032.8-00.1 282.85416666666663 -0.1333333333333333 22.0 15.0 "" S? "" 11.0 ? 0.2 ? "Kes 78" 107832828542629907 282.85427216 -0.13378116 0.053 0.022 90.0 302309376 36 55903.69787037 0 14 "" "" "" "" 0 "" "" "" "" 0 19.7931 0.0307 19.9664 0.0672 280 19.1214 0.0421 19.4949 0.1022 16777496 18.5654 0.0371 18.9386 0.1556 24 1.656303 87 G032.8-00.1 282.85416666666663 -0.1333333333333333 22.0 15.0 "" S? "" 11.0 ? 0.2 ? "Kes 78" "Gaia DR3 4266251733134294144" 282.85425083851 -0.1337935007 0.001 0.001 39.0 1636148068921376768 4266251733134294144 352889869 0.7368 0.8246 0.2623 0.8766 0.2992 7.338 -2.276 0.922 -6.976 1.0069997 0.5453 -0.3303 0.0489 0.1261 -0.5432 0.2024 0.1374 -0.2735 -0.1734 0.5808 153 0 150 3 1.8289 198.0 2.149 1.7555 95 False "" 1.1969 0.2255 -0.248 -0.254 0.321 -0.284 -0.237 18 14 1.703285 18 0.124 74.26 0 11 1.107 0 148 133.18357 0.932467 142.829 20.37624 0.008086 0 "" "" "" "" "" 0 "" "" "" "" "" "" "" "" "" "" 1 "" "" "" "" "" "" "" "" "" "" "" "" "" "" "" "" "" "" "" "" "" "" "" "" "" NOT_AVAILABLE "" "" "" "" "" "" "" "" "" "" "" "" "" "" "" "" "" "" "" "" "" "" "" "" "" 282.85426095259 -0.13376249572 14.740057 16.019539 0.5695 1.684088
88 G033.2-00.6 283.4583333333333 -0.0333333333333333 18.0 "" "" S "" 3.5 "" "" v "" 107962834580820272 283.45806722 -0.03346093 0.01 0.007 0.0 436527104 52 56206.16888889 3 49 "" "" "" "" 16416 20.6796 0.0553 20.9704 0.0549 115000 19.4693 0.0106 19.7595 0.0314 115000 18.8666 0.0374 19.2422 0.0702 115000 18.4298 0.0795 18.6891 0.2576 280 1.06244 88 G033.2-00.6 283.4583333333333 -0.0333333333333333 18.0 "" "" S "" 3.5 "" "" v "" "Gaia DR3 4266232869608050560" 283.45806743692 -0.03345396925 0.001 0.001 23.0 1636148068921376768 4266232869608050560 570933040 0.6253 0.8215 1.093 1.0134 1.0786 4.447 -1.52 0.744 -4.179 0.600643 0.2812 -0.2043 0.1628 0.0257 -0.7615 0.2285 0.0239 -0.2449 0.098 0.2054 167 0 167 0 0.1861 189.53 1.649 1.1225 95 False "" 0.9298 0.1638 -0.225 0.026 -0.043 -0.046 0.056 19 14 1.172379 19 0.02308 69.21 0 0 1.008 0 163 194.41127 1.27187 152.855 19.965563 0.007619 6 25.4372 7.39244 3.44098 21.824867 0.315543 8 204.877 16.2368 12.6181 18.969162 0.086129 1.185 0.0 0.0 0.0 0.0 0 2.855705 1.859304 0.996401 "" "" "" "" "" "" "" "" "" "" "" "" "" "" "" "" "" "" "" "" "" "" NOT_AVAILABLE 0.0 0.0 0.999997 "" "" "" "" "" "" "" "" "" "" "" "" "" "" "" "" "" "" "" "" "" "" 283.45807419184 -0.03343539498 11.826094 9.625766 0.1868 1.051138
94 G038.7-01.3 286.66666666666663 4.466666666666666 32.0 19.0 ? S "" "" ? "" ? "" 113362866666220605 286.66662956 4.46680632 0.003 0.003 90.0 503635968 60 56106.57241898 5 83 21.3267 0.0509 21.4566 0.1164 115000 18.9373 0.0057 19.0926 0.0167 115000 17.5725 0.0046 17.6917 0.0053 115000 16.7133 0.0052 16.8201 0.0086 115000 16.1507 0.0055 16.2967 0.0062 115000 0.520092 94 G038.7-01.3 286.66666666666663 4.466666666666666 32.0 19.0 ? S "" "" ? "" ? "" "Gaia DR3 4269399836735892736" 286.66662590882 4.4667973865 0.0 0.0 47.0 1636148068921376768 4269399836735892736 469368430 0.1301 0.1265 0.2812 0.157 1.7904 10.38 -3.563 0.174 -9.749 0.17334072 0.4867 -0.2649 0.074 -0.0891 -0.1758 -0.0463 0.0616 -0.3223 -0.1216 0.5229 312 0 311 1 0.6882 400.39 0.557 2.562 95 False "" 1.194 0.0218 0.032 -0.076 0.045 -0.021 -0.038 36 17 0.297351 45 0.06031 75.55 0 0 1.027 0 376 997.5091 1.54952 643.752 18.190075 0.003231 37 96.2232 4.3768 21.9848 20.380342 0.049464 37 1397.89 5.32693 262.419 16.884212 0.005604 1.498 0.0 1.0 0.0 0.0 0 3.49613 2.190268 1.305862 "" "" "" "" "" "" "" "" "" "" "" "" "" "" "" "" "" "" "" "" "" "" NOT_AVAILABLE 0.0 0.0 1.0 "" "" "" "" "" "" "" "" "" "" "" "" "" "" "" "" "" "" "" "" "" "" 286.66664179122 4.46684071723 2.770262 2.768536 0.5324 0.492803
100 G042.0-00.1 287.04166666666663 7.999999999999999 8.0 "" "" S? "" 0.5 ? "" ? "" 117602870414780275 287.04148417 7.99985057 0.036 0.033 0.0 436527104 52 56244.80222222 8 20 "" "" "" "" 16416 "" "" "" "" 114720 18.9405 0.0232 15.5172 0.1018 16892216 19.0129 0.023 19.2749 0.0198 115000 18.2853 0.0009 18.4514 0.0347 115000 0.844193 100 G042.0-00.1 287.04166666666663 7.999999999999999 8.0 "" "" S? "" 0.5 ? "" ? "" "Gaia DR3 4307244962529719040" 287.04148490479 7.99985574536 0.001 0.001 30.0 1636148068921376768 4307244962529719040 1571935069 0.9871 1.3278 1.0534 1.5428 0.6828 4.089 -1.458 1.259 -3.82 1.5208379 0.5036 -0.3808 -0.0856 0.1249 -0.475 -0.1065 0.4624 0.2757 -0.3033 0.2745 131 0 131 0 1.2035 154.75 2.011 0.69663 95 False "" 1.5272 0.2242 -0.206 -0.255 0.24 -0.144 -0.156 15 9 2.328302 15 0.03766 34.12 0 0 1.074 0 0 "" "" "" "" "" 0 "" "" "" "" "" 13 122.656 8.8182 13.9094 19.526175 0.078149 "" "" "" 0.0 0.0 0 "" "" "" "" "" "" "" "" "" "" "" "" "" "" "" "" "" "" "" "" "" "" "" "" "" NOT_AVAILABLE 0.000134 0.0 0.999859 "" "" "" "" "" "" "" "" "" "" "" "" "" "" "" "" "" "" "" "" "" "" 287.04149144805 7.99987272293 20.254045 23.748574 0.2808 0.830398
103 G043.9+01.6 286.4583333333333 10.499999999999998 60.0 "" ? S? "" 9.0 "" 0.5 "" "" 120602864584490371 286.45844905 10.4998817 0.006 0.005 0.0 503635968 60 56152.88350694 5 52 20.6934 0.1417 20.9484 0.1819 115000 19.1046 0.0097 19.2792 0.0175 115000 18.1796 0.0058 18.3419 0.0106 115000 17.6438 0.0085 17.8383 0.0108 115000 17.256 0.0113 17.4022 0.0391 115000 0.590889 103 G043.9+01.6 286.4583333333333 10.499999999999998 60.0 "" ? S? "" 9.0 "" 0.5 "" "" "Gaia DR3 4312489937946615936" 286.45844766591 10.4998785999 0.0 0.0 42.0 1636148068921376768 4312489937946615936 253734858 0.1572 0.1617 0.4471 0.1856 2.4096 4.712 -0.685 0.206 -4.662 0.1860242 0.2562 -0.1609 0.1697 -0.1393 -0.2807 -0.1192 -0.0022 -0.1744 -0.0618 0.2757 287 0 286 1 -1.17 265.69 0.0 1.1989e-15 31 False 1.296 "" "" "" "" "" "" "" 32 18 0.309851 32 0.0267 82.65 0 0 0.95 0 283 587.93287 1.15969 506.975 18.764048 0.00349 11 129.852 10.1389 12.8073 20.054924 0.084821 11 677.45 16.7322 40.4879 17.670702 0.027081 1.373 0.0 1.0 0.0 0.0 0 2.384222 1.290876 1.093346 "" "" "" "" "" "" "" "" "" "" "" "" "" "" "" "" "" "" "" "" "" "" NOT_AVAILABLE 0.0 0.0 0.999997 "" "" "" "" "" "" "" "" "" "" "" "" "" "" "" "" "" "" "" "" "" "" 286.45845076135 10.49989931891 3.273463 2.981136 0.291 0.595643
106 G049.2-00.7 290.9583333333333 14.099999999999998 30.0 "" "" S? "" 160.0 ? 0.3 ? (W51) 124922909579880802 290.95799638 14.10023987 0.026 0.008 0.0 503635968 60 56091.34616898 5 94 16.2753 0.0044 16.3241 0.0028 115000 15.2908 0.0025 15.3387 0.0044 115000 14.7896 0.0012 14.8204 0.0014 115000 14.5035 0.002 14.5343 0.0027 115000 14.3173 0.0024 14.3312 0.0047 115000 1.459385 106 G049.2-00.7 290.9583333333333 14.099999999999998 30.0 "" "" S? "" 160.0 ? 0.3 ? (W51) "Gaia DR3 4319639104291181440" 290.95799880147 14.10023143263 0.0 0.0 75.0 1636148068921376768 4319639104291181440 1264410372 0.025 0.0208 1.2128 0.0325 37.3207 12.118 5.226 0.031 -10.932 0.025403343 0.1047 -0.343 -0.3179 0.1381 -0.0977 0.0405 0.1028 0.0875 -0.2957 0.0528 308 0 306 2 0.677 323.67 0.066 0.78933 31 False 1.396 "" "" "" "" "" "" "" 36 17 0.04348 44 0.03924 9.327 0 0 1.027 0 348 15239.93268 4.63527 3287.82 15.229909 0.002775 41 5441.22 13.491 403.322 15.999301 0.003877 42 14238.6 16.4329 866.47 14.364228 0.003982 1.291 0.0 0.0 0.0 0.0 0 1.635073 0.769392 0.865681 "" "" "" "" "" "" "" "" "" "" "" "" "" "" "" "" "" "" "" "" "" "" NOT_AVAILABLE 0.0 0.0 0.999993 5289.3 5224.7 5338.6 4.1981 4.1855 4.2367 -0.5901 -0.6724 -0.5375 792.8737 767.246 819.0318 1.7262 1.6799 1.7624 1.3363 1.2985 1.366 0.7286 0.7085 0.7446 MARCS 290.95797485139 14.10028002134 0.4979 0.404847 0.0433 1.434729
108 G053.6-02.2 294.7083333333333 17.23333333333333 33.0 28.0 "" S "" 8.0 "" 0.5 "" "3C400.2, NRAO 611" 128682947088230287 294.70878414 17.23308903 0.052 0.04 90.0 436527104 52 55917.3865162 10 64 19.4408 0.0071 19.5463 0.0128 115000 18.2754 0.0057 18.3074 0.0109 115000 17.6227 0.0062 17.6669 0.0043 115000 17.2031 0.0117 17.2879 0.0115 115000 16.9524 0.021 17.0314 0.0171 115000 1.782176 108 G053.6-02.2 294.7083333333333 17.23333333333333 33.0 28.0 "" S "" 8.0 "" 0.5 "" "3C400.2, NRAO 611" "Gaia DR3 4322026487658822016" 294.70865933509 17.23300450622 0.019 0.001 138.0 1636148068921376768 4322026487658822016 926670508 12.5367 13.8398 "" "" "" "" "" "" "" "" -0.9982 "" "" "" "" "" "" "" "" "" 63 0 62 1 1.2527 70.677 0.0 0.0 3 False "" "" "" "" "" "" "" "" 7 5 77.93832 15 3.071 44.48 0 100 "" 0 42 327.25012 3.86938 84.5744 19.400167 0.01313 0 "" "" "" "" "" 0 "" "" "" "" "" "" "" "" "" "" 2 "" "" "" "" "" "" "" "" "" "" "" "" "" "" "" "" "" "" "" "" "" "" "" "" "" NOT_AVAILABLE "" "" "" "" "" "" "" "" "" "" "" "" "" "" "" "" "" "" "" "" "" "" "" "" "" 294.70865933509 17.23300450622 12.536693 13.83984 -0.9982 1.630273
