SNR-Gaia-distance.ecsv
# %ECSV 1.0
# ---
# datatype:
# - {name: recno_1, datatype: int64}
# - {name: SNR_1, datatype: string}
# - {name: RAJ2000_1, datatype: float64}
# - {name: DEJ2000_1, datatype: float64}
# - {name: MajDiam_1, datatype: float64}
# - {name: MinDiam_1, datatype: float64}
# - {name: u_MinDiam_1, datatype: string}
# - {name: type_1, datatype: string}
# - {name: l_S(1GHz)_1, datatype: string}
# - {name: S(1GHz)_1, datatype: float64}
# - {name: u_S(1GHz)_1, datatype: string}
# - {name: Sp-Index_1, datatype: float64}
# - {name: u_Sp-Index_1, datatype: string}
# - {name: Names_1, datatype: string}
# - {name: Source_1, datatype: int64}
# - {name: RA_ICRS, datatype: float64}
# - {name: DE_ICRS, datatype: float64}
# - {name: rgeo, datatype: float64}
# - {name: b_rgeo_x, datatype: float64}
# - {name: B_rgeo_xa, datatype: float64}
# - {name: rpgeo, datatype: float64}
# - {name: b_rpgeo_x, datatype: float64}
# - {name: B_rpgeo_xa, datatype: float64}
# - {name: Flag, datatype: int64}
# - {name: angDist_1, datatype: float64}
# - {name: recno_2, datatype: int64}
# - {name: SNR_2, datatype: string}
# - {name: RAJ2000_2, datatype: float64}
# - {name: DEJ2000_2, datatype: float64}
# - {name: MajDiam_2, datatype: float64}
# - {name: MinDiam_2, datatype: float64}
# - {name: u_MinDiam_2, datatype: string}
# - {name: type_2, datatype: string}
# - {name: l_S(1GHz)_2, datatype: string}
# - {name: S(1GHz)_2, datatype: float64}
# - {name: u_S(1GHz)_2, datatype: string}
# - {name: Sp-Index_2, datatype: float64}
# - {name: u_Sp-Index_2, datatype: string}
# - {name: Names_2, datatype: string}
# - {name: DR3Name, datatype: string}
# - {name: RAdeg, datatype: float64}
# - {name: DEdeg, datatype: float64}
# - {name: errHalfMaj, datatype: float64}
# - {name: errHalfMin, datatype: float64}
# - {name: errPosAng, datatype: float64}
# - {name: SolID, datatype: int64}
# - {name: Source_2, datatype: int64}
# - {name: RandomI, datatype: int64}
# - {name: e_RAdeg, datatype: float64}
# - {name: e_DEdeg, datatype: float64}
# - {name: Plx, datatype: float64}
# - {name: e_Plx, datatype: float64}
# - {name: RPlx, datatype: float64}
# - {name: PM, datatype: float64}
# - {name: pmRA, datatype: float64}
# - {name: e_pmRA, datatype: float64}
# - {name: pmDE, datatype: float64}
# - {name: e_pmDE, datatype: float64}
# - {name: RADEcor, datatype: float64}
# - {name: RAPlxcor, datatype: float64}
# - {name: RApmRAcor, datatype: float64}
# - {name: RApmDEcor, datatype: float64}
# - {name: DEPlxcor, datatype: float64}
# - {name: DEpmRAcor, datatype: float64}
# - {name: DEpmDEcor, datatype: float64}
# - {name: PlxpmRAcor, datatype: float64}
# - {name: PlxpmDEcor, datatype: float64}
# - {name: pmRApmDEcor, datatype: float64}
# - {name: NAL, datatype: int64}
# - {name: NAC, datatype: int64}
# - {name: NgAL, datatype: int64}
# - {name: NbAL, datatype: int64}
# - {name: gofAL, datatype: float64}
# - {name: chi2AL, datatype: float64}
# - {name: epsi, datatype: float64}
# - {name: sepsi, datatype: float64}
# - {name: Solved, datatype: int64}
# - {name: APF, datatype: bool}
# - {name: nueff, datatype: float64}
# - {name: pscol, datatype: float64}
# - {name: e_pscol, datatype: float64}
# - {name: RApscolCorr, datatype: float64}
# - {name: DEpscolCorr, datatype: float64}
# - {name: PlxpscolCorr, datatype: float64}
[...]
# - {name: DEJ2000_x, datatype: float64}
# - {name: e_RAJ2000, datatype: float64}
# - {name: e_DEJ2000, datatype: float64}
# - {name: RADEcorJ2000, datatype: float64}
# - {name: angDist_2, datatype: float64}
# schema: astropy-2.0
recno_1 SNR_1 RAJ2000_1 DEJ2000_1 MajDiam_1 MinDiam_1 u_MinDiam_1 type_1 l_S(1GHz)_1 S(1GHz)_1 u_S(1GHz)_1 Sp-Index_1 u_Sp-Index_1 Names_1 Source_1 RA_ICRS DE_ICRS rgeo b_rgeo_x B_rgeo_xa rpgeo b_rpgeo_x B_rpgeo_xa Flag angDist_1 recno_2 SNR_2 RAJ2000_2 DEJ2000_2 MajDiam_2 MinDiam_2 u_MinDiam_2 type_2 l_S(1GHz)_2 S(1GHz)_2 u_S(1GHz)_2 Sp-Index_2 u_Sp-Index_2 Names_2 DR3Name RAdeg DEdeg errHalfMaj errHalfMin errPosAng SolID Source_2 RandomI e_RAdeg e_DEdeg Plx e_Plx RPlx PM pmRA e_pmRA pmDE e_pmDE RADEcor RAPlxcor RApmRAcor RApmDEcor DEPlxcor DEpmRAcor DEpmDEcor PlxpmRAcor PlxpmDEcor pmRApmDEcor NAL NAC NgAL NbAL gofAL chi2AL epsi sepsi Solved APF nueff pscol e_pscol RApscolCorr DEpscolCorr PlxpscolCorr pmRApscolCorr pmDEpscolCorr MatchObsA Nper amax MatchObs IPDgofha IPDgofhp IPDfmp IPDfow RUWE Dup o_Gmag FG e_FG RFG Gmag e_Gmag o_BPmag FBP e_FBP RFBP BPmag e_BPmag o_RPmag FRP e_FRP RFRP RPmag e_RPmag E(BP/RP) NBPcont NBPblend NRPcont NRPblend Mode BP-RP BP-G G-RP RV e_RV n_RV o_RV o_RVd RVNper RVS/N RVgof RVchi2 RVTdur RVamp RVtempTeff RVtemplogg RVtemp[Fe/H] Vatmparam vbroad e_Vbroad o_Vbroad GRVSmag e_GRVSmag o_GRVSmag RVSS/N VarFlag PQSO PGal PSS Teff b_Teff_x B_Teff_xa logg b_logg_x B_logg_xa [Fe/H] b_[Fe/H]_x B_[Fe/H]_xa Dist b_Dist_x B_Dist_xa A0 b_A0_x B_A0_xa AG b_AG_x B_AG_xa E(BP-RP) b_E(BP-RP)_x B_E(BP-RP)_xa Lib RAJ2000_x DEJ2000_x e_RAJ2000 e_DEJ2000 RADEcorJ2000 angDist_2
[from data line 43]
225 G322.5-00.1 230.8458333333333 -57.1 15.0 "" "" C "" 1.5 "" 0.4 "" "" 5883268505827112960 230.84528416562 -57.09980172118 3646.57422 1976.65479 5754.17529 "" "" "" 10099 1.289454 225 G322.5-00.1 230.8458333333333 -57.1 15.0 "" "" C "" 1.5 "" 0.4 "" "" "Gaia DR3 5883268505827112960" 230.84528416562 -57.09980172118 0.0 0.0 162.0 1636148068921376768 5883268505827112960 1423461473 0.3141 0.4011 0.297 0.5345 0.5556 7.116 -5.764 0.445 -4.174 0.46030623 -0.1786 0.1676 -0.0532 -0.1476 -0.404 -0.0556 0.3887 -0.2707 0.0308 -0.0697 257 0 256 1 -1.5165 256.54 0.0 1.2711e-15 95 False "" 0.9831 0.1008 -0.251 0.351 -0.308 -0.05 0.016 30 17 0.674466 34 0.02769 43.18 0 0 0.932 0 275 215.47451 0.939184 229.427 19.853878 0.005476 0 "" "" "" "" "" 0 "" "" "" "" "" "" "" "" "" "" 2 "" "" "" "" "" "" "" "" "" "" "" "" "" "" "" "" "" "" "" "" "" "" "" "" "" NOT_AVAILABLE "" "" "" "" "" "" "" "" "" "" "" "" "" "" "" "" "" "" "" "" "" "" "" "" "" 230.84533132435 -57.09978316789 7.142435 7.218493 -0.0616 1.289454
240 G332.4+00.1 243.8333333333333 -50.7 15.0 "" "" S "" 26.0 "" 0.5 "" "MSH 16-51, Kes 32" 5935070312546473984 243.83384999087 -50.70025030192 2281.39258 1691.97388 3209.47217 2370.8479 1877.33411 3282.92139 10033 1.48317 240 G332.4+00.1 243.8333333333333 -50.7 15.0 "" "" S "" 26.0 "" 0.5 "" "MSH 16-51, Kes 32" "Gaia DR3 5935070312546473984" 243.83384999087 -50.70025030192 0.0 0.0 103.0 1636148068921376768 5935070312546473984 824686660 0.147 0.0947 0.6117 0.1928 3.1724 8.094 -6.141 0.217 -5.272 0.16648236 -0.2258 0.0329 -0.401 -0.3062 0.1602 -0.1782 -0.1189 -0.0902 0.1366 0.1779 458 9 457 1 0.911 499.89 0.0 0.0 31 False 1.383 "" "" "" "" "" "" "" 54 19 0.314791 55 0.01875 95.08 0 0 1.03 0 456 684.64265 1.00459 681.514 18.598707 0.003183 49 231.115 6.59934 35.0209 19.428974 0.031128 48 666.842 9.58941 69.5394 17.687838 0.016064 1.312 0.0 1.0 0.0 0.0 0 1.741137 0.830267 0.91087 "" "" "" "" "" "" "" "" "" "" "" "" "" "" "" "" "" "" "" "" "" "" NOT_AVAILABLE 0.0 0.0 0.999998 4194.4 4120.6 4302.2 4.9221 4.8518 4.9885 -1.5242 -1.6262 -1.4193 751.2098 649.5513 831.2659 0.9463 0.8272 1.0998 0.6904 0.601 0.8068 0.3736 0.3251 0.4372 PHOENIX 243.83389308433 -50.7002268724 3.533257 2.676633 0.1925 1.48317
241 G332.5-05.6 250.8333333333333 -54.49999999999999 35.0 "" "" S "" 2.0 ? 0.7 ? "" 5930296198710046976 250.83252797186 -54.50000422132 6015.33496 3884.8916 8536.49902 8065.51514 6850.99561 9573.21973 10033 1.683701 241 G332.5-05.6 250.8333333333333 -54.49999999999999 35.0 "" "" S "" 2.0 ? 0.7 ? "" "Gaia DR3 5930296198710046976" 250.83252797186 -54.50000422132 0.001 0.0 68.0 1636148068921376768 5930296198710046976 717550801 0.7033 0.4946 -2.3302 0.9333 -2.4966 8.215 -1.134 1.112 -8.136 0.71525085 0.3577 0.0085 -0.0422 -0.2467 -0.1638 -0.2573 -0.229 0.0873 -0.1404 0.2231 216 0 215 1 1.1838 246.51 0.0 0.0 95 False "" 1.5882 0.2004 -0.009 0.018 0.135 -0.195 0.156 25 15 1.571463 26 0.06472 4.753 0 0 1.057 0 222 125.06608 0.92363 135.407 20.444517 0.008479 11 47.3899 8.36963 5.66212 21.149328 0.191775 13 99.6868 10.2026 9.77075 19.7513 0.111185 1.176 0.0 0.0 0.0 0.0 0 1.398027 0.704811 0.693216 "" "" "" "" "" "" "" "" "" "" "" "" "" "" "" "" "" "" "" "" "" "" NOT_AVAILABLE 0.0 0.0 0.999997 "" "" "" "" "" "" "" "" "" "" "" "" "" "" "" "" "" "" "" "" "" "" 250.83253664946 -54.49996805974 17.841065 11.56728 0.2414 1.683701
250 G338.3-00.0 250.25 -46.56666666666666 8.0 "" "" C? "" 7.0 ? "" ? "" 5942725421744750720 250.24953234412 -46.56640996132 4185.43848 2504.42871 5979.82178 3669.23291 2890.94189 4969.06445 10033 1.481137 250 G338.3-00.0 250.25 -46.56666666666666 8.0 "" "" C? "" 7.0 ? "" ? "" "Gaia DR3 5942725421744750720" 250.24953234412 -46.56640996132 0.0 0.0 87.0 1636148068921376768 5942725421744750720 1698432522 0.2526 0.1632 0.2225 0.2802 0.7939 2.699 -0.328 0.368 -2.679 0.27789983 0.0435 -0.0339 -0.0278 -0.1532 -0.0369 -0.0876 -0.3027 -0.1541 0.113 -0.1467 324 0 324 0 1.0346 369.69 0.512 0.6237 95 False "" 1.3181 0.0541 0.023 0.086 -0.002 -0.19 0.002 37 17 0.516379 40 0.01115 30.4 0 0 1.04 0 348 410.16378 1.06004 386.933 19.154974 0.003933 36 142.629 6.20525 22.9852 19.953026 0.047319 33 639.781 11.8598 53.9452 17.732817 0.020478 1.908 0.0 36.0 0.0 33.0 0 2.220209 0.798052 1.422157 "" "" "" "" "" "" "" "" "" "" "" "" "" "" "" "" "" "" "" "" "" "" NOT_AVAILABLE 0.0 0.0 0.999978 "" "" "" "" "" "" "" "" "" "" "" "" "" "" "" "" "" "" "" "" "" "" 250.2495344616 -46.56639805358 5.897629 4.49848 -0.135 1.481137
253 G340.6+00.3 251.9208333333333 -44.56666666666666 6.0 "" "" S "" 5.0 ? 0.4 ? "" 5967285174311104768 251.92113237096 -44.56653586683 3231.64795 2176.41187 4438.12061 2857.07153 1963.91431 4174.22656 10033 0.899977 253 G340.6+00.3 251.9208333333333 -44.56666666666666 6.0 "" "" S "" 5.0 ? 0.4 ? "" "Gaia DR3 5967285174311104768" 251.92113237096 -44.56653586683 0.0 0.0 83.0 1636148068921376768 5967285174311104768 149942505 0.1961 0.1286 0.487 0.2146 2.2696 5.45 -3.4 0.263 -4.259 0.21211006 0.104 -0.0171 -0.4186 -0.0776 -0.1095 -0.028 -0.5337 -0.2608 0.1517 -0.0214 342 0 340 2 -0.5439 334.96 0.0 2.1961e-15 31 False 1.328 "" "" "" "" "" "" "" 40 19 0.377286 41 0.006793 148.5 0 0 0.978 0 345 597.24943 1.13005 528.516 18.746977 0.003437 35 173.525 6.25053 27.7617 19.740135 0.039209 37 615.712 7.5121 81.9627 17.774452 0.013775 1.321 0.0 0.0 0.0 0.0 0 1.965683 0.993158 0.972525 "" "" "" "" "" "" "" "" "" "" "" "" "" "" "" "" "" "" "" "" "" "" NOT_AVAILABLE 0.0 0.0 0.999995 3803.4 3757.3 3888.5 4.8001 4.7555 4.8943 -0.5319 -0.7557 -0.3661 831.8046 675.3287 910.0544 0.6928 0.6232 0.782 0.4855 0.4357 0.5495 0.2667 0.2397 0.3021 PHOENIX 251.92115358128 -44.56651693852 4.292569 3.464101 -0.0159 0.899977
257 G342.1+00.9 252.67916666666665 -43.06666666666666 10.0 9.0 "" S "" 0.5 ? "" ? "" 5967843593070174848 252.67894228496 -43.06639171389 4519.6377 2707.5542 8073.72119 8388.53906 5464.16699 12994.7324 10033 1.152395 257 G342.1+00.9 252.67916666666665 -43.06666666666666 10.0 9.0 "" S "" 0.5 ? "" ? "" "Gaia DR3 5967843593070174848" 252.67894228496 -43.06639171389 0.001 0.0 74.0 1636148068921376768 5967843593070174848 193497424 0.7544 0.3804 0.5932 0.6132 0.9675 9.011 -5.295 0.951 -7.291 0.6309113 0.4565 -0.0387 -0.483 -0.6024 0.2816 -0.5707 -0.5564 -0.359 -0.1371 0.4168 283 0 281 2 1.0007 330.57 1.399 1.5798 95 False "" 1.1992 0.1097 0.104 0.085 0.124 -0.201 -0.156 32 16 1.4939 35 0.01116 17.11 0 0 1.042 0 296 201.93448 0.925493 218.191 19.924341 0.005688 23 28.6915 5.67736 5.05367 21.694159 0.214859 34 263.794 6.27545 42.0359 18.694735 0.026104 1.448 0.0 0.0 0.0 0.0 0 2.999424 1.769817 1.229607 "" "" "" "" "" "" "" "" "" "" "" "" "" "" "" "" "" "" "" "" "" "" NOT_AVAILABLE 0.0 0.0 0.999998 "" "" "" "" "" "" "" "" "" "" "" "" "" "" "" "" "" "" "" "" "" "" 252.6789744959 -43.06635930943 15.600548 10.311089 0.448 1.152395
264 G347.3-00.5 258.4583333333333 -39.74999999999999 65.0 55.0 "" S? "" 30.0 ? "" ? "RX J1713.7-3946" 5972266378617408000 258.45860634524 -39.74952753719 3680.59277 2173.05396 5972.66699 "" "" "" 10099 1.861171 264 G347.3-00.5 258.4583333333333 -39.74999999999999 65.0 55.0 "" S? "" 30.0 ? "" ? "RX J1713.7-3946" "Gaia DR3 5972266378617408000" 258.45860634524 -39.74952753719 0.0 0.0 71.0 1636148068921376768 5972266378617408000 1226095566 0.301 0.1705 0.7831 0.2899 2.7017 1.897 -1.896 0.412 0.052 0.25653738 0.4691 0.1622 -0.2456 -0.25 -0.0572 -0.2425 -0.378 -0.2058 0.1134 0.3813 411 0 411 0 -0.5 408.65 0.0 0.0 95 False "" 1.4006 0.0545 -0.064 0.038 0.102 -0.047 -0.054 48 17 0.60313 48 0.03914 4.982 0 0 0.982 0 402 375.6831 0.986451 380.843 19.250313 0.003965 0 "" "" "" "" "" 0 "" "" "" "" "" "" "" "" "" "" 2 "" "" "" "" "" "" "" "" "" "" "" "" "" "" "" "" "" "" "" "" "" "" "" "" "" NOT_AVAILABLE "" "" "" "" "" "" "" "" "" "" "" "" "" "" "" "" "" "" "" "" "" "" "" "" "" 258.45861730565 -39.74952776743 6.669304 4.172033 0.3924 1.861171
278 G353.9-02.0 264.72916666666663 -35.18333333333333 13.0 "" "" S "" 1.0 ? 0.5 ? "" 4053276708751657344 264.72897866478 -35.18333850412 3724.9165 2133.20898 6329.65576 5750.35791 3939.64453 7383.94336 10033 0.553476 278 G353.9-02.0 264.72916666666663 -35.18333333333333 13.0 "" "" S "" 1.0 ? 0.5 ? "" "Gaia DR3 4053276708751657344" 264.72897866478 -35.18333850412 0.001 0.0 63.0 1636148068921376768 4053276708751657344 604859758 0.7213 0.4917 1.5693 0.734 2.1381 5.978 -5.798 0.87 -1.459 0.65390015 0.5362 -0.2574 -0.3293 -0.3901 -0.1918 -0.3006 -0.5346 -0.3554 0.0959 0.4357 171 0 167 4 0.697 205.44 1.133 0.7427 95 False "" 0.9133 0.1488 0.094 0.218 0.034 -0.216 -0.463 20 13 1.370188 20 0.0848 171.0 17 0 1.037 0 156 212.84166 1.38786 153.36 19.867226 0.007597 15 78.2628 11.1049 7.04758 20.604652 0.154083 17 400.436 12.4613 32.1345 18.241562 0.033998 2.249 0.0 15.0 0.0 17.0 0 2.363091 0.737427 1.625664 "" "" "" "" "" "" "" "" "" "" "" "" "" "" "" "" "" "" "" "" "" "" NOT_AVAILABLE 0.0 0.0 0.999989 "" "" "" "" "" "" "" "" "" "" "" "" "" "" "" "" "" "" "" "" "" "" 264.72901019139 -35.18333201899 14.172099 10.733351 0.4512 0.553476
279 G354.1+00.1 262.6166666666666 -33.76666666666666 15.0 3.0 ? C? "" "" ? "" v "" 4054437582556518528 262.61704703665 -33.76637294984 2091.15723 1428.62927 3590.81519 2999.61133 2285.80103 4738.08301 10033 1.553663 279 G354.1+00.1 262.6166666666666 -33.76666666666666 15.0 3.0 ? C? "" "" ? "" v "" "Gaia DR3 4054437582556518528" 262.61704703665 -33.76637294984 0.0 0.0 72.0 1636148068921376768 4054437582556518528 1402722859 0.2325 0.1675 0.6753 0.2527 2.672 3.243 0.61 0.339 -3.185 0.22693732 0.2464 -0.12 -0.0713 -0.2006 -0.1258 -0.19 -0.3007 -0.2189 0.0646 0.3324 263 0 261 2 0.4269 311.81 0.422 0.55717 95 False "" 1.1711 0.055 0.029 0.07 0.1 -0.055 -0.094 30 16 0.491012 30 0.003869 111.8 0 0 1.018 0 258 463.4219 1.38609 334.338 19.022425 0.004259 21 47.0344 5.73743 8.19783 21.157503 0.132471 25 727.65 8.12378 89.5704 17.59309 0.012697 1.672 0.0 0.0 0.0 0.0 0 3.564413 2.135078 1.429335 "" "" "" "" "" "" "" "" "" "" "" "" "" "" "" "" "" "" "" "" "" "" NOT_AVAILABLE 0.0 0.0 1.0 "" "" "" "" "" "" "" "" "" "" "" "" "" "" "" "" "" "" "" "" "" "" 262.61704377499 -33.76635879538 5.453023 3.684831 0.3438 1.553663
288 G357.7+00.3 264.6458333333333 -30.73333333333333 24.0 "" "" S "" 10.0 "" 0.4 ? "" 4055405908700614912 264.64542102771 -30.73321170312 1618.90771 1222.77661 2129.58032 1661.71997 1321.10706 2196.47046 10033 1.348886 288 G357.7+00.3 264.6458333333333 -30.73333333333333 24.0 "" "" S "" 10.0 "" 0.4 ? "" "Gaia DR3 4055405908700614912" 264.64542102771 -30.73321170312 0.0 0.0 61.0 1636148068921376768 4055405908700614912 663770574 0.1429 0.1054 0.7096 0.1788 3.9682 6.236 -4.481 0.182 -4.337 0.11806972 0.4833 -0.3161 -0.0481 -0.4928 -0.4196 -0.1464 -0.5524 -0.5012 0.2523 0.2414 219 0 218 1 0.5488 234.22 0.149 0.26142 31 False 1.335 "" "" "" "" "" "" "" 25 14 0.265388 26 0.05127 178.9 0 0 1.025 0 217 1569.73494 1.88923 830.886 17.697802 0.003049 23 444.689 7.81813 56.8792 18.718401 0.019291 24 1683.41 9.99093 168.494 16.68242 0.00747 1.356 0.0 1.0 0.0 1.0 0 2.03598 1.020599 1.015381 "" "" "" "" "" "" "" "" "" "" "" "" "" "" "" "" "" "" "" "" "" "" NOT_AVAILABLE 0.0 0.0 0.999996 4746.6 4709.9 4778.9 4.7992 4.7648 4.8136 -1.349 -1.4536 -1.2027 558.9511 544.6501 588.0419 2.3178 2.2777 2.352 1.7041 1.6724 1.7313 0.9359 0.9173 0.9518 MARCS 264.64544419562 -30.733192426 2.929531 1.9493 0.2656 1.348886
292 G359.0-00.9 266.7083333333333 -30.266666666666666 23.0 "" "" S "" 23.0 "" 0.5 "" "" 4056774152141086208 266.7087492192 -30.26632396183 2109.10327 1302.88342 3214.58252 2849.07764 2029.4729 3859.11279 10033 1.787243 292 G359.0-00.9 266.7083333333333 -30.266666666666666 23.0 "" "" S "" 23.0 "" 0.5 "" "" "Gaia DR3 4056774152141086208" 266.7087492192 -30.26632396183 0.001 0.0 60.0 1636148068921376768 4056774152141086208 1192868358 0.4951 0.3663 0.6775 0.4832 1.4023 1.34 1.118 0.526 -0.739 0.3236719 0.5281 -0.2838 -0.1349 -0.3167 -0.2653 -0.1382 -0.7303 -0.1075 0.2036 0.3441 350 0 349 1 2.4096 431.56 1.204 1.7345 95 False "" 1.3455 0.0913 -0.129 -0.085 0.333 -0.066 -0.116 40 15 0.771968 40 0.04181 174.5 0 0 1.092 0 345 236.23285 0.866282 272.698 19.754017 0.004842 25 34.0259 3.2059 10.6135 21.509016 0.102335 33 318.864 10.941 29.144 18.488884 0.037445 1.494 0.0 0.0 0.0 0.0 0 3.020132 1.754999 1.265133 "" "" "" "" "" "" "" "" "" "" "" "" "" "" "" "" "" "" "" "" "" "" NOT_AVAILABLE 0.0 0.0 0.999996 "" "" "" "" "" "" "" "" "" "" "" "" "" "" "" "" "" "" "" "" "" "" 266.70874346592 -30.26632067549 8.489326 5.451985 0.3526 1.787243
