SNR-PS-GaiaEDR3.ecsv
# %ECSV 1.0
# ---
# datatype:
# - {name: recno_1, datatype: int64}
# - {name: SNR_1, datatype: string}
# - {name: RAJ2000_1, datatype: float64}
# - {name: DEJ2000_1, datatype: float64}
# - {name: MajDiam_1, datatype: float64}
# - {name: MinDiam_1, datatype: float64}
# - {name: u_MinDiam_1, datatype: string}
# - {name: type_1, datatype: string}
# - {name: l_S(1GHz)_1, datatype: float64}
# - {name: S(1GHz)_1, datatype: float64}
# - {name: u_S(1GHz)_1, datatype: string}
# - {name: Sp-Index_1, datatype: float64}
# - {name: u_Sp-Index_1, datatype: string}
# - {name: Names_1, datatype: string}
# - {name: objID, datatype: int64}
# - {name: RAJ2000_x, datatype: float64}
# - {name: DEJ2000_x, datatype: float64}
# - {name: errHalfMaj_1, datatype: float64}
# - {name: errHalfMin_1, datatype: float64}
# - {name: errPosAng_1, datatype: float64}
# - {name: f_objID, datatype: int64}
# - {name: Qual, datatype: int64}
# - {name: Epoch, datatype: float64}
# - {name: Ns, datatype: int64}
# - {name: Nd, datatype: int64}
# - {name: gmag, datatype: float64}
# - {name: e_gmag, datatype: float64}
# - {name: gKmag, datatype: float64}
# - {name: e_gKmag, datatype: float64}
# - {name: gFlags, datatype: int64}
# - {name: rmag, datatype: float64}
# - {name: e_rmag, datatype: float64}
# - {name: rKmag, datatype: float64}
# - {name: e_rKmag, datatype: float64}
# - {name: rFlags, datatype: int64}
# - {name: imag, datatype: float64}
# - {name: e_imag, datatype: float64}
# - {name: iKmag, datatype: float64}
# - {name: e_iKmag, datatype: float64}
# - {name: iFlags, datatype: int64}
# - {name: zmag, datatype: float64}
# - {name: e_zmag, datatype: float64}
# - {name: zKmag, datatype: float64}
# - {name: e_zKmag, datatype: float64}
# - {name: zFlags, datatype: int64}
# - {name: ymag, datatype: float64}
# - {name: e_ymag, datatype: float64}
# - {name: yKmag, datatype: float64}
# - {name: e_yKmag, datatype: float64}
# - {name: yFlags, datatype: int64}
# - {name: angDist_1, datatype: float64}
# - {name: recno_2, datatype: int64}
# - {name: SNR_2, datatype: string}
# - {name: RAJ2000_2, datatype: float64}
# - {name: DEJ2000_2, datatype: float64}
# - {name: MajDiam_2, datatype: float64}
# - {name: MinDiam_2, datatype: float64}
# - {name: u_MinDiam_2, datatype: string}
# - {name: type_2, datatype: string}
# - {name: l_S(1GHz)_2, datatype: string}
# - {name: S(1GHz)_2, datatype: float64}
# - {name: u_S(1GHz)_2, datatype: string}
# - {name: Sp-Index_2, datatype: float64}
# - {name: u_Sp-Index_2, datatype: string}
# - {name: Names_2, datatype: string}
# - {name: ra_epoch2000, datatype: float64}
# - {name: dec_epoch2000, datatype: float64}
# - {name: errHalfMaj_2, datatype: float64}
# - {name: errHalfMin_2, datatype: float64}
# - {name: errPosAng_2, datatype: float64}
# - {name: source_id, datatype: int64}
# - {name: ra, datatype: float64}
# - {name: ra_error, datatype: float64}
# - {name: dec, datatype: float64}
# - {name: dec_error, datatype: float64}
# - {name: parallax, datatype: float64}
# - {name: parallax_error, datatype: float64}
# - {name: parallax_over_error, datatype: float64}
# - {name: pm, datatype: float64}
# - {name: pmra, datatype: float64}
# - {name: pmra_error, datatype: float64}
# - {name: pmdec, datatype: float64}
# - {name: pmdec_error, datatype: float64}
[...]
# - {name: ra_dec_epoch2000_corr, datatype: float64}
# - {name: angDist_2, datatype: float64}
# schema: astropy-2.0
recno_1 SNR_1 RAJ2000_1 DEJ2000_1 MajDiam_1 MinDiam_1 u_MinDiam_1 type_1 l_S(1GHz)_1 S(1GHz)_1 u_S(1GHz)_1 Sp-Index_1 u_Sp-Index_1 Names_1 objID RAJ2000_x DEJ2000_x errHalfMaj_1 errHalfMin_1 errPosAng_1 f_objID Qual Epoch Ns Nd gmag e_gmag gKmag e_gKmag gFlags rmag e_rmag rKmag e_rKmag rFlags imag e_imag iKmag e_iKmag iFlags zmag e_zmag zKmag e_zKmag zFlags ymag e_ymag yKmag e_yKmag yFlags angDist_1 recno_2 SNR_2 RAJ2000_2 DEJ2000_2 MajDiam_2 MinDiam_2 u_MinDiam_2 type_2 l_S(1GHz)_2 S(1GHz)_2 u_S(1GHz)_2 Sp-Index_2 u_Sp-Index_2 Names_2 ra_epoch2000 dec_epoch2000 errHalfMaj_2 errHalfMin_2 errPosAng_2 source_id ra ra_error dec dec_error parallax parallax_error parallax_over_error pm pmra pmra_error pmdec pmdec_error astrometric_n_good_obs_al astrometric_gof_al astrometric_chi2_al astrometric_excess_noise astrometric_excess_noise_sig astrometric_params_solved pseudocolour pseudocolour_error visibility_periods_used ruwe duplicated_source phot_g_mean_flux phot_g_mean_flux_error phot_g_mean_mag phot_bp_mean_flux phot_bp_mean_flux_error phot_bp_mean_mag phot_rp_mean_flux phot_rp_mean_mag phot_bp_rp_excess_factor bp_rp dr2_radial_velocity dr2_radial_velocity_error dr2_rv_nb_transits dr2_rv_template_teff dr2_rv_template_logg panstarrs1 sdssdr13 skymapper2 urat1 phot_g_mean_mag_error phot_bp_mean_mag_error phot_rp_mean_mag_error phot_g_mean_mag_corrected phot_g_mean_mag_error_corrected phot_g_mean_flux_corrected phot_bp_rp_excess_factor_corrected ra_epoch2000_error dec_epoch2000_error ra_dec_epoch2000_corr angDist_2
[from data line 19]
88 G033.2-00.6 283.4583333333333 -0.0333333333333333 18.0 "" "" S "" 3.5 "" "" v "" 107962834580820272 283.45806722 -0.03346093 0.01 0.007 0.0 436527104 52 56206.16888889 3 49 "" "" "" "" 16416 20.6796 0.0553 20.9704 0.0549 115000 19.4693 0.0106 19.7595 0.0314 115000 18.8666 0.0374 19.2422 0.0702 115000 18.4298 0.0795 18.6891 0.2576 280 1.06244 88 G033.2-00.6 283.4583333333333 -0.0333333333333333 18.0 "" "" S "" 3.5 "" "" v "" 283.45807419184 -0.03343539498 0.0121666 0.0091916 68.99 4266232869608050560 283.45806743692 0.6253 -0.03345396925 0.8215 1.093 1.0134 1.0786 4.447 -1.52 0.744 -4.179 0.601 167 0.1861 189.53 1.649 1.123 95 0.9298 0.1638 14 1.008 False 190.261 1.24472 19.988993 25.4372 7.39244 21.824867 204.877 18.969162 1.211 2.855705 "" "" 0 "" "" 1.0796283458082027e+17 "" "" "" 0.007619 0.315543 0.086129 19.965482 0.007477 194.426 -0.249 11.8261 9.6258 0.1868 1.002656
94 G038.7-01.3 286.66666666666663 4.466666666666666 32.0 19.0 ? S "" "" ? "" ? "" 113362866666220605 286.66662956 4.46680632 0.003 0.003 90.0 503635968 60 56106.57241898 5 83 21.3267 0.0509 21.4566 0.1164 115000 18.9373 0.0057 19.0926 0.0167 115000 17.5725 0.0046 17.6917 0.0053 115000 16.7133 0.0052 16.8201 0.0086 115000 16.1507 0.0055 16.2967 0.0062 115000 0.520092 94 G038.7-01.3 286.66666666666663 4.466666666666666 32.0 19.0 ? S "" "" ? "" ? "" 286.66664179122 4.46684071723 0.0034283 0.0018937 45.03 4269399836735892736 286.66662590882 0.1301 4.4667973865 0.1265 0.2812 0.157 1.7904 10.38 -3.563 0.174 -9.749 0.173 311 0.6882 400.39 0.557 2.562 95 1.194 0.0218 17 1.027 False 974.357 1.51356 18.21557 96.2232 4.3768 20.380342 1397.89 16.884212 1.533 3.49613 "" "" 0 "" "" 1.133628666662206e+17 "" "" 473345989.0 0.003231 0.049464 0.005604 18.189979 0.00321 997.596 -0.019 2.7703 2.7685 0.5324 0.632911
100 G042.0-00.1 287.04166666666663 7.999999999999999 8.0 "" "" S? "" 0.5 ? "" ? "" 117602870414780275 287.04148417 7.99985057 0.036 0.033 0.0 436527104 52 56244.80222222 8 20 "" "" "" "" 16416 "" "" "" "" 114720 18.9405 0.0232 15.5172 0.1018 16892216 19.0129 0.023 19.2749 0.0198 115000 18.2853 0.0009 18.4514 0.0347 115000 0.844193 100 G042.0-00.1 287.04166666666663 7.999999999999999 8.0 "" "" S? "" 0.5 ? "" ? "" 287.04149144805 7.99987272293 0.0253479 0.0182128 30.17 4307244962529719040 287.04148490479 0.9871 7.99985574536 1.3278 1.0534 1.5428 0.6828 4.089 -1.458 1.259 -3.82 1.521 131 1.2035 154.75 2.011 0.6966 95 1.5272 0.2242 9 1.074 False "" "" "" "" "" "" 122.656 19.526175 "" "" "" "" 0 "" "" 1.1760287041478027e+17 "" "" "" "" "" 0.078149 "" "" "" "" 20.254 23.7486 0.2808 0.774681
103 G043.9+01.6 286.4583333333333 10.499999999999998 60.0 "" ? S? "" 9.0 "" 0.5 "" "" 120602864584490371 286.45844905 10.4998817 0.006 0.005 0.0 503635968 60 56152.88350694 5 52 20.6934 0.1417 20.9484 0.1819 115000 19.1046 0.0097 19.2792 0.0175 115000 18.1796 0.0058 18.3419 0.0106 115000 17.6438 0.0085 17.8383 0.0108 115000 17.256 0.0113 17.4022 0.0391 115000 0.590889 103 G043.9+01.6 286.4583333333333 10.499999999999998 60.0 "" ? S? "" 9.0 "" 0.5 "" "" 286.45845076135 10.49989931891 0.0035756 0.0026111 53.92 4312489937946615936 286.45844766591 0.1572 10.4998785999 0.1617 0.4471 0.1856 2.4096 4.712 -0.685 0.206 -4.662 0.186 286 -1.17 265.69 0.0 1.199e-15 31 "" "" 18 0.95 False 587.933 1.15969 18.764048 129.852 10.1389 20.054924 677.45 17.670702 1.373 2.384222 "" "" 0 "" "" 1.2060286458449037e+17 "" "" "" 0.00349 0.084821 0.027081 18.764048 0.00349 587.933 -0.017 3.2735 2.9811 0.291 0.551495
106 G049.2-00.7 290.9583333333333 14.099999999999998 30.0 "" "" S? "" 160.0 ? 0.3 ? (W51) 124922909579880802 290.95799638 14.10023987 0.026 0.008 0.0 503635968 60 56091.34616898 5 94 16.2753 0.0044 16.3241 0.0028 115000 15.2908 0.0025 15.3387 0.0044 115000 14.7896 0.0012 14.8204 0.0014 115000 14.5035 0.002 14.5343 0.0027 115000 14.3173 0.0024 14.3312 0.0047 115000 1.459385 106 G049.2-00.7 290.9583333333333 14.099999999999998 30.0 "" "" S? "" 160.0 ? 0.3 ? (W51) 290.95797485139 14.10028002134 0.0004988 0.0004037 84.12 4319639104291181440 290.95799880147 0.025 14.10023143263 0.0208 1.2128 0.0325 37.3207 12.118 5.226 0.031 -10.932 0.025 306 0.677 323.67 0.066 0.7893 31 "" "" 17 1.027 False 15239.9 4.63527 15.229909 5441.22 13.491 15.999301 14238.6 14.364228 1.291 1.635073 "" "" 0 "" "" 1.249229095798808e+17 1.2376662092546708e+18 "" 521433111.0 0.002775 0.003877 0.003982 15.229909 0.002775 15239.9 0.005 0.4979 0.4048 0.0433 1.607126
108 G053.6-02.2 294.7083333333333 17.23333333333333 33.0 28.0 "" S "" 8.0 "" 0.5 "" "3C400.2, NRAO 611" 128682947088230287 294.70878414 17.23308903 0.052 0.04 90.0 436527104 52 55917.3865162 10 64 19.4408 0.0071 19.5463 0.0128 115000 18.2754 0.0057 18.3074 0.0109 115000 17.6227 0.0062 17.6669 0.0043 115000 17.2031 0.0117 17.2879 0.0115 115000 16.9524 0.021 17.0314 0.0171 115000 1.782176 108 G053.6-02.2 294.7083333333333 17.23333333333333 33.0 28.0 "" S "" 8.0 "" 0.5 "" "3C400.2, NRAO 611" 294.70865933509 17.23300450622 0.0186657 0.0005497 137.83 4322026487658822016 294.70865933509 12.5367 17.23300450622 13.8398 "" "" "" "" "" "" "" "" 62 1.2527 70.68 0.0 0.0 3 "" "" 5 "" False 327.25 3.86938 19.400167 "" "" "" "" "" "" "" "" "" 0 "" "" "" "" "" "" 0.01313 "" "" 19.400167 0.01313 327.25 "" 12.5367 13.8398 -0.9982 1.630273
112 G055.7+03.4 290.3333333333333 21.73333333333333 23.0 "" "" S "" 1.0 ? 0.3 ? "" 134082903331230074 290.33310935 21.73294484 0.02 0.019 90.0 436527104 52 56031.85287037 5 33 22.3561 0.1608 "" "" 115000 20.898 0.0094 21.222 0.098 115000 20.0408 0.0508 20.3973 0.0103 115000 19.6234 0.0603 20.0373 0.0831 115000 19.097 0.0678 19.4479 0.0544 115000 1.586522 112 G055.7+03.4 290.3333333333333 21.73333333333333 23.0 "" "" S "" 1.0 ? 0.3 ? "" 290.33311273937 21.73295474423 0.0160643 0.012837 31.1 2019041590187998464 290.33310098399 0.4958 21.73294106015 0.6113 -0.7194 0.8508 -0.8456 3.939 -2.457 0.851 -3.079 0.96 385 0.918 442.39 2.115 1.767 95 1.2484 0.1546 19 1.033 False 110.698 0.666583 20.577015 30.7966 3.75258 21.617287 101.633 19.73031 1.196 1.886976 "" "" 0 "" "" 1.3408290333123008e+17 "" "" "" 0.007095 0.132327 0.060107 20.570118 0.007057 111.404 -0.123 13.7723 15.2701 0.1962 1.549755
125 G069.0+02.7 298.3333333333333 32.916666666666664 80.0 "" ? ? "" 120.0 ? "" v "CTB 80" 147502983334320846 298.33340543 32.91688621 0.028 0.009 90.0 436527104 52 56013.845625 5 68 21.253 0.0404 21.4716 0.0734 115000 20.0162 0.0405 20.2397 0.0615 115000 19.427 0.0344 19.5154 0.0461 115000 19.0451 0.0164 19.118 0.0425 115000 18.8656 0.0366 19.034 0.0627 115000 0.819838 125 G069.0+02.7 298.3333333333333 32.916666666666664 80.0 "" ? ? "" 120.0 ? "" v "CTB 80" 298.33341878946 32.916917198 0.0078043 0.0063143 142.04 2034315249807645056 298.33340596677 0.2885 32.91688546069 0.3205 0.8111 0.3876 2.0923 7.54 -2.422 0.427 -7.141 0.449 403 -0.2388 409.71 0.0 0.0 95 1.3456 0.0957 26 0.991 False 192.386 0.760839 19.97693 69.758 4.29316 20.729557 218.097 18.901274 1.496 1.828283 "" "" 0 "" "" 1.4750298333432083e+17 "" "" "" 0.005102 0.066878 0.0216 19.970997 0.005082 193.44 0.185 6.916 7.2764 -0.2027 0.938159
136 G085.4+00.7 312.66666666666663 45.36666666666666 24.0 "" ? S "" "" ? 0.2 "" "" 162443126665510732 312.66652532 45.36673033 0.01 0.003 90.0 503635968 60 56076.47519676 5 60 19.0309 0.0078 19.1448 0.0074 115000 18.026 0.0033 18.1122 0.0057 115000 17.4227 0.0032 17.5153 0.0066 115000 17.0679 0.0042 17.1641 0.0101 115000 16.7287 0.0055 16.8401 0.0195 115000 0.424657 136 G085.4+00.7 312.66666666666663 45.36666666666666 24.0 "" ? S "" "" ? 0.2 "" "" 312.66653857192 45.36673916592 0.0015499 0.001344 132.26 2163261158824849792 312.66652236547 0.0723 45.36672707934 0.0778 0.1725 0.0901 1.9149 3.736 -2.562 0.091 -2.719 0.089 410 -0.2211 416.24 0.0 1.997e-15 31 "" "" 26 0.991 False 1305.41 1.38512 17.898003 417.52 6.31994 18.786848 1265.37 16.992352 1.289 1.794497 "" "" 0 "" "" 1.6244312666551072e+17 1.237653734505517e+18 "" 677389307.0 0.002986 0.01667 0.00844 17.898003 0.002986 1305.41 -0.018 1.4604 1.4408 -0.141 0.416034
155 G130.7+03.1 31.42083333333333 64.81666666666666 9.0 5.0 "" F "" 33.0 "" 0.07 "" "3C58, SN1181" 185780314204861326 31.42057174 64.81713939 0.011 0.006 0.0 503635968 60 56292.42501157 5 29 18.5799 0.0126 18.664 0.0078 115000 17.6433 0.0036 17.7633 0.005 115000 17.1545 0.0042 17.2385 0.0048 115000 16.8826 0.0103 16.9781 0.0057 115000 16.7024 0.0036 16.831 0.0109 114992 1.748346 155 G130.7+03.1 31.42083333333333 64.81666666666666 9.0 5.0 "" F "" 33.0 "" 0.07 "" "3C58, SN1181" 31.42059917625 64.81713986957 0.0013742 0.0009442 141.96 518099774614384256 31.42056764781 0.0552 64.81713931871 0.0627 0.3027 0.0849 3.5639 3.021 -3.019 0.069 -0.124 0.076 517 0.0522 536.52 0.0 1.776e-15 31 "" "" 26 1.001 False 1740.21 1.2442 17.585865 631.57 5.36921 18.337488 1587.75 16.745937 1.275 1.591551 "" "" 0 "" "" 1.857803142048613e+17 1.237670444615207e+18 "" 775077269.0 0.002863 0.009643 0.005341 17.585865 0.002863 1740.21 -0.006 1.127 1.2288 -0.3494 1.740884
288 G357.7+00.3 264.6458333333333 -30.73333333333333 24.0 "" "" S "" 10.0 "" 0.4 ? "" 71122646454350461 264.64541946 -30.73321078 0.086 0.038 90.0 436527104 52 55499.43123843 3 8 19.111 0.0245 19.1934 0.0323 280 "" "" "" "" 16416 17.1782 0.0019 17.2338 0.0047 115000 16.6918 0.0097 16.7835 0.0312 114992 16.4551 0.0291 16.5198 0.0124 114992 1.354554 288 G357.7+00.3 264.6458333333333 -30.73333333333333 24.0 "" "" S "" 10.0 "" 0.4 ? "" 264.64544419562 -30.733192426 0.0030038 0.0018329 73.81 4055405908700614912 264.64542102771 0.1429 -30.73321170312 0.1054 0.7096 0.1788 3.9682 6.236 -4.481 0.182 -4.337 0.118 218 0.5488 234.22 0.149 0.2614 31 "" "" 14 1.025 False 1569.73 1.88923 17.697802 444.689 7.81813 18.718401 1683.41 16.68242 1.356 2.03598 "" "" 0 "" "" 7.112264645435046e+16 "" 162312525.0 "" 0.003049 0.019291 0.00747 17.697802 0.003049 1569.73 0.016 2.9295 1.9493 0.2656 1.306634
292 G359.0-00.9 266.7083333333333 -30.266666666666666 23.0 "" "" S "" 23.0 "" 0.5 "" "" 71682667087180708 266.70874347 -30.26633521 0.008 0.007 0.0 436527104 52 56027.63891204 4 21 21.1587 0.1128 20.6028 0.1405 16794168 20.3381 0.058 20.4002 0.0949 16892216 19.1088 0.0044 19.1139 0.0635 115000 18.2563 0.0092 18.3609 0.0336 114992 17.7664 0.042 17.7756 0.0682 16892208 1.746439 292 G359.0-00.9 266.7083333333333 -30.266666666666666 23.0 "" "" S "" 23.0 "" 0.5 "" "" 266.70874346592 -30.26632067549 0.0088107 0.0049158 71.19 4056774152141086208 266.7087492192 0.4951 -30.26632396183 0.3663 0.6775 0.4832 1.4023 1.34 1.118 0.526 -0.739 0.324 349 2.4096 431.56 1.204 1.734 95 1.3455 0.0913 15 1.092 False 230.75 0.846175 19.779512 34.0259 3.20591 21.509016 318.864 18.488884 1.529 3.020132 "" "" 0 "" "" 7.16826670871807e+16 "" "" "" 0.004842 0.102335 0.037445 19.753921 0.004766 236.253 0.045 8.4893 5.452 0.3526 1.782589
