SNR-Gaia-distance.ecsv
# %ECSV 1.0
# ---
# datatype:
# - {name: recno_1, datatype: int64}
# - {name: SNR_1, datatype: string}
# - {name: RAJ2000_1, datatype: float64}
# - {name: DEJ2000_1, datatype: float64}
# - {name: MajDiam_1, datatype: float64}
# - {name: MinDiam_1, datatype: float64}
# - {name: u_MinDiam_1, datatype: string}
# - {name: type_1, datatype: string}
# - {name: l_S(1GHz)_1, datatype: string}
# - {name: S(1GHz)_1, datatype: float64}
# - {name: u_S(1GHz)_1, datatype: string}
# - {name: Sp-Index_1, datatype: float64}
# - {name: u_Sp-Index_1, datatype: string}
# - {name: Names_1, datatype: string}
# - {name: Source_1, datatype: int64}
# - {name: RA_ICRS, datatype: float64}
# - {name: DE_ICRS, datatype: float64}
# - {name: rgeo, datatype: float64}
# - {name: b_rgeo_x, datatype: float64}
# - {name: B_rgeo_xa, datatype: float64}
# - {name: rpgeo, datatype: float64}
# - {name: b_rpgeo_x, datatype: float64}
# - {name: B_rpgeo_xa, datatype: float64}
# - {name: Flag, datatype: int64}
# - {name: angDist_1, datatype: float64}
# - {name: recno_2, datatype: int64}
# - {name: SNR_2, datatype: string}
# - {name: RAJ2000_2, datatype: float64}
# - {name: DEJ2000_2, datatype: float64}
# - {name: MajDiam_2, datatype: float64}
# - {name: MinDiam_2, datatype: float64}
# - {name: u_MinDiam_2, datatype: string}
# - {name: type_2, datatype: string}
# - {name: l_S(1GHz)_2, datatype: string}
# - {name: S(1GHz)_2, datatype: float64}
# - {name: u_S(1GHz)_2, datatype: string}
# - {name: Sp-Index_2, datatype: float64}
# - {name: u_Sp-Index_2, datatype: string}
# - {name: Names_2, datatype: string}
# - {name: DR3Name, datatype: string}
# - {name: RAdeg, datatype: float64}
# - {name: DEdeg, datatype: float64}
# - {name: errHalfMaj, datatype: float64}
# - {name: errHalfMin, datatype: float64}
# - {name: errPosAng, datatype: float64}
# - {name: SolID, datatype: int64}
# - {name: Source_2, datatype: int64}
# - {name: RandomI, datatype: int64}
# - {name: e_RAdeg, datatype: float64}
# - {name: e_DEdeg, datatype: float64}
# - {name: Plx, datatype: float64}
# - {name: e_Plx, datatype: float64}
# - {name: RPlx, datatype: float64}
# - {name: PM, datatype: float64}
# - {name: pmRA, datatype: float64}
# - {name: e_pmRA, datatype: float64}
# - {name: pmDE, datatype: float64}
# - {name: e_pmDE, datatype: float64}
# - {name: RADEcor, datatype: float64}
# - {name: RAPlxcor, datatype: float64}
# - {name: RApmRAcor, datatype: float64}
# - {name: RApmDEcor, datatype: float64}
# - {name: DEPlxcor, datatype: float64}
# - {name: DEpmRAcor, datatype: float64}
# - {name: DEpmDEcor, datatype: float64}
# - {name: PlxpmRAcor, datatype: float64}
# - {name: PlxpmDEcor, datatype: float64}
# - {name: pmRApmDEcor, datatype: float64}
# - {name: NAL, datatype: int64}
# - {name: NAC, datatype: int64}
# - {name: NgAL, datatype: int64}
# - {name: NbAL, datatype: int64}
# - {name: gofAL, datatype: float64}
# - {name: chi2AL, datatype: float64}
# - {name: epsi, datatype: float64}
# - {name: sepsi, datatype: float64}
# - {name: Solved, datatype: int64}
# - {name: APF, datatype: bool}
# - {name: nueff, datatype: float64}
# - {name: pscol, datatype: float64}
# - {name: e_pscol, datatype: float64}
# - {name: RApscolCorr, datatype: float64}
# - {name: DEpscolCorr, datatype: float64}
# - {name: PlxpscolCorr, datatype: float64}
[...]
# - {name: DEJ2000_x, datatype: float64}
# - {name: e_RAJ2000, datatype: float64}
# - {name: e_DEJ2000, datatype: float64}
# - {name: RADEcorJ2000, datatype: float64}
# - {name: angDist_2, datatype: float64}
# schema: astropy-2.0
recno_1 SNR_1 RAJ2000_1 DEJ2000_1 MajDiam_1 MinDiam_1 u_MinDiam_1 type_1 l_S(1GHz)_1 S(1GHz)_1 u_S(1GHz)_1 Sp-Index_1 u_Sp-Index_1 Names_1 Source_1 RA_ICRS DE_ICRS rgeo b_rgeo_x B_rgeo_xa rpgeo b_rpgeo_x B_rpgeo_xa Flag angDist_1 recno_2 SNR_2 RAJ2000_2 DEJ2000_2 MajDiam_2 MinDiam_2 u_MinDiam_2 type_2 l_S(1GHz)_2 S(1GHz)_2 u_S(1GHz)_2 Sp-Index_2 u_Sp-Index_2 Names_2 DR3Name RAdeg DEdeg errHalfMaj errHalfMin errPosAng SolID Source_2 RandomI e_RAdeg e_DEdeg Plx e_Plx RPlx PM pmRA e_pmRA pmDE e_pmDE RADEcor RAPlxcor RApmRAcor RApmDEcor DEPlxcor DEpmRAcor DEpmDEcor PlxpmRAcor PlxpmDEcor pmRApmDEcor NAL NAC NgAL NbAL gofAL chi2AL epsi sepsi Solved APF nueff pscol e_pscol RApscolCorr DEpscolCorr PlxpscolCorr pmRApscolCorr pmDEpscolCorr MatchObsA Nper amax MatchObs IPDgofha IPDgofhp IPDfmp IPDfow RUWE Dup o_Gmag FG e_FG RFG Gmag e_Gmag o_BPmag FBP e_FBP RFBP BPmag e_BPmag o_RPmag FRP e_FRP RFRP RPmag e_RPmag E(BP/RP) NBPcont NBPblend NRPcont NRPblend Mode BP-RP BP-G G-RP RV e_RV n_RV o_RV o_RVd RVNper RVS/N RVgof RVchi2 RVTdur RVamp RVtempTeff RVtemplogg RVtemp[Fe/H] Vatmparam vbroad e_Vbroad o_Vbroad GRVSmag e_GRVSmag o_GRVSmag RVSS/N VarFlag PQSO PGal PSS Teff b_Teff_x B_Teff_xa logg b_logg_x B_logg_xa [Fe/H] b_[Fe/H]_x B_[Fe/H]_xa Dist b_Dist_x B_Dist_xa A0 b_A0_x B_A0_xa AG b_AG_x B_AG_xa E(BP-RP) b_E(BP-RP)_x B_E(BP-RP)_xa Lib RAJ2000_x DEJ2000_x e_RAJ2000 e_DEJ2000 RADEcorJ2000 angDist_2
[from data line 15]
76 G028.6-00.1 280.97916666666663 -3.883333333333333 13.0 9.0 "" S "" 3.0 ? "" ? "" 4258282262351599744 280.97895106939 -3.88306193603 3629.14551 2386.09082 5901.82861 4946.40674 3496.98853 8030.70996 10033 1.246689 76 G028.6-00.1 280.97916666666663 -3.883333333333333 13.0 9.0 "" S "" 3.0 ? "" ? "" "Gaia DR3 4258282262351599744" 280.97895106939 -3.88306193603 0.0 0.0 44.0 1636148068921376768 4258282262351599744 1366259488 0.3887 0.3936 -0.0462 0.4323 -0.1069 1.995 1.159 0.458 -1.623 0.42092445 0.3972 -0.1154 -0.1505 -0.0786 -0.3258 0.0153 -0.2481 -0.3316 -0.0569 0.3346 222 0 222 0 2.4987 329.69 1.882 4.3647 95 False "" 0.8785 0.1084 -0.134 0.042 0.134 -0.065 -0.171 25 14 0.715657 25 0.02954 85.3 0 0 1.121 0 220 253.17529 1.00106 252.907 19.678814 0.005101 12 38.8921 9.47283 4.10565 21.363888 0.264464 20 531.653 12.6099 42.1614 17.933825 0.026028 2.254 0.0 12.0 0.0 20.0 0 3.430063 1.685074 1.744989 "" "" "" "" "" "" "" "" "" "" "" "" "" "" "" "" "" "" "" "" "" "" NOT_AVAILABLE 0.0 0.0 0.999999 "" "" "" "" "" "" "" "" "" "" "" "" "" "" "" "" "" "" "" "" "" "" 280.9789459047 -3.88305472211 7.404158 6.843082 0.3306 1.246689
82 G031.5-00.6 282.79166666666663 -1.5166666666666666 18.0 "" ? S? "" 2.0 ? "" ? "" 4259257911414787584 282.79164915087 -1.51690609062 3572.2644 1828.96692 5579.07861 4959.87598 3676.72534 6547.67822 20033 0.864228 82 G031.5-00.6 282.79166666666663 -1.5166666666666666 18.0 "" ? S? "" 2.0 ? "" ? "" "Gaia DR3 4259257911414787584" 282.79164915087 -1.51690609062 0.001 0.001 46.0 1636148068921376768 4259257911414787584 1064146456 1.0934 1.0581 -0.6572 1.1409 -0.576 4.774 -2.613 1.155 -3.995 1.0252714 0.6684 -0.3994 -0.2314 -0.4537 -0.1965 -0.3176 -0.5794 -0.4687 0.1358 0.4245 123 0 122 1 -0.5971 112.48 0.0 9.3299e-16 95 False "" 1.5849 0.2687 -0.092 -0.157 -0.04 0.159 -0.172 14 11 2.002768 14 0.07611 81.63 0 0 0.958 0 122 111.21215 1.15503 96.2851 20.571987 0.011608 8 26.3446 7.48717 3.51863 21.786814 0.30858 14 91.0601 7.47726 12.1783 19.849575 0.089234 1.056 0.0 0.0 0.0 0.0 1 1.937239 1.214827 0.722412 "" "" "" "" "" "" "" "" "" "" "" "" "" "" "" "" "" "" "" "" "" "" NOT_AVAILABLE 0.0 0.0 0.999996 "" "" "" "" "" "" "" "" "" "" "" "" "" "" "" "" "" "" "" "" "" "" 282.79166076883 -1.5168883354 18.771073 17.039279 0.4498 0.864228
87 G032.8-00.1 282.85416666666663 -0.1333333333333333 22.0 15.0 "" S? "" 11.0 ? 0.2 ? "Kes 78" 4266251733134294144 282.85425083851 -0.1337935007 4073.33032 2391.86938 6201.47021 "" "" "" 10099 1.684088 87 G032.8-00.1 282.85416666666663 -0.1333333333333333 22.0 15.0 "" S? "" 11.0 ? 0.2 ? "Kes 78" "Gaia DR3 4266251733134294144" 282.85425083851 -0.1337935007 0.001 0.001 39.0 1636148068921376768 4266251733134294144 352889869 0.7368 0.8246 0.2623 0.8766 0.2992 7.338 -2.276 0.922 -6.976 1.0069997 0.5453 -0.3303 0.0489 0.1261 -0.5432 0.2024 0.1374 -0.2735 -0.1734 0.5808 153 0 150 3 1.8289 198.0 2.149 1.7555 95 False "" 1.1969 0.2255 -0.248 -0.254 0.321 -0.284 -0.237 18 14 1.703285 18 0.124 74.26 0 11 1.107 0 148 133.18357 0.932467 142.829 20.37624 0.008086 0 "" "" "" "" "" 0 "" "" "" "" "" "" "" "" "" "" 1 "" "" "" "" "" "" "" "" "" "" "" "" "" "" "" "" "" "" "" "" "" "" "" "" "" NOT_AVAILABLE "" "" "" "" "" "" "" "" "" "" "" "" "" "" "" "" "" "" "" "" "" "" "" "" "" 282.85426095259 -0.13376249572 14.740057 16.019539 0.5695 1.684088
88 G033.2-00.6 283.4583333333333 -0.0333333333333333 18.0 "" "" S "" 3.5 "" "" v "" 4266232869608050560 283.45806743692 -0.03345396925 2919.57471 1743.50977 4402.05713 4254.13281 3014.69629 6311.61621 10033 1.051138 88 G033.2-00.6 283.4583333333333 -0.0333333333333333 18.0 "" "" S "" 3.5 "" "" v "" "Gaia DR3 4266232869608050560" 283.45806743692 -0.03345396925 0.001 0.001 23.0 1636148068921376768 4266232869608050560 570933040 0.6253 0.8215 1.093 1.0134 1.0786 4.447 -1.52 0.744 -4.179 0.600643 0.2812 -0.2043 0.1628 0.0257 -0.7615 0.2285 0.0239 -0.2449 0.098 0.2054 167 0 167 0 0.1861 189.53 1.649 1.1225 95 False "" 0.9298 0.1638 -0.225 0.026 -0.043 -0.046 0.056 19 14 1.172379 19 0.02308 69.21 0 0 1.008 0 163 194.41127 1.27187 152.855 19.965563 0.007619 6 25.4372 7.39244 3.44098 21.824867 0.315543 8 204.877 16.2368 12.6181 18.969162 0.086129 1.185 0.0 0.0 0.0 0.0 0 2.855705 1.859304 0.996401 "" "" "" "" "" "" "" "" "" "" "" "" "" "" "" "" "" "" "" "" "" "" NOT_AVAILABLE 0.0 0.0 0.999997 "" "" "" "" "" "" "" "" "" "" "" "" "" "" "" "" "" "" "" "" "" "" 283.45807419184 -0.03343539498 11.826094 9.625766 0.1868 1.051138
94 G038.7-01.3 286.66666666666663 4.466666666666666 32.0 19.0 ? S "" "" ? "" ? "" 4269399836735892736 286.66662590882 4.4667973865 5436.67041 3384.00415 10377.4404 4662.68896 3968.67822 5484.67334 10033 0.492803 94 G038.7-01.3 286.66666666666663 4.466666666666666 32.0 19.0 ? S "" "" ? "" ? "" "Gaia DR3 4269399836735892736" 286.66662590882 4.4667973865 0.0 0.0 47.0 1636148068921376768 4269399836735892736 469368430 0.1301 0.1265 0.2812 0.157 1.7904 10.38 -3.563 0.174 -9.749 0.17334072 0.4867 -0.2649 0.074 -0.0891 -0.1758 -0.0463 0.0616 -0.3223 -0.1216 0.5229 312 0 311 1 0.6882 400.39 0.557 2.562 95 False "" 1.194 0.0218 0.032 -0.076 0.045 -0.021 -0.038 36 17 0.297351 45 0.06031 75.55 0 0 1.027 0 376 997.5091 1.54952 643.752 18.190075 0.003231 37 96.2232 4.3768 21.9848 20.380342 0.049464 37 1397.89 5.32693 262.419 16.884212 0.005604 1.498 0.0 1.0 0.0 0.0 0 3.49613 2.190268 1.305862 "" "" "" "" "" "" "" "" "" "" "" "" "" "" "" "" "" "" "" "" "" "" NOT_AVAILABLE 0.0 0.0 1.0 "" "" "" "" "" "" "" "" "" "" "" "" "" "" "" "" "" "" "" "" "" "" 286.66664179122 4.46684071723 2.770262 2.768536 0.5324 0.492803
100 G042.0-00.1 287.04166666666663 7.999999999999999 8.0 "" "" S? "" 0.5 ? "" ? "" 4307244962529719040 287.04148490479 7.99985574536 1945.59424 1050.44666 3443.96045 "" "" "" 99 0.830398 100 G042.0-00.1 287.04166666666663 7.999999999999999 8.0 "" "" S? "" 0.5 ? "" ? "" "Gaia DR3 4307244962529719040" 287.04148490479 7.99985574536 0.001 0.001 30.0 1636148068921376768 4307244962529719040 1571935069 0.9871 1.3278 1.0534 1.5428 0.6828 4.089 -1.458 1.259 -3.82 1.5208379 0.5036 -0.3808 -0.0856 0.1249 -0.475 -0.1065 0.4624 0.2757 -0.3033 0.2745 131 0 131 0 1.2035 154.75 2.011 0.69663 95 False "" 1.5272 0.2242 -0.206 -0.255 0.24 -0.144 -0.156 15 9 2.328302 15 0.03766 34.12 0 0 1.074 0 0 "" "" "" "" "" 0 "" "" "" "" "" 13 122.656 8.8182 13.9094 19.526175 0.078149 "" "" "" 0.0 0.0 0 "" "" "" "" "" "" "" "" "" "" "" "" "" "" "" "" "" "" "" "" "" "" "" "" "" NOT_AVAILABLE 0.000134 0.0 0.999859 "" "" "" "" "" "" "" "" "" "" "" "" "" "" "" "" "" "" "" "" "" "" 287.04149144805 7.99987272293 20.254045 23.748574 0.2808 0.830398
103 G043.9+01.6 286.4583333333333 10.499999999999998 60.0 "" ? S? "" 9.0 "" 0.5 "" "" 4312489937946615936 286.45844766591 10.4998785999 4204.74854 2242.68359 6327.37646 2920.83594 2197.85645 3767.68579 10033 0.595643 103 G043.9+01.6 286.4583333333333 10.499999999999998 60.0 "" ? S? "" 9.0 "" 0.5 "" "" "Gaia DR3 4312489937946615936" 286.45844766591 10.4998785999 0.0 0.0 42.0 1636148068921376768 4312489937946615936 253734858 0.1572 0.1617 0.4471 0.1856 2.4096 4.712 -0.685 0.206 -4.662 0.1860242 0.2562 -0.1609 0.1697 -0.1393 -0.2807 -0.1192 -0.0022 -0.1744 -0.0618 0.2757 287 0 286 1 -1.17 265.69 0.0 1.1989e-15 31 False 1.296 "" "" "" "" "" "" "" 32 18 0.309851 32 0.0267 82.65 0 0 0.95 0 283 587.93287 1.15969 506.975 18.764048 0.00349 11 129.852 10.1389 12.8073 20.054924 0.084821 11 677.45 16.7322 40.4879 17.670702 0.027081 1.373 0.0 1.0 0.0 0.0 0 2.384222 1.290876 1.093346 "" "" "" "" "" "" "" "" "" "" "" "" "" "" "" "" "" "" "" "" "" "" NOT_AVAILABLE 0.0 0.0 0.999997 "" "" "" "" "" "" "" "" "" "" "" "" "" "" "" "" "" "" "" "" "" "" 286.45845076135 10.49989931891 3.273463 2.981136 0.291 0.595643
106 G049.2-00.7 290.9583333333333 14.099999999999998 30.0 "" "" S? "" 160.0 ? 0.3 ? (W51) 4319639104291181440 290.95799880147 14.10023143263 803.864258 785.750183 829.015747 801.586548 780.326355 829.966614 10033 1.434729 106 G049.2-00.7 290.9583333333333 14.099999999999998 30.0 "" "" S? "" 160.0 ? 0.3 ? (W51) "Gaia DR3 4319639104291181440" 290.95799880147 14.10023143263 0.0 0.0 75.0 1636148068921376768 4319639104291181440 1264410372 0.025 0.0208 1.2128 0.0325 37.3207 12.118 5.226 0.031 -10.932 0.025403343 0.1047 -0.343 -0.3179 0.1381 -0.0977 0.0405 0.1028 0.0875 -0.2957 0.0528 308 0 306 2 0.677 323.67 0.066 0.78933 31 False 1.396 "" "" "" "" "" "" "" 36 17 0.04348 44 0.03924 9.327 0 0 1.027 0 348 15239.93268 4.63527 3287.82 15.229909 0.002775 41 5441.22 13.491 403.322 15.999301 0.003877 42 14238.6 16.4329 866.47 14.364228 0.003982 1.291 0.0 0.0 0.0 0.0 0 1.635073 0.769392 0.865681 "" "" "" "" "" "" "" "" "" "" "" "" "" "" "" "" "" "" "" "" "" "" NOT_AVAILABLE 0.0 0.0 0.999993 5289.3 5224.7 5338.6 4.1981 4.1855 4.2367 -0.5901 -0.6724 -0.5375 792.8737 767.246 819.0318 1.7262 1.6799 1.7624 1.3363 1.2985 1.366 0.7286 0.7085 0.7446 MARCS 290.95797485139 14.10028002134 0.4979 0.404847 0.0433 1.434729
108 G053.6-02.2 294.7083333333333 17.23333333333333 33.0 28.0 "" S "" 8.0 "" 0.5 "" "3C400.2, NRAO 611" 4322026487658822272 294.70878381519 17.23308758836 7030.06836 4861.66895 9728.47363 4248.7832 3413.80396 5838.29443 10033 1.783773 108 G053.6-02.2 294.7083333333333 17.23333333333333 33.0 28.0 "" S "" 8.0 "" 0.5 "" "3C400.2, NRAO 611" "Gaia DR3 4322026487658822016" 294.70865933509 17.23300450622 0.019 0.001 138.0 1636148068921376768 4322026487658822016 926670508 12.5367 13.8398 "" "" "" "" "" "" "" "" -0.9982 "" "" "" "" "" "" "" "" "" 63 0 62 1 1.2527 70.677 0.0 0.0 3 False "" "" "" "" "" "" "" "" 7 5 77.93832 15 3.071 44.48 0 100 "" 0 42 327.25012 3.86938 84.5744 19.400167 0.01313 0 "" "" "" "" "" 0 "" "" "" "" "" "" "" "" "" "" 2 "" "" "" "" "" "" "" "" "" "" "" "" "" "" "" "" "" "" "" "" "" "" "" "" "" NOT_AVAILABLE "" "" "" "" "" "" "" "" "" "" "" "" "" "" "" "" "" "" "" "" "" "" "" "" "" 294.70865933509 17.23300450622 12.536693 13.83984 -0.9982 1.630273
112 G055.7+03.4 290.3333333333333 21.73333333333333 23.0 "" "" S "" 1.0 ? 0.3 ? "" 2019041590187998464 290.33310098399 21.73294106015 4575.41406 2752.23779 6937.95654 6619.7207 5004.57617 8273.86426 10033 1.611829 112 G055.7+03.4 290.3333333333333 21.73333333333333 23.0 "" "" S "" 1.0 ? 0.3 ? "" "Gaia DR3 2019041590187998464" 290.33310098399 21.73294106015 0.001 0.0 30.0 1636148068921376768 2019041590187998464 147976432 0.4958 0.6113 -0.7194 0.8508 -0.8456 3.939 -2.457 0.851 -3.079 0.9598146 0.3712 0.1748 -0.3042 -0.1268 -0.0266 -0.166 0.1618 0.0535 -0.3854 0.1856 386 0 385 1 0.918 442.39 2.115 1.767 95 False "" 1.2484 0.1546 -0.164 0.11 0.088 0.04 -0.014 44 19 1.404985 47 0.05579 107.5 0 2 1.033 0 383 111.40104 0.670815 166.068 20.570145 0.007095 35 30.7966 3.75258 8.20678 21.617287 0.132327 40 101.633 5.61535 18.0991 19.73031 0.060107 1.189 0.0 0.0 0.0 1.0 0 1.886976 1.047142 0.839834 "" "" "" "" "" "" "" "" "" "" "" "" "" "" "" "" "" "" "" "" "" "" NOT_AVAILABLE 0.0 0.0 0.999996 "" "" "" "" "" "" "" "" "" "" "" "" "" "" "" "" "" "" "" "" "" "" 290.33311273937 21.73295474423 13.772268 15.270054 0.1962 1.611829
125 G069.0+02.7 298.3333333333333 32.916666666666664 80.0 "" ? ? "" 120.0 ? "" v "CTB 80" 2034315249807645056 298.33340596677 32.91688546069 1919.82507 1089.36609 3210.44775 5197.75488 3462.35107 12473.8633 10033 0.817672 125 G069.0+02.7 298.3333333333333 32.916666666666664 80.0 "" ? ? "" 120.0 ? "" v "CTB 80" "Gaia DR3 2034315249807645056" 298.33340596677 32.91688546069 0.0 0.0 153.0 1636148068921376768 2034315249807645056 603977945 0.2885 0.3205 0.8111 0.3876 2.0923 7.54 -2.422 0.427 -7.141 0.4491575 -0.15 0.1917 -0.2853 0.0967 0.0372 0.0733 -0.2601 -0.028 -0.0804 -0.2003 405 0 403 2 -0.2388 409.71 0.0 0.0 95 False "" 1.3456 0.0957 -0.081 0.128 0.07 -0.259 -0.008 46 26 0.674444 48 0.02787 105.3 0 0 0.991 0 416 193.43627 0.764991 252.861 19.971022 0.005102 42 69.758 4.29316 16.2486 20.729557 0.066878 43 218.097 4.27192 51.0535 18.901274 0.0216 1.488 0.0 1.0 0.0 0.0 0 1.828283 0.758535 1.069748 "" "" "" "" "" "" "" "" "" "" "" "" "" "" "" "" "" "" "" "" "" "" NOT_AVAILABLE 0.0 0.0 0.999992 "" "" "" "" "" "" "" "" "" "" "" "" "" "" "" "" "" "" "" "" "" "" 298.33341878946 32.916917198 6.915955 7.276447 -0.2027 0.817672
136 G085.4+00.7 312.66666666666663 45.36666666666666 24.0 "" ? S "" "" ? 0.2 "" "" 2163261158824849792 312.66652236547 45.36672707934 4136.40869 3252.20386 5851.32324 3661.36475 2888.03784 4508.23633 10033 0.424859 136 G085.4+00.7 312.66666666666663 45.36666666666666 24.0 "" ? S "" "" ? 0.2 "" "" "Gaia DR3 2163261158824849792" 312.66652236547 45.36672707934 0.0 0.0 144.0 1636148068921376768 2163261158824849792 1213305143 0.0723 0.0778 0.1725 0.0901 1.9149 3.736 -2.562 0.091 -2.719 0.089178376 -0.2172 -0.1723 0.0166 0.0259 0.2446 -0.0458 -0.1526 -0.1888 -0.1313 -0.1431 410 9 410 0 -0.2211 416.24 0.0 1.9973e-15 31 False 1.37 "" "" "" "" "" "" "" 47 26 0.13356 52 0.01114 29.61 0 0 0.991 0 413 1305.40706 1.38512 942.45 17.898003 0.002986 45 417.52 6.31994 66.064 18.786848 0.01667 45 1265.37 8.79502 143.873 16.992352 0.00844 1.289 0.0 2.0 0.0 3.0 0 1.794497 0.888845 0.905651 "" "" "" "" "" "" "" "" "" "" "" "" "" "" "" "" "" "" "" "" "" "" NOT_AVAILABLE 0.0 0.0 0.999995 9623.5 9590.6 9698.0 4.5011 4.4725 4.5256 -2.069 -2.2517 -1.9034 2453.99 2404.2324 2512.3835 4.0288 4.0121 4.045 3.3219 3.3091 3.3357 1.8194 1.812 1.8271 PHOENIX 312.66653857192 45.36673916592 1.460411 1.440785 -0.141 0.424859
155 G130.7+03.1 31.42083333333333 64.81666666666666 9.0 5.0 "" F "" 33.0 "" 0.07 "" "3C58, SN1181" 518099774614384256 31.42056764781 64.81713931871 3466.52051 2638.94922 4551.18701 2827.51074 2342.28662 3513.28003 10033 1.749544 155 G130.7+03.1 31.42083333333333 64.81666666666666 9.0 5.0 "" F "" 33.0 "" 0.07 "" "3C58, SN1181" "Gaia DR3 518099774614384256" 31.42056764781 64.81713931871 0.0 0.0 149.0 1636148068921376768 518099774614384256 1382166051 0.0552 0.0627 0.3027 0.0849 3.5639 3.021 -3.019 0.069 -0.124 0.07553423 -0.2392 -0.0614 -0.4264 0.039 -0.0251 0.0176 -0.3006 -0.0018 0.1269 -0.3597 518 0 517 1 0.0522 536.52 0.0 1.7764e-15 31 False 1.401 "" "" "" "" "" "" "" 59 26 0.119228 65 0.02132 92.55 0 0 1.001 0 556 1740.20764 1.2442 1398.66 17.585865 0.002863 61 631.57 5.36921 117.628 18.337488 0.009643 59 1587.75 5.5185 287.715 16.745937 0.005341 1.275 0.0 0.0 0.0 0.0 0 1.591551 0.751623 0.839928 "" "" "" "" "" "" "" "" "" "" "" "" "" "" "" "" "" "" "" "" "" "" NOT_AVAILABLE 0.0 0.0 0.999998 5129.8 5014.2 5313.2 4.7519 4.6809 4.8016 -1.1191 -1.5004 -0.7824 937.2813 848.1315 1099.725 1.4816 1.3859 1.6246 1.1471 1.0689 1.2634 0.628 0.5854 0.6898 MARCS 31.42059917625 64.81713986957 1.126976 1.228837 -0.3494 1.749544
