SNR-Gaia-distance.ecsv
# %ECSV 1.0
# ---
# datatype:
# - {name: recno_1, datatype: int64}
# - {name: SNR_1, datatype: string}
# - {name: RAJ2000_1, datatype: float64}
# - {name: DEJ2000_1, datatype: float64}
# - {name: MajDiam_1, datatype: float64}
# - {name: MinDiam_1, datatype: float64}
# - {name: u_MinDiam_1, datatype: string}
# - {name: type_1, datatype: string}
# - {name: l_S(1GHz)_1, datatype: string}
# - {name: S(1GHz)_1, datatype: float64}
# - {name: u_S(1GHz)_1, datatype: string}
# - {name: Sp-Index_1, datatype: float64}
# - {name: u_Sp-Index_1, datatype: string}
# - {name: Names_1, datatype: string}
# - {name: Source_1, datatype: int64}
# - {name: RA_ICRS, datatype: float64}
# - {name: DE_ICRS, datatype: float64}
# - {name: rgeo, datatype: float64}
# - {name: b_rgeo_x, datatype: float64}
# - {name: B_rgeo_xa, datatype: float64}
# - {name: rpgeo, datatype: float64}
# - {name: b_rpgeo_x, datatype: float64}
# - {name: B_rpgeo_xa, datatype: float64}
# - {name: Flag, datatype: int64}
# - {name: angDist_1, datatype: float64}
# - {name: recno_2, datatype: int64}
# - {name: SNR_2, datatype: string}
# - {name: RAJ2000_2, datatype: float64}
# - {name: DEJ2000_2, datatype: float64}
# - {name: MajDiam_2, datatype: float64}
# - {name: MinDiam_2, datatype: float64}
# - {name: u_MinDiam_2, datatype: string}
# - {name: type_2, datatype: string}
# - {name: l_S(1GHz)_2, datatype: string}
# - {name: S(1GHz)_2, datatype: float64}
# - {name: u_S(1GHz)_2, datatype: string}
# - {name: Sp-Index_2, datatype: float64}
# - {name: u_Sp-Index_2, datatype: string}
# - {name: Names_2, datatype: string}
# - {name: DR3Name, datatype: string}
# - {name: RAdeg, datatype: float64}
# - {name: DEdeg, datatype: float64}
# - {name: errHalfMaj, datatype: float64}
# - {name: errHalfMin, datatype: float64}
# - {name: errPosAng, datatype: float64}
# - {name: SolID, datatype: int64}
# - {name: Source_2, datatype: int64}
# - {name: RandomI, datatype: int64}
# - {name: e_RAdeg, datatype: float64}
# - {name: e_DEdeg, datatype: float64}
# - {name: Plx, datatype: float64}
# - {name: e_Plx, datatype: float64}
# - {name: RPlx, datatype: float64}
# - {name: PM, datatype: float64}
# - {name: pmRA, datatype: float64}
# - {name: e_pmRA, datatype: float64}
# - {name: pmDE, datatype: float64}
# - {name: e_pmDE, datatype: float64}
# - {name: RADEcor, datatype: float64}
# - {name: RAPlxcor, datatype: float64}
# - {name: RApmRAcor, datatype: float64}
# - {name: RApmDEcor, datatype: float64}
# - {name: DEPlxcor, datatype: float64}
# - {name: DEpmRAcor, datatype: float64}
# - {name: DEpmDEcor, datatype: float64}
# - {name: PlxpmRAcor, datatype: float64}
# - {name: PlxpmDEcor, datatype: float64}
# - {name: pmRApmDEcor, datatype: float64}
# - {name: NAL, datatype: int64}
# - {name: NAC, datatype: int64}
# - {name: NgAL, datatype: int64}
# - {name: NbAL, datatype: int64}
# - {name: gofAL, datatype: float64}
# - {name: chi2AL, datatype: float64}
# - {name: epsi, datatype: float64}
# - {name: sepsi, datatype: float64}
# - {name: Solved, datatype: int64}
# - {name: APF, datatype: bool}
# - {name: nueff, datatype: float64}
# - {name: pscol, datatype: float64}
# - {name: e_pscol, datatype: float64}
# - {name: RApscolCorr, datatype: float64}
# - {name: DEpscolCorr, datatype: float64}
# - {name: PlxpscolCorr, datatype: float64}
[...]
# - {name: DEJ2000_x, datatype: float64}
# - {name: e_RAJ2000, datatype: float64}
# - {name: e_DEJ2000, datatype: float64}
# - {name: RADEcorJ2000, datatype: float64}
# - {name: angDist_2, datatype: float64}
# schema: astropy-2.0
recno_1 SNR_1 RAJ2000_1 DEJ2000_1 MajDiam_1 MinDiam_1 u_MinDiam_1 type_1 l_S(1GHz)_1 S(1GHz)_1 u_S(1GHz)_1 Sp-Index_1 u_Sp-Index_1 Names_1 Source_1 RA_ICRS DE_ICRS rgeo b_rgeo_x B_rgeo_xa rpgeo b_rpgeo_x B_rpgeo_xa Flag angDist_1 recno_2 SNR_2 RAJ2000_2 DEJ2000_2 MajDiam_2 MinDiam_2 u_MinDiam_2 type_2 l_S(1GHz)_2 S(1GHz)_2 u_S(1GHz)_2 Sp-Index_2 u_Sp-Index_2 Names_2 DR3Name RAdeg DEdeg errHalfMaj errHalfMin errPosAng SolID Source_2 RandomI e_RAdeg e_DEdeg Plx e_Plx RPlx PM pmRA e_pmRA pmDE e_pmDE RADEcor RAPlxcor RApmRAcor RApmDEcor DEPlxcor DEpmRAcor DEpmDEcor PlxpmRAcor PlxpmDEcor pmRApmDEcor NAL NAC NgAL NbAL gofAL chi2AL epsi sepsi Solved APF nueff pscol e_pscol RApscolCorr DEpscolCorr PlxpscolCorr pmRApscolCorr pmDEpscolCorr MatchObsA Nper amax MatchObs IPDgofha IPDgofhp IPDfmp IPDfow RUWE Dup o_Gmag FG e_FG RFG Gmag e_Gmag o_BPmag FBP e_FBP RFBP BPmag e_BPmag o_RPmag FRP e_FRP RFRP RPmag e_RPmag E(BP/RP) NBPcont NBPblend NRPcont NRPblend Mode BP-RP BP-G G-RP RV e_RV n_RV o_RV o_RVd RVNper RVS/N RVgof RVchi2 RVTdur RVamp RVtempTeff RVtemplogg RVtemp[Fe/H] Vatmparam vbroad e_Vbroad o_Vbroad GRVSmag e_GRVSmag o_GRVSmag RVSS/N VarFlag PQSO PGal PSS Teff b_Teff_x B_Teff_xa logg b_logg_x B_logg_xa [Fe/H] b_[Fe/H]_x B_[Fe/H]_xa Dist b_Dist_x B_Dist_xa A0 b_A0_x B_A0_xa AG b_AG_x B_AG_xa E(BP-RP) b_E(BP-RP)_x B_E(BP-RP)_xa Lib RAJ2000_x DEJ2000_x e_RAJ2000 e_DEJ2000 RADEcorJ2000 angDist_2
[from data line 29]
185 G292.0+01.8 171.14999999999998 -59.26666666666666 12.0 8.0 "" C "" 15.0 "" 0.4 "" "MSH 11-54" 5339170847543828992 171.15096999442 -59.26663335935 1749.92493 1680.49878 1820.39905 1772.0022 1699.50195 1848.00317 10033 1.788577 185 G292.0+01.8 171.14999999999998 -59.26666666666666 12.0 8.0 "" C "" 15.0 "" 0.4 "" "MSH 11-54" "Gaia DR3 5339170847543828992" 171.15096999442 -59.26663335935 0.0 0.0 69.0 1636148068921376768 5339170847543828992 499648803 0.0229 0.0207 0.5353 0.0272 19.7036 8.925 -8.774 0.028 1.635 0.023372043 0.0886 -0.1944 -0.2786 0.067 0.2481 0.1676 0.0737 0.1903 0.1162 0.2464 407 0 405 2 -1.2131 382.09 0.0 0.0 31 False 1.509 "" "" "" "" "" "" "" 47 27 0.041639 54 0.009944 114.6 2 0 0.957 0 460 11291.48714 3.33921 3381.49 15.555489 0.002774 47 5488.71 10.1703 539.678 15.989866 0.00344 48 8359.18 9.43782 885.71 14.942487 0.003973 1.226 0.0 2.0 0.0 1.0 0 1.047379 0.434378 0.613002 "" "" "" "" "" "" "" "" "" "" "" "" "" "" "" "" "" "" "" "" "" "" NOT_AVAILABLE 0.0 0.0 0.999996 6535.9 6449.4 6570.7 4.2983 4.2762 4.3197 -0.6192 -0.6648 -0.5899 1531.4117 1486.0781 1576.8898 1.0633 1.0179 1.0823 0.8952 0.8553 0.9119 0.488 0.4664 0.497 A 171.15104629623 -59.26664062409 0.456314 0.373 0.231 1.788577
186 G292.2-00.5 169.83333333333331 -61.46666666666666 20.0 15.0 "" S "" 7.0 "" 0.5 "" "" 5337356374141946880 169.83279841807 -61.46656062389 5329.70605 3662.17871 7260.94287 5545.56152 4572.94336 7141.73291 10033 0.99592 186 G292.2-00.5 169.83333333333331 -61.46666666666666 20.0 15.0 "" S "" 7.0 "" 0.5 "" "" "Gaia DR3 5337356374141946880" 169.83279841807 -61.46656062389 0.0 0.0 92.0 1636148068921376768 5337356374141946880 1659405247 0.468 0.3742 -0.9062 0.4986 -1.8176 7.421 -7.092 0.587 2.184 0.5203447 -0.0148 -0.043 -0.3018 0.0624 0.0332 0.1482 -0.009 0.1711 0.004 0.2803 282 0 281 1 0.4385 312.17 0.764 0.31929 95 False "" 1.2263 0.1132 -0.065 -0.109 0.058 -0.214 -0.114 33 23 0.885685 37 0.034 68.33 0 0 1.018 0 299 161.77608 0.916502 176.515 20.165081 0.00674 18 46.5486 5.86708 7.93386 21.168776 0.136877 26 229.846 5.8763 39.114 18.844305 0.028014 1.708 0.0 0.0 0.0 1.0 0 2.324471 1.003695 1.320776 "" "" "" "" "" "" "" "" "" "" "" "" "" "" "" "" "" "" "" "" "" "" NOT_AVAILABLE 0.0 0.0 0.999993 "" "" "" "" "" "" "" "" "" "" "" "" "" "" "" "" "" "" "" "" "" "" 169.83286440434 -61.46657033146 9.55033 8.337275 0.2658 0.99592
188 G294.1-00.0 174.04166666666663 -61.633333333333326 40.0 "" "" S > 2.0 ? "" ? "" 5334206896114976000 174.04143353472 -61.63291591613 1232.23242 974.249084 1699.68274 1962.1001 1608.83374 3881.21875 10033 1.554708 188 G294.1-00.0 174.04166666666663 -61.633333333333326 40.0 "" "" S > 2.0 ? "" ? "" "Gaia DR3 5334206896114976000" 174.04143353472 -61.63291591613 0.0 0.0 94.0 1636148068921376768 5334206896114976000 1212971161 0.1954 0.1543 0.9531 0.2249 4.2376 6.423 -6.137 0.251 1.895 0.21398059 -0.0358 -0.2912 0.0968 -0.1119 0.0955 -0.0425 0.0233 0.0486 0.1864 0.0623 290 0 290 0 3.0256 390.81 0.881 2.9206 95 False "" 1.3129 0.0504 -0.094 -0.172 -0.071 0.036 0.205 34 23 0.349811 40 0.02634 90.42 0 0 1.128 0 286 568.46564 1.54401 368.174 18.800606 0.004036 16 197.399 20.0419 9.84931 19.600182 0.11027 18 598.36 18.1941 32.8876 17.805489 0.033229 1.4 1.0 0.0 0.0 0.0 0 1.794693 0.799576 0.995117 "" "" "" "" "" "" "" "" "" "" "" "" "" "" "" "" "" "" "" "" "" "" NOT_AVAILABLE 0.0 0.0 0.999997 3645.1 3563.7 3692.1 4.937 4.71 4.9927 -0.8027 -0.9629 -0.6967 553.9419 502.2523 631.9751 0.4881 0.3554 0.6015 0.3386 0.246 0.4173 0.188 0.1367 0.2306 PHOENIX 174.04149094054 -61.63292433871 4.007766 3.423577 0.0698 1.554708
189 G296.1-00.5 177.79166666666663 -62.566666666666656 37.0 25.0 "" S "" 8.0 ? 0.6 ? "" 5334615188578706688 177.79271940618 -62.56663383391 259.88092 249.172211 271.94043 265.051636 255.535919 279.482178 10033 1.750048 189 G296.1-00.5 177.79166666666663 -62.566666666666656 37.0 25.0 "" S "" 8.0 ? 0.6 ? "" "Gaia DR3 5334615188578706688" 177.79271940618 -62.56663383391 0.0 0.0 33.0 1636148068921376768 5334615188578706688 528838315 0.1436 0.1575 3.8684 0.1848 20.9364 32.626 -31.323 0.195 9.127 0.23354918 0.2169 0.0848 -0.0883 0.036 0.1826 -0.0017 -0.3202 0.2078 0.0509 0.4688 358 0 358 0 -1.0924 440.01 0.641 1.7826 95 False "" 1.077 0.041 -0.063 -0.126 -0.059 -0.123 0.068 41 22 0.365962 47 0.01105 134.7 0 0 0.958 0 388 579.86282 1.4177 409.016 18.779055 0.003826 41 126.706 10.5825 11.9732 20.081553 0.090724 39 842.377 7.81461 107.795 17.43413 0.010758 1.671 0.0 0.0 0.0 1.0 0 2.647423 1.302498 1.344925 "" "" "" "" "" "" "" "" "" "" "" "" "" "" "" "" "" "" "" "" "" "" NOT_AVAILABLE 0.0 0.0 0.999967 3144.8 3135.8 3162.2 4.9807 4.97 4.991 -0.0311 -0.0657 0.0073 241.331 234.2304 250.0302 0.8822 0.8022 0.9988 0.5351 0.4864 0.6075 0.3758 0.3429 0.423 MARCS 177.79302157142 -62.5666743991 3.131664 3.790166 0.4587 1.750048
191 G296.7-00.9 178.87499999999997 -63.133333333333326 15.0 8.0 "" S "" 3.0 "" 0.5 "" "" 5333035572628345216 178.87530527987 -63.13366884897 4107.12744 2446.91309 6200.56348 5508.77441 3254.93018 8323.76465 10033 1.30598 191 G296.7-00.9 178.87499999999997 -63.133333333333326 15.0 8.0 "" S "" 3.0 "" 0.5 "" "" "Gaia DR3 5333035572628345216" 178.87530527987 -63.13366884897 0.0 0.0 33.0 1636148068921376768 5333035572628345216 1145347864 0.3847 0.4113 -0.3997 0.549 -0.7281 7.421 -7.321 0.535 1.214 0.5925542 0.1504 0.0948 0.0388 0.0379 0.0454 0.0486 -0.1592 0.0207 -0.1801 0.2459 321 0 321 0 0.5056 346.65 0.605 0.19885 95 False "" 1.3966 0.1125 -0.052 -0.083 0.036 -0.08 0.132 38 23 0.880813 47 0.01284 86.21 0 0 1.019 0 360 160.52632 0.766817 209.341 20.173502 0.005873 27 37.4735 3.80513 9.84815 21.404232 0.110283 35 138.016 8.81264 15.6612 19.39807 0.06943 1.093 0.0 0.0 0.0 1.0 0 2.006163 1.23073 0.775433 "" "" "" "" "" "" "" "" "" "" "" "" "" "" "" "" "" "" "" "" "" "" NOT_AVAILABLE 0.0 0.0 0.999998 "" "" "" "" "" "" "" "" "" "" "" "" "" "" "" "" "" "" "" "" "" "" 178.87537728201 -63.13367424419 8.557582 9.554984 0.2407 1.30598
193 G298.5-00.3 183.16666666666663 -62.86666666666666 5.0 "" ? ? "" 5.0 ? 0.4 ? "" 6054418314050553216 183.1661890334 -62.86713844554 1841.36182 1254.16235 2697.27832 2540.11108 1954.03247 4259.2666 10033 1.870701 193 G298.5-00.3 183.16666666666663 -62.86666666666666 5.0 "" ? ? "" 5.0 ? 0.4 ? "" "Gaia DR3 6054418314050553216" 183.1661890334 -62.86713844554 0.0 0.0 29.0 1636148068921376768 6054418314050553216 877472979 0.1471 0.1663 0.7058 0.2067 3.415 6.23 -6.137 0.176 1.074 0.2109906 0.1955 -0.2309 -0.1262 0.1958 -0.1528 0.2286 0.2432 0.133 0.0114 0.3616 361 0 359 2 3.5779 479.62 0.867 3.3097 95 False "" 1.3949 0.0421 -0.076 0.002 -0.094 -0.152 -0.089 41 24 0.322882 49 0.03901 122.9 0 2 1.137 0 375 626.43475 1.29104 485.215 18.695177 0.003549 43 234.347 6.53622 35.8536 19.413895 0.030411 42 608.002 10.2706 59.1985 17.788132 0.018726 1.345 0.0 19.0 0.0 19.0 0 1.625763 0.718718 0.907045 "" "" "" "" "" "" "" "" "" "" "" "" "" "" "" "" "" "" "" "" "" "" NOT_AVAILABLE 0.0 0.0 0.999996 3727.3 3709.8 3744.0 4.6228 4.4999 4.8284 -1.6572 -1.8259 -1.4558 632.9747 548.5224 670.1296 0.0216 0.0056 0.0505 0.0154 0.004 0.0361 0.0083 0.0021 0.0194 PHOENIX 183.166248839 -62.86714321949 2.844247 3.339294 0.3416 1.870701
196 G299.6-00.5 185.4375 -63.14999999999999 13.0 "" "" S "" 1.0 ? "" ? "" 6054534999720118528 185.43714276457 -63.15040008272 1579.54956 1322.68152 1907.55701 1599.6106 1335.09351 1976.09021 10033 1.55301 196 G299.6-00.5 185.4375 -63.14999999999999 13.0 "" "" S "" 1.0 ? "" ? "" "Gaia DR3 6054534999720118528" 185.43714276457 -63.15040008272 0.0 0.0 34.0 1636148068921376768 6054534999720118528 140300472 0.0845 0.0894 0.6548 0.1207 5.4245 6.52 -6.454 0.109 0.925 0.11572569 0.1382 -0.1071 0.0184 0.1036 0.0299 0.14 0.1054 0.1264 0.2326 0.1921 422 0 421 1 29.2927 2057.8 1.074 50.31 31 False 1.26 "" "" "" "" "" "" "" 48 26 0.172901 54 0.01477 5.534 13 0 2.171 0 455 3513.56752 4.83101 727.295 16.822996 0.003134 47 634.312 5.44151 116.569 18.332785 0.009723 49 4938.47 19.9144 247.985 15.513913 0.005784 1.586 0.0 32.0 0.0 33.0 0 2.818871 1.509789 1.309083 "" "" "" "" "" "" "" "" "" "" "" "" "" "" "" "" "" "" "" "" "" "" NOT_AVAILABLE 0.0 0.0 1.0 "" "" "" "" "" "" "" "" "" "" "" "" "" "" "" "" "" "" "" "" "" "" 185.437206278 -63.15040419594 1.747902 1.844331 0.1813 1.55301
199 G304.6+00.1 196.4958333333333 -62.69999999999999 8.0 "" "" S "" 14.0 "" 0.5 "" "Kes 17" 5863173345990192896 196.49541901617 -62.699795147 2564.18018 1559.48206 3751.96021 2241.54321 1633.46838 3246.47144 10033 1.005909 199 G304.6+00.1 196.4958333333333 -62.69999999999999 8.0 "" "" S "" 14.0 "" 0.5 "" "Kes 17" "Gaia DR3 5863173345990192896" 196.49541901617 -62.699795147 0.0 0.0 20.0 1636148068921376768 5863173345990192896 1768411162 0.3307 0.3868 0.9563 0.4853 1.9707 8.165 -7.063 0.398 -4.098 0.5649467 0.1308 0.0697 -0.1905 0.1044 -0.1631 0.0622 -0.2606 -0.0518 0.1043 0.2416 450 0 449 1 57.5648 5491.8 4.426 111.14 95 False "" 1.555 0.0955 0.023 0.023 -0.092 -0.182 -0.11 52 26 0.808208 59 0.07871 152.8 32 0 3.463 0 475 508.1374 2.26558 224.285 18.922415 0.00557 55 176.771 4.22388 41.8503 19.720016 0.026093 51 648.803 5.77326 112.381 17.717613 0.010374 1.625 0.0 2.0 0.0 1.0 0 2.002403 0.797602 1.204802 "" "" "" "" "" "" "" "" "" "" "" "" "" "" "" "" "" "" "" "" "" "" NOT_AVAILABLE 0.0 0.0 0.999995 "" "" "" "" "" "" "" "" "" "" "" "" "" "" "" "" "" "" "" "" "" "" 196.49548745562 -62.69977693421 6.445225 9.147558 0.2284 1.005909
204 G309.2-00.6 206.62916666666663 -62.89999999999999 15.0 12.0 "" S "" 7.0 ? 0.4 ? "" 5864665250151592320 206.6288508451 -62.90032285626 4237.32227 2710.37573 8700.26367 3866.50195 2523.50073 5207.11328 10033 1.27246 204 G309.2-00.6 206.62916666666663 -62.89999999999999 15.0 12.0 "" S "" 7.0 ? 0.4 ? "" "Gaia DR3 5864665250151592320" 206.6288508451 -62.90032285626 0.0 0.0 45.0 1636148068921376768 5864665250151592320 883891473 0.2592 0.2588 0.2063 0.368 0.5607 6.11 -5.451 0.308 -2.76 0.27806693 0.3648 0.0359 -0.5177 -0.1999 0.0217 -0.1765 -0.4461 -0.0565 0.1599 0.4311 532 0 523 9 0.604 602.05 0.777 0.88606 95 False "" 1.192 0.0674 0.064 -0.001 -0.103 -0.229 -0.056 62 28 0.515385 72 0.1039 100.9 0 1 1.018 0 524 255.88669 0.684127 374.034 19.667248 0.004002 40 56.0746 5.42912 10.3285 20.966627 0.105158 49 279.755 6.53646 42.7991 18.630953 0.025648 1.312 0.0 1.0 0.0 0.0 0 2.335674 1.299379 1.036295 "" "" "" "" "" "" "" "" "" "" "" "" "" "" "" "" "" "" "" "" "" "" NOT_AVAILABLE 0.0 0.0 0.999998 "" "" "" "" "" "" "" "" "" "" "" "" "" "" "" "" "" "" "" "" "" "" 206.62890402942 -62.9003105897 5.060102 4.570363 0.4288 1.27246
208 G310.8-00.4 210.0 -62.28333333333333 12.0 "" "" S "" 6.0 ? "" ? "Kes 20A" 5866255487556742400 210.00077156511 -62.28320593575 1444.73633 1368.94006 1538.27966 1458.83679 1381.41187 1547.78345 10033 1.370874 208 G310.8-00.4 210.0 -62.28333333333333 12.0 "" "" S "" 6.0 ? "" ? "Kes 20A" "Gaia DR3 5866255487556742400" 210.00077156511 -62.28320593575 0.0 0.0 35.0 1636148068921376768 5866255487556742400 1654979300 0.0221 0.026 0.6716 0.0375 17.9263 17.12 -16.1 0.026 -5.821 0.030468412 0.4479 -0.1591 -0.2901 -0.0951 -0.1859 -0.0582 -0.1768 0.0718 0.1534 0.5672 738 0 733 5 2.871 879.07 0.124 2.234 31 False 1.488 "" "" "" "" "" "" "" 85 30 0.050028 95 0.008135 108.7 0 0 1.076 0 802 7211.44786 1.86695 3862.68 16.04231 0.00277 86 3359.16 6.57418 510.963 16.522964 0.003507 84 5534.06 6.04056 916.151 15.390286 0.003961 1.233 0.0 2.0 0.0 2.0 0 1.132678 0.480654 0.652024 "" "" "" "" "" "" "" "" "" "" "" "" "" "" "" "" "" "" "" "" "" "" NOT_AVAILABLE 0.0 0.0 0.999986 5598.4 5551.9 5675.6 4.5584 4.5221 4.578 -0.6878 -0.748 -0.5799 982.2997 947.2482 1057.1609 0.7097 0.6802 0.7583 0.5791 0.5545 0.62 0.3146 0.3013 0.3366 MARCS 210.0009254124 -62.28318006614 0.424959 0.492759 0.5611 1.370874
212 G315.1+02.7 216.125 -57.83333333333333 190.0 150.0 "" S "" "" ? "" ? "" 5891235498387666944 216.12560327043 -57.83306381693 6925.77783 4079.59033 11672.6436 6126.18652 4790.20654 8123.64307 21033 1.509388 212 G315.1+02.7 216.125 -57.83333333333333 190.0 150.0 "" S "" "" ? "" ? "" "Gaia DR3 5891235498387666944" 216.12560327043 -57.83306381693 0.001 0.001 23.0 1636148068921376768 5891235498387666944 304688809 1.2219 1.4101 -3.116 1.6985 -1.8345 1.708 -1.602 1.612 0.59 2.0807908 0.1503 0.2817 0.2147 0.5641 -0.0079 0.5388 0.5175 -0.0839 0.1966 0.2377 126 0 125 1 1.1434 145.8 2.678 1.2691 95 False "" 1.559 0.3048 0.325 0.129 0.026 0.045 0.263 15 10 3.200034 16 0.009676 133.0 0 0 1.072 0 133 89.88573 0.964127 93.2302 20.80314 0.011967 9 37.7732 7.08829 5.32896 21.395582 0.203762 16 103.69 9.10576 11.3873 19.70855 0.095421 1.574 0.0 0.0 0.0 0.0 0 1.687033 0.592442 1.094591 "" "" "" "" "" "" "" "" "" "" "" "" "" "" "" "" "" "" "" "" "" "" NOT_AVAILABLE 0.0 0.0 0.999994 "" "" "" "" "" "" "" "" "" "" "" "" "" "" "" "" "" "" "" "" "" "" 216.12561664665 -57.83306644133 25.56344 32.585303 0.1944 1.509388
213 G315.4-02.3 220.75 -62.49999999999999 42.0 "" "" S "" 49.0 "" 0.6 "" "RCW 86, MSH 14-63" 5877264210281255168 220.75029273203 -62.49983220291 5345.97754 3273.41968 7610.97461 "" "" "" 10099 0.775685 213 G315.4-02.3 220.75 -62.49999999999999 42.0 "" "" S "" 49.0 "" 0.6 "" "RCW 86, MSH 14-63" "Gaia DR3 5877264210281255168" 220.75029273203 -62.49983220291 0.0 0.0 43.0 1636148068921376768 5877264210281255168 1332503633 0.252 0.257 0.2415 0.3821 0.6319 3.315 -2.095 0.445 -2.569 0.35127023 0.251 0.0422 -0.1238 0.0776 -0.0209 0.1157 -0.0319 -0.092 0.0942 0.2888 392 0 391 1 1.8612 492.41 1.389 2.9698 95 False "" 1.1967 0.0715 -0.031 0.022 0.071 -0.028 -0.115 46 18 0.648043 58 0.01553 85.08 0 43 1.067 0 421 266.61328 0.967689 275.515 19.622662 0.004808 0 "" "" "" "" "" 0 "" "" "" "" "" "" "" "" "" "" 2 "" "" "" "" "" "" "" "" "" "" "" "" "" "" "" "" "" "" "" "" "" "" "" "" "" NOT_AVAILABLE "" "" "" "" "" "" "" "" "" "" "" "" "" "" "" "" "" "" "" "" "" "" "" "" "" 220.75031289251 -62.4998207858 7.154868 5.634381 0.2791 0.775685
218 G318.2+00.1 223.7083333333333 -59.066666666666656 40.0 35.0 "" S > 3.9 ? "" ? "" 5879810129445245184 223.70775050125 -59.06632008261 3934.99268 2607.87012 5817.80371 3106.85107 2154.63062 4866.62012 10033 1.64926 218 G318.2+00.1 223.7083333333333 -59.066666666666656 40.0 35.0 "" S > 3.9 ? "" ? "" "Gaia DR3 5879810129445245184" 223.70775050125 -59.06632008261 0.0 0.0 177.0 1636148068921376768 5879810129445245184 801368525 0.2849 0.3498 -0.0906 0.4121 -0.22 4.073 0.274 0.41 -4.063 0.47153258 -0.0206 -0.0693 0.0281 0.0229 -0.0621 0.041 0.5236 -0.1404 -0.1497 0.0227 288 0 286 2 -1.1509 286.46 0.0 0.0 95 False "" 1.1598 0.088 -0.126 0.033 -0.003 0.193 0.037 34 18 0.685054 36 0.008078 36.12 0 0 0.951 0 303 225.02638 0.884604 254.381 19.806784 0.00508 24 57.8018 7.48404 7.72334 20.93369 0.140606 21 294.875 7.99363 36.8887 18.573801 0.029674 1.567 0.0 1.0 0.0 3.0 0 2.359888 1.126905 1.232983 "" "" "" "" "" "" "" "" "" "" "" "" "" "" "" "" "" "" "" "" "" "" NOT_AVAILABLE 0.0 0.0 0.999993 "" "" "" "" "" "" "" "" "" "" "" "" "" "" "" "" "" "" "" "" "" "" 223.70774812891 -59.06630202287 6.559025 7.367412 0.0203 1.64926
