SNR-PS-GaiaEDR3.ecsv
# %ECSV 1.0
# ---
# datatype:
# - {name: recno_1, datatype: int64}
# - {name: SNR_1, datatype: string}
# - {name: RAJ2000_1, datatype: float64}
# - {name: DEJ2000_1, datatype: float64}
# - {name: MajDiam_1, datatype: float64}
# - {name: MinDiam_1, datatype: float64}
# - {name: u_MinDiam_1, datatype: string}
# - {name: type_1, datatype: string}
# - {name: l_S(1GHz)_1, datatype: float64}
# - {name: S(1GHz)_1, datatype: float64}
# - {name: u_S(1GHz)_1, datatype: string}
# - {name: Sp-Index_1, datatype: float64}
# - {name: u_Sp-Index_1, datatype: string}
# - {name: Names_1, datatype: string}
# - {name: objID, datatype: int64}
# - {name: RAJ2000_x, datatype: float64}
# - {name: DEJ2000_x, datatype: float64}
# - {name: errHalfMaj_1, datatype: float64}
# - {name: errHalfMin_1, datatype: float64}
# - {name: errPosAng_1, datatype: float64}
# - {name: f_objID, datatype: int64}
# - {name: Qual, datatype: int64}
# - {name: Epoch, datatype: float64}
# - {name: Ns, datatype: int64}
# - {name: Nd, datatype: int64}
# - {name: gmag, datatype: float64}
# - {name: e_gmag, datatype: float64}
# - {name: gKmag, datatype: float64}
# - {name: e_gKmag, datatype: float64}
# - {name: gFlags, datatype: int64}
# - {name: rmag, datatype: float64}
# - {name: e_rmag, datatype: float64}
# - {name: rKmag, datatype: float64}
# - {name: e_rKmag, datatype: float64}
# - {name: rFlags, datatype: int64}
# - {name: imag, datatype: float64}
# - {name: e_imag, datatype: float64}
# - {name: iKmag, datatype: float64}
# - {name: e_iKmag, datatype: float64}
# - {name: iFlags, datatype: int64}
# - {name: zmag, datatype: float64}
# - {name: e_zmag, datatype: float64}
# - {name: zKmag, datatype: float64}
# - {name: e_zKmag, datatype: float64}
# - {name: zFlags, datatype: int64}
# - {name: ymag, datatype: float64}
# - {name: e_ymag, datatype: float64}
# - {name: yKmag, datatype: float64}
# - {name: e_yKmag, datatype: float64}
# - {name: yFlags, datatype: int64}
# - {name: angDist_1, datatype: float64}
# - {name: recno_2, datatype: int64}
# - {name: SNR_2, datatype: string}
# - {name: RAJ2000_2, datatype: float64}
# - {name: DEJ2000_2, datatype: float64}
# - {name: MajDiam_2, datatype: float64}
# - {name: MinDiam_2, datatype: float64}
# - {name: u_MinDiam_2, datatype: string}
# - {name: type_2, datatype: string}
# - {name: l_S(1GHz)_2, datatype: string}
# - {name: S(1GHz)_2, datatype: float64}
# - {name: u_S(1GHz)_2, datatype: string}
# - {name: Sp-Index_2, datatype: float64}
# - {name: u_Sp-Index_2, datatype: string}
# - {name: Names_2, datatype: string}
# - {name: ra_epoch2000, datatype: float64}
# - {name: dec_epoch2000, datatype: float64}
# - {name: errHalfMaj_2, datatype: float64}
# - {name: errHalfMin_2, datatype: float64}
# - {name: errPosAng_2, datatype: float64}
# - {name: source_id, datatype: int64}
# - {name: ra, datatype: float64}
# - {name: ra_error, datatype: float64}
# - {name: dec, datatype: float64}
# - {name: dec_error, datatype: float64}
# - {name: parallax, datatype: float64}
# - {name: parallax_error, datatype: float64}
# - {name: parallax_over_error, datatype: float64}
# - {name: pm, datatype: float64}
# - {name: pmra, datatype: float64}
# - {name: pmra_error, datatype: float64}
# - {name: pmdec, datatype: float64}
# - {name: pmdec_error, datatype: float64}
[...]
# - {name: ra_dec_epoch2000_corr, datatype: float64}
# - {name: angDist_2, datatype: float64}
# schema: astropy-2.0
recno_1 SNR_1 RAJ2000_1 DEJ2000_1 MajDiam_1 MinDiam_1 u_MinDiam_1 type_1 l_S(1GHz)_1 S(1GHz)_1 u_S(1GHz)_1 Sp-Index_1 u_Sp-Index_1 Names_1 objID RAJ2000_x DEJ2000_x errHalfMaj_1 errHalfMin_1 errPosAng_1 f_objID Qual Epoch Ns Nd gmag e_gmag gKmag e_gKmag gFlags rmag e_rmag rKmag e_rKmag rFlags imag e_imag iKmag e_iKmag iFlags zmag e_zmag zKmag e_zKmag zFlags ymag e_ymag yKmag e_yKmag yFlags angDist_1 recno_2 SNR_2 RAJ2000_2 DEJ2000_2 MajDiam_2 MinDiam_2 u_MinDiam_2 type_2 l_S(1GHz)_2 S(1GHz)_2 u_S(1GHz)_2 Sp-Index_2 u_Sp-Index_2 Names_2 ra_epoch2000 dec_epoch2000 errHalfMaj_2 errHalfMin_2 errPosAng_2 source_id ra ra_error dec dec_error parallax parallax_error parallax_over_error pm pmra pmra_error pmdec pmdec_error astrometric_n_good_obs_al astrometric_gof_al astrometric_chi2_al astrometric_excess_noise astrometric_excess_noise_sig astrometric_params_solved pseudocolour pseudocolour_error visibility_periods_used ruwe duplicated_source phot_g_mean_flux phot_g_mean_flux_error phot_g_mean_mag phot_bp_mean_flux phot_bp_mean_flux_error phot_bp_mean_mag phot_rp_mean_flux phot_rp_mean_mag phot_bp_rp_excess_factor bp_rp dr2_radial_velocity dr2_radial_velocity_error dr2_rv_nb_transits dr2_rv_template_teff dr2_rv_template_logg panstarrs1 sdssdr13 skymapper2 urat1 phot_g_mean_mag_error phot_bp_mean_mag_error phot_rp_mean_mag_error phot_g_mean_mag_corrected phot_g_mean_mag_error_corrected phot_g_mean_flux_corrected phot_bp_rp_excess_factor_corrected ra_epoch2000_error dec_epoch2000_error ra_dec_epoch2000_corr angDist_2
5 G001.4-00.1 267.4125 -27.766666666666666 10.0 "" "" S "" 2.0 ? "" ? "" 74682674125010217 267.4125029 -27.76675019 0.017 0.007 90.0 436527104 52 55914.70862269 5 55 21.7404 0.1427 21.6057 0.2538 115000 20.1328 0.0231 20.3481 0.0135 115000 19.233 0.0188 19.3991 0.0189 115000 18.8017 0.0215 19.0868 0.0486 115000 18.2797 0.179 18.5856 0.0962 115000 0.300826 5 G001.4-00.1 267.4125 -27.766666666666666 10.0 "" "" S "" 2.0 ? "" ? "" 267.41251071142 -27.76674874857 0.0119149 0.0052748 68.35 4057670047959302656 267.41250496766 0.537 -27.76674842906 0.4028 0.2552 0.5605 0.4553 1.146 -1.144 0.698 0.072 0.392 309 -0.5589 338.5 0.0 0.0 95 1.0351 0.1077 15 0.976 False 217.246 0.970808 19.844988 44.3319 4.75089 21.221752 230.216 18.842556 1.264 2.379196 "" "" 0 "" "" 7.468267412501022e+16 "" 165790570.0 "" 0.00558 0.116388 0.027538 19.829463 0.00552 220.375 -0.125 11.2439 6.5851 0.5287 0.297458
8 G003.8+00.3 268.22916666666663 -25.46666666666666 18.0 "" "" S? "" 3.0 ? 0.6 "" "" 77442682288100292 268.22881029 -25.46667836 0.01 0.01 90.0 436527104 52 55988.15679398 3 17 "" "" "" "" 16416 "" "" "" "" 16416 20.5228 0.0905 21.0381 0.1509 115000 18.7506 0.0082 17.7673 0.0246 16892216 17.7603 0.0291 17.3113 0.2444 16892216 1.159063 8 G003.8+00.3 268.22916666666663 -25.46666666666666 18.0 "" "" S? "" 3.0 ? 0.6 "" "" 268.22882265225 -25.4667033994 0.0027447 0.00146 47.65 4067385916826850560 268.22882265225 2.2543 -25.4667033994 2.1408 "" "" "" "" "" "" "" "" 176 2.997 231.81 4.256 4.721 3 "" "" 9 "" False 87.0206 1.10209 20.838312 38.7367 16.9709 21.368237 163.026 19.217253 2.319 2.150984 "" "" 0 "" "" 7.744268228810029e+16 "" "" "" 0.014024 0.47568 0.062372 20.838312 0.014024 87.0206 0.963 2.2543 2.1408 0.5573 1.125911
10 G004.5+06.8 262.67499999999995 -21.48333333333333 3.0 "" "" S "" 19.0 "" 0.64 "" "Kepler, SN1604, 3C358" 82222626746030367 262.6745917 -21.48332656 0.042 0.042 90.0 436363264 52 55506.82355324 1 6 "" "" "" "" 16416 "" "" "" "" 16416 20.8893 0.0108 "" "" 115000 20.3438 0.0966 20.389 0.16 16696 "" "" "" "" 16416 1.367976 10 G004.5+06.8 262.67499999999995 -21.48333333333333 3.0 "" "" S "" 19.0 "" 0.64 "" "Kepler, SN1604, 3C358" 262.67537289641 -21.48362674581 0.0040601 0.0027895 85.03 4117915726102856704 262.67532458725 0.1914 -21.48362912595 0.1362 0.3256 0.2123 1.5338 10.129 -10.114 0.252 -0.536 0.171 299 0.1572 317.94 0.201 0.1863 95 1.3309 0.0418 17 1.005 False 640.184 1.76942 18.671604 315.238 8.00127 19.091946 1007.18 17.240131 2.066 1.851814 "" "" 0 "" "" 8.221262675370987e+16 "" 179779623.0 "" 0.004074 0.027699 0.013402 18.665288 0.004061 643.919 0.751 4.0521 2.8012 0.0661 1.63589
15 G005.9+03.1 266.8333333333333 -22.266666666666666 20.0 "" "" S "" 3.3 ? 0.4 ? "" 81282668338750207 266.83387963 -22.26678899 0.007 0.002 0.0 503635968 60 56038.86584491 4 57 18.1662 0.0099 18.2902 0.0128 114992 16.9857 0.0153 17.0603 0.016 115000 16.4052 0.0057 16.4619 0.0289 280 16.0626 0.004 16.1554 0.008 115000 15.8441 0.0082 15.909 0.0096 115000 1.87253 15 G005.9+03.1 266.8333333333333 -22.266666666666666 20.0 "" "" S "" 3.3 ? 0.4 ? "" 266.83389467418 -22.26677444261 0.0014355 0.0009326 87.16 4117030206952579584 266.83387872276 0.0757 -22.26678920192 0.0575 0.5304 0.0895 5.9283 4.697 -3.321 0.089 -3.321 0.056 357 2.2976 457.5 0.21 1.669 95 1.3556 0.0149 15 1.087 False 3180.29 2.71394 16.9312 1092.47 10.0261 17.742516 3464.43 15.898817 1.433 1.843699 "" "" 0 "" "" 8.12826683387502e+16 "" 183049190.0 "" 0.002907 0.010348 0.006467 16.925016 0.002905 3198.45 0.119 1.4345 0.9342 0.0439 1.909958
16 G006.1+00.5 269.3708333333333 -23.416666666666664 18.0 12.0 "" S "" 4.5 "" 0.9 "" "" 79892693708729914 269.37085747 -23.41701074 0.01 0.008 0.0 436527104 52 56072.4871412 4 36 21.1729 0.0191 21.3602 0.0524 115000 19.6582 0.0048 19.7042 0.049 115000 18.73 0.0167 18.7728 0.0211 115000 18.1568 0.021 18.1223 0.0028 16793912 17.9534 0.0751 17.9597 0.0157 115000 1.241228 16 G006.1+00.5 269.3708333333333 -23.416666666666664 18.0 12.0 "" S "" 4.5 "" 0.9 "" "" 269.37086134079 -23.41699086594 0.0062434 0.0041873 90.78 4069314460246349696 269.37085484882 0.3011 -23.41699871116 0.2491 0.0277 0.3878 0.0713 2.216 -1.34 0.391 -1.765 0.254 212 -1.7149 206.89 0.0 0.0 95 1.103 0.0785 12 0.915 False 358.795 1.33671 19.300251 "" "" "" "" "" "" "" "" "" 0 "" "" 7.989269370872992e+16 "" "" "" 0.004894 "" "" 19.300251 0.004894 358.795 "" 6.2431 4.1877 -0.0112 1.170779
19 G006.4+04.0 266.29166666666663 -21.366666666666664 31.0 "" "" S "" 1.3 ? 0.4 ? "" 82352662915359981 266.29154851 -21.3669926 0.017 0.006 90.0 436527104 52 55758.89381944 3 21 19.9865 0.0277 20.2145 0.0347 115000 18.7624 0.0013 18.9068 0.0046 115000 18.0617 0.015 18.2141 0.0382 115000 17.6529 0.0131 17.7923 0.0028 16696 17.4387 0.0142 17.5376 0.0547 16696 1.238423 19 G006.4+04.0 266.29166666666663 -21.366666666666664 31.0 "" "" S "" 1.3 ? 0.4 ? "" 266.2915497697 -21.36696936777 0.0037201 0.002163 77.2 4117324394939574144 266.29153211926 0.1753 -21.36698617942 0.1297 -0.3694 0.1972 -1.8731 5.29 -3.698 0.227 -3.783 0.136 430 1.861 528.61 0.544 1.968 95 1.2854 0.0367 19 1.064 False 702.288 1.30383 18.57108 "" "" "" "" "" "" "" "" "" 0 "" "" 8.235266291535998e+16 "" "" "" 0.003414 "" "" 18.57108 0.003414 702.288 "" 3.6591 2.2646 0.2389 1.158053
25 G008.7-05.0 276.04166666666663 -23.8 26.0 "" "" S "" 4.4 "" 0.3 "" "" 79442760420160211 276.04200496 -23.80003705 0.076 0.029 90.0 436527104 52 55925.09746528 10 56 20.1545 0.0333 20.0448 0.0345 115000 19.2198 0.0167 18.8668 0.0384 16892216 18.7966 0.012 18.448 0.0333 16892208 18.4782 0.0276 18.4894 0.067 115000 18.3692 0.0404 18.44 0.0464 115000 1.122243 25 G008.7-05.0 276.04166666666663 -23.8 26.0 "" "" S "" 4.4 "" 0.3 "" "" 276.04199860505 -23.7999999774 0.0128782 0.0078637 67.5 4089333573534724992 276.0420077519 0.6168 -23.80003743951 0.554 -2.7316 0.7285 -3.7494 8.637 1.883 0.767 -8.429 0.534 147 10.6207 435.58 2.965 13.65 95 1.3024 0.172 13 1.692 False 331.834 7.94286 19.385063 189.908 12.4089 19.642181 474.464 18.057388 2.002 1.584793 "" "" 0 "" "" 7.944276042016021e+16 "" "" "" 0.026134 0.070998 0.048626 19.382822 0.026081 332.52 0.722 12.2728 8.7786 0.3413 1.093357
47 G014.3+00.1 273.9916666666666 -16.45 5.0 4.0 "" S "" 0.6 "" 0.4 "" "" 88262739918520542 273.99185614 -16.44985302 0.017 0.005 0.0 503635968 60 55858.03436343 3 34 22.103 "" "" "" 16420 19.711 "" "" "" 16420 18.6059 0.0634 18.7294 0.0273 16892216 17.396 0.0103 17.4959 0.0067 115000 16.4707 0.0222 16.1511 0.1325 115000 0.841388 47 G014.3+00.1 273.9916666666666 -16.45 5.0 4.0 "" S "" 0.6 "" 0.4 "" "" 273.99186067088 -16.44983740515 0.0095276 0.0056153 55.77 4097646362308916736 273.99185806825 0.4097 -16.44985194393 0.3656 0.9123 0.3973 2.2961 3.319 -0.562 0.542 -3.271 0.45 170 4.2633 290.08 1.66 4.207 95 1.1974 0.0789 13 1.242 False 393.471 1.42173 19.200085 27.024 3.65762 21.759167 658.091 17.70218 1.741 4.056986 "" "" 0 "" "" 8.826273991852054e+16 "" "" "" 0.004794 0.146977 0.019265 19.174494 0.00472 402.855 0.113 8.4867 7.091 0.4579 0.889547
49 G015.4+00.1 274.50833333333327 -15.449999999999998 15.0 14.0 "" C? "" 5.6 "" 0.62 "" "" 89452745081139857 274.50809697 -15.45041601 0.01 0.005 0.0 503635968 60 55912.07166667 10 81 19.307 0.0069 19.4541 0.0221 115000 18.1604 0.0004 18.298 0.0066 115000 17.5999 0.0042 17.7162 0.0113 115000 17.2905 0.0063 17.441 0.0068 115000 17.0387 0.0178 17.2955 0.016 115000 1.707505 49 G015.4+00.1 274.50833333333327 -15.449999999999998 15.0 14.0 "" C? "" 5.6 "" 0.62 "" "" 274.5080774148 -15.45041216479 0.0030899 0.0017897 57.8 4146137543825177088 274.50809921198 0.1496 -15.45041572165 0.136 0.5457 0.1468 3.7164 4.794 4.727 0.172 -0.8 0.135 210 -0.9832 196.71 0.0 0.0 95 1.3598 0.0357 17 0.95 False 1103.16 1.82923 18.08077 361.541 7.94363 18.943148 1061.36 17.183239 1.29 1.759909 "" "" 0 "" "" 8.945274508113986e+16 "" 250303502.0 "" 0.003291 0.024018 0.011363 18.075929 0.003287 1108.09 -0.013 2.7832 2.237 0.4595 1.729222
56 G017.4-02.3 277.72916666666663 -14.866666666666664 24.0 "" ? S "" 5.0 "" 0.5 ? "" 90162777289270414 277.7289325 -14.86661661 0.014 0.012 0.0 436527104 52 55982.58252315 4 30 21.9242 0.1588 "" "" 16440 20.6326 0.0928 21.6663 0.2446 115000 19.5622 0.004 19.4162 0.0448 115000 18.7775 0.0078 19.0176 0.0429 115000 18.7464 0.0604 19.6478 0.2688 115000 0.834471 56 G017.4-02.3 277.72916666666663 -14.866666666666664 24.0 "" ? S "" 5.0 "" 0.5 ? "" 277.72889490949 -14.86664473223 0.0195006 0.0099018 46.09 4104053770722259456 277.72889490949 15.6367 -14.86664473223 15.2908 "" "" "" "" "" "" "" "" 51 62.7419 7067.86 47.397 419.7 3 "" "" 5 "" False 110.524 4.17094 20.57872 "" "" "" "" "" "" "" "" "" 0 "" "" 9.016277728927042e+16 "" "" "" 0.041066 "" "" 20.57872 0.041066 110.524 "" 15.6367 15.2908 0.5898 0.948868
61 G018.8+00.3 275.9916666666666 -12.383333333333333 17.0 11.0 "" S "" 33.0 "" 0.46 "" "Kes 67" 93132759917509885 275.99164865 -12.38372953 0.045 0.014 90.0 436527104 52 56048.28222222 8 29 "" "" "" "" 16416 21.0956 0.041 21.2902 0.0468 115000 19.5698 0.021 19.5651 0.0496 115000 18.4405 0.0584 17.7692 0.1601 16892216 17.8569 0.095 17.6896 0.0706 115000 1.427714 61 G018.8+00.3 275.9916666666666 -12.383333333333333 17.0 11.0 "" S "" 33.0 "" 0.46 "" "Kes 67" 275.9916589003 -12.38372538142 0.0095117 0.0042292 45.85 4152810926550655744 275.9916589003 7.4336 -12.38372538142 7.287 "" "" "" "" "" "" "" "" 94 16.6524 545.08 25.79 38.78 3 "" "" 10 "" False 83.175 3.29326 20.887384 25.5896 7.04792 21.818384 269.601 18.671093 3.549 3.147291 "" "" 0 "" "" 9.313275991750989e+16 "" "" "" 0.043077 0.299048 0.045261 20.887384 0.043077 83.175 2.046 7.4336 7.287 0.6697 1.411637
62 G018.9-01.1 277.4583333333333 -12.966666666666663 33.0 "" "" C? "" 37.0 "" 0.39 "" "" 92442774588260298 277.45880694 -12.96670377 0.019 0.014 0.0 436527104 52 55712.7597338 5 37 21.2107 0.0666 21.3194 0.0017 115000 19.543 0.0177 19.6479 0.0443 115000 18.6209 0.0132 18.5984 0.0198 115000 18.026 0.0174 18.0438 0.0158 16892216 17.618 0.0185 17.8382 0.0181 115000 1.666869 62 G018.9-01.1 277.4583333333333 -12.966666666666663 33.0 "" "" C? "" 37.0 "" 0.39 "" "" 277.45880452897 -12.96669496776 0.0093011 0.0066806 61.59 4104877614123571712 277.45880653737 0.4536 -12.96670477614 0.4166 0.3858 0.4835 0.798 2.25 0.44 0.542 -2.207 0.453 187 2.9877 256.04 1.833 3.154 95 1.3709 0.1147 14 1.159 False 267.289 2.90885 19.619917 68.23 6.00685 20.753605 503.663 17.992544 2.14 2.761061 "" "" 0 "" "" 9.24427745882603e+16 "" "" "" 0.012133 0.095627 0.023706 19.597879 0.011902 272.769 0.694 8.7766 7.3561 0.2715 1.656187
63 G019.1+00.2 276.2333333333333 -12.116666666666664 27.0 "" "" S "" 10.0 "" 0.5 "" "" 93452762333249851 276.23339581 -12.11706963 0.027 0.018 90.0 512024576 61 55947.57939815 2 26 24.465 "" "" "" 16420 21.375 "" "" "" 16420 19.6477 0.0326 19.3026 0.0462 16793912 18.3598 0.0169 18.0067 0.0196 16892216 17.4444 0.0713 17.0158 0.0177 16892216 1.467241 63 G019.1+00.2 276.2333333333333 -12.116666666666664 27.0 "" "" S "" 10.0 "" 0.5 "" "" 276.23342864285 -12.11703106299 0.0364669 0.0152792 53.68 4153196202293424128 276.23343286932 1.3651 -12.11705019882 1.3419 0.0254 1.0008 0.0254 4.405 0.93 1.865 -4.306 1.49 142 1.336 176.49 2.215 1.453 95 1.01 0.2264 12 1.08 False 125.788 1.01168 20.43827 16.1466 3.22191 22.318342 367.985 18.33332 3.054 3.985022 "" "" 0 "" "" 9.345276233324986e+16 "" "" "" 0.009157 0.216668 0.076915 20.412679 0.008963 128.788 1.436 30.7449 24.8605 0.6845 1.354042
65 G021.0-00.4 277.79999999999995 -10.783333333333331 9.0 7.0 "" S "" 1.1 "" 0.6 "" "" 95062777996250847 277.79961495 -10.78294543 0.003 0.003 0.0 1443160064 172 55939.59915509 8 56 22.731 "" "" "" 16420 20.1441 0.0198 20.3106 0.0524 115000 17.8671 0.0076 17.9702 0.0113 115000 16.4798 0.0101 16.5619 0.0025 115000 15.5972 0.0224 15.716 0.0305 115000 1.950465 65 G021.0-00.4 277.79999999999995 -10.783333333333331 9.0 7.0 "" S "" 1.1 "" 0.6 "" "" 277.79963286695 -10.78292053991 0.0029608 0.0023911 69.62 4154911234277658112 277.7996119536 0.1447 -10.78295231781 0.1385 0.515 0.1563 3.2956 8.514 -4.622 0.178 -7.15 0.15 239 0.0961 301.94 0.379 0.9451 31 "" "" 15 1.003 False 881.968 1.7091 18.323734 40.2028 6.0828 21.3279 1527.43 16.787994 1.777 4.539906 "" "" 0 "" "" 9.506277799625085e+16 "" 269589251.0 "" 0.003467 0.164299 0.008007 18.323734 0.003467 881.968 0.082 2.8977 2.4672 0.1392 1.973336
70 G023.3-00.3 278.68749999999994 -8.799999999999999 27.0 "" "" S "" 70.0 "" 0.5 "" W41 97442786871900769 278.68720845 -8.79972556 0.007 0.007 0.0 436527104 52 55954.01275463 20 61 21.5378 0.0441 21.4105 0.124 115000 19.9151 0.0148 20.0363 0.0167 16892216 18.9946 0.0144 19.1176 0.0106 115000 18.4579 0.0 18.7206 0.1812 115000 18.1315 0.0297 "" "" 115000 1.432462 70 G023.3-00.3 278.68749999999994 -8.799999999999999 27.0 "" "" S "" 70.0 "" 0.5 "" W41 278.68720489815 -8.79972495441 0.014096 0.0073612 46.85 4156327435315015424 278.68721127875 0.5183 -8.79972385846 0.5264 0.9718 0.4361 2.2281 1.44 1.419 0.697 0.247 0.671 149 -1.0747 146.73 0.0 0.0 95 1.0874 0.1074 12 0.935 False 260.912 1.07627 19.646132 53.4775 6.57695 21.018114 294.173 18.576387 1.332 2.441727 "" "" 0 "" "" 9.744278687190077e+16 "" "" "" 0.005258 0.133559 0.031467 19.629499 0.005201 264.94 -0.066 11.4498 11.0356 0.5706 1.443133
73 G025.1-02.3 281.29166666666663 -7.999999999999999 80.0 30.0 ? S "" 8.0 "" 0.5 ? "" 98392812914659921 281.291416 -8.00038487 0.01 0.002 0.0 436527104 52 55822.69333333 10 42 21.5143 0.0483 "" "" 115000 20.0059 0.1051 "" "" 115000 18.6039 0.0013 18.7817 0.0716 115000 17.9594 0.0043 18.2042 0.0071 115000 17.5912 0.0135 17.8649 0.0513 115000 1.648712 73 G025.1-02.3 281.29166666666663 -7.999999999999999 80.0 30.0 ? S "" 8.0 "" 0.5 ? "" 281.29147127849 -8.00035780461 0.0058793 0.0037453 55.26 4251847615369658240 281.29141305412 0.29 -8.00038452896 0.2793 1.4537 0.3409 4.264 14.299 -12.973 0.331 -6.013 0.281 188 -0.4492 203.73 0.0 0.0 95 1.1524 0.0878 15 0.975 False 394.012 1.34383 19.198593 65.9285 8.79299 20.79086 458.12 18.095446 1.33 2.695414 "" "" 0 "" "" 9.839281291465992e+16 "" "" "" 0.004616 0.144833 0.030611 19.177618 0.004559 401.698 -0.106 5.2816 4.5496 0.4003 1.464369
76 G028.6-00.1 280.97916666666663 -3.883333333333333 13.0 9.0 "" S "" 3.0 ? "" ? "" 103342809791670793 280.97897533 -3.88306113 0.012 0.006 90.0 512024576 61 56015.52202546 3 60 23.339 "" "" "" 4 20.9693 0.0352 20.7515 0.0377 16777496 19.0893 0.0124 18.964 0.0178 16892216 17.7334 0.0101 17.6566 0.0076 16892216 16.8249 0.0146 16.7738 0.0082 16892216 1.196893 76 G028.6-00.1 280.97916666666663 -3.883333333333333 13.0 9.0 "" S "" 3.0 ? "" ? "" 280.97930375109 -3.88301259723 0.0035659 0.0006801 42.31 4258282266664857344 280.97930375109 2.4524 -3.88301259723 2.6766 "" "" "" "" "" "" "" "" 96 -0.5976 82.55 0.0 1.053e-15 3 "" "" 9 "" False 97.2391 1.01222 20.717764 "" "" "" "" "" "" "" "" "" 0 "" "" "" "" "" "" 0.011633 "" "" 20.717764 0.011633 97.2391 "" 2.4524 2.6766 0.9292 1.255247
82 G031.5-00.6 282.79166666666663 -1.5166666666666666 18.0 "" ? S? "" 2.0 ? "" ? "" 106182827916690157 282.7916497 -1.51690751 0.017 0.01 90.0 168091648 20 56142.82638889 9 56 "" "" "" "" 114720 20.9112 0.0276 21.1285 0.0499 115000 20.0459 0.0218 20.2699 0.0325 115000 19.5246 0.0245 19.8491 0.0422 115000 19.2197 0.0261 19.5167 0.0729 33080 0.869183 82 G031.5-00.6 282.79166666666663 -1.5166666666666666 18.0 "" ? S? "" 2.0 ? "" ? "" 282.79166076883 -1.5168883354 0.0216454 0.0131972 51.08 4259257911414787584 282.79164915087 1.0934 -1.51690609062 1.0581 -0.6572 1.1409 -0.576 4.774 -2.613 1.155 -3.995 1.025 122 -0.5971 112.48 0.0 9.33e-16 95 1.5849 0.2687 11 0.958 False 110.425 1.14685 20.579699 26.3446 7.48717 21.786814 91.0601 19.849575 1.063 1.937239 "" "" 0 "" "" 1.0618282791669016e+17 "" "" "" 0.011608 0.30858 0.089234 20.571959 0.01153 111.215 -0.263 18.7711 17.0393 0.4498 0.79829
