SNR-PS-Gaia.ecsv
# %ECSV 1.0
# ---
# datatype:
# - {name: recno_1, datatype: int64}
# - {name: SNR_1, datatype: string}
# - {name: RAJ2000_1, datatype: float64}
# - {name: DEJ2000_1, datatype: float64}
# - {name: MajDiam_1, datatype: float64}
# - {name: MinDiam_1, datatype: float64}
# - {name: u_MinDiam_1, datatype: string}
# - {name: type_1, datatype: string}
# - {name: l_S(1GHz)_1, datatype: float64}
# - {name: S(1GHz)_1, datatype: float64}
# - {name: u_S(1GHz)_1, datatype: string}
# - {name: Sp-Index_1, datatype: float64}
# - {name: u_Sp-Index_1, datatype: string}
# - {name: Names_1, datatype: string}
# - {name: objID, datatype: int64}
# - {name: RAJ2000_x_1, datatype: float64}
# - {name: DEJ2000_x_1, datatype: float64}
# - {name: errHalfMaj_1, datatype: float64}
# - {name: errHalfMin_1, datatype: float64}
# - {name: errPosAng_1, datatype: float64}
# - {name: f_objID, datatype: int64}
# - {name: Qual, datatype: int64}
# - {name: Epoch, datatype: float64}
# - {name: Ns, datatype: int64}
# - {name: Nd, datatype: int64}
# - {name: gmag, datatype: float64}
# - {name: e_gmag, datatype: float64}
# - {name: gKmag, datatype: float64}
# - {name: e_gKmag, datatype: float64}
# - {name: gFlags, datatype: int64}
# - {name: rmag, datatype: float64}
# - {name: e_rmag, datatype: float64}
# - {name: rKmag, datatype: float64}
# - {name: e_rKmag, datatype: float64}
# - {name: rFlags, datatype: int64}
# - {name: imag, datatype: float64}
# - {name: e_imag, datatype: float64}
# - {name: iKmag, datatype: float64}
# - {name: e_iKmag, datatype: float64}
# - {name: iFlags, datatype: int64}
# - {name: zmag, datatype: float64}
# - {name: e_zmag, datatype: float64}
# - {name: zKmag, datatype: float64}
# - {name: e_zKmag, datatype: float64}
# - {name: zFlags, datatype: int64}
# - {name: ymag, datatype: float64}
# - {name: e_ymag, datatype: float64}
# - {name: yKmag, datatype: float64}
# - {name: e_yKmag, datatype: float64}
# - {name: yFlags, datatype: int64}
# - {name: angDist_1, datatype: float64}
# - {name: recno_2, datatype: int64}
# - {name: SNR_2, datatype: string}
# - {name: RAJ2000_2, datatype: float64}
# - {name: DEJ2000_2, datatype: float64}
# - {name: MajDiam_2, datatype: float64}
# - {name: MinDiam_2, datatype: float64}
# - {name: u_MinDiam_2, datatype: string}
# - {name: type_2, datatype: string}
# - {name: l_S(1GHz)_2, datatype: string}
# - {name: S(1GHz)_2, datatype: float64}
# - {name: u_S(1GHz)_2, datatype: string}
# - {name: Sp-Index_2, datatype: float64}
# - {name: u_Sp-Index_2, datatype: string}
# - {name: Names_2, datatype: string}
# - {name: DR3Name, datatype: string}
# - {name: RAdeg, datatype: float64}
# - {name: DEdeg, datatype: float64}
# - {name: errHalfMaj_2, datatype: float64}
# - {name: errHalfMin_2, datatype: float64}
# - {name: errPosAng_2, datatype: float64}
# - {name: SolID, datatype: int64}
# - {name: Source, datatype: int64}
# - {name: RandomI, datatype: int64}
# - {name: e_RAdeg, datatype: float64}
# - {name: e_DEdeg, datatype: float64}
# - {name: Plx, datatype: float64}
# - {name: e_Plx, datatype: float64}
# - {name: RPlx, datatype: float64}
# - {name: PM, datatype: float64}
# - {name: pmRA, datatype: float64}
# - {name: e_pmRA, datatype: float64}
# - {name: pmDE, datatype: float64}
# - {name: e_pmDE, datatype: float64}
# - {name: RADEcor, datatype: float64}
[...]
# - {name: angDist_2, datatype: float64}
# schema: astropy-2.0
recno_1 SNR_1 RAJ2000_1 DEJ2000_1 MajDiam_1 MinDiam_1 u_MinDiam_1 type_1 l_S(1GHz)_1 S(1GHz)_1 u_S(1GHz)_1 Sp-Index_1 u_Sp-Index_1 Names_1 objID RAJ2000_x_1 DEJ2000_x_1 errHalfMaj_1 errHalfMin_1 errPosAng_1 f_objID Qual Epoch Ns Nd gmag e_gmag gKmag e_gKmag gFlags rmag e_rmag rKmag e_rKmag rFlags imag e_imag iKmag e_iKmag iFlags zmag e_zmag zKmag e_zKmag zFlags ymag e_ymag yKmag e_yKmag yFlags angDist_1 recno_2 SNR_2 RAJ2000_2 DEJ2000_2 MajDiam_2 MinDiam_2 u_MinDiam_2 type_2 l_S(1GHz)_2 S(1GHz)_2 u_S(1GHz)_2 Sp-Index_2 u_Sp-Index_2 Names_2 DR3Name RAdeg DEdeg errHalfMaj_2 errHalfMin_2 errPosAng_2 SolID Source RandomI e_RAdeg e_DEdeg Plx e_Plx RPlx PM pmRA e_pmRA pmDE e_pmDE RADEcor RAPlxcor RApmRAcor RApmDEcor DEPlxcor DEpmRAcor DEpmDEcor PlxpmRAcor PlxpmDEcor pmRApmDEcor NAL NAC NgAL NbAL gofAL chi2AL epsi sepsi Solved APF nueff pscol e_pscol RApscolCorr DEpscolCorr PlxpscolCorr pmRApscolCorr pmDEpscolCorr MatchObsA Nper amax MatchObs IPDgofha IPDgofhp IPDfmp IPDfow RUWE Dup o_Gmag FG e_FG RFG Gmag e_Gmag o_BPmag FBP e_FBP RFBP BPmag e_BPmag o_RPmag FRP e_FRP RFRP RPmag e_RPmag E(BP/RP) NBPcont NBPblend NRPcont NRPblend Mode BP-RP BP-G G-RP RV e_RV n_RV o_RV o_RVd RVNper RVS/N RVgof RVchi2 RVTdur RVamp RVtempTeff RVtemplogg RVtemp[Fe/H] Vatmparam vbroad e_Vbroad o_Vbroad GRVSmag e_GRVSmag o_GRVSmag RVSS/N VarFlag PQSO PGal PSS Teff b_Teff_x B_Teff_xa logg b_logg_x B_logg_xa [Fe/H] b_[Fe/H]_x B_[Fe/H]_xa Dist b_Dist_x B_Dist_xa A0 b_A0_x B_A0_xa AG b_AG_x B_AG_xa E(BP-RP) b_E(BP-RP)_x B_E(BP-RP)_xa Lib RAJ2000_x_2 DEJ2000_x_2 e_RAJ2000 e_DEJ2000 RADEcorJ2000 angDist_2
[from data line 26]
125 G069.0+02.7 298.3333333333333 32.916666666666664 80.0 "" ? ? "" 120.0 ? "" v "CTB 80" 147502983334320846 298.33340543 32.91688621 0.028 0.009 90.0 436527104 52 56013.845625 5 68 21.253 0.0404 21.4716 0.0734 115000 20.0162 0.0405 20.2397 0.0615 115000 19.427 0.0344 19.5154 0.0461 115000 19.0451 0.0164 19.118 0.0425 115000 18.8656 0.0366 19.034 0.0627 115000 0.819838 125 G069.0+02.7 298.3333333333333 32.916666666666664 80.0 "" ? ? "" 120.0 ? "" v "CTB 80" "Gaia DR3 2034315249807645056" 298.33340596677 32.91688546069 0.0 0.0 153.0 1636148068921376768 2034315249807645056 603977945 0.2885 0.3205 0.8111 0.3876 2.0923 7.54 -2.422 0.427 -7.141 0.4491575 -0.15 0.1917 -0.2853 0.0967 0.0372 0.0733 -0.2601 -0.028 -0.0804 -0.2003 405 0 403 2 -0.2388 409.71 0.0 0.0 95 False "" 1.3456 0.0957 -0.081 0.128 0.07 -0.259 -0.008 46 26 0.674444 48 0.02787 105.3 0 0 0.991 0 416 193.43627 0.764991 252.861 19.971022 0.005102 42 69.758 4.29316 16.2486 20.729557 0.066878 43 218.097 4.27192 51.0535 18.901274 0.0216 1.488 0.0 1.0 0.0 0.0 0 1.828283 0.758535 1.069748 "" "" "" "" "" "" "" "" "" "" "" "" "" "" "" "" "" "" "" "" "" "" NOT_AVAILABLE 0.0 0.0 0.999992 "" "" "" "" "" "" "" "" "" "" "" "" "" "" "" "" "" "" "" "" "" "" 298.33341878946 32.916917198 6.915955 7.276447 -0.2027 0.817672
136 G085.4+00.7 312.66666666666663 45.36666666666666 24.0 "" ? S "" "" ? 0.2 "" "" 162443126665510732 312.66652532 45.36673033 0.01 0.003 90.0 503635968 60 56076.47519676 5 60 19.0309 0.0078 19.1448 0.0074 115000 18.026 0.0033 18.1122 0.0057 115000 17.4227 0.0032 17.5153 0.0066 115000 17.0679 0.0042 17.1641 0.0101 115000 16.7287 0.0055 16.8401 0.0195 115000 0.424657 136 G085.4+00.7 312.66666666666663 45.36666666666666 24.0 "" ? S "" "" ? 0.2 "" "" "Gaia DR3 2163261158824849792" 312.66652236547 45.36672707934 0.0 0.0 144.0 1636148068921376768 2163261158824849792 1213305143 0.0723 0.0778 0.1725 0.0901 1.9149 3.736 -2.562 0.091 -2.719 0.089178376 -0.2172 -0.1723 0.0166 0.0259 0.2446 -0.0458 -0.1526 -0.1888 -0.1313 -0.1431 410 9 410 0 -0.2211 416.24 0.0 1.9973e-15 31 False 1.37 "" "" "" "" "" "" "" 47 26 0.13356 52 0.01114 29.61 0 0 0.991 0 413 1305.40706 1.38512 942.45 17.898003 0.002986 45 417.52 6.31994 66.064 18.786848 0.01667 45 1265.37 8.79502 143.873 16.992352 0.00844 1.289 0.0 2.0 0.0 3.0 0 1.794497 0.888845 0.905651 "" "" "" "" "" "" "" "" "" "" "" "" "" "" "" "" "" "" "" "" "" "" NOT_AVAILABLE 0.0 0.0 0.999995 9623.5 9590.6 9698.0 4.5011 4.4725 4.5256 -2.069 -2.2517 -1.9034 2453.99 2404.2324 2512.3835 4.0288 4.0121 4.045 3.3219 3.3091 3.3357 1.8194 1.812 1.8271 PHOENIX 312.66653857192 45.36673916592 1.460411 1.440785 -0.141 0.424859
155 G130.7+03.1 31.42083333333333 64.81666666666666 9.0 5.0 "" F "" 33.0 "" 0.07 "" "3C58, SN1181" 185780314204861326 31.42057174 64.81713939 0.011 0.006 0.0 503635968 60 56292.42501157 5 29 18.5799 0.0126 18.664 0.0078 115000 17.6433 0.0036 17.7633 0.005 115000 17.1545 0.0042 17.2385 0.0048 115000 16.8826 0.0103 16.9781 0.0057 115000 16.7024 0.0036 16.831 0.0109 114992 1.748346 155 G130.7+03.1 31.42083333333333 64.81666666666666 9.0 5.0 "" F "" 33.0 "" 0.07 "" "3C58, SN1181" "Gaia DR3 518099774614384256" 31.42056764781 64.81713931871 0.0 0.0 149.0 1636148068921376768 518099774614384256 1382166051 0.0552 0.0627 0.3027 0.0849 3.5639 3.021 -3.019 0.069 -0.124 0.07553423 -0.2392 -0.0614 -0.4264 0.039 -0.0251 0.0176 -0.3006 -0.0018 0.1269 -0.3597 518 0 517 1 0.0522 536.52 0.0 1.7764e-15 31 False 1.401 "" "" "" "" "" "" "" 59 26 0.119228 65 0.02132 92.55 0 0 1.001 0 556 1740.20764 1.2442 1398.66 17.585865 0.002863 61 631.57 5.36921 117.628 18.337488 0.009643 59 1587.75 5.5185 287.715 16.745937 0.005341 1.275 0.0 0.0 0.0 0.0 0 1.591551 0.751623 0.839928 "" "" "" "" "" "" "" "" "" "" "" "" "" "" "" "" "" "" "" "" "" "" NOT_AVAILABLE 0.0 0.0 0.999998 5129.8 5014.2 5313.2 4.7519 4.6809 4.8016 -1.1191 -1.5004 -0.7824 937.2813 848.1315 1099.725 1.4816 1.3859 1.6246 1.1471 1.0689 1.2634 0.628 0.5854 0.6898 MARCS 31.42059917625 64.81713986957 1.126976 1.228837 -0.3494 1.749544
288 G357.7+00.3 264.6458333333333 -30.73333333333333 24.0 "" "" S "" 10.0 "" 0.4 ? "" 71122646454350461 264.64541946 -30.73321078 0.086 0.038 90.0 436527104 52 55499.43123843 3 8 19.111 0.0245 19.1934 0.0323 280 "" "" "" "" 16416 17.1782 0.0019 17.2338 0.0047 115000 16.6918 0.0097 16.7835 0.0312 114992 16.4551 0.0291 16.5198 0.0124 114992 1.354554 288 G357.7+00.3 264.6458333333333 -30.73333333333333 24.0 "" "" S "" 10.0 "" 0.4 ? "" "Gaia DR3 4055405908700614912" 264.64542102771 -30.73321170312 0.0 0.0 61.0 1636148068921376768 4055405908700614912 663770574 0.1429 0.1054 0.7096 0.1788 3.9682 6.236 -4.481 0.182 -4.337 0.11806972 0.4833 -0.3161 -0.0481 -0.4928 -0.4196 -0.1464 -0.5524 -0.5012 0.2523 0.2414 219 0 218 1 0.5488 234.22 0.149 0.26142 31 False 1.335 "" "" "" "" "" "" "" 25 14 0.265388 26 0.05127 178.9 0 0 1.025 0 217 1569.73494 1.88923 830.886 17.697802 0.003049 23 444.689 7.81813 56.8792 18.718401 0.019291 24 1683.41 9.99093 168.494 16.68242 0.00747 1.356 0.0 1.0 0.0 1.0 0 2.03598 1.020599 1.015381 "" "" "" "" "" "" "" "" "" "" "" "" "" "" "" "" "" "" "" "" "" "" NOT_AVAILABLE 0.0 0.0 0.999996 4746.6 4709.9 4778.9 4.7992 4.7648 4.8136 -1.349 -1.4536 -1.2027 558.9511 544.6501 588.0419 2.3178 2.2777 2.352 1.7041 1.6724 1.7313 0.9359 0.9173 0.9518 MARCS 264.64544419562 -30.733192426 2.929531 1.9493 0.2656 1.348886
292 G359.0-00.9 266.7083333333333 -30.266666666666666 23.0 "" "" S "" 23.0 "" 0.5 "" "" 71682667087180708 266.70874347 -30.26633521 0.008 0.007 0.0 436527104 52 56027.63891204 4 21 21.1587 0.1128 20.6028 0.1405 16794168 20.3381 0.058 20.4002 0.0949 16892216 19.1088 0.0044 19.1139 0.0635 115000 18.2563 0.0092 18.3609 0.0336 114992 17.7664 0.042 17.7756 0.0682 16892208 1.746439 292 G359.0-00.9 266.7083333333333 -30.266666666666666 23.0 "" "" S "" 23.0 "" 0.5 "" "" "Gaia DR3 4056774152141086208" 266.7087492192 -30.26632396183 0.001 0.0 60.0 1636148068921376768 4056774152141086208 1192868358 0.4951 0.3663 0.6775 0.4832 1.4023 1.34 1.118 0.526 -0.739 0.3236719 0.5281 -0.2838 -0.1349 -0.3167 -0.2653 -0.1382 -0.7303 -0.1075 0.2036 0.3441 350 0 349 1 2.4096 431.56 1.204 1.7345 95 False "" 1.3455 0.0913 -0.129 -0.085 0.333 -0.066 -0.116 40 15 0.771968 40 0.04181 174.5 0 0 1.092 0 345 236.23285 0.866282 272.698 19.754017 0.004842 25 34.0259 3.2059 10.6135 21.509016 0.102335 33 318.864 10.941 29.144 18.488884 0.037445 1.494 0.0 0.0 0.0 0.0 0 3.020132 1.754999 1.265133 "" "" "" "" "" "" "" "" "" "" "" "" "" "" "" "" "" "" "" "" "" "" NOT_AVAILABLE 0.0 0.0 0.999996 "" "" "" "" "" "" "" "" "" "" "" "" "" "" "" "" "" "" "" "" "" "" 266.70874346592 -30.26632067549 8.489326 5.451985 0.3526 1.787243
