SNR-PS-Gaia.ecsv
# %ECSV 1.0
# ---
# datatype:
# - {name: recno_1, datatype: int64}
# - {name: SNR_1, datatype: string}
# - {name: RAJ2000_1, datatype: float64}
# - {name: DEJ2000_1, datatype: float64}
# - {name: MajDiam_1, datatype: float64}
# - {name: MinDiam_1, datatype: float64}
# - {name: u_MinDiam_1, datatype: string}
# - {name: type_1, datatype: string}
# - {name: l_S(1GHz)_1, datatype: float64}
# - {name: S(1GHz)_1, datatype: float64}
# - {name: u_S(1GHz)_1, datatype: string}
# - {name: Sp-Index_1, datatype: float64}
# - {name: u_Sp-Index_1, datatype: string}
# - {name: Names_1, datatype: string}
# - {name: objID, datatype: int64}
# - {name: RAJ2000_x_1, datatype: float64}
# - {name: DEJ2000_x_1, datatype: float64}
# - {name: errHalfMaj_1, datatype: float64}
# - {name: errHalfMin_1, datatype: float64}
# - {name: errPosAng_1, datatype: float64}
# - {name: f_objID, datatype: int64}
# - {name: Qual, datatype: int64}
# - {name: Epoch, datatype: float64}
# - {name: Ns, datatype: int64}
# - {name: Nd, datatype: int64}
# - {name: gmag, datatype: float64}
# - {name: e_gmag, datatype: float64}
# - {name: gKmag, datatype: float64}
# - {name: e_gKmag, datatype: float64}
# - {name: gFlags, datatype: int64}
# - {name: rmag, datatype: float64}
# - {name: e_rmag, datatype: float64}
# - {name: rKmag, datatype: float64}
# - {name: e_rKmag, datatype: float64}
# - {name: rFlags, datatype: int64}
# - {name: imag, datatype: float64}
# - {name: e_imag, datatype: float64}
# - {name: iKmag, datatype: float64}
# - {name: e_iKmag, datatype: float64}
# - {name: iFlags, datatype: int64}
# - {name: zmag, datatype: float64}
# - {name: e_zmag, datatype: float64}
# - {name: zKmag, datatype: float64}
# - {name: e_zKmag, datatype: float64}
# - {name: zFlags, datatype: int64}
# - {name: ymag, datatype: float64}
# - {name: e_ymag, datatype: float64}
# - {name: yKmag, datatype: float64}
# - {name: e_yKmag, datatype: float64}
# - {name: yFlags, datatype: int64}
# - {name: angDist_1, datatype: float64}
# - {name: recno_2, datatype: int64}
# - {name: SNR_2, datatype: string}
# - {name: RAJ2000_2, datatype: float64}
# - {name: DEJ2000_2, datatype: float64}
# - {name: MajDiam_2, datatype: float64}
# - {name: MinDiam_2, datatype: float64}
# - {name: u_MinDiam_2, datatype: string}
# - {name: type_2, datatype: string}
# - {name: l_S(1GHz)_2, datatype: string}
# - {name: S(1GHz)_2, datatype: float64}
# - {name: u_S(1GHz)_2, datatype: string}
# - {name: Sp-Index_2, datatype: float64}
# - {name: u_Sp-Index_2, datatype: string}
# - {name: Names_2, datatype: string}
# - {name: DR3Name, datatype: string}
# - {name: RAdeg, datatype: float64}
# - {name: DEdeg, datatype: float64}
# - {name: errHalfMaj_2, datatype: float64}
# - {name: errHalfMin_2, datatype: float64}
# - {name: errPosAng_2, datatype: float64}
# - {name: SolID, datatype: int64}
# - {name: Source, datatype: int64}
# - {name: RandomI, datatype: int64}
# - {name: e_RAdeg, datatype: float64}
# - {name: e_DEdeg, datatype: float64}
# - {name: Plx, datatype: float64}
# - {name: e_Plx, datatype: float64}
# - {name: RPlx, datatype: float64}
# - {name: PM, datatype: float64}
# - {name: pmRA, datatype: float64}
# - {name: e_pmRA, datatype: float64}
# - {name: pmDE, datatype: float64}
# - {name: e_pmDE, datatype: float64}
# - {name: RADEcor, datatype: float64}
[...]
# - {name: angDist_2, datatype: float64}
# schema: astropy-2.0
recno_1 SNR_1 RAJ2000_1 DEJ2000_1 MajDiam_1 MinDiam_1 u_MinDiam_1 type_1 l_S(1GHz)_1 S(1GHz)_1 u_S(1GHz)_1 Sp-Index_1 u_Sp-Index_1 Names_1 objID RAJ2000_x_1 DEJ2000_x_1 errHalfMaj_1 errHalfMin_1 errPosAng_1 f_objID Qual Epoch Ns Nd gmag e_gmag gKmag e_gKmag gFlags rmag e_rmag rKmag e_rKmag rFlags imag e_imag iKmag e_iKmag iFlags zmag e_zmag zKmag e_zKmag zFlags ymag e_ymag yKmag e_yKmag yFlags angDist_1 recno_2 SNR_2 RAJ2000_2 DEJ2000_2 MajDiam_2 MinDiam_2 u_MinDiam_2 type_2 l_S(1GHz)_2 S(1GHz)_2 u_S(1GHz)_2 Sp-Index_2 u_Sp-Index_2 Names_2 DR3Name RAdeg DEdeg errHalfMaj_2 errHalfMin_2 errPosAng_2 SolID Source RandomI e_RAdeg e_DEdeg Plx e_Plx RPlx PM pmRA e_pmRA pmDE e_pmDE RADEcor RAPlxcor RApmRAcor RApmDEcor DEPlxcor DEpmRAcor DEpmDEcor PlxpmRAcor PlxpmDEcor pmRApmDEcor NAL NAC NgAL NbAL gofAL chi2AL epsi sepsi Solved APF nueff pscol e_pscol RApscolCorr DEpscolCorr PlxpscolCorr pmRApscolCorr pmDEpscolCorr MatchObsA Nper amax MatchObs IPDgofha IPDgofhp IPDfmp IPDfow RUWE Dup o_Gmag FG e_FG RFG Gmag e_Gmag o_BPmag FBP e_FBP RFBP BPmag e_BPmag o_RPmag FRP e_FRP RFRP RPmag e_RPmag E(BP/RP) NBPcont NBPblend NRPcont NRPblend Mode BP-RP BP-G G-RP RV e_RV n_RV o_RV o_RVd RVNper RVS/N RVgof RVchi2 RVTdur RVamp RVtempTeff RVtemplogg RVtemp[Fe/H] Vatmparam vbroad e_Vbroad o_Vbroad GRVSmag e_GRVSmag o_GRVSmag RVSS/N VarFlag PQSO PGal PSS Teff b_Teff_x B_Teff_xa logg b_logg_x B_logg_xa [Fe/H] b_[Fe/H]_x B_[Fe/H]_xa Dist b_Dist_x B_Dist_xa A0 b_A0_x B_A0_xa AG b_AG_x B_AG_xa E(BP-RP) b_E(BP-RP)_x B_E(BP-RP)_xa Lib RAJ2000_x_2 DEJ2000_x_2 e_RAJ2000 e_DEJ2000 RADEcorJ2000 angDist_2
5 G001.4-00.1 267.4125 -27.766666666666666 10.0 "" "" S "" 2.0 ? "" ? "" 74682674125010217 267.4125029 -27.76675019 0.017 0.007 90.0 436527104 52 55914.70862269 5 55 21.7404 0.1427 21.6057 0.2538 115000 20.1328 0.0231 20.3481 0.0135 115000 19.233 0.0188 19.3991 0.0189 115000 18.8017 0.0215 19.0868 0.0486 115000 18.2797 0.179 18.5856 0.0962 115000 0.300826 5 G001.4-00.1 267.4125 -27.766666666666666 10.0 "" "" S "" 2.0 ? "" ? "" "Gaia DR3 4057670047959302656" 267.41250496766 -27.76674842906 0.001 0.0 60.0 1636148068921376768 4057670047959302656 1051771069 0.537 0.4028 0.2552 0.5605 0.4553 1.146 -1.144 0.698 0.072 0.39249605 0.5235 0.0413 -0.1183 -0.3074 0.1052 -0.2707 -0.7441 -0.4087 -0.1263 0.5244 312 0 309 3 -0.5589 338.5 0.0 0.0 95 False "" 1.0351 0.1077 0.165 0.153 0.359 -0.262 -0.304 36 15 1.048973 36 0.03363 5.134 0 0 0.976 0 307 220.36477 0.984746 223.778 19.829512 0.00558 30 44.3319 4.75089 9.33127 21.221752 0.116388 33 230.216 5.78377 39.8038 18.842556 0.027538 1.246 0.0 0.0 0.0 0.0 0 2.379196 1.392241 0.986956 "" "" "" "" "" "" "" "" "" "" "" "" "" "" "" "" "" "" "" "" "" "" NOT_AVAILABLE 0.0 0.0 0.999996 "" "" "" "" "" "" "" "" "" "" "" "" "" "" "" "" "" "" "" "" "" "" 267.41251071142 -27.76674874857 11.243851 6.585129 0.5287 0.29477
8 G003.8+00.3 268.22916666666663 -25.46666666666666 18.0 "" "" S? "" 3.0 ? 0.6 "" "" 77442682288100292 268.22881029 -25.46667836 0.01 0.01 90.0 436527104 52 55988.15679398 3 17 "" "" "" "" 16416 "" "" "" "" 16416 20.5228 0.0905 21.0381 0.1509 115000 18.7506 0.0082 17.7673 0.0246 16892216 17.7603 0.0291 17.3113 0.2444 16892216 1.159063 8 G003.8+00.3 268.22916666666663 -25.46666666666666 18.0 "" "" S? "" 3.0 ? 0.6 "" "" "Gaia DR3 4067385916826850560" 268.22882265225 -25.4667033994 0.003 0.001 48.0 1636148068921376768 4067385916826850560 42239077 2.2543 2.1408 "" "" "" "" "" "" "" "" 0.5573 "" "" "" "" "" "" "" "" "" 178 0 176 2 2.997 231.81 4.256 4.7211 3 False "" "" "" "" "" "" "" "" 21 9 5.641748 21 0.108 59.32 0 0 "" 0 176 87.94081 1.11374 78.9598 20.82689 0.014024 3 38.7367 16.9709 2.28253 21.368237 0.47568 8 163.026 9.34805 17.4396 19.217253 0.062372 2.294 0.0 0.0 0.0 2.0 1 2.150984 0.541346 1.609638 "" "" "" "" "" "" "" "" "" "" "" "" "" "" "" "" "" "" "" "" "" "" NOT_AVAILABLE 2e-06 4e-06 0.99959 "" "" "" "" "" "" "" "" "" "" "" "" "" "" "" "" "" "" "" "" "" "" 268.22882265225 -25.4667033994 2.254319 2.140783 0.5573 1.125911
10 G004.5+06.8 262.67499999999995 -21.48333333333333 3.0 "" "" S "" 19.0 "" 0.64 "" "Kepler, SN1604, 3C358" 82222626746030367 262.6745917 -21.48332656 0.042 0.042 90.0 436363264 52 55506.82355324 1 6 "" "" "" "" 16416 "" "" "" "" 16416 20.8893 0.0108 "" "" 115000 20.3438 0.0966 20.389 0.16 16696 "" "" "" "" 16416 1.367976 10 G004.5+06.8 262.67499999999995 -21.48333333333333 3.0 "" "" S "" 19.0 "" 0.64 "" "Kepler, SN1604, 3C358" "Gaia DR3 4117915726102856704" 262.67532458725 -21.48362912595 0.0 0.0 86.0 1636148068921376768 4117915726102856704 1247486889 0.1914 0.1362 0.3256 0.2123 1.5338 10.129 -10.114 0.252 -0.536 0.17062224 0.0528 -0.1763 -0.0981 -0.2067 -0.2016 -0.1732 -0.5048 -0.1908 0.1941 0.0497 300 0 299 1 0.1572 317.94 0.201 0.18634 95 False "" 1.3309 0.0418 -0.053 0.062 0.033 -0.07 -0.114 34 17 0.351466 34 0.02464 179.9 0 0 1.005 0 296 643.90478 1.7797 361.804 18.665312 0.004074 29 315.238 8.00127 39.3985 19.091946 0.027699 29 1007.18 11.9279 84.4387 17.240131 0.013402 2.054 0.0 29.0 0.0 29.0 0 1.851814 0.426634 1.42518 "" "" "" "" "" "" "" "" "" "" "" "" "" "" "" "" "" "" "" "" "" "" NOT_AVAILABLE 0.0 0.0 0.999998 "" "" "" "" "" "" "" "" "" "" "" "" "" "" "" "" "" "" "" "" "" "" 262.67537289641 -21.48362674581 4.05206 2.801201 0.0661 1.521906
15 G005.9+03.1 266.8333333333333 -22.266666666666666 20.0 "" "" S "" 3.3 ? 0.4 ? "" 81282668338750207 266.83387963 -22.26678899 0.007 0.002 0.0 503635968 60 56038.86584491 4 57 18.1662 0.0099 18.2902 0.0128 114992 16.9857 0.0153 17.0603 0.016 115000 16.4052 0.0057 16.4619 0.0289 280 16.0626 0.004 16.1554 0.008 115000 15.8441 0.0082 15.909 0.0096 115000 1.87253 15 G005.9+03.1 266.8333333333333 -22.266666666666666 20.0 "" "" S "" 3.3 ? 0.4 ? "" "Gaia DR3 4117030206952579584" 266.83387872276 -22.26678920192 0.0 0.0 78.0 1636148068921376768 4117030206952579584 261886485 0.0757 0.0575 0.5304 0.0895 5.9283 4.697 -3.321 0.089 -3.321 0.05580588 0.1285 -0.1308 -0.025 -0.0029 -0.2397 0.0967 -0.7029 -0.2964 0.3303 0.0517 359 0 357 2 2.2976 457.5 0.21 1.6688 95 False "" 1.3556 0.0149 0.07 0.001 -0.252 0.126 -0.204 41 15 0.125624 43 0.0523 4.831 1 0 1.087 0 357 3198.3826 2.72938 1171.83 16.925041 0.002907 40 1092.47 10.0261 108.963 17.742516 0.010348 39 3464.43 16.7449 206.895 15.898817 0.006467 1.425 0.0 40.0 0.0 39.0 0 1.843699 0.817474 1.026224 "" "" "" "" "" "" "" "" "" "" "" "" "" "" "" "" "" "" "" "" "" "" NOT_AVAILABLE 0.0 0.0 0.999999 9590.8 9000.0 9736.6 4.3405 4.2796 4.3801 -0.5574 -1.2611 -0.4242 2017.0187 1882.0369 2151.606 4.0964 3.9886 4.1221 3.371 3.2658 3.3951 1.8531 1.7941 1.8662 A 266.83389467418 -22.26677444261 1.434518 0.934177 0.0439 1.869772
16 G006.1+00.5 269.3708333333333 -23.416666666666664 18.0 12.0 "" S "" 4.5 "" 0.9 "" "" 79892693708729914 269.37085747 -23.41701074 0.01 0.008 0.0 436527104 52 56072.4871412 4 36 21.1729 0.0191 21.3602 0.0524 115000 19.6582 0.0048 19.7042 0.049 115000 18.73 0.0167 18.7728 0.0211 115000 18.1568 0.021 18.1223 0.0028 16793912 17.9534 0.0751 17.9597 0.0157 115000 1.241228 16 G006.1+00.5 269.3708333333333 -23.416666666666664 18.0 12.0 "" S "" 4.5 "" 0.9 "" "" "Gaia DR3 4069314460246349696" 269.37085484882 -23.41699871116 0.0 0.0 65.0 1636148068921376768 4069314460246349696 145848020 0.3011 0.2491 0.0277 0.3878 0.0713 2.216 -1.34 0.391 -1.765 0.25378633 0.2272 -0.136 0.088 0.0606 -0.4301 0.307 -0.4877 -0.4004 0.4227 0.0096 213 0 212 1 -1.7149 206.89 0.0 0.0 95 False "" 1.103 0.0785 0.037 -0.113 0.095 -0.049 -0.021 24 12 0.565394 24 0.1534 5.442 0 0 0.915 0 207 358.79518 1.33671 268.418 19.300251 0.004894 0 "" "" "" "" "" 0 "" "" "" "" "" "" "" "" "" "" 2 "" "" "" "" "" "" "" "" "" "" "" "" "" "" "" "" "" "" "" "" "" "" "" "" "" NOT_AVAILABLE "" "" "" "" "" "" "" "" "" "" "" "" "" "" "" "" "" "" "" "" "" "" "" "" "" 269.37086134079 -23.41699086594 6.243085 4.187734 -0.0112 1.197471
19 G006.4+04.0 266.29166666666663 -21.366666666666664 31.0 "" "" S "" 1.3 ? 0.4 ? "" 82352662915359981 266.29154851 -21.3669926 0.017 0.006 90.0 436527104 52 55758.89381944 3 21 19.9865 0.0277 20.2145 0.0347 115000 18.7624 0.0013 18.9068 0.0046 115000 18.0617 0.015 18.2141 0.0382 115000 17.6529 0.0131 17.7923 0.0028 16696 17.4387 0.0142 17.5376 0.0547 16696 1.238423 19 G006.4+04.0 266.29166666666663 -21.366666666666664 31.0 "" "" S "" 1.3 ? 0.4 ? "" "Gaia DR3 4117324394939574144" 266.29153211926 -21.36698617942 0.0 0.0 77.0 1636148068921376768 4117324394939574144 1764223225 0.1753 0.1297 -0.3694 0.1972 -1.8731 5.29 -3.698 0.227 -3.783 0.13576852 0.1499 -0.1059 -0.0909 -0.0329 -0.1991 -0.0548 -0.6971 -0.0193 0.3151 0.2451 433 0 430 3 1.861 528.61 0.544 1.9678 95 False "" 1.2854 0.0367 0.006 0.01 -0.064 0.065 -0.169 49 19 0.320558 49 0.04126 19.58 1 24 1.064 0 424 702.28753 1.30383 538.634 18.57108 0.003414 0 "" "" "" "" "" 0 "" "" "" "" "" "" "" "" "" "" 2 "" "" "" "" "" "" "" "" "" "" "" "" "" "" "" "" "" "" "" "" "" "" "" "" "" NOT_AVAILABLE "" "" "" "" "" "" "" "" "" "" "" "" "" "" "" "" "" "" "" "" "" "" "" "" "" 266.2915497697 -21.36696936777 3.659135 2.264614 0.2389 1.235531
25 G008.7-05.0 276.04166666666663 -23.8 26.0 "" "" S "" 4.4 "" 0.3 "" "" 79442760420160211 276.04200496 -23.80003705 0.076 0.029 90.0 436527104 52 55925.09746528 10 56 20.1545 0.0333 20.0448 0.0345 115000 19.2198 0.0167 18.8668 0.0384 16892216 18.7966 0.012 18.448 0.0333 16892208 18.4782 0.0276 18.4894 0.067 115000 18.3692 0.0404 18.44 0.0464 115000 1.122243 25 G008.7-05.0 276.04166666666663 -23.8 26.0 "" "" S "" 4.4 "" 0.3 "" "" "Gaia DR3 4089333573534724992" 276.0420077519 -23.80003743951 0.001 0.0 53.0 1636148068921376768 4089333573534724992 1104027598 0.6168 0.554 -2.7316 0.7285 -3.7494 8.637 1.883 0.767 -8.429 0.5340797 0.3598 -0.1056 0.021 -0.3699 -0.3831 -0.2021 -0.3945 -0.3421 0.1423 0.3178 149 0 147 2 10.6207 435.58 2.965 13.652 95 False "" 1.3024 0.172 0.071 0.099 -0.017 -0.329 -0.241 17 13 1.125622 17 0.3236 122.3 12 0 1.692 0 147 332.51507 7.95915 41.7777 19.38284 0.026134 14 189.908 12.4089 15.3042 19.642181 0.070998 15 474.464 21.1851 22.3961 18.057388 0.048626 1.998 0.0 14.0 0.0 15.0 0 1.584793 0.259342 1.325451 "" "" "" "" "" "" "" "" "" "" "" "" "" "" "" "" "" "" "" "" "" "" NOT_AVAILABLE 0.0 0.0 0.999998 "" "" "" "" "" "" "" "" "" "" "" "" "" "" "" "" "" "" "" "" "" "" 276.04199860505 -23.7999999774 12.272758 8.778606 0.3413 1.131541
47 G014.3+00.1 273.9916666666666 -16.45 5.0 4.0 "" S "" 0.6 "" 0.4 "" "" 88262739918520542 273.99185614 -16.44985302 0.017 0.005 0.0 503635968 60 55858.03436343 3 34 22.103 "" "" "" 16420 19.711 "" "" "" 16420 18.6059 0.0634 18.7294 0.0273 16892216 17.396 0.0103 17.4959 0.0067 115000 16.4707 0.0222 16.1511 0.1325 115000 0.841388 47 G014.3+00.1 273.9916666666666 -16.45 5.0 4.0 "" S "" 0.6 "" 0.4 "" "" "Gaia DR3 4097646362308916736" 273.99185806825 -16.44985194393 0.0 0.0 59.0 1636148068921376768 4097646362308916736 772723442 0.4097 0.3656 0.9123 0.3973 2.2961 3.319 -0.562 0.542 -3.271 0.44982886 0.2203 -0.0266 0.4624 0.128 -0.3266 0.0672 0.3139 -0.0614 -0.0017 0.4506 171 0 170 1 4.2633 290.08 1.66 4.207 95 False "" 1.1974 0.0789 -0.107 0.157 0.018 -0.255 -0.082 20 13 0.860164 23 0.02757 17.6 0 0 1.242 0 187 402.8205 1.45551 276.755 19.174587 0.004794 12 27.024 3.65761 7.38843 21.759167 0.146977 21 658.091 11.4498 57.4762 17.70218 0.019265 1.701 0.0 0.0 0.0 0.0 0 4.056986 2.584579 1.472406 "" "" "" "" "" "" "" "" "" "" "" "" "" "" "" "" "" "" "" "" "" "" NOT_AVAILABLE 0.0 0.0 1.0 "" "" "" "" "" "" "" "" "" "" "" "" "" "" "" "" "" "" "" "" "" "" 273.99186067088 -16.44983740515 8.486718 7.090997 0.4579 0.849001
49 G015.4+00.1 274.50833333333327 -15.449999999999998 15.0 14.0 "" C? "" 5.6 "" 0.62 "" "" 89452745081139857 274.50809697 -15.45041601 0.01 0.005 0.0 503635968 60 55912.07166667 10 81 19.307 0.0069 19.4541 0.0221 115000 18.1604 0.0004 18.298 0.0066 115000 17.5999 0.0042 17.7162 0.0113 115000 17.2905 0.0063 17.441 0.0068 115000 17.0387 0.0178 17.2955 0.016 115000 1.707505 49 G015.4+00.1 274.50833333333327 -15.449999999999998 15.0 14.0 "" C? "" 5.6 "" 0.62 "" "" "Gaia DR3 4146137543825177088" 274.50809921198 -15.45041572165 0.0 0.0 51.0 1636148068921376768 4146137543825177088 188109100 0.1496 0.136 0.5457 0.1468 3.7164 4.794 4.727 0.172 -0.8 0.13546361 0.4886 -0.0866 -0.1512 -0.4326 -0.3488 -0.3801 -0.4889 -0.0411 0.0848 0.4298 210 0 210 0 -0.9832 196.71 0.0 0.0 95 False "" 1.3598 0.0357 -0.147 -0.147 0.047 -0.024 0.041 24 17 0.276844 24 0.05801 177.5 0 0 0.95 0 208 1108.06889 1.83737 603.073 18.07595 0.003291 24 361.541 7.94363 45.5134 18.943148 0.024018 22 1061.36 10.4754 101.319 17.183239 0.011363 1.284 0.0 1.0 0.0 0.0 0 1.759909 0.867197 0.892712 "" "" "" "" "" "" "" "" "" "" "" "" "" "" "" "" "" "" "" "" "" "" NOT_AVAILABLE 0.0 0.0 0.99999 3936.7 3882.6 4030.0 4.7166 4.5673 4.7809 -0.9331 -1.0905 -0.6889 762.2383 698.2057 1024.7513 0.3864 0.2862 0.527 0.2785 0.2063 0.3813 0.1497 0.1109 0.2048 PHOENIX 274.5080774148 -15.45041216479 2.783211 2.237042 0.4595 1.70287
56 G017.4-02.3 277.72916666666663 -14.866666666666664 24.0 "" ? S "" 5.0 "" 0.5 ? "" 90162777289270414 277.7289325 -14.86661661 0.014 0.012 0.0 436527104 52 55982.58252315 4 30 21.9242 0.1588 "" "" 16440 20.6326 0.0928 21.6663 0.2446 115000 19.5622 0.004 19.4162 0.0448 115000 18.7775 0.0078 19.0176 0.0429 115000 18.7464 0.0604 19.6478 0.2688 115000 0.834471 56 G017.4-02.3 277.72916666666663 -14.866666666666664 24.0 "" ? S "" 5.0 "" 0.5 ? "" "Gaia DR3 4104053770722259456" 277.72889490949 -14.86664473223 0.02 0.01 46.0 1636148068921376768 4104053770722259456 1741038139 15.6367 15.2908 "" "" "" "" "" "" "" "" 0.5898 "" "" "" "" "" "" "" "" "" 51 0 51 0 62.7419 7067.9 47.397 419.72 3 False "" "" "" "" "" "" "" "" 6 5 46.090694 6 0.2299 105.3 18 0 "" 0 50 110.52449 4.17094 26.4987 20.57872 0.041066 0 "" "" "" "" "" 0 "" "" "" "" "" "" "" "" "" "" 2 "" "" "" "" "" "" "" "" "" "" "" "" "" "" "" "" "" "" "" "" "" "" "" "" "" NOT_AVAILABLE "" "" "" "" "" "" "" "" "" "" "" "" "" "" "" "" "" "" "" "" "" "" "" "" "" 277.72889490949 -14.86664473223 15.636744 15.290834 0.5898 0.948868
61 G018.8+00.3 275.9916666666666 -12.383333333333333 17.0 11.0 "" S "" 33.0 "" 0.46 "" "Kes 67" 93132759917509885 275.99164865 -12.38372953 0.045 0.014 90.0 436527104 52 56048.28222222 8 29 "" "" "" "" 16416 21.0956 0.041 21.2902 0.0468 115000 19.5698 0.021 19.5651 0.0496 115000 18.4405 0.0584 17.7692 0.1601 16892216 17.8569 0.095 17.6896 0.0706 115000 1.427714 61 G018.8+00.3 275.9916666666666 -12.383333333333333 17.0 11.0 "" S "" 33.0 "" 0.46 "" "Kes 67" "Gaia DR3 4152810926550655744" 275.9916589003 -12.38372538142 0.01 0.004 46.0 1636148068921376768 4152810926550655744 1809491271 7.4336 7.287 "" "" "" "" "" "" "" "" 0.6697 "" "" "" "" "" "" "" "" "" 103 0 94 9 16.6524 545.08 25.79 38.775 3 False "" "" "" "" "" "" "" "" 12 10 16.889229 12 0.4269 32.35 0 0 "" 0 103 85.15132 3.37151 25.2562 20.861889 0.043077 8 25.5896 7.04792 3.6308 21.818384 0.299048 12 269.601 11.1995 24.0726 18.671093 0.045261 3.467 0.0 0.0 0.0 0.0 0 3.147291 0.956495 2.190796 "" "" "" "" "" "" "" "" "" "" "" "" "" "" "" "" "" "" "" "" "" "" NOT_AVAILABLE 0.0 2e-06 0.999663 "" "" "" "" "" "" "" "" "" "" "" "" "" "" "" "" "" "" "" "" "" "" 275.9916589003 -12.38372538142 7.43359 7.286984 0.6697 1.411637
62 G018.9-01.1 277.4583333333333 -12.966666666666663 33.0 "" "" C? "" 37.0 "" 0.39 "" "" 92442774588260298 277.45880694 -12.96670377 0.019 0.014 0.0 436527104 52 55712.7597338 5 37 21.2107 0.0666 21.3194 0.0017 115000 19.543 0.0177 19.6479 0.0443 115000 18.6209 0.0132 18.5984 0.0198 115000 18.026 0.0174 18.0438 0.0158 16892216 17.618 0.0185 17.8382 0.0181 115000 1.666869 62 G018.9-01.1 277.4583333333333 -12.966666666666663 33.0 "" "" C? "" 37.0 "" 0.39 "" "" "Gaia DR3 4104877614123571712" 277.45880653737 -12.96670477614 0.001 0.0 52.0 1636148068921376768 4104877614123571712 1423363032 0.4536 0.4166 0.3858 0.4835 0.798 2.25 0.44 0.542 -2.207 0.45257446 0.3223 -0.0843 -0.195 -0.0177 -0.2687 0.0413 -0.2492 -0.3095 -0.0315 0.2794 188 0 187 1 2.9877 256.04 1.833 3.1541 95 False "" 1.3709 0.1147 -0.178 0.063 0.018 0.011 -0.174 22 14 0.807275 22 0.2507 76.62 11 0 1.159 0 185 272.75067 2.96829 91.8882 19.597952 0.012133 20 68.23 6.00685 11.3587 20.753605 0.095627 20 503.663 10.8563 46.3936 17.992544 0.023706 2.097 0.0 20.0 0.0 20.0 0 2.761061 1.155653 1.605408 "" "" "" "" "" "" "" "" "" "" "" "" "" "" "" "" "" "" "" "" "" "" NOT_AVAILABLE 0.0 0.0 0.999993 "" "" "" "" "" "" "" "" "" "" "" "" "" "" "" "" "" "" "" "" "" "" 277.45880452897 -12.96669496776 8.7766 7.356087 0.2715 1.665755
