SNR-Gaia-distance.ecsv
# %ECSV 1.0
# ---
# datatype:
# - {name: recno_1, datatype: int64}
# - {name: SNR_1, datatype: string}
# - {name: RAJ2000_1, datatype: float64}
# - {name: DEJ2000_1, datatype: float64}
# - {name: MajDiam_1, datatype: float64}
# - {name: MinDiam_1, datatype: float64}
# - {name: u_MinDiam_1, datatype: string}
# - {name: type_1, datatype: string}
# - {name: l_S(1GHz)_1, datatype: string}
# - {name: S(1GHz)_1, datatype: float64}
# - {name: u_S(1GHz)_1, datatype: string}
# - {name: Sp-Index_1, datatype: float64}
# - {name: u_Sp-Index_1, datatype: string}
# - {name: Names_1, datatype: string}
# - {name: Source_1, datatype: int64}
# - {name: RA_ICRS, datatype: float64}
# - {name: DE_ICRS, datatype: float64}
# - {name: rgeo, datatype: float64}
# - {name: b_rgeo_x, datatype: float64}
# - {name: B_rgeo_xa, datatype: float64}
# - {name: rpgeo, datatype: float64}
# - {name: b_rpgeo_x, datatype: float64}
# - {name: B_rpgeo_xa, datatype: float64}
# - {name: Flag, datatype: int64}
# - {name: angDist_1, datatype: float64}
# - {name: recno_2, datatype: int64}
# - {name: SNR_2, datatype: string}
# - {name: RAJ2000_2, datatype: float64}
# - {name: DEJ2000_2, datatype: float64}
# - {name: MajDiam_2, datatype: float64}
# - {name: MinDiam_2, datatype: float64}
# - {name: u_MinDiam_2, datatype: string}
# - {name: type_2, datatype: string}
# - {name: l_S(1GHz)_2, datatype: string}
# - {name: S(1GHz)_2, datatype: float64}
# - {name: u_S(1GHz)_2, datatype: string}
# - {name: Sp-Index_2, datatype: float64}
# - {name: u_Sp-Index_2, datatype: string}
# - {name: Names_2, datatype: string}
# - {name: DR3Name, datatype: string}
# - {name: RAdeg, datatype: float64}
# - {name: DEdeg, datatype: float64}
# - {name: errHalfMaj, datatype: float64}
# - {name: errHalfMin, datatype: float64}
# - {name: errPosAng, datatype: float64}
# - {name: SolID, datatype: int64}
# - {name: Source_2, datatype: int64}
# - {name: RandomI, datatype: int64}
# - {name: e_RAdeg, datatype: float64}
# - {name: e_DEdeg, datatype: float64}
# - {name: Plx, datatype: float64}
# - {name: e_Plx, datatype: float64}
# - {name: RPlx, datatype: float64}
# - {name: PM, datatype: float64}
# - {name: pmRA, datatype: float64}
# - {name: e_pmRA, datatype: float64}
# - {name: pmDE, datatype: float64}
# - {name: e_pmDE, datatype: float64}
# - {name: RADEcor, datatype: float64}
# - {name: RAPlxcor, datatype: float64}
# - {name: RApmRAcor, datatype: float64}
# - {name: RApmDEcor, datatype: float64}
# - {name: DEPlxcor, datatype: float64}
# - {name: DEpmRAcor, datatype: float64}
# - {name: DEpmDEcor, datatype: float64}
# - {name: PlxpmRAcor, datatype: float64}
# - {name: PlxpmDEcor, datatype: float64}
# - {name: pmRApmDEcor, datatype: float64}
# - {name: NAL, datatype: int64}
# - {name: NAC, datatype: int64}
# - {name: NgAL, datatype: int64}
# - {name: NbAL, datatype: int64}
# - {name: gofAL, datatype: float64}
# - {name: chi2AL, datatype: float64}
# - {name: epsi, datatype: float64}
# - {name: sepsi, datatype: float64}
# - {name: Solved, datatype: int64}
# - {name: APF, datatype: bool}
# - {name: nueff, datatype: float64}
# - {name: pscol, datatype: float64}
# - {name: e_pscol, datatype: float64}
# - {name: RApscolCorr, datatype: float64}
# - {name: DEpscolCorr, datatype: float64}
# - {name: PlxpscolCorr, datatype: float64}
[...]
# - {name: DEJ2000_x, datatype: float64}
# - {name: e_RAJ2000, datatype: float64}
# - {name: e_DEJ2000, datatype: float64}
# - {name: RADEcorJ2000, datatype: float64}
# - {name: angDist_2, datatype: float64}
# schema: astropy-2.0
recno_1 SNR_1 RAJ2000_1 DEJ2000_1 MajDiam_1 MinDiam_1 u_MinDiam_1 type_1 l_S(1GHz)_1 S(1GHz)_1 u_S(1GHz)_1 Sp-Index_1 u_Sp-Index_1 Names_1 Source_1 RA_ICRS DE_ICRS rgeo b_rgeo_x B_rgeo_xa rpgeo b_rpgeo_x B_rpgeo_xa Flag angDist_1 recno_2 SNR_2 RAJ2000_2 DEJ2000_2 MajDiam_2 MinDiam_2 u_MinDiam_2 type_2 l_S(1GHz)_2 S(1GHz)_2 u_S(1GHz)_2 Sp-Index_2 u_Sp-Index_2 Names_2 DR3Name RAdeg DEdeg errHalfMaj errHalfMin errPosAng SolID Source_2 RandomI e_RAdeg e_DEdeg Plx e_Plx RPlx PM pmRA e_pmRA pmDE e_pmDE RADEcor RAPlxcor RApmRAcor RApmDEcor DEPlxcor DEpmRAcor DEpmDEcor PlxpmRAcor PlxpmDEcor pmRApmDEcor NAL NAC NgAL NbAL gofAL chi2AL epsi sepsi Solved APF nueff pscol e_pscol RApscolCorr DEpscolCorr PlxpscolCorr pmRApscolCorr pmDEpscolCorr MatchObsA Nper amax MatchObs IPDgofha IPDgofhp IPDfmp IPDfow RUWE Dup o_Gmag FG e_FG RFG Gmag e_Gmag o_BPmag FBP e_FBP RFBP BPmag e_BPmag o_RPmag FRP e_FRP RFRP RPmag e_RPmag E(BP/RP) NBPcont NBPblend NRPcont NRPblend Mode BP-RP BP-G G-RP RV e_RV n_RV o_RV o_RVd RVNper RVS/N RVgof RVchi2 RVTdur RVamp RVtempTeff RVtemplogg RVtemp[Fe/H] Vatmparam vbroad e_Vbroad o_Vbroad GRVSmag e_GRVSmag o_GRVSmag RVSS/N VarFlag PQSO PGal PSS Teff b_Teff_x B_Teff_xa logg b_logg_x B_logg_xa [Fe/H] b_[Fe/H]_x B_[Fe/H]_xa Dist b_Dist_x B_Dist_xa A0 b_A0_x B_A0_xa AG b_AG_x B_AG_xa E(BP-RP) b_E(BP-RP)_x B_E(BP-RP)_xa Lib RAJ2000_x DEJ2000_x e_RAJ2000 e_DEJ2000 RADEcorJ2000 angDist_2
4 G001.0-00.1 267.12499999999994 -28.149999999999995 8.0 "" "" S "" 15.0 "" 0.6 ? "" 4057633557926034816 267.12545981898 -28.1503607872 2572.13574 1250.06995 5079.41162 "" "" "" 10099 1.953775 4 G001.0-00.1 267.12499999999994 -28.149999999999995 8.0 "" "" S "" 15.0 "" 0.6 ? "" "Gaia DR3 4057633557926034816" 267.12545981898 -28.1503607872 0.0 0.0 63.0 1636148068921376768 4057633557926034816 1202543123 0.3667 0.2679 1.088 0.3599 3.0229 1.396 1.162 0.531 -0.774 0.34173453 0.4536 0.1276 0.1678 0.0647 -0.2631 -0.0124 -0.2303 -0.0702 0.1893 0.6039 238 0 237 1 -2.2069 196.35 0.0 0.0 95 False "" 1.3611 0.0831 -0.129 -0.062 0.144 -0.102 -0.101 27 13 0.804795 37 0.01358 167.4 0 51 0.898 0 245 298.47094 1.10764 269.467 19.500113 0.004881 0 "" "" "" "" "" 0 "" "" "" "" "" "" "" "" "" "" 2 "" "" "" "" "" "" "" "" "" "" "" "" "" "" "" "" "" "" "" "" "" "" "" "" "" NOT_AVAILABLE "" "" "" "" "" "" "" "" "" "" "" "" "" "" "" "" "" "" "" "" "" "" "" "" "" 267.12545396256 -28.15035734918 8.448023 5.535597 0.5991 1.953775
5 G001.4-00.1 267.4125 -27.766666666666666 10.0 "" "" S "" 2.0 ? "" ? "" 4057670047959302656 267.41250496766 -27.76674842906 4728.45508 2458.21484 8365.80371 6646.26709 4371.4751 10265.8594 10033 0.29477 5 G001.4-00.1 267.4125 -27.766666666666666 10.0 "" "" S "" 2.0 ? "" ? "" "Gaia DR3 4057670047959302656" 267.41250496766 -27.76674842906 0.001 0.0 60.0 1636148068921376768 4057670047959302656 1051771069 0.537 0.4028 0.2552 0.5605 0.4553 1.146 -1.144 0.698 0.072 0.39249605 0.5235 0.0413 -0.1183 -0.3074 0.1052 -0.2707 -0.7441 -0.4087 -0.1263 0.5244 312 0 309 3 -0.5589 338.5 0.0 0.0 95 False "" 1.0351 0.1077 0.165 0.153 0.359 -0.262 -0.304 36 15 1.048973 36 0.03363 5.134 0 0 0.976 0 307 220.36477 0.984746 223.778 19.829512 0.00558 30 44.3319 4.75089 9.33127 21.221752 0.116388 33 230.216 5.78377 39.8038 18.842556 0.027538 1.246 0.0 0.0 0.0 0.0 0 2.379196 1.392241 0.986956 "" "" "" "" "" "" "" "" "" "" "" "" "" "" "" "" "" "" "" "" "" "" NOT_AVAILABLE 0.0 0.0 0.999996 "" "" "" "" "" "" "" "" "" "" "" "" "" "" "" "" "" "" "" "" "" "" 267.41251071142 -27.76674874857 11.243851 6.585129 0.5287 0.29477
8 G003.8+00.3 268.22916666666663 -25.46666666666666 18.0 "" "" S? "" 3.0 ? 0.6 "" "" 4067385916820955392 268.22951801812 -25.46637117916 4765.27588 2958.10889 6670.76611 4165.59424 2863.10205 7386.67432 10033 1.560661 8 G003.8+00.3 268.22916666666663 -25.46666666666666 18.0 "" "" S? "" 3.0 ? 0.6 "" "" "Gaia DR3 4067385916826850560" 268.22882265225 -25.4667033994 0.003 0.001 48.0 1636148068921376768 4067385916826850560 42239077 2.2543 2.1408 "" "" "" "" "" "" "" "" 0.5573 "" "" "" "" "" "" "" "" "" 178 0 176 2 2.997 231.81 4.256 4.7211 3 False "" "" "" "" "" "" "" "" 21 9 5.641748 21 0.108 59.32 0 0 "" 0 176 87.94081 1.11374 78.9598 20.82689 0.014024 3 38.7367 16.9709 2.28253 21.368237 0.47568 8 163.026 9.34805 17.4396 19.217253 0.062372 2.294 0.0 0.0 0.0 2.0 1 2.150984 0.541346 1.609638 "" "" "" "" "" "" "" "" "" "" "" "" "" "" "" "" "" "" "" "" "" "" NOT_AVAILABLE 2e-06 4e-06 0.99959 "" "" "" "" "" "" "" "" "" "" "" "" "" "" "" "" "" "" "" "" "" "" 268.22882265225 -25.4667033994 2.254319 2.140783 0.5573 1.125911
10 G004.5+06.8 262.67499999999995 -21.48333333333333 3.0 "" "" S "" 19.0 "" 0.64 "" "Kepler, SN1604, 3C358" 4117915726102856704 262.67532458725 -21.48362912595 6299.23975 4620.4043 7667.37158 3793.67114 3069.79663 4644.04053 10033 1.521906 10 G004.5+06.8 262.67499999999995 -21.48333333333333 3.0 "" "" S "" 19.0 "" 0.64 "" "Kepler, SN1604, 3C358" "Gaia DR3 4117915726102856704" 262.67532458725 -21.48362912595 0.0 0.0 86.0 1636148068921376768 4117915726102856704 1247486889 0.1914 0.1362 0.3256 0.2123 1.5338 10.129 -10.114 0.252 -0.536 0.17062224 0.0528 -0.1763 -0.0981 -0.2067 -0.2016 -0.1732 -0.5048 -0.1908 0.1941 0.0497 300 0 299 1 0.1572 317.94 0.201 0.18634 95 False "" 1.3309 0.0418 -0.053 0.062 0.033 -0.07 -0.114 34 17 0.351466 34 0.02464 179.9 0 0 1.005 0 296 643.90478 1.7797 361.804 18.665312 0.004074 29 315.238 8.00127 39.3985 19.091946 0.027699 29 1007.18 11.9279 84.4387 17.240131 0.013402 2.054 0.0 29.0 0.0 29.0 0 1.851814 0.426634 1.42518 "" "" "" "" "" "" "" "" "" "" "" "" "" "" "" "" "" "" "" "" "" "" NOT_AVAILABLE 0.0 0.0 0.999998 "" "" "" "" "" "" "" "" "" "" "" "" "" "" "" "" "" "" "" "" "" "" 262.67537289641 -21.48362674581 4.05206 2.801201 0.0661 1.521906
15 G005.9+03.1 266.8333333333333 -22.266666666666666 20.0 "" "" S "" 3.3 ? 0.4 ? "" 4117030206952579584 266.83387872276 -22.26678920192 1976.73413 1668.11353 2491.48999 1727.91919 1558.36658 2025.22571 10033 1.869772 15 G005.9+03.1 266.8333333333333 -22.266666666666666 20.0 "" "" S "" 3.3 ? 0.4 ? "" "Gaia DR3 4117030206952579584" 266.83387872276 -22.26678920192 0.0 0.0 78.0 1636148068921376768 4117030206952579584 261886485 0.0757 0.0575 0.5304 0.0895 5.9283 4.697 -3.321 0.089 -3.321 0.05580588 0.1285 -0.1308 -0.025 -0.0029 -0.2397 0.0967 -0.7029 -0.2964 0.3303 0.0517 359 0 357 2 2.2976 457.5 0.21 1.6688 95 False "" 1.3556 0.0149 0.07 0.001 -0.252 0.126 -0.204 41 15 0.125624 43 0.0523 4.831 1 0 1.087 0 357 3198.3826 2.72938 1171.83 16.925041 0.002907 40 1092.47 10.0261 108.963 17.742516 0.010348 39 3464.43 16.7449 206.895 15.898817 0.006467 1.425 0.0 40.0 0.0 39.0 0 1.843699 0.817474 1.026224 "" "" "" "" "" "" "" "" "" "" "" "" "" "" "" "" "" "" "" "" "" "" NOT_AVAILABLE 0.0 0.0 0.999999 9590.8 9000.0 9736.6 4.3405 4.2796 4.3801 -0.5574 -1.2611 -0.4242 2017.0187 1882.0369 2151.606 4.0964 3.9886 4.1221 3.371 3.2658 3.3951 1.8531 1.7941 1.8662 A 266.83389467418 -22.26677444261 1.434518 0.934177 0.0439 1.869772
16 G006.1+00.5 269.3708333333333 -23.416666666666664 18.0 12.0 "" S "" 4.5 "" 0.9 "" "" 4069314460246349696 269.37085484882 -23.41699871116 4311.51562 2675.93994 6851.43848 "" "" "" 10099 1.197471 16 G006.1+00.5 269.3708333333333 -23.416666666666664 18.0 12.0 "" S "" 4.5 "" 0.9 "" "" "Gaia DR3 4069314460246349696" 269.37085484882 -23.41699871116 0.0 0.0 65.0 1636148068921376768 4069314460246349696 145848020 0.3011 0.2491 0.0277 0.3878 0.0713 2.216 -1.34 0.391 -1.765 0.25378633 0.2272 -0.136 0.088 0.0606 -0.4301 0.307 -0.4877 -0.4004 0.4227 0.0096 213 0 212 1 -1.7149 206.89 0.0 0.0 95 False "" 1.103 0.0785 0.037 -0.113 0.095 -0.049 -0.021 24 12 0.565394 24 0.1534 5.442 0 0 0.915 0 207 358.79518 1.33671 268.418 19.300251 0.004894 0 "" "" "" "" "" 0 "" "" "" "" "" "" "" "" "" "" 2 "" "" "" "" "" "" "" "" "" "" "" "" "" "" "" "" "" "" "" "" "" "" "" "" "" NOT_AVAILABLE "" "" "" "" "" "" "" "" "" "" "" "" "" "" "" "" "" "" "" "" "" "" "" "" "" 269.37086134079 -23.41699086594 6.243085 4.187734 -0.0112 1.197471
19 G006.4+04.0 266.29166666666663 -21.366666666666664 31.0 "" "" S "" 1.3 ? 0.4 ? "" 4117324394939574144 266.29153211926 -21.36698617942 7812.48877 5485.38965 10625.1777 "" "" "" 10099 1.235531 19 G006.4+04.0 266.29166666666663 -21.366666666666664 31.0 "" "" S "" 1.3 ? 0.4 ? "" "Gaia DR3 4117324394939574144" 266.29153211926 -21.36698617942 0.0 0.0 77.0 1636148068921376768 4117324394939574144 1764223225 0.1753 0.1297 -0.3694 0.1972 -1.8731 5.29 -3.698 0.227 -3.783 0.13576852 0.1499 -0.1059 -0.0909 -0.0329 -0.1991 -0.0548 -0.6971 -0.0193 0.3151 0.2451 433 0 430 3 1.861 528.61 0.544 1.9678 95 False "" 1.2854 0.0367 0.006 0.01 -0.064 0.065 -0.169 49 19 0.320558 49 0.04126 19.58 1 24 1.064 0 424 702.28753 1.30383 538.634 18.57108 0.003414 0 "" "" "" "" "" 0 "" "" "" "" "" "" "" "" "" "" 2 "" "" "" "" "" "" "" "" "" "" "" "" "" "" "" "" "" "" "" "" "" "" "" "" "" NOT_AVAILABLE "" "" "" "" "" "" "" "" "" "" "" "" "" "" "" "" "" "" "" "" "" "" "" "" "" 266.2915497697 -21.36696936777 3.659135 2.264614 0.2389 1.235531
25 G008.7-05.0 276.04166666666663 -23.8 26.0 "" "" S "" 4.4 "" 0.3 "" "" 4089333573534724992 276.0420077519 -23.80003743951 6003.79541 4108.97266 8620.58984 6100.03076 5011.22803 7164.77979 10033 1.131541 25 G008.7-05.0 276.04166666666663 -23.8 26.0 "" "" S "" 4.4 "" 0.3 "" "" "Gaia DR3 4089333573534724992" 276.0420077519 -23.80003743951 0.001 0.0 53.0 1636148068921376768 4089333573534724992 1104027598 0.6168 0.554 -2.7316 0.7285 -3.7494 8.637 1.883 0.767 -8.429 0.5340797 0.3598 -0.1056 0.021 -0.3699 -0.3831 -0.2021 -0.3945 -0.3421 0.1423 0.3178 149 0 147 2 10.6207 435.58 2.965 13.652 95 False "" 1.3024 0.172 0.071 0.099 -0.017 -0.329 -0.241 17 13 1.125622 17 0.3236 122.3 12 0 1.692 0 147 332.51507 7.95915 41.7777 19.38284 0.026134 14 189.908 12.4089 15.3042 19.642181 0.070998 15 474.464 21.1851 22.3961 18.057388 0.048626 1.998 0.0 14.0 0.0 15.0 0 1.584793 0.259342 1.325451 "" "" "" "" "" "" "" "" "" "" "" "" "" "" "" "" "" "" "" "" "" "" NOT_AVAILABLE 0.0 0.0 0.999998 "" "" "" "" "" "" "" "" "" "" "" "" "" "" "" "" "" "" "" "" "" "" 276.04199860505 -23.7999999774 12.272758 8.778606 0.3413 1.131541
47 G014.3+00.1 273.9916666666666 -16.45 5.0 4.0 "" S "" 0.6 "" 0.4 "" "" 4097646362308916736 273.99185806825 -16.44985194393 2357.32617 1432.20764 3627.16626 4367.84619 3741.34717 5061.50244 10033 0.849001 47 G014.3+00.1 273.9916666666666 -16.45 5.0 4.0 "" S "" 0.6 "" 0.4 "" "" "Gaia DR3 4097646362308916736" 273.99185806825 -16.44985194393 0.0 0.0 59.0 1636148068921376768 4097646362308916736 772723442 0.4097 0.3656 0.9123 0.3973 2.2961 3.319 -0.562 0.542 -3.271 0.44982886 0.2203 -0.0266 0.4624 0.128 -0.3266 0.0672 0.3139 -0.0614 -0.0017 0.4506 171 0 170 1 4.2633 290.08 1.66 4.207 95 False "" 1.1974 0.0789 -0.107 0.157 0.018 -0.255 -0.082 20 13 0.860164 23 0.02757 17.6 0 0 1.242 0 187 402.8205 1.45551 276.755 19.174587 0.004794 12 27.024 3.65761 7.38843 21.759167 0.146977 21 658.091 11.4498 57.4762 17.70218 0.019265 1.701 0.0 0.0 0.0 0.0 0 4.056986 2.584579 1.472406 "" "" "" "" "" "" "" "" "" "" "" "" "" "" "" "" "" "" "" "" "" "" NOT_AVAILABLE 0.0 0.0 1.0 "" "" "" "" "" "" "" "" "" "" "" "" "" "" "" "" "" "" "" "" "" "" 273.99186067088 -16.44983740515 8.486718 7.090997 0.4579 0.849001
49 G015.4+00.1 274.50833333333327 -15.449999999999998 15.0 14.0 "" C? "" 5.6 "" 0.62 "" "" 4146137543825177088 274.50809921198 -15.45041572165 2101.42407 1574.47168 3085.09521 2025.94067 1637.49438 2504.13257 10033 1.70287 49 G015.4+00.1 274.50833333333327 -15.449999999999998 15.0 14.0 "" C? "" 5.6 "" 0.62 "" "" "Gaia DR3 4146137543825177088" 274.50809921198 -15.45041572165 0.0 0.0 51.0 1636148068921376768 4146137543825177088 188109100 0.1496 0.136 0.5457 0.1468 3.7164 4.794 4.727 0.172 -0.8 0.13546361 0.4886 -0.0866 -0.1512 -0.4326 -0.3488 -0.3801 -0.4889 -0.0411 0.0848 0.4298 210 0 210 0 -0.9832 196.71 0.0 0.0 95 False "" 1.3598 0.0357 -0.147 -0.147 0.047 -0.024 0.041 24 17 0.276844 24 0.05801 177.5 0 0 0.95 0 208 1108.06889 1.83737 603.073 18.07595 0.003291 24 361.541 7.94363 45.5134 18.943148 0.024018 22 1061.36 10.4754 101.319 17.183239 0.011363 1.284 0.0 1.0 0.0 0.0 0 1.759909 0.867197 0.892712 "" "" "" "" "" "" "" "" "" "" "" "" "" "" "" "" "" "" "" "" "" "" NOT_AVAILABLE 0.0 0.0 0.99999 3936.7 3882.6 4030.0 4.7166 4.5673 4.7809 -0.9331 -1.0905 -0.6889 762.2383 698.2057 1024.7513 0.3864 0.2862 0.527 0.2785 0.2063 0.3813 0.1497 0.1109 0.2048 PHOENIX 274.5080774148 -15.45041216479 2.783211 2.237042 0.4595 1.70287
62 G018.9-01.1 277.4583333333333 -12.966666666666663 33.0 "" "" C? "" 37.0 "" 0.39 "" "" 4104877614123571712 277.45880653737 -12.96670477614 5353.18604 2888.95557 9299.44531 7526.4043 5091.04883 13280.0898 10033 1.665755 62 G018.9-01.1 277.4583333333333 -12.966666666666663 33.0 "" "" C? "" 37.0 "" 0.39 "" "" "Gaia DR3 4104877614123571712" 277.45880653737 -12.96670477614 0.001 0.0 52.0 1636148068921376768 4104877614123571712 1423363032 0.4536 0.4166 0.3858 0.4835 0.798 2.25 0.44 0.542 -2.207 0.45257446 0.3223 -0.0843 -0.195 -0.0177 -0.2687 0.0413 -0.2492 -0.3095 -0.0315 0.2794 188 0 187 1 2.9877 256.04 1.833 3.1541 95 False "" 1.3709 0.1147 -0.178 0.063 0.018 0.011 -0.174 22 14 0.807275 22 0.2507 76.62 11 0 1.159 0 185 272.75067 2.96829 91.8882 19.597952 0.012133 20 68.23 6.00685 11.3587 20.753605 0.095627 20 503.663 10.8563 46.3936 17.992544 0.023706 2.097 0.0 20.0 0.0 20.0 0 2.761061 1.155653 1.605408 "" "" "" "" "" "" "" "" "" "" "" "" "" "" "" "" "" "" "" "" "" "" NOT_AVAILABLE 0.0 0.0 0.999993 "" "" "" "" "" "" "" "" "" "" "" "" "" "" "" "" "" "" "" "" "" "" 277.45880452897 -12.96669496776 8.7766 7.356087 0.2715 1.665755
63 G019.1+00.2 276.2333333333333 -12.116666666666664 27.0 "" "" S "" 10.0 "" 0.5 "" "" 4153196202293424128 276.23343286932 -12.11705019882 3989.40918 2424.72168 5598.51416 7784.65186 6750.50439 8971.3584 20033 1.424471 63 G019.1+00.2 276.2333333333333 -12.116666666666664 27.0 "" "" S "" 10.0 "" 0.5 "" "" "Gaia DR3 4153196202293424128" 276.23343286932 -12.11705019882 0.002 0.001 46.0 1636148068921376768 4153196202293424128 26064222 1.3651 1.3419 0.0254 1.0008 0.0254 4.405 0.93 1.865 -4.306 1.4904988 0.7813 -0.3561 -0.6527 -0.6173 -0.4642 -0.5324 -0.7424 0.0964 0.2116 0.6751 144 0 142 2 1.336 176.49 2.215 1.4526 95 False "" 1.01 0.2264 -0.214 -0.15 0.251 0.126 0.099 17 12 3.348363 17 0.09483 176.2 0 0 1.08 0 142 128.77673 1.03572 124.336 20.412773 0.009157 3 16.1466 3.22191 5.01148 22.318342 0.216668 7 367.985 26.037 14.1331 18.33332 0.076915 2.983 0.0 0.0 0.0 1.0 1 3.985022 1.905569 2.079453 "" "" "" "" "" "" "" "" "" "" "" "" "" "" "" "" "" "" "" "" "" "" NOT_AVAILABLE 0.0 0.0 0.999999 "" "" "" "" "" "" "" "" "" "" "" "" "" "" "" "" "" "" "" "" "" "" 276.23342864285 -12.11703106299 30.744916 24.860475 0.6845 1.424471
65 G021.0-00.4 277.79999999999995 -10.783333333333331 9.0 7.0 "" S "" 1.1 "" 0.6 "" "" 4154911234277658112 277.7996119536 -10.78295231781 2385.46655 1831.46472 3079.71484 2336.98535 2008.52148 3154.90601 10033 1.94027 65 G021.0-00.4 277.79999999999995 -10.783333333333331 9.0 7.0 "" S "" 1.1 "" 0.6 "" "" "Gaia DR3 4154911234277658112" 277.7996119536 -10.78295231781 0.0 0.0 50.0 1636148068921376768 4154911234277658112 651218243 0.1447 0.1385 0.515 0.1563 3.2956 8.514 -4.622 0.178 -7.15 0.15036768 0.2288 0.0305 -0.317 -0.0686 -0.2798 0.0161 -0.4201 -0.2512 0.0963 0.142 239 0 239 0 0.0961 301.94 0.379 0.94506 31 False 1.155 "" "" "" "" "" "" "" 27 15 0.258747 27 0.00893 24.28 0 0 1.003 0 232 881.96833 1.7091 516.042 18.323734 0.003467 19 40.2028 6.0828 6.60926 21.3279 0.164299 23 1527.43 9.93007 153.818 16.787994 0.008007 1.777 0.0 3.0 0.0 1.0 0 4.539906 3.004166 1.53574 "" "" "" "" "" "" "" "" "" "" "" "" "" "" "" "" "" "" "" "" "" "" NOT_AVAILABLE 0.0 0.0 1.0 4713.0 4589.2 4857.0 1.5256 1.3292 1.8095 -1.4157 -1.5095 -1.2903 6289.152 4805.9487 7425.47 9.9745 9.924 9.995 6.2227 6.1802 6.2582 3.6479 3.6192 3.6698 PHOENIX 277.79963286695 -10.78292053991 2.897702 2.467246 0.1392 1.94027
70 G023.3-00.3 278.68749999999994 -8.799999999999999 27.0 "" "" S "" 70.0 "" 0.5 "" W41 4156327435315015424 278.68721127875 -8.79972385846 3270.53979 2150.88892 6768.1543 2671.10181 1446.80029 3613.39258 11133 1.429446 70 G023.3-00.3 278.68749999999994 -8.799999999999999 27.0 "" "" S "" 70.0 "" 0.5 "" W41 "Gaia DR3 4156327435315015424" 278.68721127875 -8.79972385846 0.001 0.0 44.0 1636148068921376768 4156327435315015424 998932677 0.5183 0.5264 0.9718 0.4361 2.2281 1.44 1.419 0.697 0.247 0.67086726 0.6476 0.0611 -0.5694 -0.4171 -0.1892 -0.356 -0.5567 -0.2846 -0.2616 0.5643 150 0 149 1 -1.0747 146.73 0.0 0.0 95 False "" 1.0874 0.1074 -0.123 0.025 0.144 -0.186 -0.207 17 12 1.263622 17 0.0232 24.19 0 0 0.935 0 148 264.92703 1.09283 242.422 19.62955 0.005258 15 53.4775 6.57695 8.13106 21.018114 0.133559 14 294.173 8.46418 34.7551 18.576387 0.031467 1.312 0.0 2.0 0.0 0.0 0 2.441727 1.388563 1.053164 "" "" "" "" "" "" "" "" "" "" "" "" "" "" "" "" "" "" "" "" "" "" NOT_AVAILABLE 0.0 0.0 0.999991 "" "" "" "" "" "" "" "" "" "" "" "" "" "" "" "" "" "" "" "" "" "" 278.68720489815 -8.79972495441 11.449794 11.035628 0.5706 1.429446
