SySt-PS-Gaia.ecsv
# %ECSV 1.0
# ---
# datatype:
# - {name: recno, datatype: int64}
# - {name: Name, datatype: string}
# - {name: OName, datatype: string}
# - {name: Ref, datatype: string}
# - {name: n_Name, datatype: string}
# - {name: RAJ2000, datatype: float64}
# - {name: DEJ2000, datatype: float64}
# - {name: Jmag, datatype: float64}
# - {name: e_Jmag, datatype: float64}
# - {name: Hmag, datatype: float64}
# - {name: e_Hmag, datatype: float64}
# - {name: Ksmag, datatype: float64}
# - {name: e_Ksmag, datatype: float64}
# - {name: W1mag, datatype: float64}
# - {name: e_W1mag, datatype: float64}
# - {name: W2mag, datatype: float64}
# - {name: e_W2mag, datatype: float64}
# - {name: W3mag, datatype: float64}
# - {name: e_W3mag, datatype: float64}
# - {name: W4mag, datatype: float64}
# - {name: e_W4mag, datatype: float64}
# - {name: Old, datatype: string}
# - {name: New, datatype: string}
# - {name: TBB, datatype: float64}
# - {name: e_TBB, datatype: float64}
# - {name: Tdust1, datatype: float64}
# - {name: e_Tdust1, datatype: float64}
# - {name: Tdust2, datatype: float64}
# - {name: e_Tdust2, datatype: float64}
# - {name: Tdust3, datatype: float64}
# - {name: Tcool, datatype: float64}
# - {name: Peak, datatype: float64}
# - {name: e_Peak, datatype: float64}
# - {name: TGaia, datatype: float64}
# - {name: Dist, datatype: float64}
# - {name: b_Dist, datatype: float64}
# - {name: B_Dist, datatype: float64}
# - {name: OVI, datatype: string}
# - {name: OVI2, datatype: string}
# - {name: r_OVI, datatype: string}
# - {name: r_OVI2, datatype: string}
# - {name: X-ray, datatype: string}
# - {name: SimbadName, datatype: string}
# - {name: objID, datatype: int64}
# - {name: RAJ2000_x, datatype: float64}
# - {name: DEJ2000_x, datatype: float64}
# - {name: errHalfMaj, datatype: float64}
# - {name: errHalfMin, datatype: float64}
# - {name: errPosAng, datatype: float64}
# - {name: f_objID, datatype: int64}
# - {name: Qual, datatype: int64}
# - {name: Epoch, datatype: float64}
# - {name: Ns, datatype: int64}
# - {name: Nd, datatype: int64}
# - {name: gmag, datatype: float64}
# - {name: e_gmag, datatype: float64}
# - {name: gKmag, datatype: float64}
# - {name: e_gKmag, datatype: float64}
# - {name: gFlags, datatype: int64}
# - {name: rmag, datatype: float64}
# - {name: e_rmag, datatype: float64}
# - {name: rKmag, datatype: float64}
# - {name: e_rKmag, datatype: float64}
# - {name: rFlags, datatype: int64}
# - {name: imag, datatype: float64}
# - {name: e_imag, datatype: float64}
# - {name: iKmag, datatype: float64}
# - {name: e_iKmag, datatype: float64}
# - {name: iFlags, datatype: int64}
# - {name: zmag, datatype: float64}
# - {name: e_zmag, datatype: float64}
# - {name: zKmag, datatype: float64}
# - {name: e_zKmag, datatype: float64}
# - {name: zFlags, datatype: int64}
# - {name: ymag, datatype: float64}
# - {name: e_ymag, datatype: float64}
# - {name: yKmag, datatype: float64}
# - {name: e_yKmag, datatype: float64}
# - {name: yFlags, datatype: int64}
# - {name: angDist, datatype: float64}
# - {name: Plx, datatype: float64}
# - {name: e_Plx, datatype: float64}
# - {name: Gmag, datatype: float64}
# - {name: e_Gmag, datatype: float64}
# - {name: BPmag, datatype: float64}
# - {name: e_BPmag, datatype: float64}
# - {name: RPmag, datatype: float64}
# - {name: e_RPmag, datatype: float64}
# - {name: BP-RP, datatype: float64}
# - {name: BP-G, datatype: float64}
# - {name: G-RP, datatype: float64}
# - {name: Teff, datatype: float64}
# schema: astropy-2.0
recno Name OName Ref n_Name RAJ2000 DEJ2000 Jmag e_Jmag Hmag e_Hmag Ksmag e_Ksmag W1mag e_W1mag W2mag e_W2mag W3mag e_W3mag W4mag e_W4mag Old New TBB e_TBB Tdust1 e_Tdust1 Tdust2 e_Tdust2 Tdust3 Tcool Peak e_Peak TGaia Dist b_Dist B_Dist OVI OVI2 r_OVI r_OVI2 X-ray SimbadName objID RAJ2000_x DEJ2000_x errHalfMaj errHalfMin errPosAng f_objID Qual Epoch Ns Nd gmag e_gmag gKmag e_gKmag gFlags rmag e_rmag rKmag e_rKmag rFlags imag e_imag iKmag e_iKmag iFlags zmag e_zmag zKmag e_zKmag zFlags ymag e_ymag yKmag e_yKmag yFlags angDist Plx e_Plx Gmag e_Gmag BPmag e_BPmag RPmag e_RPmag BP-RP BP-G G-RP Teff
[from data line 56]
165 "PN Th 3-31" "" 101,102 "" 263.5700416666666 -29.48666666666666 9.74 0.03 8.53 0.07 7.95 0.03 7.26 0.03 7.39 0.02 6.9 0.02 6.18 0.08 S S 2335.0 50.0 "" "" "" "" "" 3344.0 1.24 0.02 3354.0 "" "" "" C X 3 39 "" "PN Th  3-31" 72612635700436256 263.5700167 -29.48673237 0.025 0.018 0.0 637853696 76 56063.92113426 6 66 18.1978 0.053 18.2662 0.077 16696 15.7886 0.0015 15.8073 0.0103 16696 12.892 "" "" "" 16420 11.956 "" "" "" 114724 11.475 "" "" "" 32804 0.249136 0.0204 0.0852 14.794005 0.00795 17.498966 0.083312 13.277522 0.017148 4.221444 2.704961 1.516483 4079.0
166 "M 1-21" "" 101,102 "" 263.57174999999995 -19.156388888888888 8.66 0.02 7.6 0.07 7.1 0.03 6.85 0.05 6.89 0.02 6.42 0.02 5.74 0.05 S S 2668.0 71.0 "" "" "" "" "" 3524.0 1.09 0.03 "" 6867.0 4499.0 10742.0 C "" 1,3,39 "" "" "PN M  1-21" 85012635717742731 263.57173064 -19.15635223 0.043 0.027 90.0 906289152 108 55886.31135417 2 67 14.5639 0.0035 14.6026 0.0029 115000 12.682 "" "" "" 114724 11.538 "" "" "" 16420 10.744 "" "" "" 4 10.326 "" "" "" 16420 0.147482 -0.0188 0.0537 12.748127 0.00671 14.452334 0.031868 11.388174 0.014962 3.06416 1.704207 1.359953 ""
167 357.98+01.57 "" 110 "" 263.6479166666666 -29.806111111111107 10.02 0.03 8.68 0.03 8.07 0.04 7.62 0.03 7.66 0.02 6.96 0.02 5.55 0.06 S S 2362.0 80.0 "" "" "" "" "" 3358.0 1.23 0.03 3294.0 "" "" "" C "" 12 "" "" "2MASS J17343548-2948221" 72232636477952861 263.64780137 -29.80619536 0.006 0.004 0.0 503635968 60 56070.06381944 5 49 19.4822 0.0221 19.6224 0.0399 115000 16.9522 0.016 17.0405 0.0225 115000 14.887 0.0035 14.925 0.0028 114992 13.4116 0.0054 13.4126 0.0009 16892208 12.3756 0.0016 12.4287 0.0029 16892216 0.470854 0.1257 0.0934 15.145266 0.006582 18.146006 0.077469 13.607413 0.014599 4.538592 3.00074 1.537852 3882.3
168 "Hen 2-251" "" 101,102 "" 263.8426666666666 -29.755499999999994 10.42 0.02 8.63 0.03 6.95 0.02 4.63 0.18 3.61 0.23 1.72 0.02 0.3 0.02 D D "" "" 999.0 51.0 389.0 31.0 "" "" 2.9 0.08 "" 7327.0 4836.0 11422.0 C "" 1,33,39 "" "" "Hen 2-251" 72292638426293651 263.84263387 -29.75552748 0.004 0.003 0.0 503635968 60 56001.42476852 10 67 18.8554 0.0117 18.9607 0.0203 115000 15.6831 0.0388 15.7599 0.0432 115000 15.9459 0.0102 15.8947 0.0364 16892208 14.6223 0.0281 14.6399 0.0092 16892216 14.241 0.0078 14.2208 0.0004 16892216 0.142454 0.0426 0.0745 15.810367 0.004572 16.866291 0.014049 14.594916 0.011797 2.271375 1.055924 1.21545 ""
169 "NSV 22840" "" 110 "" 263.99362499999995 -28.83169444444444 10.5 0.02 9.2 0.02 8.65 0.02 8.21 0.02 8.19 0.02 7.63 0.03 7.1 0.13 S S 2393.0 67.0 "" "" "" "" "" 3375.0 1.21 0.03 3701.0 5798.0 3616.0 9787.0 X "" 12 "" "" "NSV 22840" 73402639936402260 263.99365007 -28.83173002 0.024 0.004 90.0 503635968 60 56025.14416667 6 62 18.4755 0.0479 18.5804 0.0687 16696 16.7575 0.0166 16.8195 0.0234 16696 13.7617 0.1092 13.9056 0.0081 115000 12.956 "" "" "" 16420 12.3614 0.0072 12.3283 0.0051 16793912 0.150511 0.0041 0.0758 15.01335 0.003666 17.363464 0.019701 13.553185 0.007943 3.810279 2.350115 1.460164 7238.6
170 "PN Pt 1" "" 101,102 "" 264.7064583333333 -23.901499999999995 10.09 0.02 8.91 0.02 8.49 0.02 8.24 0.02 8.21 0.02 7.86 0.02 7.16 0.13 S S 2643.0 87.0 "" "" "" "" "" 3510.0 1.1 0.03 4704.0 6107.0 4363.0 9121.0 C "" 1,3 "" "" "PN Pt    1" 79312647064348091 264.70642155 -23.90187593 0.115 0.067 90.0 235200512 28 55965.18395833 6 63 16.4177 0.0456 16.4692 0.0608 115000 14.4046 0.0001 14.4594 0.008 16892216 13.163 "" "" "" 36 12.291 "" "" "" 114724 11.838 "" "" "" 98340 1.358752 0.0972 0.1184 17.693266 0.003126 "" "" "" "" "" "" "" ""
172 "K 6-6" "" 101,102 "" 264.8261666666666 -28.252361111111107 9.42 0.03 8.2 0.04 7.52 0.02 6.69 0.05 6.36 0.02 5.23 0.02 4.5 0.03 S S 1782.0 77.0 "" "" "" "" "" 3075.0 1.63 0.04 "" 4077.0 2542.0 7486.0 C "" 39 "" "" "PN K  6-6" 74092648261117469 264.82611545 -28.25233845 0.014 0.008 90.0 503635968 60 56108.28693287 4 89 18.073 0.0057 18.1973 0.0086 115000 15.1951 0.0078 15.2449 0.0016 115000 15.1651 0.0206 15.2215 0.0206 16892216 12.38 "" "" "" 114724 11.715 "" "" "" 4 0.181752 0.0705 0.0415 14.423467 0.019634 15.917304 0.016399 13.057474 0.063258 2.85983 1.493837 1.365993 ""
173 "RT Ser" "" 101,102 "" 264.9665833333333 -11.944166666666664 8.39 0.02 7.34 0.06 6.88 0.03 6.77 0.07 6.62 0.02 6.14 0.01 5.42 0.04 S S 2650.0 68.0 "" "" "" "" "" 3514.0 1.09 0.03 3348.0 3683.0 2671.0 6177.0 C "" 1,3 "" "" "V* RT Ser" 93662649664737569 264.96660236 -11.9441455 0.01 0.007 0.0 637853696 76 55929.19179398 7 55 15.3532 0.0783 15.402 0.0932 115000 12.569 "" "" "" 98340 11.387 "" "" "" 32804 10.552 "" "" "" 16420 10.121 "" "" "" 32804 0.101475 0.2354 0.0379 12.38401 0.008142 14.717349 0.030202 10.971488 0.021368 3.745861 2.333339 1.412522 3774.4
174 359.76+01.15 "" 110 "" 265.14416666666665 -28.52805555555555 9.65 0.03 8.1 0.04 7.2 0.02 5.94 0.07 5.75 0.05 4.85 0.02 3.66 0.03 S S+IR 1756.0 36.0 328.0 24.0 "" "" "" 3064.0 1.65 0.02 3363.0 7399.0 4728.0 11717.0 X "" 12 "" "" "2MASS J17403463-2831411" 73762651442766543 265.1442821 -28.52810079 0.005 0.003 0.0 503635968 60 55959.76150463 5 96 20.1647 0.0197 20.2764 0.0391 115000 16.8874 0.0329 16.9771 0.0625 115000 15.4207 0.041 15.4353 0.057 115000 12.72 "" "" "" 114724 11.954 "" "" "" 114724 0.399774 0.0496 0.0685 15.496964 0.01852 18.366955 0.017781 13.93517 0.062993 4.431785 2.86999 1.561794 4309.1
177 2MASSJ17422035-2401162 "" 112 "" 265.5848333333333 -24.02119444444444 10.2 0.02 9.0 0.03 8.44 0.02 8.26 0.02 8.23 0.02 7.56 0.02 6.69 0.08 S S 2525.0 94.0 "" "" "" "" "" 3445.0 1.15 0.04 "" "" "" "" C "" 13 "" "" "2MASS J17422035-2401162" 79172655847994831 265.58478192 -24.02122973 0.006 0.005 90.0 637853696 76 56073.85927083 6 64 17.4319 0.0085 17.4252 0.018 16892208 15.1056 0.0046 15.1265 0.0035 280 14.9129 0.0329 14.9185 0.0256 16777496 12.604 "" "" "" 98340 12.4127 0.0122 12.3829 0.0021 115256 0.211464 -0.0385 0.0496 15.049727 0.012985 17.217072 0.055821 13.608794 0.031249 3.608277 2.167344 1.440933 ""
178 "UU Ser" "" 101,102 "" 265.65954166666666 -15.407277777777775 10.48 0.02 9.52 0.02 9.12 0.03 9.1 0.02 9.06 0.02 8.33 0.03 7.72 0.19 S S 2899.0 142.0 "" "" "" "" "" 3658.0 1.0 0.05 3666.0 6596.0 5204.0 8756.0 C X 39 3 "" "V* UU Ser" 89512656595691584 265.65952993 -15.40727514 0.054 0.012 90.0 503635968 60 55789.24476852 6 54 15.0515 0.1226 15.0372 0.052 16892216 13.2076 0.0 13.1316 0.0 16794168 12.772 "" "" "" 16420 12.215 "" "" "" 114724 11.904 "" "" "" 16420 0.041826 0.0336 0.0309 13.685019 0.009868 14.767568 0.066947 12.521641 0.017065 2.245927 1.082549 1.163378 3483.9
179 "V2110 Oph" "" 101,102 "" 265.8888333333333 -22.760277777777773 9.8 0.02 8.39 0.05 7.64 0.02 7.14 0.04 6.86 0.02 5.7 0.02 5.06 0.04 S/D S 1956.0 101.0 "" "" "" "" "" 3156.0 1.48 0.05 3289.0 "" "" "" X "" 1,3 "" "" "V* V2110 Oph" 80682658888358027 265.88882029 -22.76027093 0.003 0.003 0.0 503635968 60 56011.13618056 4 81 20.6653 0.05 18.1206 0.0307 115000 16.3645 0.0626 16.4677 0.0487 115000 15.0794 0.0002 15.1456 0.002 280 13.1436 0.0734 13.138 0.0234 115000 12.0206 0.0752 12.0128 0.0312 115000 0.049825 0.079 0.1495 17.101583 0.013006 20.40312 0.115814 15.366462 0.037595 5.036658 3.301537 1.735122 3899.1
181 "K 5-33" "" 110 "" 266.124625 -27.34466666666666 14.45 0.12 12.8 0.08 11.24 0.04 8.7 0.03 7.24 0.02 3.25 0.01 0.68 0.01 D D' 1137.0 148.0 598.0 "" 194.0 "" "" "" 2.55 0.33 "" "" "" "" C "" 12 "" "" "PN K  5-33" 75182661247626830 266.12477367 -27.34455807 0.009 0.007 0.0 512024576 61 55946.07811343 5 78 19.7367 0.0121 19.7267 0.0285 115000 18.0817 0.0089 18.002 0.0173 16892216 18.2213 0.0097 18.1583 0.0214 16892216 17.589 0.0106 17.5101 0.016 16892216 16.2853 0.0226 16.2568 0.008 16892216 0.61551 0.2791 0.3357 18.634098 0.005836 18.982267 0.017799 17.10204 0.013182 1.880228 0.348169 1.532059 ""
187 2MASSJ17463311-2419558 "" 112 "" 266.6379583333333 -24.332166666666662 9.86 0.02 8.51 0.06 7.91 0.03 7.48 0.03 7.47 0.02 5.97 0.02 4.73 0.03 S S+IR 2206.0 151.0 301.0 17.0 "" "" "" 3278.0 1.31 0.08 3696.0 6420.0 4354.0 9858.0 X "" 13 "" "" "2MASS J17463311-2419558" 78802666380001716 266.63797358 -24.33216324 0.014 0.011 0.0 503635968 60 56142.73502315 4 65 18.8385 0.0098 18.8514 0.0126 115000 15.7189 0.0274 15.8128 0.0026 280 14.6024 0.0014 14.6256 0.0015 16892208 12.484 "" "" "" 114724 11.895 "" "" "" 114724 0.051511 0.1411 0.0522 15.083707 0.009379 17.620523 0.056366 13.556667 0.021234 4.063856 2.536817 1.52704 ""
191 JaSt2-6 "" 110 "" 267.5077083333333 -29.55711111111111 10.89 0.02 8.13 0.03 6.16 0.02 3.5 0.26 2.73 0.33 0.28 0.1 -0.89 0.01 D D "" "" 840.0 19.0 218.0 16.0 "" "" 3.45 0.03 "" "" "" "" "" "" "" "" "" "JaSt2  6" 72532675077131768 267.50766701 -29.55712967 0.022 0.005 0.0 512024576 61 55701.13258102 3 29 20.593 "" "" "" 16420 18.524 0.049 18.0749 0.0832 16892216 16.2059 0.0032 16.076 0.0027 16892216 12.529 "" "" "" 114724 11.67 "" "" "" 4 0.145634 -1.7465 0.4764 17.481094 0.058147 20.0831 0.062046 15.345827 0.154083 4.737272 2.602005 2.135267 ""
192 "RS Oph" "" 101,102 "" 267.55499999999995 -6.707916666666666 7.64 0.02 6.86 0.04 6.5 0.02 6.18 0.12 5.94 0.05 5.16 0.02 4.34 0.03 S S 2552.0 94.0 "" "" "" "" "" 3460.0 1.14 0.04 4030.0 2137.0 1914.0 2416.0 X C 1,2 3 "" "V* RS Oph" 99952675549700654 267.55497624 -6.70805556 0.113 0.113 90.0 268959744 32 56482.68822917 0 6 "" "" "" "" 0 10.6413 0.0416 13.1689 0.0394 24 "" "" "" "" 0 9.3735 0.001 12.9295 0.001 24 "" "" "" "" 0 0.507181 0.3732 0.0228 10.426011 0.010486 11.440768 0.038554 9.383594 0.026422 2.057175 1.014757 1.042418 3652.8
193 "WRAY 16-312" "" 101,102 "" 267.56941666666665 -30.95961111111111 11.84 0.03 9.6 0.03 7.96 0.02 5.83 0.12 4.92 0.12 3.02 0.01 1.89 0.02 D D "" "" 842.0 60.0 "" "" "" "" 3.44 0.07 "" "" "" "" C "" 1,3 "" "" "WRAY 16-312" 70842675694068612 267.56929088 -30.9597001 0.144 0.021 0.0 503635968 60 55623.44916667 1 14 20.0212 0.0129 20.1625 0.0351 16696 18.493 "" "" "" 16420 16.149 "" "" "" 4 15.6565 0.0085 16.4778 0.0132 20528 14.2917 0.0086 14.2523 0.0206 16892208 0.503409 -0.017 0.1734 "" "" "" "" 15.384967 0.05879 "" "" "" ""
194 "V4141 Sgr" "" 101,102 "" 267.5992916666666 -19.89533333333333 9.81 0.02 8.61 0.04 8.01 0.03 7.75 0.03 7.8 0.02 6.43 0.02 5.63 0.04 D,S S 2393.0 146.0 "" "" "" "" "" 3375.0 1.21 0.06 3655.0 3174.0 2036.0 5691.0 X "" 39 "" "" "V* V4141 Sgr" 84122675992765928 267.59924946 -19.89535928 0.016 0.009 90.0 503635968 60 55935.80471065 5 53 17.2737 0.018 17.2614 0.0348 115000 15.3648 0.0008 15.3022 0.0122 16892216 12.788 "" "" "" 114724 11.932 "" "" "" 114724 11.486 "" "" "" 114724 0.1707 0.0461 0.06 14.580176 0.004544 16.515144 0.017898 13.141612 0.010336 3.373532 1.934968 1.438564 ""
195 "ALS 2" "" 101,102 "" 267.713 -17.79922222222222 9.82 0.02 8.77 0.02 8.45 0.02 8.23 0.02 8.24 0.02 7.92 0.02 7.23 0.12 S S 2618.0 121.0 "" "" "" "" "" 3497.0 1.11 0.07 3728.0 6981.0 5413.0 9409.0 C "" 4,39 "" "" "[ALS88] 2" 86642677129911270 267.71298706 -17.79924593 0.102 0.07 90.0 637853696 76 55923.7174537 6 55 15.3145 0.0003 15.3819 0.0179 33080 13.319 "" "" "" 16420 12.354 "" "" "" 32804 11.704 "" "" "" 32804 11.35 "" "" "" 98340 0.096185 0.0765 0.0159 13.099084 0.003582 14.598318 0.014832 11.915627 0.008677 2.682692 1.499234 1.183457 ""
196 "AS 245" "" 101,102 "" 267.7538333333333 -22.32638888888889 9.45 0.02 8.17 0.04 7.43 0.02 6.04 0.05 6.49 0.02 5.85 0.02 5.05 0.04 S,D S 1968.0 59.0 "" "" "" "" "" 3162.0 1.47 0.03 "" 6620.0 4893.0 9394.0 C "" 3,39 "" "" "EM* AS  245" 81202677537228487 267.75379652 -22.32643445 0.011 0.007 0.0 637853696 76 56069.20606481 5 76 18.2439 0.0304 18.3677 0.0147 16696 15.6274 0.0125 15.7003 0.0105 16696 13.354 "" "" "" 4 12.121 "" "" "" 114724 11.505 "" "" "" 98340 0.204772 0.1057 0.0633 14.704103 0.024919 15.817123 0.021411 13.451239 0.089847 2.365885 1.113021 1.252864 ""
198 JaSt79 "" 110,111 "" 267.973125 -29.514861111111102 10.17 0.02 8.53 0.04 7.11 0.02 5.19 0.13 4.06 0.16 2.13 0.02 0.91 0.01 D D "" "" 1259.0 87.0 498.0 29.0 "" "" 2.34 0.08 "" "" "" "" X "" 12 "" "" "JaSt 79" 72582679730872408 267.97313885 -29.51490307 0.019 0.008 90.0 503635968 60 55815.89956019 4 44 19.4727 0.0059 19.6405 0.0247 115000 17.7715 0.0218 17.7936 0.0757 16892216 17.2075 0.0238 17.2402 0.0109 115000 15.8604 0.002 15.8498 0.01 115000 14.2983 0.0733 14.293 0.1068 16777488 0.15716 1.0578 0.1775 17.06199 0.009764 18.17848 0.026021 15.58756 0.03464 2.59092 1.116489 1.474431 ""
199 "PN Bl 3-14" "" 101,102 "" 268.1080833333333 -29.76583333333333 10.42 0.02 9.18 0.02 8.68 0.02 8.31 0.03 8.36 0.02 7.97 0.03 7.05 0.14 S S 2524.0 91.0 "" "" "" "" "" 3445.0 1.15 0.04 3709.0 "" "" "" C "" 3 "" "" "PN Bl  3-14" 72282681080831242 268.10805489 -29.76585279 0.019 0.012 90.0 512024576 61 55839.51394676 3 33 18.6944 0.0578 19.3076 0.1122 115000 16.1721 0.0043 16.2235 0.025 115000 14.3775 0.0015 14.4457 0.0011 16892208 13.3562 0.1624 13.3343 0.1982 16777496 12.5365 0.0121 12.3497 0.0104 16777496 0.113168 -0.0518 0.0748 14.960616 0.003949 17.40547 0.049866 13.462724 0.009525 3.942746 2.444854 1.497892 ""
200 000.49-01.45 "" 110 "" 268.1300416666666 -29.259611111111106 9.86 0.02 8.48 0.05 7.73 0.02 7.31 0.03 7.5 0.02 7.29 0.02 6.48 0.1 S S 2525.0 101.0 "" "" "" "" "" 3445.0 1.15 0.04 3336.0 "" "" "" X "" 12 "" "" "2MASS J17523121-2915346" 72882681299888648 268.13004284 -29.25967545 0.006 0.004 0.0 512024576 61 55688.19869213 4 43 21.8877 0.1565 21.9114 0.2388 114992 18.8239 0.2699 18.8684 0.2401 115000 16.0617 0.0065 16.1087 0.0126 16892216 14.1065 0.0045 14.1049 0.0043 16892216 12.7834 0.0093 12.7494 0.0171 16777496 0.231649 -0.0222 0.1178 16.013184 0.005002 19.813578 0.088966 14.303693 0.008138 5.509885 3.800394 1.709491 3143.9
201 "PN Bl 3-6" "" 101,102 "" 268.2346666666666 -31.32180555555555 10.03 0.04 8.87 0.04 8.38 0.03 8.02 0.02 8.09 0.02 7.94 0.03 8.51 0.44 S S 2631.0 97.0 "" "" "" "" "" 3504.0 1.1 0.04 3367.0 7359.0 4849.0 11512.0 C "" 4,39 "" "" "PN Bl  3-6" 70412682346574051 268.23460549 -31.32182935 0.085 0.044 90.0 1451548672 173 56752.80818287 1 5 17.1317 0.0079 17.0507 0.0107 16892208 13.975 "" "" "" 4 12.831 "" "" "" 4 12.038 "" "" "" 4 11.619 "" "" "" 4 0.206722 0.0965 0.0361 14.126886 0.004783 16.370306 0.023541 12.749949 0.010134 3.620357 2.24342 1.376937 23723.8
202 "PN Bl L" "" 101,102 "" 268.30741666666665 -30.301555555555552 9.84 0.02 8.65 0.06 8.12 0.02 7.6 0.03 7.67 0.02 7.04 0.02 5.94 0.07 S S 2393.0 68.0 "" "" "" "" "" 3375.0 1.21 0.03 "" 5813.0 3438.0 10045.0 C "" 3 "" "" "PN Bl L" 71632683074058378 268.30739048 -30.30161592 0.011 0.011 0.0 646242304 77 56111.0284838 4 31 17.3297 0.0075 17.3722 0.0104 16892208 15.3354 0.0004 15.297 0.0008 16892216 14.4284 0.0013 14.4072 0.0014 16843064 12.505 "" "" "" 65572 11.932 "" "" "" 4 0.232054 -0.0448 0.0564 14.820955 0.009304 16.625648 0.049568 13.369864 0.024483 3.255784 1.804693 1.451091 ""
204 "MaC 1-9" "" 101,102 "" 268.9695 -14.113638888888888 9.83 0.02 8.68 0.03 8.21 0.03 7.9 0.03 7.93 0.02 7.43 0.02 6.78 0.09 S S 2577.0 73.0 "" "" "" "" "" 3474.0 1.12 0.03 4297.0 3969.0 2655.0 6657.0 X "" 39 "" "" "PN MaC  1-9" 91062689695123986 268.96950836 -14.113669 0.039 0.01 90.0 637853696 76 56012.08935185 5 67 16.4761 0.0136 16.5386 0.0117 115000 14.4526 0.012 14.5327 0.0003 115000 12.826 "" "" "" 32804 11.986 "" "" "" 65572 11.545 "" "" "" 65572 0.112261 0.1644 0.039 13.77788 0.009927 15.791755 0.07606 12.430207 0.02098 3.361547 2.013875 1.347672 4918.3
