SySt-PS-GaiaEDR3.ecsv
# %ECSV 1.0
# ---
# datatype:
# - {name: recno_1, datatype: int64}
# - {name: Name_1, datatype: string}
# - {name: OName_1, datatype: string}
# - {name: Ref_1, datatype: string}
# - {name: n_Name_1, datatype: string}
# - {name: RAJ2000_1, datatype: float64}
# - {name: DEJ2000_1, datatype: float64}
# - {name: Jmag_1, datatype: float64}
# - {name: e_Jmag_1, datatype: float64}
# - {name: Hmag_1, datatype: float64}
# - {name: e_Hmag_1, datatype: float64}
# - {name: Ksmag_1, datatype: float64}
# - {name: e_Ksmag_1, datatype: float64}
# - {name: W1mag_1, datatype: float64}
# - {name: e_W1mag_1, datatype: float64}
# - {name: W2mag_1, datatype: float64}
# - {name: e_W2mag_1, datatype: float64}
# - {name: W3mag_1, datatype: float64}
# - {name: e_W3mag_1, datatype: float64}
# - {name: W4mag_1, datatype: float64}
# - {name: e_W4mag_1, datatype: float64}
# - {name: Old_1, datatype: string}
# - {name: New_1, datatype: string}
# - {name: TBB_1, datatype: float64}
# - {name: e_TBB_1, datatype: float64}
# - {name: Tdust1_1, datatype: float64}
# - {name: e_Tdust1_1, datatype: float64}
# - {name: Tdust2_1, datatype: float64}
# - {name: e_Tdust2_1, datatype: float64}
# - {name: Tdust3_1, datatype: float64}
# - {name: Tcool_1, datatype: float64}
# - {name: Peak_1, datatype: float64}
# - {name: e_Peak_1, datatype: float64}
# - {name: TGaia_1, datatype: float64}
# - {name: Dist_1, datatype: float64}
# - {name: b_Dist_1, datatype: float64}
# - {name: B_Dist_1, datatype: float64}
# - {name: OVI_1, datatype: string}
# - {name: OVI2_1, datatype: string}
# - {name: r_OVI_1, datatype: string}
# - {name: r_OVI2_1, datatype: string}
# - {name: X-ray_1, datatype: string}
# - {name: SimbadName_1, datatype: string}
# - {name: objID, datatype: int64}
# - {name: RAJ2000_x, datatype: float64}
# - {name: DEJ2000_x, datatype: float64}
# - {name: errHalfMaj_1, datatype: float64}
# - {name: errHalfMin_1, datatype: float64}
# - {name: errPosAng_1, datatype: float64}
# - {name: f_objID, datatype: int64}
# - {name: Qual, datatype: int64}
# - {name: Epoch, datatype: float64}
# - {name: Ns, datatype: int64}
# - {name: Nd, datatype: int64}
# - {name: gmag, datatype: float64}
# - {name: e_gmag, datatype: float64}
# - {name: gKmag, datatype: float64}
# - {name: e_gKmag, datatype: float64}
# - {name: gFlags, datatype: int64}
# - {name: rmag, datatype: float64}
# - {name: e_rmag, datatype: float64}
# - {name: rKmag, datatype: float64}
# - {name: e_rKmag, datatype: float64}
# - {name: rFlags, datatype: int64}
# - {name: imag, datatype: float64}
# - {name: e_imag, datatype: float64}
# - {name: iKmag, datatype: float64}
# - {name: e_iKmag, datatype: float64}
# - {name: iFlags, datatype: int64}
# - {name: zmag, datatype: float64}
# - {name: e_zmag, datatype: float64}
# - {name: zKmag, datatype: float64}
# - {name: e_zKmag, datatype: float64}
# - {name: zFlags, datatype: int64}
# - {name: ymag, datatype: float64}
# - {name: e_ymag, datatype: float64}
# - {name: yKmag, datatype: float64}
# - {name: e_yKmag, datatype: float64}
# - {name: yFlags, datatype: int64}
# - {name: angDist_1, datatype: float64}
# - {name: recno_2, datatype: int64}
# - {name: Name_2, datatype: string}
# - {name: OName_2, datatype: string}
# - {name: Ref_2, datatype: string}
# - {name: n_Name_2, datatype: float64}
# - {name: RAJ2000_2, datatype: float64}
[...]
[from data line 191]
371 Th3-9 "" 110 "" 260.996875 -31.030972222222218 10.91 0.03 9.52 0.03 8.95 0.02 8.49 0.02 8.39 0.02 7.74 0.03 6.83 0.12 S? S 2325.0 65.0 "" "" "" "" "" 3339.0 1.25 0.03 "" "" "" "" "" "" "" "" "" "PN Th  3-9" 70762609969083125 260.99684125 -31.03097601 0.016 0.011 0.0 436527104 52 56440.81841435 4 28 19.8579 0.0175 19.9339 0.0398 115000 16.9481 0.0056 17.0301 0.0066 114992 15.0784 0.002 15.1129 0.0022 114992 14.1111 0.0055 "" "" 20528 13.138 0.0028 13.1335 0.004 115256 0.105001 371 Th3-9 "" 110 "" 260.996875 -31.030972222222218 10.91 0.03 9.52 0.03 8.95 0.02 8.49 0.02 8.39 0.02 7.74 0.03 6.83 0.12 S? S 2325.0 65.0 "" "" "" "" "" 3339.0 1.25 0.03 "" "" "" "" "" "" "" "" "" "PN Th  3-9" 260.99688285857 -31.03097064124 0.0021441 0.0013732 74.03 4058144452904858880 260.99684211856 0.1012 -31.0309748619 0.0696 -0.0041 0.1106 -0.0375 7.912 -7.855 0.13 -0.95 0.089 251 -2.0897 1921.52 0.766 61.19 95 1.0683 0.0226 17 0.906 False 10285.1 15.1988 15.656842 603.904 9.61432 18.386124 16966.0 14.173944 1.708 4.212179 "" "" 0 "" "" 7.076260996908313e+16 "" 158633518.0 "" 0.003188 0.017509 0.005291 15.640677 0.003177 10439.4 0.059 2.0957 1.446 0.2367 0.024901
373 357.12+01.66 "" 110 "" 263.02 -30.48194444444444 11.03 0.03 9.01 0.02 7.46 0.02 5.52 0.13 4.48 0.11 2.97 0.01 1.32 0.02 D? D "" "" 879.0 74.0 "" "" "" "" 3.3 0.08 "" "" "" "" "" "" "" "" "" "2MASS J17320477-3028546" 71422630198771986 263.01986699 -30.48187361 0.01 0.008 0.0 243589120 29 55612.37049769 4 9 19.3346 0.0155 19.3108 0.0197 16810296 17.93 "" "" "" 36 15.586 "" "" "" 36 14.6211 0.0025 14.4037 0.0032 16892208 13.9362 0.0029 13.7373 0.0035 16811056 0.48509 373 357.12+01.66 "" 110 "" 263.02 -30.48194444444444 11.03 0.03 9.01 0.02 7.46 0.02 5.52 0.13 4.48 0.11 2.97 0.01 1.32 0.02 D? D "" "" 879.0 74.0 "" "" "" "" 3.3 0.08 "" "" "" "" "" "" "" "" "" "2MASS J17320477-3028546" 263.01987875465 -30.48185081616 0.0014511 0.0011012 88.17 4058415959221820288 263.01986180788 0.0723 -30.48187719051 0.0584 -0.0049 0.0941 -0.0521 6.783 -3.286 0.09 -5.934 0.067 257 -1.6981 657.26 0.462 13.55 95 1.1612 0.0176 16 0.924 False 6250.73 11.6835 16.19754 1058.88 14.662 17.776424 10034.8 14.744122 1.775 3.032303 "" "" 0 "" "" 7.142263019877198e+16 "" "" "" 0.003422 0.015291 0.018636 16.171949 0.003394 6399.81 0.289 1.4508 1.1016 0.0178 0.505079
375 "CXOGBS J173620.2-293338" "" 170 "" 264.08416666666665 -29.56080555555555 11.54 0.05 10.13 0.05 9.65 0.05 8.83 0.03 8.84 0.03 8.59 0.05 7.37 0.24 S? S 2103.0 83.0 "" "" "" "" "" 3227.0 1.38 0.05 "" "" "" "" "" "" "" "" C "CXOGBS J173620.2-293338" 72522640841257303 264.08412944 -29.56084506 0.004 0.004 90.0 503635968 60 55866.67177083 5 60 21.7696 0.0221 22.177 0.2674 115000 18.1541 0.0024 18.2488 0.0084 115000 16.1887 0.0004 16.2058 0.0069 115000 14.9101 0.0089 14.8927 0.0028 16892216 14.0195 0.0279 14.0136 0.008 16892216 0.183887 375 "CXOGBS J173620.2-293338" "" 170 "" 264.08416666666665 -29.56080555555555 11.54 0.05 10.13 0.05 9.65 0.05 8.83 0.03 8.84 0.03 8.59 0.05 7.37 0.24 S? S 2103.0 83.0 "" "" "" "" "" 3227.0 1.38 0.05 "" "" "" "" "" "" "" "" C "CXOGBS J173620.2-293338" 264.08414845761 -29.56086168226 0.0026541 0.0015757 63.75 4060066227422719872 264.08412715237 0.1176 -29.56082663648 0.0927 0.3684 0.1144 3.2194 8.92 -4.17 0.152 7.885 0.112 246 7.498 841.42 0.8 25.14 31 "" "" 15 1.359 False 3992.69 23.019 16.684202 186.814 7.12907 19.660017 7267.65 15.09441 1.867 4.565607 "" "" 0 "" "" 7.25226408412573e+16 "" 162665655.0 "" 0.006839 0.041527 0.010799 16.684202 0.006839 3992.69 0.168 2.4803 1.8372 0.3971 0.209947
376 "V503 Her" "" 101,102 "" 264.1685833333333 23.30325 10.24 0.02 9.76 0.02 9.57 0.02 9.47 0.02 9.1 0.02 8.5 0.03 8.03 0.2 S S 3249.0 177.0 "" "" "" "" "" 3872.0 0.89 0.06 "" "" "" "" X "" 1 "" "" "V* V503 Her" 135962641685824539 264.16857518 23.30324582 0.055 0.04 0.0 604299264 72 55544.17072917 6 91 13.159 "" "" "" 114788 12.291 "" "" "" 32868 11.821 "" "" "" 114788 11.508 "" "" "" 98404 11.376 "" "" "" 16484 0.030873 376 "V503 Her" "" 101,102 "" 264.1685833333333 23.30325 10.24 0.02 9.76 0.02 9.57 0.02 9.47 0.02 9.1 0.02 8.5 0.03 8.03 0.2 S S 3249.0 177.0 "" "" "" "" "" 3872.0 0.89 0.06 "" "" "" "" X "" 1 "" "" "V* V503 Her" 264.16857355505 23.30324296952 0.0002014 0.0001484 4.14 4557410314849153920 264.1685593155 0.0072 23.30322331683 0.0103 0.0772 0.0138 5.5983 5.311 -2.943 0.009 -4.422 0.012 568 7.5407 1409.17 0.099 18.75 31 "" "" 28 1.232 False 284834.0 2059.97 12.050886 106808.0 2847.88 12.767033 262240.0 11.201149 1.296 1.565884 -314.2 1.12 20 4750.0 4.5 "" "" "" 567217590.0 0.008322 0.029084 0.018558 12.050886 0.008322 284834.0 0.018 0.1487 0.2011 0.0446 0.041059
377 "WSTB 19W032" "" 101,102,132 "" 264.762125 -28.943222222222214 11.44 0.02 10.28 0.03 9.55 0.03 7.15 0.03 5.36 0.04 2.44 0.01 -0.47 0.01 D D' 3387.0 "" 752.0 "" 203.0 "" "" 3961.0 0.86 "" "" "" "" "" X "" 21 "" "" "WSTB 19W32" 73262647621208457 264.76211266 -28.94322902 0.009 0.008 90.0 1443160064 172 56046.77086806 10 65 18.233 0.0054 18.3214 0.0055 16696 15.9778 0.0054 16.0036 0.0206 16696 14.754 0.0014 14.8465 0.0435 115000 13.9159 0.0018 13.9041 0.007 114992 13.3249 0.0043 13.3204 0.0181 16696 0.045937 377 "WSTB 19W032" "" 101,102,132 "" 264.762125 -28.943222222222214 11.44 0.02 10.28 0.03 9.55 0.03 7.15 0.03 5.36 0.04 2.44 0.01 -0.47 0.01 D D' 3387.0 "" 752.0 "" 203.0 "" "" 3961.0 0.86 "" "" "" "" "" X "" 21 "" "" "WSTB 19W32" 264.76215494232 -28.94323174817 0.0007648 0.0004462 79.38 4060159376692627840 264.76210978183 0.0327 -28.94322928676 0.0259 0.3809 0.0342 11.1421 8.909 -8.892 0.047 0.554 0.028 318 -0.6586 361.66 0.074 0.7939 31 "" "" 17 0.973 False 13841.1 6.54701 15.334436 1756.07 6.61653 17.227186 19464.6 14.024779 1.533 3.202407 "" "" 0 "" "" 7.326264762120846e+16 "" 164466259.0 "" 0.002803 0.004952 0.003976 15.334436 0.002803 13841.1 0.022 0.7562 0.4606 0.2006 0.100369
378 "WRAY 16-294" "" 101,102 "" 264.80749999999995 -25.63475 10.15 0.03 9.16 0.03 8.59 0.02 8.66 0.02 8.63 0.02 8.32 0.03 8.08 0.3 S S 2851.0 139.0 "" "" "" "" "" 3629.0 1.02 0.05 "" "" "" "" "" "" "" "" "" "WRAY 16-294" 77232648075268606 264.80752102 -25.63476646 0.022 0.003 90.0 235200512 28 56176.04758102 6 73 16.9164 0.0185 16.9689 0.019 115000 15.0442 0.0163 15.0834 0.0793 115000 13.225 "" "" "" 65572 12.324 "" "" "" 98340 11.887 "" "" "" 65572 0.090364 378 "WRAY 16-294" "" 101,102 "" 264.80749999999995 -25.63475 10.15 0.03 9.16 0.03 8.59 0.02 8.66 0.02 8.63 0.02 8.32 0.03 8.08 0.3 S S 2851.0 139.0 "" "" "" "" "" 3629.0 1.02 0.05 "" "" "" "" "" "" "" "" "" "WRAY 16-294" 264.80753347396 -25.63473958099 0.0006232 0.0002997 71.74 4061952680197028224 264.80751736881 0.0276 -25.63476854894 0.0211 0.0503 0.0304 1.6536 7.291 -3.267 0.037 -6.518 0.021 499 -2.4403 549.93 0.031 0.2782 31 "" "" 18 0.923 False 19269.8 9.93868 14.975176 2137.73 11.1553 17.013662 28012.1 13.629532 1.565 3.384131 "" "" 0 "" "" 7.72326480752686e+16 "" 180156027.0 "" 0.002812 0.006315 0.004279 14.975176 0.002812 19269.8 0.028 0.5992 0.3452 0.4294 0.114937
379 001.97+02.41 "" 110 "" 265.25875 -25.99277777777777 10.9 0.03 9.48 0.02 8.96 0.03 8.62 0.02 8.64 0.02 8.41 0.04 7.49 0.18 S? S 2554.0 109.0 "" "" "" "" "" 3461.0 1.13 0.04 "" "" "" "" "" "" "" "" "" "2MASS J17410216-2559340" 76802652589898938 265.25899182 -25.99282235 0.009 0.008 90.0 503635968 60 56054.45859954 8 84 19.5082 0.0067 19.7208 0.0171 115000 16.7474 0.0076 16.8299 0.0042 115000 14.8648 0.001 14.9026 0.0011 280 13.786 0.0037 13.8113 0.0071 114992 13.077 0.0049 13.0997 0.0055 115000 0.798778 379 001.97+02.41 "" 110 "" 265.25875 -25.99277777777777 10.9 0.03 9.48 0.02 8.96 0.03 8.62 0.02 8.64 0.02 8.41 0.04 7.49 0.18 S? S 2554.0 109.0 "" "" "" "" "" 3461.0 1.13 0.04 "" "" "" "" "" "" "" "" "" "2MASS J17410216-2559340" 265.25900494692 -25.9927996146 0.0008668 0.0004629 74.45 4061879180332575744 265.25899025372 0.0416 -25.99282377064 0.0311 0.1247 0.046 2.7137 6.194 -2.972 0.052 -5.435 0.03 456 -3.3447 827.62 0.219 8.781 31 "" "" 17 0.89 False 13158.8 15.3922 15.389329 880.137 9.19223 17.977165 20702.9 13.957817 1.64 4.019348 "" "" 0 "" "" 7.680265258989894e+16 "" "" "" 0.003034 0.011678 0.004639 15.389329 0.003034 13158.8 0.018 0.8442 0.5029 0.3268 0.828709
380 "PNG 006.1+04.1" "" 111 "" 266.04437499999995 -21.48972222222222 14.26 "" 13.02 0.03 11.11 0.04 8.84 0.02 7.45 0.02 4.83 0.01 2.97 0.02 ? D "" "" 909.0 179.0 389.0 16.0 "" "" 3.19 0.11 "" "" "" "" "" "" "" "" "" "PN G006.1+04.1" 82212660441973067 266.04418685 -21.48942783 0.014 0.008 0.0 503635968 60 56051.6284375 5 39 19.7787 0.0264 19.8079 0.0149 115000 17.5895 0.0007 17.0023 0.004 16892216 18.6182 0.0253 18.4551 0.0076 16892216 17.5916 0.0333 17.5662 0.0141 114992 17.4244 0.0589 17.5369 0.1493 115000 1.233054 380 "PNG 006.1+04.1" "" 111 "" 266.04437499999995 -21.48972222222222 14.26 "" 13.02 0.03 11.11 0.04 8.84 0.02 7.45 0.02 4.83 0.01 2.97 0.02 ? D "" "" 909.0 179.0 389.0 16.0 "" "" 3.19 0.11 "" "" "" "" "" "" "" "" "" "PN G006.1+04.1" 266.04420643953 -21.4894283636 0.0036672 0.0023366 71.93 4117316870232916736 266.04419116829 0.1845 -21.48945783454 0.1461 0.5297 0.2124 2.4944 7.361 -3.197 0.219 -6.631 0.149 385 5.0467 558.22 0.635 3.155 95 1.4214 0.037 19 1.188 False 896.829 3.8855 18.305592 468.154 11.3837 18.662569 1137.94 17.107597 1.791 1.554972 "" "" 0 "" "" 8.221266044197307e+16 "" 182659519.0 "" 0.005451 0.026548 0.015016 18.303761 0.005445 898.343 0.514 3.5609 2.4956 0.2651 1.199144
381 001.33+01.07 "" 110 "" 266.1575 -27.23805555555555 10.12 0.02 8.54 0.04 7.89 0.02 7.33 0.03 7.42 0.02 7.3 0.03 7.24 0.27 S? S 2407.0 127.0 "" "" "" "" "" 3382.0 1.2 0.05 "" "" "" "" "" "" "" "" "" "2MASS J17443786-2714179" 75312661577654315 266.15776691 -27.23831952 0.005 0.003 0.0 503635968 60 55890.85633102 5 48 21.6653 0.0806 21.3494 0.137 16696 18.048 0.0051 18.1096 0.0099 16696 15.7995 0.0053 15.7583 0.0016 115000 13.962 0.0071 13.9357 0.0054 114992 12.7743 0.004 12.7501 0.0037 16892208 1.277846 381 001.33+01.07 "" 110 "" 266.1575 -27.23805555555555 10.12 0.02 8.54 0.04 7.89 0.02 7.33 0.03 7.42 0.02 7.3 0.03 7.24 0.27 S? S 2407.0 127.0 "" "" "" "" "" 3382.0 1.2 0.05 "" "" "" "" "" "" "" "" "" "2MASS J17443786-2714179" 266.15712448975 -27.23816618822 0.0294648 0.0123531 69.66 4060795684648313984 266.15714095478 1.1388 -27.23817077336 0.7772 -1.2186 1.1428 -1.0663 3.452 3.294 1.761 -1.032 0.944 216 4.4379 355.82 4.315 6.805 95 1.0539 0.2152 14 1.222 False 139.006 1.12394 20.32978 "" "" "" "" "" "" "" "" "" 0 "" "" 7.531266157125451e+16 "" "" "" 0.009201 "" "" 20.32978 0.009201 139.006 "" 27.9586 15.4626 0.5396 1.266204
383 001.71+01.14 "" 110 "" 266.3066666666666 -26.87833333333333 10.28 0.03 8.75 0.05 7.94 0.02 7.62 0.03 7.7 0.02 7.41 0.03 6.65 0.1 S? S 2427.0 114.0 "" "" "" "" "" 3393.0 1.19 0.05 "" "" "" "" "" "" "" "" "" "2MASS J17451367-2652427" 75742663069025990 266.3069231 -26.87860224 0.018 0.011 90.0 503635968 60 55971.4378588 4 49 22.743 "" "" "" 16420 18.9791 0.0049 19.0751 0.0035 115000 16.7685 0.018 16.8077 0.009 115000 14.7831 0.0029 14.7683 0.0123 16892208 13.3416 0.0055 13.3545 0.0031 115000 1.270898 383 001.71+01.14 "" 110 "" 266.3066666666666 -26.87833333333333 10.28 0.03 8.75 0.05 7.94 0.02 7.62 0.03 7.7 0.02 7.41 0.03 6.65 0.1 S? S 2427.0 114.0 "" "" "" "" "" 3393.0 1.19 0.05 "" "" "" "" "" "" "" "" "" "2MASS J17451367-2652427" 266.30668387289 -26.87846992559 0.0057626 0.000379 50.31 4060829013624974848 266.30668387289 4.4412 -26.87846992559 3.6915 "" "" "" "" "" "" "" "" 137 0.7267 143.46 0.668 0.3534 3 "" "" 7 "" False 228.434 1.89035 19.790462 "" "" "" "" "" "" "" "" "" 0 "" "" "" "" "" "" 0.009398 "" "" 19.790462 0.009398 228.434 "" 4.4412 3.6915 0.9911 0.494826
384 "ASAS J174600-2321.3" "" 171 "" 266.50075 -23.354527777777776 9.93 0.02 8.76 0.04 8.35 0.02 7.74 0.03 7.75 0.02 7.61 0.02 7.33 0.24 S? S 2387.0 69.0 "" "" "" "" "" 3371.0 1.21 0.03 "" "" "" "" "" "" "" "" "" "ASAS J174600-2321.3" 79972665007324927 266.50074708 -23.35455859 0.162 0.112 90.0 1174724608 140 55067.44759259 1 92 12.6675 0.0057 12.6313 0.0021 16892216 12.3038 0.0812 12.0423 0.0542 16778264 13.053 "" "" "" 36 12.166 "" "" "" 36 11.706 "" "" "" 16420 0.111343 384 "ASAS J174600-2321.3" "" 171 "" 266.50075 -23.354527777777776 9.93 0.02 8.76 0.04 8.35 0.02 7.74 0.03 7.75 0.02 7.61 0.02 7.33 0.24 S? S 2387.0 69.0 "" "" "" "" "" 3371.0 1.21 0.03 "" "" "" "" "" "" "" "" "" "ASAS J174600-2321.3" 266.50075876116 -23.35454440646 0.0004096 0.0002612 82.73 4068755633500598272 266.50073519989 0.0209 -23.35455927943 0.0156 0.0998 0.0247 4.0455 5.906 -4.867 0.025 -3.346 0.016 401 -3.3368 704.68 0.119 8.878 31 "" "" 18 0.883 False 414181.0 502.963 11.644391 144601.0 628.886 12.438111 404713.0 10.730028 1.326 1.708083 "" "" 0 "" "" 7.997266500732493e+16 "" 182822989.0 "" 0.003055 0.005485 0.004912 11.644391 0.003055 414181.0 0.03 0.4076 0.2642 0.116 0.066499
391 001.37-01.15 "" 110 "" 268.3385833333333 -28.34644444444444 13.65 0.07 11.82 0.05 10.26 0.03 8.39 0.03 7.14 0.02 4.67 0.02 2.95 0.03 D? D "" "" 1144.0 85.0 409.0 17.0 "" "" 2.53 0.08 "" "" "" "" "" "" "" "" "" "SSTGLMC G001.3783-01.1523" 73982683385334528 268.33852607 -28.3464802 0.012 0.008 90.0 512024576 61 55823.96534722 4 52 24.802 "" "" "" 16420 18.0504 0.0104 18.0361 0.0382 16892216 17.4883 0.0072 17.5471 0.0363 16892216 16.4974 0.0089 16.4645 0.0204 16892216 16.047 0.0112 16.2576 0.0193 115000 0.222453 391 001.37-01.15 "" 110 "" 268.3385833333333 -28.34644444444444 13.65 0.07 11.82 0.05 10.26 0.03 8.39 0.03 7.14 0.02 4.67 0.02 2.95 0.03 D? D "" "" 1144.0 85.0 409.0 17.0 "" "" 2.53 0.08 "" "" "" "" "" "" "" "" "" "SSTGLMC G001.3783-01.1523" 268.33857254153 -28.34645171441 0.003747 0.0019816 73.34 4063394857108389888 268.33855454889 0.1561 -28.34648194067 0.1182 0.2474 0.2033 1.2171 7.678 -3.563 0.225 -6.801 0.131 352 2.1715 518.76 0.681 5.59 95 1.2034 0.0321 14 1.083 False 1292.83 5.00091 17.908516 303.96 16.0294 19.1315 2205.0 16.389374 1.941 2.742127 "" "" 0 "" "" 7.398268338533453e+16 "" 165592117.0 "" 0.005023 0.057325 0.024729 17.886781 0.004954 1318.97 0.498 3.6344 2.1812 0.3503 0.043059
393 "DT Ser" "" 101,102,148,149,162 "" 270.4674583333333 -1.4381666666666666 11.16 0.03 10.81 0.02 10.74 0.02 10.65 0.02 10.69 0.02 9.64 0.08 5.71 0.14 ? S 3697.0 354.0 "" "" "" "" "" 4168.0 0.78 0.09 "" "" "" "" "" "" "" "" "" "V* DT Ser" 106272704671454353 270.46702369 -1.43848835 0.029 0.027 90.0 444915712 53 56111.94277778 4 32 16.4232 0.0031 15.5467 0.1452 16892216 16.4712 0.0074 14.9322 0.0079 16892216 16.6209 0.0255 "" "" 115000 16.6815 0.0115 16.6538 0.0204 16793912 16.6358 0.0137 14.2108 0.2074 16892216 1.946252 393 "DT Ser" "" 101,102,148,149,162 "" 270.4674583333333 -1.4381666666666666 11.16 0.03 10.81 0.02 10.74 0.02 10.65 0.02 10.69 0.02 9.64 0.08 5.71 0.14 ? S 3697.0 354.0 "" "" "" "" "" 4168.0 0.78 0.09 "" "" "" "" "" "" "" "" "" "V* DT Ser" 270.4670452274 -1.43845970483 0.0012563 0.0010627 46.4 4178943603525569280 270.46702121094 0.0605 -1.43849595035 0.0557 0.124 0.0814 1.5221 9.782 -5.402 0.072 -8.155 0.07 324 9.5165 658.56 0.351 6.844 31 "" "" 16 1.398 False 4842.17 5.54214 16.474766 4196.49 36.9752 16.281326 3089.85 16.02305 1.505 0.258276 "" "" 0 "" "" 1.0627270467145435e+17 "" "" "" 0.003023 0.009965 0.01533 16.474766 0.003023 4842.17 0.34 1.1683 1.1588 0.1656 1.822967
