SySt-Gaia-distance.ecsv
# %ECSV 1.0
# ---
# datatype:
# - {name: recno_1, datatype: int64}
# - {name: Name_1, datatype: string}
# - {name: OName_1, datatype: string}
# - {name: Ref_1, datatype: string}
# - {name: n_Name_1, datatype: float64}
# - {name: RAJ2000_1, datatype: float64}
# - {name: DEJ2000_1, datatype: float64}
# - {name: Jmag_1, datatype: float64}
# - {name: e_Jmag_1, datatype: float64}
# - {name: Hmag_1, datatype: float64}
# - {name: e_Hmag_1, datatype: float64}
# - {name: Ksmag_1, datatype: float64}
# - {name: e_Ksmag_1, datatype: float64}
# - {name: W1mag_1, datatype: float64}
# - {name: e_W1mag_1, datatype: float64}
# - {name: W2mag_1, datatype: float64}
# - {name: e_W2mag_1, datatype: float64}
# - {name: W3mag_1, datatype: float64}
# - {name: e_W3mag_1, datatype: float64}
# - {name: W4mag_1, datatype: float64}
# - {name: e_W4mag_1, datatype: float64}
# - {name: Old_1, datatype: string}
# - {name: New_1, datatype: string}
# - {name: TBB_1, datatype: float64}
# - {name: e_TBB_1, datatype: float64}
# - {name: Tdust1_1, datatype: float64}
# - {name: e_Tdust1_1, datatype: float64}
# - {name: Tdust2_1, datatype: float64}
# - {name: e_Tdust2_1, datatype: float64}
# - {name: Tdust3_1, datatype: float64}
# - {name: Tcool_1, datatype: float64}
# - {name: Peak_1, datatype: float64}
# - {name: e_Peak_1, datatype: float64}
# - {name: TGaia_1, datatype: float64}
# - {name: Dist_1, datatype: float64}
# - {name: b_Dist_1, datatype: float64}
# - {name: B_Dist_1, datatype: float64}
# - {name: OVI_1, datatype: string}
# - {name: OVI2_1, datatype: string}
# - {name: r_OVI_1, datatype: string}
# - {name: r_OVI2_1, datatype: string}
# - {name: X-ray_1, datatype: string}
# - {name: SimbadName_1, datatype: string}
# - {name: Source_1, datatype: int64}
# - {name: RA_ICRS, datatype: float64}
# - {name: DE_ICRS, datatype: float64}
# - {name: rgeo, datatype: float64}
# - {name: b_rgeo_x, datatype: float64}
# - {name: B_rgeo_xa, datatype: float64}
# - {name: rpgeo, datatype: float64}
# - {name: b_rpgeo_x, datatype: float64}
# - {name: B_rpgeo_xa, datatype: float64}
# - {name: Flag, datatype: int64}
# - {name: angDist_1, datatype: float64}
# - {name: recno_2, datatype: int64}
# - {name: Name_2, datatype: string}
# - {name: OName_2, datatype: string}
# - {name: Ref_2, datatype: string}
# - {name: n_Name_2, datatype: string}
# - {name: RAJ2000_2, datatype: float64}
# - {name: DEJ2000_2, datatype: float64}
# - {name: Jmag_2, datatype: float64}
# - {name: e_Jmag_2, datatype: float64}
# - {name: Hmag_2, datatype: float64}
# - {name: e_Hmag_2, datatype: float64}
# - {name: Ksmag_2, datatype: float64}
# - {name: e_Ksmag_2, datatype: float64}
# - {name: W1mag_2, datatype: float64}
# - {name: e_W1mag_2, datatype: float64}
# - {name: W2mag_2, datatype: float64}
# - {name: e_W2mag_2, datatype: float64}
# - {name: W3mag_2, datatype: float64}
# - {name: e_W3mag_2, datatype: float64}
# - {name: W4mag_2, datatype: float64}
# - {name: e_W4mag_2, datatype: float64}
# - {name: Old_2, datatype: string}
# - {name: New_2, datatype: string}
# - {name: TBB_2, datatype: float64}
# - {name: e_TBB_2, datatype: float64}
# - {name: Tdust1_2, datatype: float64}
# - {name: e_Tdust1_2, datatype: float64}
# - {name: Tdust2_2, datatype: float64}
# - {name: e_Tdust2_2, datatype: float64}
# - {name: Tdust3_2, datatype: float64}
[...]
[from data line 110]
153 "PN Th 3-7" "" 101,102 "" 260.2605833333333 -29.38133333333333 9.75 0.02 8.49 0.06 7.88 0.03 7.53 0.03 7.67 0.02 7.32 0.02 6.95 0.09 S S 2592.0 79.0 "" "" "" "" "" 3482.0 1.12 0.03 3316.0 "" "" "" C X 3,39 20 "" "PN Th  3-7" 4059348585602948864 260.26056388088 -29.38135907116 9137.0625 7133.66211 10709.8242 8018.23389 6730.99463 9469.47559 10033 0.110945 153 "PN Th 3-7" "" 101,102 "" 260.2605833333333 -29.38133333333333 9.75 0.02 8.49 0.06 7.88 0.03 7.53 0.03 7.67 0.02 7.32 0.02 6.95 0.09 S S 2592.0 79.0 "" "" "" "" "" 3482.0 1.12 0.03 3316.0 "" "" "" C X 3,39 20 "" "PN Th  3-7" "Gaia DR3 4059348585602948864" 260.26056388088 -29.38135907116 0.0 0.0 106.0 1636148068921376768 4059348585602948864 344077523 0.0696 0.0521 -0.1198 0.0795 -1.5063 6.108 -0.119 0.094 -6.107 0.069 -0.1889 -0.0631 -0.0851 0.0379 -0.217 0.0465 -0.4358 -0.0134 0.2481 -0.1772 247 0 246 1 1.8376 1656.5 0.533 51.735 31 False 1.135 "" "" "" "" "" "" "" 28 16 0.13266 28 0.06745 86.55 1 0 1.083 0 244 20362.11387 122.032 166.859 14.91531 0.007066 27 841.834 39.9009 21.0981 18.025476 0.051537 28 35906.8 570.905 62.8945 13.359955 0.017672 1.805 0.0 12.0 0.0 0.0 0 4.665522 3.110167 1.555355 "" "" "" "" "" "" "" "" "" "" "" "" "" "" "" "" "" "" "" "" "" "" VARIABLE 0.0 0.0 1.0 3803.9 3695.7 3812.1 0.8044 0.6155 0.8315 -0.3384 -0.3396 -0.3371 1776.5542 1723.1729 2347.3484 9.9872 9.356 9.9986 5.8724 5.4568 5.881 3.4961 3.3009 3.4996 MARCS 260.26056448839 -29.38133192962 1.511894 1.13474 -0.1769 0.110945
154 356.04+03.20 "" 110 "" 260.8383333333333 -30.526388888888885 9.79 0.02 8.46 0.06 7.87 0.03 7.24 0.03 7.61 0.02 7.21 0.02 6.58 0.07 S S 2547.0 95.0 "" "" "" "" "" 3457.0 1.14 0.04 3295.0 "" "" "" C "" 12 "" "" "2MASS J17232128-3031358" 4059014991298469248 260.83865869126 -30.52668172616 7401.23682 5659.45654 9753.94238 6603.87549 5453.97412 8100.03418 10033 1.459222 154 356.04+03.20 "" 110 "" 260.8383333333333 -30.526388888888885 9.79 0.02 8.46 0.06 7.87 0.03 7.24 0.03 7.61 0.02 7.21 0.02 6.58 0.07 S S 2547.0 95.0 "" "" "" "" "" 3457.0 1.14 0.04 3295.0 "" "" "" C "" 12 "" "" "2MASS J17232128-3031358" "Gaia DR3 4059014991298469248" 260.83865869126 -30.52668172616 0.0 0.0 83.0 1636148068921376768 4059014991298469248 610153916 0.0796 0.0567 0.0275 0.0856 0.3214 7.1 -2.463 0.104 -6.659 0.072 0.0859 -0.0723 -0.043 -0.3091 -0.2516 -0.2981 -0.3351 -0.0007 0.1911 0.0707 241 0 240 1 2.912 2031.9 0.599 75.216 31 False 1.13 "" "" "" "" "" "" "" 28 17 0.145799 28 0.02088 25.32 0 0 1.136 0 230 23080.70737 75.0062 307.717 14.779244 0.004477 26 712.702 19.9754 35.679 18.206272 0.030558 25 40919.0 326.887 125.178 13.218083 0.009461 1.804 0.0 0.0 0.0 0.0 0 4.988189 3.427028 1.561161 0.42 2.54 2.0 8.0 3.0 8.0 7.4414 "" "" 652.88 "" 3400.0 0.5 -0.25 111.0 "" "" "" 12.573563 0.308939 7.0 "" VARIABLE 0.0 0.0 1.0 3692.1 3435.6 3750.6 0.8607 0.3816 0.9418 -0.098 -0.0997 -0.0944 1560.8804 1376.8636 3378.7302 9.5908 7.6521 9.9733 5.5619 4.2337 5.8134 3.397 2.8952 3.5082 MARCS 260.83867140182 -30.5266521289 1.672603 1.164668 0.0984 1.459222
155 "PN Th 3-17" "" 101,102 "" 261.88179166666663 -29.049027777777773 9.52 0.03 8.41 0.06 7.84 0.02 7.72 0.03 7.78 0.02 7.33 0.02 6.62 0.09 S S 2683.0 103.0 "" "" "" "" "" 3533.0 1.08 0.04 3349.0 5546.0 3288.0 9659.0 X "" 3,39 "" "" "PN Th  3-17" 4059501589512272384 261.88178983349 -29.04904316135 7525.20752 5513.13672 9913.33984 6792.63721 5739.76416 7986.80273 10033 0.055681 155 "PN Th 3-17" "" 101,102 "" 261.88179166666663 -29.049027777777773 9.52 0.03 8.41 0.06 7.84 0.02 7.72 0.03 7.78 0.02 7.33 0.02 6.62 0.09 S S 2683.0 103.0 "" "" "" "" "" 3533.0 1.08 0.04 3349.0 5546.0 3288.0 9659.0 X "" 3,39 "" "" "PN Th  3-17" "Gaia DR3 4059501589512272384" 261.88178983349 -29.04904316135 0.0 0.0 73.0 1636148068921376768 4059501589512272384 897772865 0.0551 0.039 0.075 0.0569 1.3187 5.933 -3.344 0.07 -4.9 0.048 0.2328 -0.0604 -0.2726 -0.2858 -0.2182 -0.2919 -0.461 0.0468 0.1899 0.2483 246 0 238 8 -1.4449 922.68 0.375 30.283 31 False 1.16 "" "" "" "" "" "" "" 29 17 0.102987 29 0.05464 3.208 0 0 0.932 0 243 28919.64575 95.4306 303.044 14.534385 0.00452 27 1954.9 52.3172 37.3662 17.110733 0.02919 27 48230.9 437.273 110.299 13.039583 0.010544 1.735 0.0 15.0 0.0 0.0 0 4.07115 2.576348 1.494802 "" "" "" "" "" "" "" "" "" "" "" "" "" "" "" "" "" "" "" "" "" "" VARIABLE 0.0 0.0 0.999999 "" "" "" "" "" "" "" "" "" "" "" "" "" "" "" "" "" "" "" "" "" "" 261.8818068349 -29.04902138286 1.143593 0.786142 0.2673 0.055681
156 358.46+03.54 "" 110 "" 262.0545833333333 -28.32722222222222 9.19 0.03 8.23 0.04 7.75 0.02 7.75 0.02 7.73 0.02 7.24 0.02 6.39 0.08 S S 2872.0 117.0 "" "" "" "" "" 3642.0 1.01 0.04 3698.0 8606.0 5753.0 13027.0 C "" 12 "" "" "2MASS J17281311-2819374" 4059697994224377856 262.05460608292 -28.3270974426 4848.87549 3743.54395 6636.45703 5443.2915 4438.91553 6678.60645 10033 0.454955 156 358.46+03.54 "" 110 "" 262.0545833333333 -28.32722222222222 9.19 0.03 8.23 0.04 7.75 0.02 7.75 0.02 7.73 0.02 7.24 0.02 6.39 0.08 S S 2872.0 117.0 "" "" "" "" "" 3642.0 1.01 0.04 3698.0 8606.0 5753.0 13027.0 C "" 12 "" "" "2MASS J17281311-2819374" "Gaia DR3 4059697994224377856" 262.05460608292 -28.3270974426 0.0 0.0 92.0 1636148068921376768 4059697994224377856 618954480 0.0486 0.0356 0.1747 0.0582 2.9992 4.59 -0.567 0.064 -4.555 0.045 -0.0221 -0.1169 -0.0196 -0.2352 -0.2701 -0.1589 -0.4203 -0.283 0.3031 -0.0205 299 0 298 1 4.9842 1395.5 0.375 32.592 31 False 1.177 "" "" "" "" "" "" "" 34 16 0.089702 34 0.07774 1.598 33 0 1.212 0 298 28792.35083 95.6098 301.144 14.539174 0.004538 32 2845.63 33.6337 84.6065 16.703096 0.013133 29 47406.4 539.128 87.9317 13.058302 0.012913 1.745 0.0 25.0 0.0 0.0 0 3.644794 2.163922 1.480872 "" "" "" "" "" "" "" "" "" "" "" "" "" "" "" "" "" "" "" "" "" "" VARIABLE 0.0 0.0 0.999996 "" "" "" "" "" "" "" "" "" "" "" "" "" "" "" "" "" "" "" "" "" "" 262.05460894807 -28.32707719939 1.02747 0.729923 -0.0014 0.454955
157 "PN Th 3-18" "" 101,102 "" 262.1122083333333 -28.64294444444444 9.82 0.03 8.67 0.03 8.23 0.03 8.01 0.02 7.98 0.02 7.71 0.02 7.1 0.14 S S 2693.0 80.0 "" "" "" "" "" 3539.0 1.08 0.03 3683.0 2017.0 1702.0 2468.0 C "" 3,20,39 "" "" "PN Th  3-18" 4059655594297061888 262.11218507847 -28.64297694732 5069.71582 4350.37842 6131.18408 4748.84082 4125.39746 5540.37598 10033 0.138165 157 "PN Th 3-18" "" 101,102 "" 262.1122083333333 -28.64294444444444 9.82 0.03 8.67 0.03 8.23 0.03 8.01 0.02 7.98 0.02 7.71 0.02 7.1 0.14 S S 2693.0 80.0 "" "" "" "" "" 3539.0 1.08 0.03 3683.0 2017.0 1702.0 2468.0 C "" 3,20,39 "" "" "PN Th  3-18" "Gaia DR3 4059655594297061888" 262.11218507847 -28.64297694732 0.0 0.0 88.0 1636148068921376768 4059655594297061888 1270987626 0.0362 0.0279 0.1519 0.0396 3.8398 6.404 -4.044 0.049 -4.965 0.035 0.0207 0.0207 -0.1007 -0.0314 -0.1614 -0.03 -0.5208 -0.1144 0.1679 0.0331 211 0 209 2 0.3101 595.48 0.222 14.808 31 False 1.194 "" "" "" "" "" "" "" 24 15 0.067689 24 0.06392 45.5 0 0 1.014 0 210 51317.0834 248.611 206.415 13.911712 0.005938 21 4742.19 163.359 29.0292 16.148596 0.037505 21 77440.3 1122.57 68.9846 12.525478 0.016186 1.601 0.0 5.0 0.0 0.0 0 3.623117 2.236884 1.386233 122.84 0.68 1.0 2.0 0.0 2.0 6.1854 -0.81586 "" 372.867 "" 3900.0 3.5 1.0 111.0 "" "" "" "" "" "" "" VARIABLE 0.0 0.0 0.999997 "" "" "" "" "" "" "" "" "" "" "" "" "" "" "" "" "" "" "" "" "" "" 262.11220555876 -28.64295487989 0.785013 0.569312 0.035 0.138165
158 "Hen 3-1410" "" 101,102 "" 262.2758333333333 -29.721583333333328 10.32 0.03 9.16 0.04 8.57 0.03 7.78 0.02 7.68 0.02 7.28 0.02 6.69 0.1 S S 2166.0 31.0 "" "" "" "" "" 3258.0 1.34 0.02 4336.0 7245.0 5047.0 10965.0 C X 1,3 20 "" "Hen 3-1410" 4058701527427641472 262.27581848572 -29.72157091722 7780.7168 6792.17725 9163.2959 7477.63916 6587.29297 8418.21484 10033 0.064441 158 "Hen 3-1410" "" 101,102 "" 262.2758333333333 -29.721583333333328 10.32 0.03 9.16 0.04 8.57 0.03 7.78 0.02 7.68 0.02 7.28 0.02 6.69 0.1 S S 2166.0 31.0 "" "" "" "" "" 3258.0 1.34 0.02 4336.0 7245.0 5047.0 10965.0 C X 1,3 20 "" "Hen 3-1410" "Gaia DR3 4058701527427641472" 262.27581848572 -29.72157091722 0.0 0.0 105.0 1636148068921376768 4058701527427641472 601206051 0.0225 0.017 0.0717 0.0257 2.7913 6.063 -5.015 0.03 -3.407 0.021 -0.1635 -0.1415 -0.0006 0.0421 -0.289 0.0379 -0.4263 -0.0417 0.2326 -0.0925 250 0 250 0 4.2752 343.49 0.078 2.0733 31 False 1.253 "" "" "" "" "" "" "" 29 17 0.041856 30 0.02297 82.06 0 0 1.198 0 251 47357.35449 411.539 115.074 13.998899 0.009829 29 8424.3 206.513 40.793 15.524707 0.026762 28 64092.2 1714.2 37.3889 12.730883 0.029284 1.531 0.0 0.0 0.0 1.0 0 2.793824 1.525808 1.268016 "" "" "" "" "" "" "" "" "" "" "" "" "" "" "" "" "" "" "" "" "" "" VARIABLE 0.0 0.0 0.999965 7152.6 7128.7 7586.1 1.9432 1.9289 2.0673 -0.8768 -0.9649 -0.8408 5843.327 5102.3706 5938.912 6.042 6.0059 6.2345 4.4819 4.4577 4.665 2.5448 2.5303 2.6541 MARCS 262.27584415311 -29.72155577676 0.482815 0.33974 -0.0946 0.064441
159 357.32+01.97 "" 110 "" 262.8465833333333 -30.14563888888889 10.39 0.03 9.07 0.03 8.6 0.02 8.24 0.02 8.22 0.02 7.81 0.06 4.44 0.03 S S+IR 2523.0 151.0 101.0 "" "" "" "" 3444.0 1.15 0.08 3812.0 11185.0 7730.0 16044.0 X "" 12 "" "" "2MASS J17312318-3008443" 4058444104218324736 262.84656751577 -30.14566642305 5336.23828 3782.00269 7961.46436 4129.67627 3216.44116 5175.00732 10033 0.11068 159 357.32+01.97 "" 110 "" 262.8465833333333 -30.14563888888889 10.39 0.03 9.07 0.03 8.6 0.02 8.24 0.02 8.22 0.02 7.81 0.06 4.44 0.03 S S+IR 2523.0 151.0 101.0 "" "" "" "" 3444.0 1.15 0.08 3812.0 11185.0 7730.0 16044.0 X "" 12 "" "" "2MASS J17312318-3008443" "Gaia DR3 4058444104218324736" 262.84656751577 -30.14566642305 0.0 0.0 76.0 1636148068921376768 4058444104218324736 887443557 0.0684 0.0516 0.2197 0.0826 2.6588 6.217 -2.385 0.083 -5.741 0.059 0.1531 -0.1308 -0.0844 -0.1856 -0.432 -0.1687 -0.5017 -0.0591 0.3418 0.2557 253 0 253 0 16.5456 1915.2 0.508 54.409 31 False 1.19 "" "" "" "" "" "" "" 29 16 0.119017 30 0.01145 45.24 66 0 1.827 0 261 24672.72454 68.6593 359.35 14.706824 0.004089 29 1975.09 52.5031 37.6186 17.099575 0.028996 29 40182.0 260.777 154.086 13.237816 0.007996 1.709 0.0 19.0 0.0 19.0 0 3.861759 2.392751 1.469008 "" "" "" "" "" "" "" "" "" "" "" "" "" "" "" "" "" "" "" "" "" "" VARIABLE 0.0 0.0 1.0 "" "" "" "" "" "" "" "" "" "" "" "" "" "" "" "" "" "" "" "" "" "" 262.84657977518 -30.14564090595 1.327643 0.971616 0.2658 0.11068
160 "V2116 Oph" "" 101,102 "" 263.009 -24.745611111111103 10.1 0.02 8.7 0.05 7.98 0.02 7.43 0.03 7.14 0.02 6.78 0.02 6.4 0.07 S S 2137.0 39.0 "" "" "" "" "" 3244.0 1.36 0.02 3407.0 7611.0 4854.0 11887.0 X "" 1 "" C "V* V2116 Oph" 4110236324513030656 263.00895464609 -24.74560029077 9033.3623 7373.71387 11212.4414 8379.44727 6486.18994 10327.3203 10033 0.153313 160 "V2116 Oph" "" 101,102 "" 263.009 -24.745611111111103 10.1 0.02 8.7 0.05 7.98 0.02 7.43 0.03 7.14 0.02 6.78 0.02 6.4 0.07 S S 2137.0 39.0 "" "" "" "" "" 3244.0 1.36 0.02 3407.0 7611.0 4854.0 11887.0 X "" 1 "" C "V* V2116 Oph" "Gaia DR3 4110236324513030656" 263.00895464609 -24.74560029077 0.0 0.0 68.0 1636148068921376768 4110236324513030656 356931788 0.0624 0.048 -0.0998 0.0731 -1.3659 4.04 -3.515 0.08 -1.992 0.057 0.2525 -0.1754 -0.2819 -0.3442 -0.278 -0.242 -0.6523 -0.3029 0.3389 0.1989 265 0 260 5 -4.7091 578.44 0.373 13.896 31 False 1.135 "" "" "" "" "" "" "" 30 16 0.117237 30 0.566 3.957 0 0 0.798 0 261 11688.54317 261.684 44.6666 15.517966 0.024463 27 1098.8 168.796 6.50961 17.73625 0.166813 27 20800.3 1334.1 15.5913 13.95272 0.06974 1.874 0.0 2.0 0.0 2.0 0 3.78353 2.218284 1.565247 "" "" "" "" "" "" "" "" "" "" "" "" "" "" "" "" "" "" "" "" "" "" VARIABLE 0.0 0.0 0.999997 4275.3 4243.1 4296.1 1.2274 1.2039 1.2575 -0.8362 -0.9127 -0.7114 1401.7762 1354.0277 1453.8783 9.4358 9.3601 9.5064 5.7991 5.757 5.8406 3.3696 3.3406 3.3971 MARCS 263.00897184809 -24.74559143586 1.300089 0.941663 0.2181 0.153313
161 "PN Th 3-29" "" 101,102 "" 263.1162083333333 -29.08577777777777 8.92 0.02 7.57 0.04 6.92 0.02 6.61 0.08 6.65 0.02 6.2 0.01 5.59 0.05 S S 2469.0 74.0 "" "" "" "" "" 3415.0 1.17 0.03 3709.0 4565.0 2770.0 8303.0 C "" 3,4,39 "" "" "PN Th  3-29" 4058843158219588480 263.11612706155 -29.08586799469 8256.46387 5884.146 11300.9902 5480.48438 4385.91553 6684.77246 10033 0.413347 161 "PN Th 3-29" "" 101,102 "" 263.1162083333333 -29.08577777777777 8.92 0.02 7.57 0.04 6.92 0.02 6.61 0.08 6.65 0.02 6.2 0.01 5.59 0.05 S S 2469.0 74.0 "" "" "" "" "" 3415.0 1.17 0.03 3709.0 4565.0 2770.0 8303.0 C "" 3,4,39 "" "" "PN Th  3-29" "Gaia DR3 4058843158219588480" 263.11612706155 -29.08586799469 0.0 0.0 86.0 1636148068921376768 4058843158219588480 1445320742 0.0541 0.0412 0.0597 0.0579 1.0315 11.891 -5.341 0.071 -10.624 0.049 0.0352 -0.0331 -0.1604 -0.3043 -0.1929 -0.2966 -0.3947 -0.1881 0.1443 0.1165 256 0 251 5 5.5391 1436.8 0.4 38.9 31 False 1.174 "" "" "" "" "" "" "" 29 17 0.101268 29 0.006312 65.56 0 0 1.258 0 248 33445.95092 56.4891 592.077 14.376508 0.00331 28 3402.73 36.618 92.9251 16.508974 0.012013 27 55134.1 299.348 184.181 12.894344 0.007002 1.75 0.0 3.0 0.0 3.0 0 3.61463 2.132466 1.482163 "" "" "" "" "" "" "" "" "" "" "" "" "" "" "" "" "" "" "" "" "" "" VARIABLE 0.0 0.0 0.999996 4276.0 4255.2 4296.5 1.2113 1.1787 1.2298 0.0915 -0.0067 0.1454 2413.7568 2379.5046 2495.791 9.9718 9.9506 9.9884 6.039 6.0217 6.0512 3.4995 3.4915 3.5065 PHOENIX 263.11615422396 -29.0858207775 1.151646 0.803945 0.1421 0.413347
163 "PN Th 3-30" "" 101,102 "" 263.4307916666666 -28.122527777777773 10.17 0.03 8.86 0.06 8.33 0.03 7.94 0.03 7.9 0.02 7.43 0.02 6.66 0.08 S S 2459.0 63.0 "" "" "" "" "" 3410.0 1.18 0.03 3772.0 6355.0 4002.0 10454.0 C "" 1,3,20,39 "" "" "PN Th  3-30" 4061159206381600000 263.43077962644 -28.12255251068 8924.05078 7409.53711 10544.5547 6454.60205 5441.79785 7971.53906 10133 0.096898 163 "PN Th 3-30" "" 101,102 "" 263.4307916666666 -28.122527777777773 10.17 0.03 8.86 0.06 8.33 0.03 7.94 0.03 7.9 0.02 7.43 0.02 6.66 0.08 S S 2459.0 63.0 "" "" "" "" "" 3410.0 1.18 0.03 3772.0 6355.0 4002.0 10454.0 C "" 1,3,20,39 "" "" "PN Th  3-30" "Gaia DR3 4061159206381600000" 263.43077962644 -28.12255251068 0.0 0.0 88.0 1636148068921376768 4061159206381600000 99242273 0.0359 0.0281 0.001 0.0519 0.0189 7.951 3.238 0.048 -7.261 0.034 0.0214 -0.0332 0.0355 -0.2023 -0.4969 -0.1014 -0.4899 -0.2847 0.4984 0.0335 231 0 230 1 0.521 530.95 0.206 11.173 31 False 1.197 "" "" "" "" "" "" "" 27 15 0.066925 27 0.1794 4.717 0 0 1.023 0 229 35960.3548 189.845 189.42 14.297807 0.00636 26 3461.45 110.576 31.3039 16.490396 0.034796 26 54490.9 765.718 71.1632 12.907085 0.015718 1.612 0.0 11.0 0.0 1.0 0 3.583311 2.19259 1.390721 -13.09 4.95 2.0 6.0 0.0 5.0 7.7911 "" "" 700.093 "" 5500.0 4.5 0.0 0.0 "" "" "" 12.07023 0.059929 6.0 "" VARIABLE 0.0 0.0 0.999998 "" "" "" "" "" "" "" "" "" "" "" "" "" "" "" "" "" "" "" "" "" "" 263.43076330811 -28.12252023817 0.760664 0.555666 0.0471 0.096898
