SySt-Gaia-distance.ecsv
# %ECSV 1.0
# ---
# datatype:
# - {name: recno_1, datatype: int64}
# - {name: Name_1, datatype: string}
# - {name: OName_1, datatype: string}
# - {name: Ref_1, datatype: string}
# - {name: n_Name_1, datatype: float64}
# - {name: RAJ2000_1, datatype: float64}
# - {name: DEJ2000_1, datatype: float64}
# - {name: Jmag_1, datatype: float64}
# - {name: e_Jmag_1, datatype: float64}
# - {name: Hmag_1, datatype: float64}
# - {name: e_Hmag_1, datatype: float64}
# - {name: Ksmag_1, datatype: float64}
# - {name: e_Ksmag_1, datatype: float64}
# - {name: W1mag_1, datatype: float64}
# - {name: e_W1mag_1, datatype: float64}
# - {name: W2mag_1, datatype: float64}
# - {name: e_W2mag_1, datatype: float64}
# - {name: W3mag_1, datatype: float64}
# - {name: e_W3mag_1, datatype: float64}
# - {name: W4mag_1, datatype: float64}
# - {name: e_W4mag_1, datatype: float64}
# - {name: Old_1, datatype: string}
# - {name: New_1, datatype: string}
# - {name: TBB_1, datatype: float64}
# - {name: e_TBB_1, datatype: float64}
# - {name: Tdust1_1, datatype: float64}
# - {name: e_Tdust1_1, datatype: float64}
# - {name: Tdust2_1, datatype: float64}
# - {name: e_Tdust2_1, datatype: float64}
# - {name: Tdust3_1, datatype: float64}
# - {name: Tcool_1, datatype: float64}
# - {name: Peak_1, datatype: float64}
# - {name: e_Peak_1, datatype: float64}
# - {name: TGaia_1, datatype: float64}
# - {name: Dist_1, datatype: float64}
# - {name: b_Dist_1, datatype: float64}
# - {name: B_Dist_1, datatype: float64}
# - {name: OVI_1, datatype: string}
# - {name: OVI2_1, datatype: string}
# - {name: r_OVI_1, datatype: string}
# - {name: r_OVI2_1, datatype: string}
# - {name: X-ray_1, datatype: string}
# - {name: SimbadName_1, datatype: string}
# - {name: Source_1, datatype: int64}
# - {name: RA_ICRS, datatype: float64}
# - {name: DE_ICRS, datatype: float64}
# - {name: rgeo, datatype: float64}
# - {name: b_rgeo_x, datatype: float64}
# - {name: B_rgeo_xa, datatype: float64}
# - {name: rpgeo, datatype: float64}
# - {name: b_rpgeo_x, datatype: float64}
# - {name: B_rpgeo_xa, datatype: float64}
# - {name: Flag, datatype: int64}
# - {name: angDist_1, datatype: float64}
# - {name: recno_2, datatype: int64}
# - {name: Name_2, datatype: string}
# - {name: OName_2, datatype: string}
# - {name: Ref_2, datatype: string}
# - {name: n_Name_2, datatype: string}
# - {name: RAJ2000_2, datatype: float64}
# - {name: DEJ2000_2, datatype: float64}
# - {name: Jmag_2, datatype: float64}
# - {name: e_Jmag_2, datatype: float64}
# - {name: Hmag_2, datatype: float64}
# - {name: e_Hmag_2, datatype: float64}
# - {name: Ksmag_2, datatype: float64}
# - {name: e_Ksmag_2, datatype: float64}
# - {name: W1mag_2, datatype: float64}
# - {name: e_W1mag_2, datatype: float64}
# - {name: W2mag_2, datatype: float64}
# - {name: e_W2mag_2, datatype: float64}
# - {name: W3mag_2, datatype: float64}
# - {name: e_W3mag_2, datatype: float64}
# - {name: W4mag_2, datatype: float64}
# - {name: e_W4mag_2, datatype: float64}
# - {name: Old_2, datatype: string}
# - {name: New_2, datatype: string}
# - {name: TBB_2, datatype: float64}
# - {name: e_TBB_2, datatype: float64}
# - {name: Tdust1_2, datatype: float64}
# - {name: e_Tdust1_2, datatype: float64}
# - {name: Tdust2_2, datatype: float64}
# - {name: e_Tdust2_2, datatype: float64}
# - {name: Tdust3_2, datatype: float64}
[...]
[from data line 11]
42 "SMC N60" "SMC SySt-4" 101,102 "" 14.274374999999996 -74.22127777777777 14.04 0.02 13.17 0.03 12.62 0.03 12.14 0.02 11.74 0.02 10.83 0.08 9.02 "" S,D S 2419.0 281.0 "" "" "" "" "" 3388.0 1.2 0.01 "" "" "" "" C "" 1,5 "" "" "LHA 115-N  60" 4685585706769513344 14.27435228131 -74.22127308594 9460.19336 7083.43066 12415.9248 11110.7676 9115.31543 16021.4854 10133 0.027927 42 "SMC N60" "SMC SySt-4" 101,102 "" 14.274374999999996 -74.22127777777777 14.04 0.02 13.17 0.03 12.62 0.03 12.14 0.02 11.74 0.02 10.83 0.08 9.02 "" S,D S 2419.0 281.0 "" "" "" "" "" 3388.0 1.2 0.01 "" "" "" "" C "" 1,5 "" "" "LHA 115-N  60" "Gaia DR3 4685585706769513344" 14.27435228131 -74.22127308594 0.0 0.0 103.0 1636148068921376768 4685585706769513344 1360435523 0.0398 0.0308 0.0442 0.0367 1.2062 1.598 1.023 0.051 -1.227 0.042 -0.1307 -0.0168 -0.4484 0.1384 -0.1825 0.1276 -0.0131 -0.0682 -0.1378 -0.1621 292 0 291 1 1.976 364.42 0.106 0.9552 95 False "" 1.4194 0.0099 -0.109 0.134 0.044 0.059 -0.04 34 24 0.075257 38 0.08263 126.4 0 0 1.083 0 314 7452.23763 98.5614 75.6101 16.00665 0.014622 36 3159.81 120.75 26.1682 16.589392 0.041584 36 6581.24 260.744 25.2402 15.202127 0.043182 1.307 0.0 2.0 0.0 1.0 0 1.387265 0.582741 0.804524 "" "" "" "" "" "" "" "" "" "" "" "" "" "" "" "" "" "" "" "" "" "" VARIABLE 2e-06 0.0 0.999818 "" "" "" "" "" "" "" "" "" "" "" "" "" "" "" "" "" "" "" "" "" "" 14.27433555358 -74.22126763247 0.837081 0.670504 -0.1708 0.027927
43 "LIN 358" "SMC SySt-5" 101,102 "" 14.801083333333333 -75.08824999999999 12.5 0.02 11.65 0.02 11.46 0.03 11.29 0.02 11.29 0.02 10.86 0.09 8.9 "" S S 3083.0 155.0 "" "" "" "" "" 3768.0 0.94 0.05 "" "" "" "" C "" 1,5 "" C "LIN 358" 4684550589578636928 14.80106172125 -75.08823126348 31100.5957 23451.6172 44174.0859 22224.4121 16686.752 31606.0879 10133 0.07036 43 "LIN 358" "SMC SySt-5" 101,102 "" 14.801083333333333 -75.08824999999999 12.5 0.02 11.65 0.02 11.46 0.03 11.29 0.02 11.29 0.02 10.86 0.09 8.9 "" S S 3083.0 155.0 "" "" "" "" "" 3768.0 0.94 0.05 "" "" "" "" C "" 1,5 "" C "LIN 358" "Gaia DR3 4684550589578636928" 14.80106172125 -75.08823126348 0.0 0.0 117.0 1636148068921376768 4684550589578636928 1172520778 0.0181 0.0155 -0.039 0.0172 -2.2683 1.361 0.827 0.024 -1.081 0.021 -0.21 0.1203 -0.4554 0.0074 -0.0622 0.0581 0.0489 -0.0656 -0.2006 -0.145 342 0 342 0 0.4292 344.02 0.0 2.1895e-15 31 False 1.374 "" "" "" "" "" "" "" 39 27 0.034748 42 0.02095 103.1 0 0 1.016 0 362 24641.57871 59.6275 413.259 14.708196 0.003807 40 7993.82 77.0686 103.723 15.581656 0.010833 40 24516.7 155.805 157.355 13.77424 0.007867 1.319 0.0 0.0 0.0 0.0 0 1.807417 0.873461 0.933956 155.61 5.09 2.0 17.0 2.0 13.0 6.5385 "" "" 907.769 "" 3900.0 0.0 -1.5 111.0 "" "" "" 13.26457 0.096495 17.0 "" VARIABLE 0.0 0.0 0.999956 "" "" "" "" "" "" "" "" "" "" "" "" "" "" "" "" "" "" "" "" "" "" 14.80104743133 -75.08822645887 0.387005 0.337839 -0.1454 0.07036
44 "SMC N73" "SMC SySt-6" 101,102 "" 16.163874999999997 -75.8068611111111 12.55 0.02 11.71 0.02 11.49 0.03 11.37 0.02 11.46 0.02 11.27 0.13 9.03 "" S S 3158.0 208.0 "" "" "" "" "" 3814.0 0.92 0.07 "" "" "" "" C "" 1,5 "" "" "LHA 115-N  73" 4636419124474360448 16.16379767923 -75.8068854002 22518.6289 18261.1777 28258.375 20913.7227 18469.5566 22766.7129 10033 0.110923 44 "SMC N73" "SMC SySt-6" 101,102 "" 16.163874999999997 -75.8068611111111 12.55 0.02 11.71 0.02 11.49 0.03 11.37 0.02 11.46 0.02 11.27 0.13 9.03 "" S S 3158.0 208.0 "" "" "" "" "" 3814.0 0.92 0.07 "" "" "" "" C "" 1,5 "" "" "LHA 115-N  73" "Gaia DR3 4636419124474360448" 16.16379767923 -75.8068854002 0.0 0.0 130.0 1636148068921376768 4636419124474360448 794047360 0.017 0.0167 -0.0234 0.0189 -1.2337 1.838 1.182 0.022 -1.407 0.021 -0.0948 0.2354 -0.1495 -0.0197 -0.0692 0.01 -0.0525 -0.2357 -0.0599 -0.0607 374 0 373 1 0.9767 395.17 0.0 0.0 31 False 1.34 "" "" "" "" "" "" "" 43 28 0.031053 48 0.01401 80.28 0 0 1.035 0 408 18887.95325 54.1341 348.91 14.996904 0.004156 47 5333.65 72.8175 73.2468 16.02098 0.015083 46 19979.0 161.538 123.68 13.996463 0.009558 1.34 0.0 3.0 0.0 3.0 0 2.024518 1.024076 1.000442 163.38 3.07 2.0 17.0 3.0 15.0 5.4418 "" "" 871.295 "" 4500.0 1.5 1.0 111.0 "" "" "" 13.627982 0.050778 16.0 "" VARIABLE 0.0 0.0 0.999975 4410.3 4363.6 4425.7 2.0892 1.9856 2.1249 0.7936 0.7299 0.7989 9603.288 9169.63 11101.729 1.684 1.6328 1.704 1.2052 1.1661 1.2203 0.6236 0.6043 0.6314 MARCS 16.16377625295 -75.80687914758 0.35523 0.331597 -0.0598 0.110923
45 "M33 SySt-1" "" 156 "" 23.082291666666663 30.625472222222218 "" "" "" "" "" "" "" "" "" "" "" "" "" "" S ? "" "" "" "" "" "" "" "" "" "" "" "" "" "" C "" 32 "" "" "M33SyS J013219.75+303731.7" 315296950814336512 23.08219025094 30.62542600083 1974.8064 1322.55493 3804.35742 5387.09082 4590.37939 6175.04053 10033 0.355516 45 "M33 SySt-1" "" 156 "" 23.082291666666663 30.625472222222218 "" "" "" "" "" "" "" "" "" "" "" "" "" "" S ? "" "" "" "" "" "" "" "" "" "" "" "" "" "" C "" 32 "" "" "M33SyS J013219.75+303731.7" "Gaia DR3 315296950814336512" 23.08219025094 30.62542600083 0.001 0.0 102.0 1636148068921376768 315296950814336512 321384151 0.714 0.4089 -1.0168 0.77 -1.3205 0.806 -0.546 0.753 0.592 0.471 -0.2507 0.4184 -0.3284 0.1852 -0.3103 0.0633 -0.5952 0.0246 0.191 -0.0472 263 0 262 1 0.2748 276.79 0.0 0.0 95 False "" 1.7104 0.1419 -0.058 0.175 -0.286 0.024 0.258 30 15 1.089297 34 0.09175 175.3 0 0 1.011 0 280 153.56783 0.955295 160.754 20.221617 0.007294 31 68.8314 7.85289 8.7651 20.744076 0.123902 31 127.064 8.42565 15.0806 19.48784 0.072095 1.276 0.0 0.0 0.0 0.0 0 1.256235 0.522459 0.733776 "" "" "" "" "" "" "" "" "" "" "" "" "" "" "" "" "" "" "" "" "" "" NOT_AVAILABLE 0.37292 3e-05 0.627039 "" "" "" "" "" "" "" "" "" "" "" "" "" "" "" "" "" "" "" "" "" "" 23.08219307347 30.6254233689 12.308914 7.791129 -0.0591 0.355516
54 "M33 SySt-10" "" 156 "" 23.70625 30.79358333333333 "" "" "" "" "" "" "" "" "" "" "" "" "" "" S ? "" "" "" "" "" "" "" "" "" "" "" "" "" "" C "" 32 "" "" "M33SyS J013449.50+304736.9" 303376393640103680 23.70613642335 30.79359307827 1311.0553 814.428528 2352.46948 3311.61865 2661.10767 3774.43018 20033 0.352979 54 "M33 SySt-10" "" 156 "" 23.70625 30.79358333333333 "" "" "" "" "" "" "" "" "" "" "" "" "" "" S ? "" "" "" "" "" "" "" "" "" "" "" "" "" "" C "" 32 "" "" "M33SyS J013449.50+304736.9" "Gaia DR3 303376393640103680" 23.70613642335 30.79359307827 0.002 0.001 106.0 1636148068921376768 303376393640103680 1644911 2.0405 0.9465 -0.8456 1.7193 -0.4918 5.558 4.551 2.322 -3.191 1.154 -0.5155 0.544 -0.5989 0.473 -0.2301 0.4763 -0.7278 -0.2253 0.2239 -0.4347 183 0 181 2 -0.6226 211.41 2.333 1.142 95 False "" 1.0696 0.2902 -0.135 0.133 -0.306 0.174 0.259 21 9 3.660055 23 0.1707 163.1 1 0 0.965 0 196 95.88128 0.739901 129.587 20.733032 0.00882 16 31.476 5.03881 6.24671 21.593594 0.173832 19 97.2574 9.51758 10.2187 19.77809 0.106317 1.343 0.0 0.0 0.0 0.0 0 1.815504 0.860561 0.954943 "" "" "" "" "" "" "" "" "" "" "" "" "" "" "" "" "" "" "" "" "" "" NOT_AVAILABLE 0.0 0.0 0.999997 "" "" "" "" "" "" "" "" "" "" "" "" "" "" "" "" "" "" "" "" "" "" 23.70611287871 30.79360726093 38.406065 19.156633 -0.4534 0.352979
57 "AX Per" "" 101,102 "" 24.09458333333333 54.25066666666666 6.6 0.02 5.69 0.02 5.35 0.02 5.27 0.2 5.17 0.07 4.96 0.01 4.42 0.03 S,D' S 2951.0 112.0 "" "" "" "" "" 3688.0 0.98 0.04 3927.0 2923.0 2500.0 3499.0 X "" 1,2 "" X "V* AX Per" 409028569033785728 24.09457127311 54.25064385279 2112.02661 2001.8335 2266.96606 2125.89355 2012.07532 2219.5354 10033 0.085958 57 "AX Per" "" 101,102 "" 24.09458333333333 54.25066666666666 6.6 0.02 5.69 0.02 5.35 0.02 5.27 0.2 5.17 0.07 4.96 0.01 4.42 0.03 S,D' S 2951.0 112.0 "" "" "" "" "" 3688.0 0.98 0.04 3927.0 2923.0 2500.0 3499.0 X "" 1,2 "" X "V* AX Per" "Gaia DR3 409028569033785728" 24.09457127311 54.25064385279 0.0 0.0 128.0 1636148068921376768 409028569033785728 274979035 0.0191 0.0176 0.4244 0.0295 14.3792 6.133 -1.825 0.025 -5.855 0.028 -0.3129 0.3298 -0.6538 0.0342 -0.1178 0.1928 -0.0005 -0.2092 0.1625 -0.0288 524 524 521 3 12.495 3869.9 0.215 79.075 31 False 1.276 "" "" "" "" "" "" "" 59 20 0.03894 65 0.06031 86.61 0 0 1.412 0 423 2076187.89274 4588.2 452.506 9.8942 0.003654 47 438875.0 8565.53 51.2374 11.232689 0.021373 39 2626680.0 4088.72 642.422 8.699377 0.00414 1.477 0.0 0.0 0.0 0.0 0 2.533312 1.338489 1.194823 "" "" "" "" "" "" "" "" "" "" "" "" "" "" "" "" "" "" "" "" "" "" VARIABLE 0.0 0.0 0.998258 "" "" "" "" "" "" "" "" "" "" "" "" "" "" "" "" "" "" "" "" "" "" 24.09458515282 54.2506698743 0.413023 0.440572 -0.0375 0.085958
58 "V471 Per" "" 101,102 "" 29.70695833333333 52.89677777777777 11.02 0.02 10.4 0.02 9.93 0.02 8.74 0.02 7.48 0.02 3.57 0.02 1.46 0.02 D' D' 2752.0 308.0 758.0 71.0 359.0 58.0 "" 3572.0 1.05 0.02 4954.0 2393.0 2203.0 2618.0 X "" 1 "" "" "V* V471 Per" 360112911622101120 29.70693945057 52.89678506346 2511.67261 2411.07202 2651.89917 2495.73706 2379.47168 2603.99805 10033 0.048678 58 "V471 Per" "" 101,102 "" 29.70695833333333 52.89677777777777 11.02 0.02 10.4 0.02 9.93 0.02 8.74 0.02 7.48 0.02 3.57 0.02 1.46 0.02 D' D' 2752.0 308.0 758.0 71.0 359.0 58.0 "" 3572.0 1.05 0.02 4954.0 2393.0 2203.0 2618.0 X "" 1 "" "" "V* V471 Per" "Gaia DR3 360112911622101120" 29.70693945057 52.89678506346 0.0 0.0 1.0 1636148068921376768 360112911622101120 596029478 0.0121 0.0137 0.3829 0.0179 21.4001 2.331 0.459 0.017 -2.286 0.018 0.0042 0.1357 -0.0939 -0.0826 -0.1744 -0.1965 0.0312 0.1792 0.2656 -0.096 266 266 263 3 6.3965 625.93 0.101 11.61 31 False 1.468 "" "" "" "" "" "" "" 30 18 0.025536 36 0.01788 69.26 0 0 1.293 0 319 177911.79599 206.899 859.898 12.561855 0.003031 35 80381.1 257.081 312.669 13.075657 0.004455 35 146236.0 428.401 341.353 11.835259 0.00494 1.274 0.0 1.0 0.0 0.0 0 1.240397 0.513802 0.726596 -28.36 8.46 1.0 13.0 2.0 11.0 19.178 14.75 0.0 778.812 79.65 5000.0 3.5 0.75 111.0 7.4247 7.9557 6.0 11.665505 0.036757 11.0 "" VARIABLE 0.0 0.0 0.999644 5091.7 5063.6 5131.2 2.4574 2.3675 2.5732 -1.3588 -1.4 -1.3125 2189.5852 1924.123 2420.8845 0.636 0.6074 0.6733 0.5065 0.4832 0.5369 0.2762 0.2634 0.2932 MARCS 29.70693606618 52.89679522182 0.272916 0.286308 -0.0825 0.048678
60 "BD Cam" "" 101,102 "" 55.53883333333332 63.216805555555545 1.4 0.32 0.53 0.17 0.27 0.2 -2.18 "" -1.92 "" 0.04 0.1 -0.08 0.02 S S 3308.0 31.0 "" "" "" "" "" 3910.0 0.88 0.01 3523.0 "" "" "" X "" 1 "" "" "V* BD Cam" 487305619316615680 55.53867998785 63.21688594961 235.435242 219.877747 250.599304 230.591507 215.525574 242.535187 10033 0.381634 60 "BD Cam" "" 101,102 "" 55.53883333333332 63.216805555555545 1.4 0.32 0.53 0.17 0.27 0.2 -2.18 "" -1.92 "" 0.04 0.1 -0.08 0.02 S S 3308.0 31.0 "" "" "" "" "" 3910.0 0.88 0.01 3523.0 "" "" "" X "" 1 "" "" "V* BD Cam" "Gaia DR3 487305619316615680" 55.53867998785 63.21688594961 0.0 0.0 159.0 1636148068921376768 487305619316615680 609897569 0.1501 0.1706 4.2671 0.2581 16.5339 26.864 -17.877 0.233 20.052 0.299 -0.1144 0.2675 -0.0745 0.1008 -0.2514 0.125 0.2178 -0.1641 0.1261 0.1018 260 260 254 6 32.5472 109330.0 1.641 4382.4 95 False "" 1.2783 0.042 -0.321 0.119 -0.187 0.09 -0.129 30 15 0.418537 33 0.009258 156.6 9 0 2.772 0 247 491864724.66659 902977.0 544.715 3.957753 0.003401 30 94991300.0 446079.0 212.947 5.394333 0.005812 30 563470000.0 3719610.0 151.486 2.870718 0.008103 1.339 0.0 0.0 0.0 0.0 0 2.523614 1.43658 1.087034 "" "" "" "" "" "" "" "" "" "" "" "" "" "" "" "" "" "" "" "" "" "" NOT_AVAILABLE 0.0 0.0 0.999488 "" "" "" "" "" "" "" "" "" "" "" "" "" "" "" "" "" "" "" "" "" "" 55.53885630981 63.21679683066 3.741733 4.742242 0.0934 0.381634
61 "StHA 32" "" 101,102 "" 69.440125 -1.3199444444444444 10.18 0.02 9.48 0.02 9.29 0.02 9.15 0.02 9.18 0.02 8.71 0.03 7.95 0.18 S S 3226.0 158.0 "" "" "" "" "" 3857.0 0.9 0.05 4299.0 4516.0 3899.0 5297.0 C "" 1 "" C "EM* StHA   32" 3229441606998725888 69.44015311543 -1.3199896917 10221.1494 9004.37793 12000.7168 8554.54785 7981.29785 9137.49219 10033 0.191761 61 "StHA 32" "" 101,102 "" 69.440125 -1.3199444444444444 10.18 0.02 9.48 0.02 9.29 0.02 9.15 0.02 9.18 0.02 8.71 0.03 7.95 0.18 S S 3226.0 158.0 "" "" "" "" "" 3857.0 0.9 0.05 4299.0 4516.0 3899.0 5297.0 C "" 1 "" C "EM* StHA   32" "Gaia DR3 3229441606998725888" 69.44015311543 -1.3199896917 0.0 0.0 96.0 1636148068921376768 3229441606998725888 1735887549 0.0137 0.0069 0.0753 0.0161 4.6679 6.695 5.205 0.022 -4.211 0.016 -0.1504 0.1994 0.3246 -0.0393 0.0927 -0.1499 0.4168 0.1068 0.2082 -0.4513 414 414 409 5 3.4506 698.61 0.056 5.2338 31 True 1.402 "" "" "" "" "" "" "" 47 18 0.033078 49 0.0508 171.1 0 0 1.123 0 408 229225.91715 390.84 586.496 12.286708 0.003319 46 83846.4 595.524 140.794 13.029832 0.008201 46 206579.0 1054.54 195.895 11.460179 0.006708 1.267 0.0 0.0 0.0 0.0 0 1.569653 0.743124 0.826529 326.46 1.98 1.0 24.0 3.0 16.0 45.008 27.252 0.0 879.677 24.48 4500.0 0.0 0.25 111.0 "" "" "" 11.094374 0.015769 21.0 "" VARIABLE 0.0 0.0 0.999918 4399.7 4399.0 4400.4 1.3572 1.3567 1.3577 -0.0399 -0.0401 -0.0398 12914.789 12911.642 12915.994 0.549 0.5477 0.551 0.4096 0.4086 0.4112 0.2121 0.2116 0.2129 MARCS 69.44012997732 -1.31997097571 0.345623 0.255346 -0.4563 0.191761
62 "LMC S154" "LMC SySt-3" 101,102 "" 72.96029166666666 -75.05983333333332 11.71 0.02 10.36 0.02 9.38 0.02 8.64 0.02 7.98 0.02 6.78 0.02 6.24 0.05 D S+IR 1717.0 29.0 363.0 41.0 "" "" "" 3046.0 1.69 0.02 "" "" "" "" C "" 5,38 "" "" "LHA 120-S 154" 4649246748682812032 72.96029142559 -75.05981262228 10440.4678 8252.46484 13027.6436 10762.9541 8334.5918 13429.7041 10033 0.07456 62 "LMC S154" "LMC SySt-3" 101,102 "" 72.96029166666666 -75.05983333333332 11.71 0.02 10.36 0.02 9.38 0.02 8.64 0.02 7.98 0.02 6.78 0.02 6.24 0.05 D S+IR 1717.0 29.0 363.0 41.0 "" "" "" 3046.0 1.69 0.02 "" "" "" "" C "" 5,38 "" "" "LHA 120-S 154" "Gaia DR3 4649246748682812032" 72.96029142559 -75.05981262228 0.0 0.0 70.0 1636148068921376768 4649246748682812032 349325328 0.0303 0.026 0.036 0.0287 1.257 2.239 2.235 0.042 -0.131 0.034 0.1297 0.1102 -0.0699 -0.2039 0.097 -0.1155 -0.2354 0.3028 -0.0356 0.0491 290 0 287 3 2.8436 435.42 0.146 3.2534 95 False "" 1.4022 0.0086 0.098 -0.162 0.053 -0.182 0.043 34 23 0.058059 40 0.02826 117.9 0 0 1.121 0 320 12095.01724 116.787 103.564 15.48085 0.01084 37 4982.06 107.335 46.416 16.09502 0.023557 37 11918.3 339.885 35.0655 14.557364 0.031193 1.397 0.0 0.0 0.0 0.0 0 1.537657 0.61417 0.923487 "" "" "" "" "" "" "" "" "" "" "" "" "" "" "" "" "" "" "" "" "" "" VARIABLE 0.0 0.0 0.999833 "" "" "" "" "" "" "" "" "" "" "" "" "" "" "" "" "" "" "" "" "" "" 72.96025290153 -75.05981203965 0.666957 0.545169 0.0632 0.07456
63 "LMC S147" "LMC SySt-4" 101,102 "" 73.51416666666665 -70.99227777777777 12.87 0.02 12.04 0.03 11.79 0.03 11.66 0.02 11.64 0.02 11.02 0.08 9.5 0.46 S S 3078.0 140.0 "" "" "" "" "" 3765.0 0.94 0.05 "" "" "" "" C "" 5 "" "" "LHA 120-S 147" 4654689399973785088 73.51446619598 -70.99226389031 13176.9033 10280.8857 16056.7236 11469.4473 10503.5215 12357.6914 10033 0.35474 63 "LMC S147" "LMC SySt-4" 101,102 "" 73.51416666666665 -70.99227777777777 12.87 0.02 12.04 0.03 11.79 0.03 11.66 0.02 11.64 0.02 11.02 0.08 9.5 0.46 S S 3078.0 140.0 "" "" "" "" "" 3765.0 0.94 0.05 "" "" "" "" C "" 5 "" "" "LHA 120-S 147" "Gaia DR3 4654689399973785088" 73.51446619598 -70.99226389031 0.0 0.0 13.0 1636148068921376768 4654689399973785088 1711533353 0.0187 0.0214 0.0255 0.0208 1.2233 1.93 1.879 0.021 -0.438 0.025 0.0627 0.231 0.1359 -0.1485 0.1193 -0.0739 -0.0137 0.1219 -0.2657 -0.0171 323 0 322 1 3.9054 427.36 0.077 1.375 31 False 1.395 "" "" "" "" "" "" "" 37 26 0.035345 42 0.009731 179.5 0 0 1.158 0 348 19883.08606 94.8529 209.62 14.941157 0.005867 39 7083.72 107.45 65.9255 15.712888 0.016704 37 19675.6 255.619 76.9724 14.013076 0.014603 1.346 0.0 4.0 0.0 2.0 0 1.699812 0.77173 0.928082 259.62 6.22 2.0 19.0 2.0 17.0 5.0064 "" "" 876.491 "" 5500.0 4.5 0.0 0.0 "" "" "" 13.719319 0.125493 18.0 "" VARIABLE 0.0 0.0 0.999885 "" "" "" "" "" "" "" "" "" "" "" "" "" "" "" "" "" "" "" "" "" "" 73.51444055476 -70.99226194145 0.330261 0.404586 -0.0047 0.35474
