SySt-PS-Gaia.ecsv
# %ECSV 1.0
# ---
# datatype:
# - {name: recno, datatype: int64}
# - {name: Name, datatype: string}
# - {name: OName, datatype: string}
# - {name: Ref, datatype: string}
# - {name: n_Name, datatype: string}
# - {name: RAJ2000, datatype: float64}
# - {name: DEJ2000, datatype: float64}
# - {name: Jmag, datatype: float64}
# - {name: e_Jmag, datatype: float64}
# - {name: Hmag, datatype: float64}
# - {name: e_Hmag, datatype: float64}
# - {name: Ksmag, datatype: float64}
# - {name: e_Ksmag, datatype: float64}
# - {name: W1mag, datatype: float64}
# - {name: e_W1mag, datatype: float64}
# - {name: W2mag, datatype: float64}
# - {name: e_W2mag, datatype: float64}
# - {name: W3mag, datatype: float64}
# - {name: e_W3mag, datatype: float64}
# - {name: W4mag, datatype: float64}
# - {name: e_W4mag, datatype: float64}
# - {name: Old, datatype: string}
# - {name: New, datatype: string}
# - {name: TBB, datatype: float64}
# - {name: e_TBB, datatype: float64}
# - {name: Tdust1, datatype: float64}
# - {name: e_Tdust1, datatype: float64}
# - {name: Tdust2, datatype: float64}
# - {name: e_Tdust2, datatype: float64}
# - {name: Tdust3, datatype: float64}
# - {name: Tcool, datatype: float64}
# - {name: Peak, datatype: float64}
# - {name: e_Peak, datatype: float64}
# - {name: TGaia, datatype: float64}
# - {name: Dist, datatype: float64}
# - {name: b_Dist, datatype: float64}
# - {name: B_Dist, datatype: float64}
# - {name: OVI, datatype: string}
# - {name: OVI2, datatype: string}
# - {name: r_OVI, datatype: string}
# - {name: r_OVI2, datatype: string}
# - {name: X-ray, datatype: string}
# - {name: SimbadName, datatype: string}
# - {name: objID, datatype: int64}
# - {name: RAJ2000_x, datatype: float64}
# - {name: DEJ2000_x, datatype: float64}
# - {name: errHalfMaj, datatype: float64}
# - {name: errHalfMin, datatype: float64}
# - {name: errPosAng, datatype: float64}
# - {name: f_objID, datatype: int64}
# - {name: Qual, datatype: int64}
# - {name: Epoch, datatype: float64}
# - {name: Ns, datatype: int64}
# - {name: Nd, datatype: int64}
# - {name: gmag, datatype: float64}
# - {name: e_gmag, datatype: float64}
# - {name: gKmag, datatype: float64}
# - {name: e_gKmag, datatype: float64}
# - {name: gFlags, datatype: int64}
# - {name: rmag, datatype: float64}
# - {name: e_rmag, datatype: float64}
# - {name: rKmag, datatype: float64}
# - {name: e_rKmag, datatype: float64}
# - {name: rFlags, datatype: int64}
# - {name: imag, datatype: float64}
# - {name: e_imag, datatype: float64}
# - {name: iKmag, datatype: float64}
# - {name: e_iKmag, datatype: float64}
# - {name: iFlags, datatype: int64}
# - {name: zmag, datatype: float64}
# - {name: e_zmag, datatype: float64}
# - {name: zKmag, datatype: float64}
# - {name: e_zKmag, datatype: float64}
# - {name: zFlags, datatype: int64}
# - {name: ymag, datatype: float64}
# - {name: e_ymag, datatype: float64}
# - {name: yKmag, datatype: float64}
# - {name: e_yKmag, datatype: float64}
# - {name: yFlags, datatype: int64}
# - {name: angDist, datatype: float64}
# - {name: Plx, datatype: float64}
# - {name: e_Plx, datatype: float64}
# - {name: Gmag, datatype: float64}
# - {name: e_Gmag, datatype: float64}
# - {name: BPmag, datatype: float64}
# - {name: e_BPmag, datatype: float64}
# - {name: RPmag, datatype: float64}
# - {name: e_RPmag, datatype: float64}
# - {name: BP-RP, datatype: float64}
# - {name: BP-G, datatype: float64}
# - {name: G-RP, datatype: float64}
# - {name: Teff, datatype: float64}
# schema: astropy-2.0
recno Name OName Ref n_Name RAJ2000 DEJ2000 Jmag e_Jmag Hmag e_Hmag Ksmag e_Ksmag W1mag e_W1mag W2mag e_W2mag W3mag e_W3mag W4mag e_W4mag Old New TBB e_TBB Tdust1 e_Tdust1 Tdust2 e_Tdust2 Tdust3 Tcool Peak e_Peak TGaia Dist b_Dist B_Dist OVI OVI2 r_OVI r_OVI2 X-ray SimbadName objID RAJ2000_x DEJ2000_x errHalfMaj errHalfMin errPosAng f_objID Qual Epoch Ns Nd gmag e_gmag gKmag e_gKmag gFlags rmag e_rmag rKmag e_rKmag rFlags imag e_imag iKmag e_iKmag iFlags zmag e_zmag zKmag e_zKmag zFlags ymag e_ymag yKmag e_yKmag yFlags angDist Plx e_Plx Gmag e_Gmag BPmag e_BPmag RPmag e_RPmag BP-RP BP-G G-RP Teff
[from data line 83]
207 "PHR 1757-2718" "" 110 "" 269.38525 -27.307027777777773 10.57 0.03 9.19 0.03 8.52 0.03 7.95 0.02 8.06 0.02 7.5 0.04 6.06 0.06 S S 2211.0 97.0 "" "" "" "" "" 3281.0 1.31 0.06 3488.0 "" "" "" C "" 12 "" "" "PHR J1757-2718" 75232693852311844 269.38525713 -27.30704901 0.004 0.003 0.0 503636096 60 55782.68846065 4 83 20.2063 0.0281 20.1746 0.1338 16892216 17.2455 0.0819 17.2757 0.081 16892216 15.5456 0.0203 15.5183 0.0065 16777496 14.2425 0.0086 14.1797 0.0159 16892216 13.2012 0.0023 13.1399 0.0009 115000 0.079766 -0.2368 0.1118 16.264883 0.01357 18.937565 0.082771 14.582962 0.03007 4.354603 2.672682 1.681921 3825.8
208 "H 1-45" "" 110 "" 269.591125 -28.247861111111103 10.52 0.03 8.4 0.03 6.7 0.02 3.96 0.18 3.27 0.23 2.18 0.01 1.64 0.02 D D "" "" 997.0 48.0 "" "" "" "" 2.91 0.05 "" "" "" "" X "" 12 "" "" "PN H  1-45" 74102695911092899 269.59108529 -28.24784778 0.015 0.013 90.0 243589120 29 56120.60425926 5 82 16.3324 0.009 16.3445 0.0025 115000 14.7662 0.0175 14.7166 0.0084 16892216 14.8729 0.0079 14.4391 0.1208 16777488 12.795 "" "" "" 65572 11.951 "" "" "" 114724 0.134766 0.9484 0.2364 14.348423 0.044105 15.909013 0.057602 12.9263 0.136327 2.982713 1.56059 1.422123 ""
209 "H 2-34" "" 101,102 "" 269.6168333333333 -28.561666666666664 9.42 0.03 8.13 0.03 7.61 0.03 7.04 0.04 7.38 0.02 6.94 0.02 5.77 0.06 S S 2607.0 101.0 "" "" "" "" "" 3490.0 1.11 0.04 3709.0 "" "" "" C "" 4 "" "" "PN H  2-34" 73722696168176280 269.61680064 -28.56170198 0.043 0.018 0.0 906289152 108 56062.29116898 4 81 18.7748 0.0079 18.9943 0.0242 114992 17.2995 0.0032 17.2218 0.0112 16777496 13.38 "" "" "" 114724 12.13 "" "" "" 114724 11.536 "" "" "" 114724 0.163852 0.137 0.0553 14.636314 0.0092 16.91543 0.015074 13.10575 0.021924 3.80968 2.279116 1.530564 ""
210 002.86-01.88 "" 110 "" 269.89491666666663 -27.42875 9.98 0.02 8.68 0.03 8.1 0.03 7.92 0.03 8.0 0.02 7.68 0.03 7.57 0.2 S S 2663.0 113.0 "" "" "" "" "" 3522.0 1.09 0.04 "" "" "" "" C "" 12 "" "" "2MASS J17593478-2725434" 75082698949545808 269.89496362 -27.42874885 0.023 0.015 90.0 210034688 25 55831.84319444 3 45 17.013 "" "" "" 16420 14.602 "" "" "" 16420 13.237 "" "" "" 32804 12.27 "" "" "" 114724 11.774 "" "" "" 114724 0.150087 0.1798 0.1494 15.318355 0.010556 17.21418 0.084612 13.587194 0.01294 3.626986 1.895825 1.73116 3398.1
211 003.46-01.92 "" 110,111 "" 270.2762916666666 -26.93322222222222 9.83 0.02 8.64 0.02 8.02 0.02 7.72 0.03 7.73 0.02 7.08 0.02 6.03 0.08 S S 2434.0 84.0 "" "" "" "" "" 3396.0 1.19 0.04 3719.0 4310.0 2980.0 6922.0 X "" 12 "" "" "MPA J1801-2655" 75682702763590816 270.27636283 -26.93297568 0.003 0.003 90.0 503635968 60 56086.55059028 4 68 17.2783 0.0156 17.3496 0.0327 115000 15.1011 0.0403 15.1327 0.0528 115000 13.479 "" "" "" 4 12.359 "" "" "" 114724 11.812 "" "" "" 114724 0.916469 0.0665 0.0402 14.475618 0.006972 16.491999 0.0224 13.086682 0.018837 3.405316 2.01638 1.388936 7590.0
214 "ShWi 5" "" 110,111 "" 270.9737083333333 -29.85613888888889 13.08 "" 12.47 "" 11.87 "" 9.52 0.03 8.46 0.02 4.63 0.01 2.21 0.01 D' D' 3653.0 "" 801.0 "" 210.0 "" "" 4138.0 0.79 "" "" "" "" "" X "" 12 "" "" "PN ShWi    5" 72172709736822878 270.97369175 -29.85617036 0.02 0.013 90.0 906289152 108 55987.58303241 3 32 15.546 0.0047 15.5042 0.0038 16892472 15.0993 0.0 15.0587 0.0005 16777496 14.9388 0.0528 14.9219 0.0368 272 14.6743 0.0009 14.6799 0.0259 16892216 14.314 0.0123 14.0181 0.0132 16892208 0.124566 -1.2785 0.463 15.251368 0.004081 15.464146 0.004171 14.267809 0.005086 1.196337 0.212778 0.983559 5208.1
215 001.70-03.67 "" 110,111 "" 271.02062499999994 -29.313027777777773 9.0 0.03 8.12 0.03 7.78 0.03 7.68 0.03 7.73 0.02 7.22 0.02 6.5 0.08 S S 3026.0 130.0 "" "" "" "" "" 3734.0 0.96 0.04 "" 2106.0 890.0 6603.0 X "" 12 "" "" "MPA J1804-2918" 72822710204404095 271.02044294 -29.31354109 0.054 0.021 90.0 1107615744 132 55965.68149306 2 31 16.9888 0.006 "" "" 33080 15.3893 0.0028 15.6824 0.0074 536 14.3128 0.1019 14.3257 0.0018 16778256 13.6357 0.0352 13.6781 0.0023 16892984 13.2909 0.0766 13.5686 0.2763 16952 1.934277 0.0223 0.0289 12.681989 0.006127 13.800814 0.030912 11.524057 0.015424 2.276756 1.118825 1.157931 9248.1
217 "SS73 122" "" 101,102 "" 271.17175 -27.15344444444444 8.31 0.02 7.06 0.04 6.36 0.02 5.68 0.09 5.25 0.06 4.03 0.02 3.04 0.02 S/D? S+IR 1844.0 48.0 444.0 13.0 "" "" "" 3104.0 1.57 0.03 "" 10222.0 7423.0 14315.0 C X 1,20,36,39 3 "" "SS73 122" 75412711717726171 271.17173605 -27.15347114 0.059 0.027 0.0 637853696 76 56245.1128125 5 90 15.1948 0.0183 15.1448 0.0163 16793912 13.6216 0.0314 13.4446 0.0208 16892984 12.644 "" "" "" 16420 11.22 "" "" "" 32804 10.564 "" "" "" 32804 0.105985 -0.0256 0.0548 13.169303 0.006045 14.33135 0.034729 11.892183 0.010489 2.439167 1.162047 1.27712 ""
218 "AS 270" "" 101,102 "" 271.39058333333327 -20.343888888888888 7.21 0.03 6.01 0.03 5.51 0.02 5.1 0.17 5.06 0.08 5.11 0.02 4.65 0.04 S S 2714.0 99.0 "" "" "" "" "" 3550.0 1.07 0.04 4065.0 3229.0 2747.0 4514.0 X "" 3,19,20 "" "" "EM* AS  270" 83582713905827600 271.3905334 -20.34394857 0.075 0.03 0.0 906289152 108 55637.40805556 2 66 14.4691 0.0077 14.5318 0.0059 115000 11.937 "" "" "" 114724 10.553 "" "" "" 16420 9.571 "" "" "" 16420 9.069 "" "" "" 16420 0.273074 0.3932 0.0408 11.271537 0.008584 13.326927 0.05933 9.885839 0.021854 3.441088 2.05539 1.385697 ""
219 "H 2-38" "" 101,102 "" 271.5048333333333 -28.2845 8.27 0.02 7.24 0.05 6.48 0.02 5.55 0.18 4.83 0.11 2.93 0.01 1.77 0.02 S/D S+IR 2639.0 55.0 474.0 28.0 "" "" "" 3508.0 1.1 0.03 "" 10515.0 7306.0 15088.0 C "" 1,3,20,39 "" X "PN H  2-38" 74052715048088817 271.50478286 -28.28452317 0.082 0.03 90.0 235200512 28 55912.53604167 2 79 14.1557 0.0004 14.1613 0.0068 16793912 13.1916 0.1539 12.8944 0.0018 16778256 12.593 "" "" "" 4 11.14 "" "" "" 36 10.493 "" "" "" 16420 0.180446 0.2251 0.0954 12.946651 0.013485 13.52352 0.017493 11.78976 0.077286 1.733761 0.576869 1.156892 ""
220 "SS73 129" "" 101,102 "" 271.7730833333333 -29.60827777777777 9.29 0.02 8.33 0.02 8.06 0.02 7.86 0.02 7.93 0.02 7.71 0.03 7.83 0.21 S S 2975.0 145.0 "" "" "" "" "" 3703.0 0.97 0.05 3851.0 5918.0 4432.0 8462.0 C "" 1,3,20,39 "" "" "SS73 129" 72472717730610318 271.77302326 -29.60830729 0.027 0.006 0.0 906289152 108 55298.93803241 2 41 13.9473 0.0004 13.9107 0.04 115000 12.732 "" "" "" 4 11.807 "" "" "" 4 11.161 "" "" "" 4 10.829 "" "" "" 114724 0.215966 0.2367 0.0315 12.088999 0.0035 13.278746 0.011436 10.999748 0.007218 2.278997 1.189747 1.089251 ""
221 "Hen 3-1591" "" 101,102 "" 271.8834166666666 -25.895361111111107 10.5 0.02 9.68 0.02 9.07 0.02 7.98 0.02 7.21 0.02 5.4 0.02 4.17 0.03 S/D'? S+IR 2225.0 133.0 504.0 19.0 "" "" "" 3288.0 1.31 0.08 4454.0 1171.0 1084.0 1272.0 X "" 1,3,20 "" C "Hen 3-1591" 76922718834135895 271.88340849 -25.89537147 0.037 0.01 0.0 906289152 108 55864.03684028 3 94 13.4456 0.0111 13.471 0.0019 16892216 12.8032 0.001 12.6702 0.001 16794680 12.986 "" "" "" 4 12.352 "" "" "" 114724 11.7618 0.001 11.6703 0.001 16892216 0.045737 0.7988 0.0214 12.491996 0.003328 13.167936 0.007546 11.676468 0.006801 1.491468 0.675941 0.815528 5459.6
223 "Ve 2-57" "" 101,102 "" 272.091875 -24.5625 8.87 0.03 7.6 0.02 7.11 0.03 6.81 0.07 6.92 0.02 6.72 0.02 5.98 0.07 S S 2711.0 125.0 "" "" "" "" "" 3549.0 1.07 0.05 3290.0 6064.0 4100.0 9284.0 C? "" 3 "" "" "Ve 2-57" 78522720917065637 272.09188087 -24.56251656 0.005 0.005 90.0 570499072 68 56834.64050926 4 13 16.8565 0.0039 16.9269 0.0051 114992 "" "" "" "" 114720 "" "" "" "" 32 13.8978 0.0 12.8028 0.001 65584 11.4542 0.001 12.4418 0.0011 114744 0.062638 0.232 0.0435 13.200453 0.006773 15.726299 0.054901 11.775388 0.014843 3.950912 2.525846 1.425065 3756.9
225 "Ap 1-9" "" 101,102 "" 272.6205833333333 -28.12805555555555 9.8 0.03 8.91 0.03 8.61 0.03 8.22 0.02 8.16 0.02 7.62 0.02 7.0 0.11 S S 2765.0 68.0 "" "" "" "" "" 3580.0 1.05 0.03 "" 8866.0 6403.0 12677.0 C X 3 20,39 X "PN Ap  1-9" 74242726205526627 272.62051637 -28.12807649 0.004 0.004 0.0 637853696 76 55913.66878472 4 41 14.2401 0.0021 14.3277 0.0667 114992 12.536 "" "" "" 114724 11.831 "" "" "" 4 11.385 "" "" "" 4 11.125 "" "" "" 98340 0.22556 0.1142 0.0229 12.506314 0.017905 13.441423 0.081676 11.463641 0.047898 1.977782 0.935109 1.042673 ""
226 "AS 281" "" 101,102 "" 272.68274999999994 -27.963916666666663 8.3 0.02 7.28 0.03 6.92 0.02 6.69 0.07 6.8 0.02 6.5 0.02 6.09 0.07 S S 2889.0 114.0 "" "" "" "" "" 3652.0 1.0 0.04 4040.0 8744.0 6084.0 12794.0 C "" 3,20,36,39 "" X "EM* AS  281" 74442726827453643 272.68274957 -27.96392525 0.159 0.033 90.0 1174724608 140 55801.29855324 1 63 14.3714 0.0032 14.3749 0.0017 280 12.427 "" "" "" 36 11.267 "" "" "" 4 10.428 "" "" "" 65572 10.019 "" "" "" 4 0.03093 0.2089 0.0407 12.12605 0.004749 13.997478 0.019727 10.759375 0.011048 3.238103 1.871428 1.366675 ""
227 "V2506 Sgr" "" 101,102 "" 272.7570416666666 -28.54455555555555 9.53 0.02 8.6 0.02 8.17 0.02 7.95 0.02 7.98 0.02 7.48 0.02 6.6 0.07 S S 2799.0 97.0 "" "" "" "" "" 3599.0 1.04 0.04 4220.0 4143.0 2875.0 6699.0 C "" 3,20,39 "" "" "V* V2506 Sgr" 73742727570256856 272.75700704 -28.54457973 0.02 0.006 0.0 235200512 28 55887.78489583 4 61 15.7644 0.1282 15.8511 0.0049 16696 14.2046 0.0 14.205 0.0 16793912 12.76 "" "" "" 4 11.77 "" "" "" 16420 11.333 "" "" "" 32804 0.139875 0.0948 0.0265 13.165495 0.005347 14.931861 0.037815 11.850637 0.012434 3.081223 1.766366 1.314857 ""
228 "V5590 Sgr" "" 167 "" 272.7654166666666 -27.2915 9.29 0.02 8.13 0.04 7.35 0.02 6.04 0.1 5.29 0.04 4.33 0.02 3.64 0.02 S S+IR 1757.0 99.0 644.0 53.0 "" "" "" 3064.0 1.65 0.05 "" 8892.0 6526.0 12516.0 "" "" "" "" "" "V* V5590 Sgr" 75252727653850493 272.76540731 -27.29151158 0.246 0.213 90.0 637853696 76 55466.66736111 3 67 13.1609 0.001 13.0908 0.001 16892472 14.384 0.0081 14.0045 0.0333 16777496 13.036 "" "" "" 4 11.88 "" "" "" 4 11.298 "" "" "" 98340 0.051322 0.1285 0.032 12.255241 0.00574 12.916886 0.019641 11.221581 0.020481 1.695306 0.661645 1.033661 6240.5
230 "AS 289" "" 101,102 "" 273.0923333333333 -11.668638888888887 6.72 0.02 5.51 0.03 4.99 0.02 4.72 0.18 4.55 0.09 4.35 0.02 3.67 0.04 S S 2524.0 84.0 "" "" "" "" "" 3445.0 1.15 0.03 3295.0 1664.0 1364.0 2125.0 X C 1,2,3 19,20 X "EM* AS  289" 93992730924687834 273.09225936 -11.66863689 0.047 0.047 90.0 302063616 36 55712.73811343 0 24 13.6083 0.0 13.646 0.0 280 12.4748 "" 13.3529 0.2135 24 9.9352 0.0262 "" "" 24 9.3568 "" 12.338 0.0935 24 9.3037 0.0419 9.5864 0.0609 16 0.2609 0.3028 0.0438 10.833151 0.023129 13.011951 0.190469 9.52359 0.053539 3.488361 2.178801 1.309561 8259.3
231 2MASSJ18131474-1007218 "" 112 "" 273.3114166666666 -10.122749999999998 10.94 0.02 9.64 0.03 9.18 0.02 8.98 0.02 9.02 0.02 8.72 0.03 7.83 0.18 S S 2696.0 116.0 "" "" "" "" "" 3540.0 1.07 0.04 3521.0 6137.0 4305.0 8854.0 C "" 13 "" "" "2MASS J18131474-1007218" 95852733114153100 273.31141465 -10.12275182 0.006 0.003 0.0 503636096 60 55990.99635417 5 76 18.5438 0.0055 18.6544 0.0133 115000 15.8333 0.0704 15.8916 0.0721 115000 14.0669 0.0034 14.105 0.0037 115000 13.4457 0.0114 13.4891 0.0023 115000 12.7914 0.0303 12.92 0.0166 115000 0.009696 0.0544 0.0403 15.045789 0.003315 17.28842 0.012754 13.683116 0.006097 3.605304 2.242631 1.362673 4657.5
233 "YY Her" "" 101,102 "" 273.6424583333333 20.98925 9.04 0.03 8.13 0.07 7.86 0.02 7.73 0.03 7.81 0.02 7.44 0.02 6.84 0.07 S S 3070.0 120.0 "" "" "" "" "" 3760.0 0.94 0.04 3581.0 5507.0 4516.0 6910.0 X "" 1,2,3 "" X "V* YY Her" 133182736425447670 273.64246798 20.98929101 0.103 0.032 0.0 1141170176 136 54978.76314815 5 55 13.378 "" "" "" 65572 11.883 "" "" "" 32804 11.137 "" "" "" 65572 10.661 "" "" "" 65572 10.387 "" "" "" 65572 0.151155 0.1215 0.0236 11.819872 0.005037 12.9648 0.024597 10.690588 0.010872 2.274212 1.144928 1.129284 ""
234 "V2756 Sgr" "" 101,102 "" 273.6438333333333 -29.823249999999994 9.19 0.03 8.28 0.03 7.89 0.02 7.59 0.03 7.71 0.02 7.24 0.02 6.8 0.12 S S 2850.0 100.0 "" "" "" "" "" 3629.0 1.02 0.04 "" 8881.0 6297.0 12912.0 C X 3,20 39 "" "V* V2756 Sgr" 72212736438162357 273.64382745 -29.82330951 0.087 0.048 90.0 906289152 108 55976.06759259 3 39 13.8023 0.0427 13.4253 0.0164 16892472 13.199 "" "" "" 16420 12.064 "" "" "" 114724 11.239 "" "" "" 16420 10.857 "" "" "" 114724 0.215023 0.0871 0.0345 12.170238 0.012362 12.876275 0.040748 11.093355 0.026445 1.78292 0.706038 1.076882 ""
235 "FG Ser" "" 101,102 "" 273.7795833333333 -0.3144999999999999 5.91 0.02 4.87 0.02 4.4 0.03 4.27 0.32 4.0 0.15 3.96 0.02 3.54 0.03 S S 2764.0 87.0 "" "" "" "" "" 3579.0 1.05 0.03 3319.0 1214.0 1040.0 1456.0 X "" 1,3 "" X "V* FG Ser" 107622737796022941 273.77961167 -0.31454017 0.027 0.025 0.0 201646080 24 53425.80109954 3 35 12.211 "" "" "" 114788 10.1 "" "" "" 32868 8.916 "" "" "" 65636 8.064 "" "" "" 16484 7.638 "" "" "" 16484 0.176971 0.6253 0.0458 9.744663 0.00633 11.911443 0.057986 8.387458 0.011483 3.523985 2.16678 1.357205 ""
236 "HD 319167" "" 101,102 "" 273.85279166666663 -30.53202777777777 8.85 0.02 7.89 0.03 7.51 0.02 7.29 0.03 7.33 0.02 6.86 0.02 6.17 0.06 S S 2829.0 95.0 "" "" "" "" "" 3617.0 1.02 0.03 "" 10433.0 7408.0 14904.0 X "" 3,20,39 "" "" "HD 319167" 71362738529861793 273.85279457 -30.53207176 0.033 0.026 90.0 235200512 28 54440.44142361 2 33 13.7399 0.0007 13.7323 0.0011 33336 12.215 "" "" "" 36 11.291 "" "" "" 4 10.67 "" "" "" 36 10.333 "" "" "" 114724 0.158592 0.1878 0.0259 12.066973 0.007125 13.274015 0.043208 10.876829 0.016579 2.397186 1.207043 1.190144 ""
237 "Hen 2-374" "" 101,102 "" 273.8794583333333 -21.589666666666663 8.01 0.02 6.85 0.03 6.4 0.02 6.02 0.1 6.06 0.04 5.92 0.02 5.62 0.05 S S 2693.0 92.0 "" "" "" "" "" 3539.0 1.08 0.03 3335.0 4003.0 2602.0 6615.0 C X 3 20,39 "" "Hen 2-374" 82092738794402723 273.87942285 -21.5896798 0.008 0.007 90.0 637853696 76 56370.18608796 5 88 15.5557 0.0073 15.6112 0.0072 115000 12.538 "" "" "" 98340 11.239 "" "" "" 16420 10.307 "" "" "" 36 9.833 "" "" "" 36 0.127842 0.349 0.0518 12.065148 0.004266 14.494152 0.01973 10.648297 0.009684 3.845855 2.429004 1.416851 3579.8
238 "Hen 2-376" "" 101,102 "" 273.9429583333333 -27.89619444444444 9.41 0.02 8.42 0.02 8.1 0.02 7.83 0.02 8.01 0.02 7.63 0.02 7.25 0.17 S S 2913.0 132.0 "" "" "" "" "" 3666.0 0.99 0.05 3431.0 6727.0 4761.0 10047.0 X "" 4,33,39 "" "" "Hen 2-376" 74522739429184923 273.94292342 -27.89618028 0.081 0.049 90.0 906289152 108 55967.63149306 3 63 14.4284 0.0044 14.4635 0.0032 115000 13.7632 0.001 13.8045 0.001 16892216 12.25 "" "" "" 4 11.42 "" "" "" 4 10.982 "" "" "" 114724 0.122227 0.1278 0.0294 12.985214 0.006785 14.289761 0.037395 11.772975 0.01173 2.516786 1.304546 1.212239 ""
239 "V4074 Sgr" "" 101,102 "" 274.0231666666666 -30.85313888888889 9.07 0.04 7.96 0.03 7.75 0.03 7.42 0.03 7.53 0.02 7.37 0.02 5.32 0.05 S S+IR 2759.0 211.0 139.0 15.0 "" "" "" 3576.0 1.05 0.08 4371.0 1930.0 1779.0 2108.0 C "" 3 "" "" "V* V4074 Sgr" 70972740232766529 274.02326011 -30.85311776 0.001 0.001 90.0 436281344 52 55712.81841435 1 21 12.8848 0.0344 12.6648 0.0105 16440 11.7254 0.0244 12.6583 0.0858 16432 11.2967 0.001 11.0114 0.001 16892976 12.9898 0.3214 12.0887 0.2249 16440 11.1493 0.0172 11.4715 0.0801 16440 0.29864 0.5054 0.0175 11.53549 0.002765 12.242781 0.004428 10.692827 0.004117 1.549953 0.707291 0.842663 ""
240 "V2905 Sgr" "" 101,102 "" 274.33449999999993 -28.163666666666664 9.23 0.02 8.26 0.04 8.0 0.02 7.08 0.06 7.32 0.02 6.59 0.02 5.76 0.05 S S 2540.0 86.0 "" "" "" "" "" 3454.0 1.14 0.03 4165.0 5263.0 4223.0 6875.0 X "" 39 "" "" "V* V2905 Sgr" 74202743345213872 274.33446454 -28.16368444 0.096 0.05 0.0 1174724608 140 54443.23265046 2 39 13.1658 0.0165 12.9963 0.013 16892472 12.484 "" "" "" 16420 11.623 "" "" "" 4 11.038 "" "" "" 4 10.72 "" "" "" 36 0.129459 0.1464 0.0189 11.652549 0.00791 12.466458 0.038311 10.693462 0.017156 1.772996 0.81391 0.959086 ""
