SySt-PS-Gaia.ecsv
# %ECSV 1.0
# ---
# datatype:
# - {name: recno, datatype: int64}
# - {name: Name, datatype: string}
# - {name: OName, datatype: string}
# - {name: Ref, datatype: string}
# - {name: n_Name, datatype: string}
# - {name: RAJ2000, datatype: float64}
# - {name: DEJ2000, datatype: float64}
# - {name: Jmag, datatype: float64}
# - {name: e_Jmag, datatype: float64}
# - {name: Hmag, datatype: float64}
# - {name: e_Hmag, datatype: float64}
# - {name: Ksmag, datatype: float64}
# - {name: e_Ksmag, datatype: float64}
# - {name: W1mag, datatype: float64}
# - {name: e_W1mag, datatype: float64}
# - {name: W2mag, datatype: float64}
# - {name: e_W2mag, datatype: float64}
# - {name: W3mag, datatype: float64}
# - {name: e_W3mag, datatype: float64}
# - {name: W4mag, datatype: float64}
# - {name: e_W4mag, datatype: float64}
# - {name: Old, datatype: string}
# - {name: New, datatype: string}
# - {name: TBB, datatype: float64}
# - {name: e_TBB, datatype: float64}
# - {name: Tdust1, datatype: float64}
# - {name: e_Tdust1, datatype: float64}
# - {name: Tdust2, datatype: float64}
# - {name: e_Tdust2, datatype: float64}
# - {name: Tdust3, datatype: float64}
# - {name: Tcool, datatype: float64}
# - {name: Peak, datatype: float64}
# - {name: e_Peak, datatype: float64}
# - {name: TGaia, datatype: float64}
# - {name: Dist, datatype: float64}
# - {name: b_Dist, datatype: float64}
# - {name: B_Dist, datatype: float64}
# - {name: OVI, datatype: string}
# - {name: OVI2, datatype: string}
# - {name: r_OVI, datatype: string}
# - {name: r_OVI2, datatype: string}
# - {name: X-ray, datatype: string}
# - {name: SimbadName, datatype: string}
# - {name: objID, datatype: int64}
# - {name: RAJ2000_x, datatype: float64}
# - {name: DEJ2000_x, datatype: float64}
# - {name: errHalfMaj, datatype: float64}
# - {name: errHalfMin, datatype: float64}
# - {name: errPosAng, datatype: float64}
# - {name: f_objID, datatype: int64}
# - {name: Qual, datatype: int64}
# - {name: Epoch, datatype: float64}
# - {name: Ns, datatype: int64}
# - {name: Nd, datatype: int64}
# - {name: gmag, datatype: float64}
# - {name: e_gmag, datatype: float64}
# - {name: gKmag, datatype: float64}
# - {name: e_gKmag, datatype: float64}
# - {name: gFlags, datatype: int64}
# - {name: rmag, datatype: float64}
# - {name: e_rmag, datatype: float64}
# - {name: rKmag, datatype: float64}
# - {name: e_rKmag, datatype: float64}
# - {name: rFlags, datatype: int64}
# - {name: imag, datatype: float64}
# - {name: e_imag, datatype: float64}
# - {name: iKmag, datatype: float64}
# - {name: e_iKmag, datatype: float64}
# - {name: iFlags, datatype: int64}
# - {name: zmag, datatype: float64}
# - {name: e_zmag, datatype: float64}
# - {name: zKmag, datatype: float64}
# - {name: e_zKmag, datatype: float64}
# - {name: zFlags, datatype: int64}
# - {name: ymag, datatype: float64}
# - {name: e_ymag, datatype: float64}
# - {name: yKmag, datatype: float64}
# - {name: e_yKmag, datatype: float64}
# - {name: yFlags, datatype: int64}
# - {name: angDist, datatype: float64}
# - {name: Plx, datatype: float64}
# - {name: e_Plx, datatype: float64}
# - {name: Gmag, datatype: float64}
# - {name: e_Gmag, datatype: float64}
# - {name: BPmag, datatype: float64}
# - {name: e_BPmag, datatype: float64}
# - {name: RPmag, datatype: float64}
# - {name: e_RPmag, datatype: float64}
# - {name: BP-RP, datatype: float64}
# - {name: BP-G, datatype: float64}
# - {name: G-RP, datatype: float64}
# - {name: Teff, datatype: float64}
# schema: astropy-2.0
recno Name OName Ref n_Name RAJ2000 DEJ2000 Jmag e_Jmag Hmag e_Hmag Ksmag e_Ksmag W1mag e_W1mag W2mag e_W2mag W3mag e_W3mag W4mag e_W4mag Old New TBB e_TBB Tdust1 e_Tdust1 Tdust2 e_Tdust2 Tdust3 Tcool Peak e_Peak TGaia Dist b_Dist B_Dist OVI OVI2 r_OVI r_OVI2 X-ray SimbadName objID RAJ2000_x DEJ2000_x errHalfMaj errHalfMin errPosAng f_objID Qual Epoch Ns Nd gmag e_gmag gKmag e_gKmag gFlags rmag e_rmag rKmag e_rKmag rFlags imag e_imag iKmag e_iKmag iFlags zmag e_zmag zKmag e_zKmag zFlags ymag e_ymag yKmag e_yKmag yFlags angDist Plx e_Plx Gmag e_Gmag BPmag e_BPmag RPmag e_RPmag BP-RP BP-G G-RP Teff
[from data line 111]
243 "Hen 3-1674" "" 101,102 "" 275.07941666666665 -26.37958333333333 8.97 0.02 7.9 0.03 7.44 0.02 7.26 0.03 7.46 0.02 7.04 0.02 6.86 0.11 S S 2832.0 129.0 "" "" "" "" "" 3618.0 1.02 0.05 3709.0 "" "" "" C "" 1,3 "" "" "Hen 3-1674" 76342750792624957 275.07932104 -26.37950646 0.027 0.018 90.0 637853696 76 55953.34300926 10 84 16.5865 0.1226 16.6738 0.0934 115000 15.1133 0.3923 "" "" 115000 13.5883 0.0156 13.503 0.0142 16892976 11.967 0.0349 11.9406 0.1019 16892984 10.971 0.0169 10.7413 0.0218 16875832 0.414371 0.0691 0.0615 13.794167 0.010123 16.15661 0.09756 12.286809 0.025129 3.869802 2.362444 1.507358 ""
245 "V3929 Sgr" "" 101,102 "" 275.2452916666666 -26.80711111111111 11.59 0.02 9.28 0.03 7.49 0.03 5.71 0.15 4.15 0.1 2.09 0.02 0.61 0.02 D D "" "" 1058.0 52.0 442.0 32.0 "" "" 2.74 0.08 "" "" "" "" X "" 1,3,20 "" "" "V* V3929 Sgr" 75832752452531797 275.24527728 -26.80714127 0.025 0.007 90.0 243589120 29 56014.97409722 20 54 16.5023 0.0037 16.4823 0.0025 16892208 15.3632 0.0 15.3728 0.0 16875832 15.8441 0.0198 15.762 0.0088 16892208 15.5686 0.028 15.4355 0.0314 16892208 15.2558 0.0706 15.3406 0.011 16892216 0.118003 0.4228 0.067 15.001146 0.0087 15.280487 0.026497 14.159729 0.034187 1.120758 0.279341 0.841417 ""
247 "V443 Her" "" 101,102 "" 275.5327083333333 23.45552777777777 6.6 0.03 5.65 0.05 5.32 0.02 5.26 0.17 5.12 0.08 4.96 0.02 4.47 0.03 S S 2967.0 103.0 "" "" "" "" "" 3698.0 0.98 0.04 3749.0 1999.0 1844.0 2182.0 X "" 1,3 "" X "V* V443 Her" 136142755325957149 275.5326432 23.45547578 0.561 0.413 90.0 604299264 72 53550.51596065 4 23 11.675 "" "" "" 114788 9.942 "" "" "" 65636 9.038 "" "" "" 65636 8.435 "" "" "" 65636 8.102 "" "" "" 16484 0.285151 0.3233 0.0205 9.933405 0.003864 11.455687 0.018117 8.67594 0.007187 2.779747 1.522282 1.257465 ""
248 "V3811 Sgr" "" 101,102 "" 275.8708333333333 -21.885972222222215 10.48 0.02 9.36 0.02 8.88 0.02 8.22 0.02 8.07 0.02 7.23 0.02 6.45 0.08 S S 2201.0 52.0 "" "" "" "" "" 3276.0 1.32 0.03 "" 8225.0 5818.0 11756.0 C X 1,3 20 "" "V* V3811 Sgr" 81732758708367148 275.87082606 -21.88599579 0.02 0.003 0.0 503635968 60 55878.5471875 5 77 15.0623 0.0075 15.0795 0.004 115000 13.6686 0.0223 13.4914 0.0155 16892216 13.196 "" "" "" 114724 12.449 "" "" "" 114724 12.2949 0.1975 11.8832 0.0218 115000 0.088254 -0.0454 0.0509 13.509696 0.008316 14.59903 0.017688 12.561381 0.078479 2.037648 1.089334 0.948315 7199.4
249 "V4018 Sgr" "" 101,102 "" 276.36187499999994 -28.599222222222217 8.64 0.02 7.79 0.03 7.44 0.02 7.3 0.03 7.37 0.02 7.01 0.02 6.4 0.07 S S 3056.0 115.0 "" "" "" "" "" 3752.0 0.95 0.04 "" "" "" "" X "" 1,3,19 "" "" "V* V4018 Sgr" 73682763618391134 276.36184427 -28.59929736 0.061 0.051 0.0 1141170176 136 54563.22403935 2 53 12.819 "" "" "" 98404 11.383 "" "" "" 100 10.678 "" "" "" 100 10.232 "" "" "" 100 9.972 "" "" "" 16484 0.287406 0.169 0.0292 11.342622 0.006113 12.040637 0.021862 10.381156 0.015448 1.659481 0.698015 0.961466 7213.1
250 2MASSJ18272892-1555547 "" 112 "" 276.8705416666666 -15.931888888888889 9.16 0.03 7.8 0.03 7.18 0.02 6.8 0.07 6.78 0.02 6.29 0.02 5.33 0.05 S S 2406.0 78.0 "" "" "" "" "" 3381.0 1.2 0.03 3384.0 "" "" "" C "" 13 "" "" "2MASS J18272892-1555547" 88882768704892065 276.87049616 -15.93191717 0.006 0.004 90.0 503635968 60 56050.58381944 5 79 18.4605 0.0069 18.4442 0.0168 16892216 16.0259 0.0028 16.0876 0.0039 115000 12.727 "" "" "" 114724 11.619 "" "" "" 114724 11.06 "" "" "" 114724 0.187568 0.194 0.077 14.287286 0.009381 16.875374 0.080053 12.755495 0.018831 4.119879 2.588088 1.531791 4036.3
252 IPHASJ182906.08-003457.2 "" 107 "" 277.2753333333333 -0.5825555555555555 10.97 0.02 9.61 0.02 9.06 0.02 8.82 0.02 8.84 0.02 8.59 0.02 8.2 0.3 S S 2611.0 109.0 "" "" "" "" "" 3493.0 1.11 0.04 3346.0 6626.0 4778.0 9218.0 C "" 9 "" "" "IPHAS J182906.08-003457.2" 107302772753231390 277.27533841 -0.58256029 0.013 0.004 0.0 503636096 60 55885.11289352 6 66 19.9403 0.0167 20.1077 0.0842 115000 17.1655 0.0193 17.2487 0.0266 115000 15.352 0.0477 15.4349 0.0418 115000 14.0675 0.0105 14.0881 0.0053 115000 13.2133 0.0284 13.209 0.003 115000 0.02499 -0.1251 0.073 15.807858 0.007829 18.71904 0.076864 14.302218 0.018446 4.416821 2.911182 1.505639 3638.3
253 2MASSJ18300636-1940315 "" 112 "" 277.5265416666666 -19.67544444444444 11.07 0.02 9.96 0.02 9.55 0.02 9.31 0.02 9.28 0.02 8.75 0.03 8.15 0.29 S S 2614.0 99.0 "" "" "" "" "" 3494.0 1.11 0.04 "" 8182.0 5782.0 11721.0 C "" 13 "" "" "2MASS J18300636-1940315" 84382775265099789 277.52651587 -19.67547559 0.014 0.006 0.0 503635968 60 55895.14402778 5 61 18.241 0.0133 18.3214 0.0233 115000 15.7642 0.0027 15.7905 0.0032 16892216 14.843 0.0024 14.8351 0.0261 16892216 13.5151 0.0109 13.5296 0.008 115000 12.8316 0.0018 12.8742 0.0107 115000 0.142192 -0.0759 0.0417 14.989963 0.010391 16.652342 0.062863 13.657022 0.023675 2.995319 1.662379 1.33294 7490.2
254 "V3890 Sgr" "" 101,102 "" 277.6803333333333 -24.01913888888889 9.83 0.02 8.77 0.03 8.26 0.02 7.88 0.03 7.89 0.02 7.36 0.02 7.02 0.12 S S 2530.0 63.0 "" "" "" "" "" 3448.0 1.15 0.03 "" 4357.0 3036.0 6896.0 "" "" "" "" "" "V* V3890 Sgr" 79172776803877323 277.68034934 -24.01916 0.077 0.052 90.0 235200512 28 55945.13429398 19 58 16.6752 0.0097 16.7293 0.0061 115000 14.8814 0.0097 14.9264 0.003 115000 13.086 "" "" "" 65572 12.119 "" "" "" 114724 11.654 "" "" "" 98340 0.092447 0.0484 0.0453 14.08866 0.019672 15.823709 0.14199 12.753362 0.041285 3.070348 1.735049 1.335299 7260.3
255 IPHASJ183501.83+014656.0 "" 107 "" 278.757625 1.7821944444444442 10.75 0.02 9.48 0.03 8.92 0.03 8.66 0.02 8.61 0.02 7.88 0.02 7.37 0.13 S S 2469.0 81.0 "" "" "" "" "" 3415.0 1.17 0.03 3335.0 3361.0 2386.0 5080.0 X "" 9 "" "" "IPHAS J183501.83+014656.0" 110132787576099079 278.75759684 1.78215818 0.004 0.003 90.0 235200512 28 55940.23266204 6 68 18.8911 0.0165 18.9867 0.0212 16696 17.166 0.0105 17.2529 0.0104 16696 15.2821 0.0 15.3408 0.0 33080 13.8587 0.0087 13.8844 0.0139 98616 12.9451 0.0048 12.9627 0.0091 16696 0.16526 0.1672 0.0748 15.601647 0.006242 18.139696 0.058842 14.11307 0.01459 4.026627 2.538049 1.488578 ""
256 "Sct X-1" "" 137 "" 278.857625 -7.6139166666666656 12.06 0.03 8.52 0.02 6.55 0.02 4.81 0.15 4.01 0.14 2.26 0.03 0.96 0.03 S,D D "" "" 925.0 31.0 "" "" "" "" 3.13 0.03 "" "" "" "" "" "" "" "" C "X Sct X-1" 98862788576103610 278.85760521 -7.61400172 0.006 0.006 0.0 604299264 72 55894.06853009 4 19 20.635 "" "" "" 16420 16.78 "" "" "" 16420 14.342 "" "" "" 16420 12.571 "" "" "" 98340 11.711 "" "" "" 98340 0.314229 "" "" 20.38705 0.052516 22.341728 0.26294 18.35192 0.157669 3.989809 1.954678 2.035131 ""
257 "V2601 Sgr" "" 101,102 "" 279.5085833333333 -22.69763888888889 9.29 0.02 8.3 0.04 7.95 0.03 7.76 0.03 7.74 0.02 7.26 0.02 6.55 0.07 S S 2813.0 85.0 "" "" "" "" "" 3607.0 1.03 0.03 3904.0 5011.0 3501.0 7792.0 X "" 3,20,39 "" "" "V* V2601 Sgr" 80762795085923121 279.5085863 -22.69770469 0.016 0.009 0.0 637853696 76 55783.49988426 4 72 14.319 0.0404 14.3471 0.0094 115000 12.741 "" "" "" 98340 11.795 "" "" "" 36 11.161 "" "" "" 36 10.814 "" "" "" 114724 0.237089 0.1811 0.0362 12.615656 0.009059 14.162697 0.063917 11.373133 0.01909 2.789564 1.547041 1.242523 3486.7
258 "K 3-9" "" 101,102 "" 280.1007083333333 -8.729555555555555 8.19 0.02 6.62 0.03 5.55 0.03 4.53 0.29 2.23 0.09 1.7 0.03 1.01 0.01 D D "" "" 1040.0 47.0 "" "" "" "" 2.79 0.05 "" 3549.0 2469.0 5628.0 C "" 1,4,39 "" "" "PN K  3-9" 97522801007334938 280.10076426 -8.72954341 0.003 0.001 0.0 503635968 60 55900.69782407 5 65 18.5133 0.0612 18.6917 0.0377 115000 16.3939 0.0035 16.4654 0.0363 115000 15.9556 0.0009 15.9972 0.0033 115256 11.725 "" "" "" 114724 10.795 "" "" "" 114724 0.20375 0.3404 0.0809 15.303575 0.033883 16.565807 0.045672 13.974322 0.112782 2.591485 1.262233 1.329252 8254.9
259 IPHASJ184144.00-012839.5 "" 115 "" 280.4333333333333 -1.4776388888888887 11.45 0.02 9.99 0.03 9.33 0.02 8.98 0.02 9.0 0.02 8.65 0.05 8.45 0.41 S S 2421.0 106.0 "" "" "" "" "" 3389.0 1.2 0.04 3294.0 5703.0 3984.0 8189.0 C "" 16 "" "" "IPHAS J184144.00-012839.5" 106222804333477251 280.43334741 -1.47766145 0.005 0.005 90.0 503635968 60 55972.36486111 5 58 20.9108 0.056 21.1123 0.023 115000 18.0356 0.0502 18.0985 0.001 115000 15.9738 0.0039 16.045 0.0028 115000 14.7268 0.0412 14.7296 0.0356 115000 13.7817 0.0085 13.8096 0.0137 115000 0.095724 0.067 0.1384 16.719055 0.006251 20.15591 0.07798 15.137588 0.015471 5.018323 3.436855 1.581468 3545.1
260 "AS 316" "" 101,102 "" 280.63666666666666 -21.29627777777777 9.14 0.02 8.19 0.04 7.79 0.03 7.62 0.03 7.58 0.02 7.02 0.02 6.12 0.06 S S 2792.0 94.0 "" "" "" "" "" 3595.0 1.04 0.03 3482.0 6568.0 4889.0 9345.0 C "" 3,19,20,39 "" "" "EM* AS  316" 82442806366104801 280.63668183 -21.29631778 0.299 0.26 0.0 1174724608 140 55563.14716435 2 59 13.9325 0.0084 14.0222 0.0007 16696 12.527 "" "" "" 36 11.604 "" "" "" 114724 10.984 "" "" "" 114724 10.645 "" "" "" 36 0.152726 0.1415 0.028 12.170914 0.005906 13.45496 0.023931 11.005712 0.012849 2.449248 1.284046 1.165202 ""
261 "StHA 154" "" 142 "" 280.86637499999995 19.50147222222222 5.8 0.02 4.83 0.02 4.42 0.02 4.36 0.22 4.2 0.12 3.95 0.02 3.49 0.02 ? S 2767.0 91.0 "" "" "" "" "" 3581.0 1.05 0.03 3293.0 2825.0 2201.0 3860.0 C "" 1 "" "" "EM* StHA  154" 131402808663002201 280.86634745 19.5015071 0.203 0.178 0.0 872734720 104 54888.03023148 2 30 12.505 "" "" "" 114724 10.343 "" "" "" 114724 9.024 "" "" "" 16420 8.048 "" "" "" 16420 7.609 "" "" "" 16420 0.156543 0.5326 0.0447 10.184499 0.004804 13.162974 0.018577 8.692567 0.009937 4.470407 2.978476 1.491932 ""
262 "DQ Ser" "" 101,102 "" 281.165 5.046972222222221 9.39 0.02 8.29 0.04 7.81 0.02 7.58 0.03 7.66 0.02 7.27 0.02 6.81 0.07 S S 2688.0 98.0 "" "" "" "" "" 3536.0 1.08 0.04 3586.0 5675.0 4204.0 7893.0 "" "" "" "" "" "V* DQ Ser" 114052811651516853 281.16510177 5.04694294 0.077 0.012 0.0 637853696 76 55971.2727662 2 93 15.6535 0.0311 15.7012 0.0337 16696 14.2234 0.0429 14.2401 0.0631 115000 13.6965 0.001 13.3359 0.001 16778296 12.258 "" "" "" 16420 11.545 "" "" "" 65572 0.379871 0.036 0.0337 13.434616 0.006651 15.587994 0.051575 12.072278 0.01579 3.515716 2.153378 1.362338 ""
263 IPHASJ184446.08+060703.5 "" 107 "" 281.19199999999995 6.117666666666666 11.04 0.02 9.88 0.02 9.41 0.02 9.0 0.02 8.99 0.02 8.46 0.03 7.88 0.2 S S 2479.0 74.0 "" "" "" "" "" 3420.0 1.17 0.03 4283.0 7816.0 5847.0 10583.0 C "" 9 "" "" "IPHAS J184446.08+060703.5" 115342811919991678 281.19199719 6.11764095 0.017 0.005 90.0 235200512 28 55950.22096065 8 84 16.9907 0.0013 17.0621 0.0102 115000 14.7937 0.0709 14.8517 0.0663 115000 13.8316 0.0116 13.8425 0.0069 16843064 13.211 0.0011 13.261 0.0011 16892472 12.8395 0.0095 12.8119 0.0078 98616 0.093125 0.0092 0.0341 14.717299 0.008066 16.445232 0.044695 13.451545 0.022457 2.993688 1.727934 1.265754 ""
264 "V4368 Sgr" "" 142,144 "" 283.66799999999995 -19.69994444444444 9.08 0.02 8.86 0.06 8.62 0.02 8.64 0.02 8.08 0.02 7.02 0.02 5.9 0.05 ? S+IR 3299.0 287.0 338.0 22.0 "" "" "" 3904.0 0.88 0.09 "" 5044.0 3821.0 7120.0 X "" 1 "" "" "V* V4368 Sgr" 84362836679700410 283.66796323 -19.6999555 0.282 0.05 90.0 872734720 104 55731.01068287 2 75 11.406 "" "" "" 114724 10.833 "" "" "" 16420 10.5 "" "" "" 16420 10.227 "" "" "" 16420 10.1 "" "" "" 114724 0.130825 0.1903 0.0263 12.105635 0.005109 12.516401 0.014483 11.381753 0.012696 1.134648 0.410767 0.723882 ""
265 IPHASJ184733.03+032554.3 "" 107 "" 281.887625 3.4317222222222217 10.07 0.02 8.44 0.04 7.71 0.02 7.17 0.07 7.24 0.02 6.58 0.02 5.61 0.04 S S 2225.0 104.0 "" "" "" "" "" 3288.0 1.3 0.05 "" "" "" "" X "" 9 "" "" "IPHAS J184733.03+032554.3" 112112818875908536 281.88757784 3.4317533 0.004 0.003 0.0 503635968 60 56058.02298611 5 73 21.4831 0.0643 21.6503 0.0805 115000 18.3957 0.0485 18.4626 0.0433 115000 15.8175 0.0107 15.8852 0.0102 115000 13.9427 0.0091 13.9756 0.0102 115000 12.7909 0.0243 12.7859 0.0212 115000 0.203071 -0.0126 0.1576 15.9721 0.007804 19.915321 0.132988 14.296506 0.020426 5.618815 3.943221 1.675594 ""
266 "MWC 960" "" 101,102 "" 281.98254166666663 -20.09747222222222 8.88 0.03 8.09 0.05 7.81 0.03 7.63 0.03 7.55 0.02 6.97 0.01 5.98 0.05 S S 2969.0 120.0 "" "" "" "" "" 3699.0 0.98 0.04 3880.0 4433.0 4352.0 6057.0 C "" 1,3 "" X "EM* MWC  960" 83882819825883313 281.98255456 -20.09752298 0.398 0.367 90.0 604299264 72 55687.94658565 6 85 12.928 "" "" "" 65572 11.555 "" "" "" 65572 10.894 "" "" "" 36 10.465 "" "" "" 32804 10.22 "" "" "" 98340 0.187855 0.1172 0.022 11.340056 0.004464 12.284401 0.013466 10.365032 0.010896 1.919369 0.944345 0.975024 5194.6
267 "AS 323" "" 101,102 "" 282.1486666666666 -6.686222222222221 9.3 0.02 8.29 0.02 7.85 0.03 7.59 0.03 7.73 0.02 7.48 0.02 7.26 0.14 S S 2849.0 119.0 "" "" "" "" "" 3628.0 1.02 0.04 3836.0 4614.0 3485.0 6512.0 C "" 4,39 "" "" "EM* AS  323" 99972821486246943 282.148639 -6.68625358 0.179 0.085 0.0 503635968 60 55754.62303241 5 84 15.0922 0.023 15.137 0.0257 115000 14.0794 0.006 14.0479 0.0167 16892216 12.675 "" "" "" 114724 11.637 "" "" "" 114724 11.168 "" "" "" 114724 0.150098 0.1429 0.0245 13.097002 0.005752 14.568832 0.033028 11.842281 0.012381 2.726551 1.47183 1.254721 8200.5
268 "AS 327" "" 101,102 "" 283.3194583333333 -24.383027777777773 8.83 0.02 7.87 0.03 7.55 0.03 7.45 0.03 7.43 0.02 7.02 0.02 6.24 0.06 S S 2943.0 112.0 "" "" "" "" "" 3684.0 0.98 0.04 "" "" "" "" C "" 1,3,19,20,39 "" X "EM* AS  327" 78742833193640683 283.31941198 -24.38301196 0.17 0.092 90.0 1174724608 140 55312.88671296 9 45 13.5798 0.0041 13.6335 0.0047 98616 12.048 "" "" "" 98340 11.185 "" "" "" 65572 10.612 "" "" "" 32804 10.295 "" "" "" 16420 0.162305 0.1485 0.0233 11.809067 0.007531 13.065762 0.042374 10.654865 0.01631 2.410896 1.256695 1.154202 5151.1
269 "FN Sgr" "" 101,102 "" 283.47820833333327 -18.99458333333333 8.69 0.02 7.97 0.04 7.67 0.02 7.8 0.03 7.85 0.02 7.42 0.02 6.7 0.11 S S 3394.0 218.0 "" "" "" "" "" 3965.0 0.85 0.06 "" 5422.0 4201.0 7410.0 C "" 1,3,20 "" "" "V* FN Sgr" 85202834781746767 283.47821424 -18.99464405 0.04 0.007 90.0 1141170176 136 55522.17564815 6 60 12.475 "" "" "" 114724 11.189 "" "" "" 65572 10.59 "" "" "" 36 10.208 "" "" "" 32804 9.984 "" "" "" 32804 0.219503 0.096 0.0361 11.867295 0.024544 12.857473 0.152929 10.722718 0.054682 2.134755 0.990178 1.144577 3679.1
270 IPHASJ185323.58+084955.0 "" 107 "" 283.34824999999995 8.831972222222221 10.32 0.02 9.05 0.02 8.52 0.02 8.19 0.02 8.18 0.02 7.7 0.02 7.0 0.08 S S 2502.0 74.0 "" "" "" "" "" 3433.0 1.16 0.03 3349.0 2766.0 1912.0 4464.0 C "" 9 "" "" "IPHAS J185323.58+084955.1" 118592833482608852 283.34825547 8.83195187 0.004 0.003 90.0 1443160064 172 55939.53489583 6 64 19.3366 0.002 19.3581 0.0592 16696 16.8267 0.015 16.9258 0.0067 115000 14.8071 0.0198 14.8285 0.0122 16696 12.934 "" "" "" 114724 12.583 0.0198 12.5644 0.0261 115000 0.075808 0.0657 0.0684 15.358601 0.008639 18.07848 0.071897 13.836503 0.023177 4.241977 2.719879 1.522098 3954.5
271 "Pe 2-16" "" 101,102 "" 283.54179166666665 -4.647749999999999 9.63 0.02 8.5 0.06 7.93 0.02 7.26 0.02 7.35 0.02 6.81 0.02 5.83 0.05 S S 2320.0 62.0 "" "" "" "" "" 3336.0 1.25 0.03 3749.0 5210.0 3581.0 7940.0 C X 39 1,3 "" "PN Pe  2-16" 102422835417913094 283.54180786 -4.64777723 0.041 0.036 90.0 235200512 28 55887.43877315 11 67 16.7574 0.0588 16.8294 0.0557 115000 15.0658 0.0032 15.106 0.0025 115000 12.975 "" "" "" 98340 11.993 "" "" "" 65572 11.489 "" "" "" 16420 0.113954 0.169 0.0418 14.087445 0.009277 16.345345 0.062428 12.66409 0.024605 3.681254 2.257899 1.423355 ""
