SySt-PS-GaiaEDR3.ecsv
# %ECSV 1.0
# ---
# datatype:
# - {name: recno_1, datatype: int64}
# - {name: Name_1, datatype: string}
# - {name: OName_1, datatype: string}
# - {name: Ref_1, datatype: string}
# - {name: n_Name_1, datatype: string}
# - {name: RAJ2000_1, datatype: float64}
# - {name: DEJ2000_1, datatype: float64}
# - {name: Jmag_1, datatype: float64}
# - {name: e_Jmag_1, datatype: float64}
# - {name: Hmag_1, datatype: float64}
# - {name: e_Hmag_1, datatype: float64}
# - {name: Ksmag_1, datatype: float64}
# - {name: e_Ksmag_1, datatype: float64}
# - {name: W1mag_1, datatype: float64}
# - {name: e_W1mag_1, datatype: float64}
# - {name: W2mag_1, datatype: float64}
# - {name: e_W2mag_1, datatype: float64}
# - {name: W3mag_1, datatype: float64}
# - {name: e_W3mag_1, datatype: float64}
# - {name: W4mag_1, datatype: float64}
# - {name: e_W4mag_1, datatype: float64}
# - {name: Old_1, datatype: string}
# - {name: New_1, datatype: string}
# - {name: TBB_1, datatype: float64}
# - {name: e_TBB_1, datatype: float64}
# - {name: Tdust1_1, datatype: float64}
# - {name: e_Tdust1_1, datatype: float64}
# - {name: Tdust2_1, datatype: float64}
# - {name: e_Tdust2_1, datatype: float64}
# - {name: Tdust3_1, datatype: float64}
# - {name: Tcool_1, datatype: float64}
# - {name: Peak_1, datatype: float64}
# - {name: e_Peak_1, datatype: float64}
# - {name: TGaia_1, datatype: float64}
# - {name: Dist_1, datatype: float64}
# - {name: b_Dist_1, datatype: float64}
# - {name: B_Dist_1, datatype: float64}
# - {name: OVI_1, datatype: string}
# - {name: OVI2_1, datatype: string}
# - {name: r_OVI_1, datatype: string}
# - {name: r_OVI2_1, datatype: string}
# - {name: X-ray_1, datatype: string}
# - {name: SimbadName_1, datatype: string}
# - {name: objID, datatype: int64}
# - {name: RAJ2000_x, datatype: float64}
# - {name: DEJ2000_x, datatype: float64}
# - {name: errHalfMaj_1, datatype: float64}
# - {name: errHalfMin_1, datatype: float64}
# - {name: errPosAng_1, datatype: float64}
# - {name: f_objID, datatype: int64}
# - {name: Qual, datatype: int64}
# - {name: Epoch, datatype: float64}
# - {name: Ns, datatype: int64}
# - {name: Nd, datatype: int64}
# - {name: gmag, datatype: float64}
# - {name: e_gmag, datatype: float64}
# - {name: gKmag, datatype: float64}
# - {name: e_gKmag, datatype: float64}
# - {name: gFlags, datatype: int64}
# - {name: rmag, datatype: float64}
# - {name: e_rmag, datatype: float64}
# - {name: rKmag, datatype: float64}
# - {name: e_rKmag, datatype: float64}
# - {name: rFlags, datatype: int64}
# - {name: imag, datatype: float64}
# - {name: e_imag, datatype: float64}
# - {name: iKmag, datatype: float64}
# - {name: e_iKmag, datatype: float64}
# - {name: iFlags, datatype: int64}
# - {name: zmag, datatype: float64}
# - {name: e_zmag, datatype: float64}
# - {name: zKmag, datatype: float64}
# - {name: e_zKmag, datatype: float64}
# - {name: zFlags, datatype: int64}
# - {name: ymag, datatype: float64}
# - {name: e_ymag, datatype: float64}
# - {name: yKmag, datatype: float64}
# - {name: e_yKmag, datatype: float64}
# - {name: yFlags, datatype: int64}
# - {name: angDist_1, datatype: float64}
# - {name: recno_2, datatype: int64}
# - {name: Name_2, datatype: string}
# - {name: OName_2, datatype: string}
# - {name: Ref_2, datatype: string}
# - {name: n_Name_2, datatype: float64}
# - {name: RAJ2000_2, datatype: float64}
[...]
[from data line 42]
150 "PN Sa 3-43" "" 101,102 "" 259.4824166666666 -30.028472222222216 9.48 0.02 8.23 0.03 7.84 0.03 7.54 0.03 7.51 0.02 7.28 0.02 6.77 0.08 S S 2697.0 78.0 "" "" "" "" "" 3541.0 1.07 0.03 4065.0 5517.0 3739.0 8862.0 "" "" "" "" "" "PN Sa  3-43" 71962594824056097 259.4823828 -30.02851046 0.137 0.084 0.0 168091648 20 56022.92587963 4 48 15.0405 0.008 15.113 0.0088 16696 13.2011 0.007 13.1857 0.0041 16810296 12.513 0.0074 12.4361 0.0102 16794680 11.8365 0.1257 13.3924 0.0013 118840 11.2745 0.045 11.7417 0.1011 16440 0.173468 150 "PN Sa 3-43" "" 101,102 "" 259.4824166666666 -30.028472222222216 9.48 0.02 8.23 0.03 7.84 0.03 7.54 0.03 7.51 0.02 7.28 0.02 6.77 0.08 S S 2697.0 78.0 "" "" "" "" "" 3541.0 1.07 0.03 4065.0 5517.0 3739.0 8862.0 "" "" "" "" "" "PN Sa  3-43" 259.48242012934 -30.02848483844 0.0004668 0.0003032 110.35 4059208981986040192 259.48239750109 0.0198 -30.02850802883 0.0126 0.1972 0.023 8.5904 6.831 -4.408 0.028 -5.218 0.02 392 -1.4171 519.83 0.064 2.377 31 "" "" 17 0.949 False 95239.8 199.455 13.240321 12155.5 143.081 15.126611 132262.0 11.944311 1.516 3.1823 "" "" 0 "" "" "" "" 159020274.0 "" 0.003572 0.013081 0.007641 13.240321 0.003572 95239.8 0.009 0.4501 0.3273 -0.2787 0.046683
151 SWIFTJ171951.7-300206 "" 151 "" 259.9654166666666 -30.0335 10.88 0.03 10.19 0.03 9.97 0.02 9.58 0.03 9.53 0.02 9.45 0.05 10.88 "" ? S 3068.0 70.0 "" "" "" "" "" 3759.0 0.94 0.02 3671.0 187.0 185.0 189.0 "" "" "" "" C "SWIFT J171951.7-300206" 71962599659790183 259.96593871 -30.0335169 0.01 0.003 90.0 436527104 52 55949.37041667 5 34 15.5231 0.0053 15.5446 0.0087 16696 14.2937 0.0013 14.3263 0.0014 16793912 13.2796 0.1597 13.1664 0.1079 16892976 12.5493 0.0029 12.559 0.0005 17456 12.2644 0.0033 12.2564 0.0017 16696 1.628157 151 SWIFTJ171951.7-300206 "" 151 "" 259.9654166666666 -30.0335 10.88 0.03 10.19 0.03 9.97 0.02 9.58 0.03 9.53 0.02 9.45 0.05 10.88 "" ? S 3068.0 70.0 "" "" "" "" "" 3759.0 0.94 0.02 3671.0 187.0 185.0 189.0 "" "" "" "" C "SWIFT J171951.7-300206" 259.96594071741 -30.03343001769 0.000391 0.0002592 78.58 4059196651237110272 259.96593683386 0.0188 -30.03352405148 0.013 5.2912 0.0208 254.9275 21.171 -0.756 0.024 -21.158 0.016 291 0.4281 274.86 0.0 0.0 31 "" "" 17 1.017 False 60267.6 55.8768 13.737157 12701.2 76.0185 15.078931 73430.8 12.5832 1.429 2.495731 "" "" 0 "" "" 7.1962599659790184e+16 "" 159043668.0 "" 0.002933 0.007072 0.004556 13.737157 0.002933 60267.6 0.023 0.3867 0.2656 0.1619 1.652594
152 "Draco C-1" "Draco SySt-1" 101,102 "" 259.99024999999995 57.8348611111111 14.38 0.03 13.71 0.04 13.46 0.04 13.25 0.11 13.27 0.03 12.49 0.29 9.51 "" S S 3240.0 125.0 "" "" "" "" "" 3866.0 0.89 0.04 "" "" "" "" X "" 1 "" C "[ALS82] C1" 177402599901712536 259.99023825 57.83485596 0.002 0.001 0.0 503636096 60 56077.92159722 5 87 17.7296 0.0104 17.7911 0.0121 115000 16.5717 0.0044 16.6595 0.0116 115000 16.2681 0.0051 16.3334 0.0057 115000 15.8697 0.0094 15.9545 0.0064 115000 15.8845 0.0107 15.9307 0.0106 115000 0.029172 152 "Draco C-1" "Draco SySt-1" 101,102 "" 259.99024999999995 57.8348611111111 14.38 0.03 13.71 0.04 13.46 0.04 13.25 0.11 13.27 0.03 12.49 0.29 9.51 "" S S 3240.0 125.0 "" "" "" "" "" 3866.0 0.89 0.04 "" "" "" "" X "" 1 "" C "[ALS82] C1" 259.99023823595 57.83485666277 0.0009937 0.0007269 27.17 1433154243632773248 259.99023845153 0.0406 57.83485560791 0.0395 -0.0273 0.0427 -0.6388 0.239 0.026 0.05 -0.237 0.059 310 1.6276 361.62 0.038 0.07682 31 "" "" 22 1.066 False 4247.36 10.1938 16.61707 1526.25 13.2297 17.379482 3923.38 15.763743 1.283 1.615739 "" "" 0 "" "" 1.7740259990171254e+17 1.2376512133614144e+18 "" 740250058.0 0.003792 0.009816 0.008238 16.61707 0.003792 4247.36 -0.001 0.79 0.9443 0.2499 0.027654
153 "PN Th 3-7" "" 101,102 "" 260.2605833333333 -29.38133333333333 9.75 0.02 8.49 0.06 7.88 0.03 7.53 0.03 7.67 0.02 7.32 0.02 6.95 0.09 S S 2592.0 79.0 "" "" "" "" "" 3482.0 1.12 0.03 3316.0 "" "" "" C X 3,39 20 "" "PN Th  3-7" 72742602605792683 260.26056451 -29.3813639 0.006 0.006 90.0 436527104 52 56072.88460648 5 45 19.3014 0.0346 19.5167 0.0225 115000 16.9212 0.0056 17.0764 0.0002 115000 14.5199 0.0026 14.4621 0.0042 16892208 13.0356 0.0011 12.9828 0.0011 16892472 11.948 0.001 11.9779 0.0011 16892216 0.124882 153 "PN Th 3-7" "" 101,102 "" 260.2605833333333 -29.38133333333333 9.75 0.02 8.49 0.06 7.88 0.03 7.53 0.03 7.67 0.02 7.32 0.02 6.95 0.09 S S 2592.0 79.0 "" "" "" "" "" 3482.0 1.12 0.03 3316.0 "" "" "" C X 3,39 20 "" "PN Th  3-7" 260.26056448839 -29.38133192962 0.0015397 0.0010966 105.65 4059348585602948864 260.26056388088 0.0696 -29.38135907116 0.0521 -0.1198 0.0795 -1.5063 6.108 -0.119 0.094 -6.107 0.069 246 1.8376 1656.49 0.533 51.74 31 "" "" 16 1.083 False 20362.1 122.032 14.91531 841.834 39.9009 18.025476 35906.8 13.359955 1.805 4.665522 "" "" 0 "" "" 7.274260260579269e+16 "" 159290718.0 "" 0.007066 0.051537 0.017672 14.91531 0.007066 20362.1 0.092 1.5119 1.1347 -0.1769 0.059331
154 356.04+03.20 "" 110 "" 260.8383333333333 -30.526388888888885 9.79 0.02 8.46 0.06 7.87 0.03 7.24 0.03 7.61 0.02 7.21 0.02 6.58 0.07 S S 2547.0 95.0 "" "" "" "" "" 3457.0 1.14 0.04 3295.0 "" "" "" C "" 12 "" "" "2MASS J17232128-3031358" 71362608386598308 260.83865147 -30.52668705 0.01 0.007 90.0 570744832 68 56367.90688657 6 23 19.6074 0.0346 19.8645 0.0386 114992 16.5609 0.0133 16.6529 0.0023 114992 14.2426 0.0108 14.2784 0.0103 66608 12.9214 0.0054 12.9181 0.0063 66608 11.9829 0.001 11.9859 0.001 16843320 1.457882 154 356.04+03.20 "" 110 "" 260.8383333333333 -30.526388888888885 9.79 0.02 8.46 0.06 7.87 0.03 7.24 0.03 7.61 0.02 7.21 0.02 6.58 0.07 S S 2547.0 95.0 "" "" "" "" "" 3457.0 1.14 0.04 3295.0 "" "" "" C "" 12 "" "" "2MASS J17232128-3031358" 260.83867140182 -30.5266521289 0.0016801 0.0011539 82.55 4059014991298469248 260.83865869126 0.0796 -30.52668172616 0.0567 0.0275 0.0856 0.3214 7.1 -2.463 0.104 -6.659 0.072 240 2.912 2031.95 0.599 75.22 31 "" "" 17 1.136 False 23080.7 75.0062 14.779244 712.702 19.9754 18.206272 40919.0 13.218083 1.804 4.988189 "" "" 0 "" "" 7.13626083865983e+16 "" 158679828.0 "" 0.004477 0.030558 0.009461 14.779244 0.004477 23080.7 0.045 1.6726 1.1647 0.0984 1.413195
155 "PN Th 3-17" "" 101,102 "" 261.88179166666663 -29.049027777777773 9.52 0.03 8.41 0.06 7.84 0.02 7.72 0.03 7.78 0.02 7.33 0.02 6.62 0.09 S S 2683.0 103.0 "" "" "" "" "" 3533.0 1.08 0.04 3349.0 5546.0 3288.0 9659.0 X "" 3,39 "" "" "PN Th  3-17" 73142618818101505 261.88177844 -29.04903216 0.023 0.023 90.0 436527104 52 55920.19716435 5 61 17.4738 0.0025 17.5443 0.0253 115000 15.2593 0.0054 15.28 0.0031 16892216 14.1116 0.0292 14.0635 0.0522 16892208 12.8864 0.001 12.7594 0.001 16892216 12.0997 0.347 "" "" 16892216 0.044515 155 "PN Th 3-17" "" 101,102 "" 261.88179166666663 -29.049027777777773 9.52 0.03 8.41 0.06 7.84 0.02 7.72 0.03 7.78 0.02 7.33 0.02 6.62 0.09 S S 2683.0 103.0 "" "" "" "" "" 3533.0 1.08 0.04 3349.0 5546.0 3288.0 9659.0 X "" 3,39 "" "" "PN Th  3-17" 261.8818068349 -29.04902138286 0.0011761 0.0007366 72.57 4059501589512272384 261.88178983349 0.0551 -29.04904316135 0.039 0.075 0.0569 1.3187 5.933 -3.344 0.07 -4.9 0.048 238 -1.4449 922.68 0.375 30.28 31 "" "" 17 0.932 False 28919.6 95.4306 14.534385 1954.9 52.3172 17.110733 48230.9 13.039583 1.735 4.07115 "" "" 0 "" "" 7.31426188181015e+16 "" "" "" 0.00452 0.02919 0.010544 14.534385 0.00452 28919.6 0.106 1.1436 0.7861 0.2673 0.052998
156 358.46+03.54 "" 110 "" 262.0545833333333 -28.32722222222222 9.19 0.03 8.23 0.04 7.75 0.02 7.75 0.02 7.73 0.02 7.24 0.02 6.39 0.08 S S 2872.0 117.0 "" "" "" "" "" 3642.0 1.01 0.04 3698.0 8606.0 5753.0 13027.0 C "" 12 "" "" "2MASS J17281311-2819374" 74002620546497776 262.05460549 -28.32709652 0.017 0.016 0.0 839180288 100 56011.92626157 4 50 17.2067 0.0155 17.3347 0.0111 115000 15.3421 0.0016 15.4096 0.0055 280 14.0517 0.0011 14.0409 0.0012 16777496 12.7514 0.0032 12.7645 0.0096 16892472 11.928 0.001 11.9274 0.001 16892216 0.457943 156 358.46+03.54 "" 110 "" 262.0545833333333 -28.32722222222222 9.19 0.03 8.23 0.04 7.75 0.02 7.75 0.02 7.73 0.02 7.24 0.02 6.39 0.08 S S 2872.0 117.0 "" "" "" "" "" 3642.0 1.01 0.04 3698.0 8606.0 5753.0 13027.0 C "" 12 "" "" "2MASS J17281311-2819374" 262.05460894807 -28.32707719939 0.0010275 0.0007299 90.12 4059697994224377856 262.05460608292 0.0486 -28.3270974426 0.0356 0.1747 0.0582 2.9992 4.59 -0.567 0.064 -4.555 0.045 298 4.9842 1395.52 0.375 32.59 31 "" "" 16 1.212 False 28792.4 95.6098 14.539174 2845.63 33.6337 16.703096 47406.4 13.058302 1.745 3.644795 "" "" 0 "" "" 7.400262054649778e+16 "" 161418023.0 "" 0.004538 0.013133 0.012913 14.539174 0.004538 28792.4 0.172 1.0275 0.7299 -0.0014 0.528355
157 "PN Th 3-18" "" 101,102 "" 262.1122083333333 -28.64294444444444 9.82 0.03 8.67 0.03 8.23 0.03 8.01 0.02 7.98 0.02 7.71 0.02 7.1 0.14 S S 2693.0 80.0 "" "" "" "" "" 3539.0 1.08 0.03 3683.0 2017.0 1702.0 2468.0 C "" 3,20,39 "" "" "PN Th  3-18" 73622621122188720 262.11219426 -28.64297799 0.01 0.006 0.0 570744832 68 55761.98674769 5 67 17.1531 0.013 17.2099 0.0089 115000 15.06 0.0105 15.0528 0.0129 272 13.5574 0.001 13.4533 0.001 16875832 12.524 0.001 12.4817 0.001 16843320 11.8475 0.001 11.7653 0.001 16843064 0.128689 157 "PN Th 3-18" "" 101,102 "" 262.1122083333333 -28.64294444444444 9.82 0.03 8.67 0.03 8.23 0.03 8.01 0.02 7.98 0.02 7.71 0.02 7.1 0.14 S S 2693.0 80.0 "" "" "" "" "" 3539.0 1.08 0.03 3683.0 2017.0 1702.0 2468.0 C "" 3,20,39 "" "" "PN Th  3-18" 262.11220555876 -28.64295487989 0.0007855 0.0005686 86.95 4059655594297061888 262.11218507847 0.0362 -28.64297694732 0.0279 0.1519 0.0396 3.8398 6.404 -4.044 0.049 -4.965 0.035 209 0.3101 595.48 0.222 14.81 31 "" "" 15 1.014 False 51317.1 248.611 13.911712 4742.19 163.359 16.148596 77440.3 12.525478 1.601 3.623117 "" "" 0 "" "" 7.362262112218872e+16 "" 161280700.0 "" 0.005938 0.037505 0.016186 13.911712 0.005938 51317.1 0.031 0.785 0.5693 0.035 0.038577
158 "Hen 3-1410" "" 101,102 "" 262.2758333333333 -29.721583333333328 10.32 0.03 9.16 0.04 8.57 0.03 7.78 0.02 7.68 0.02 7.28 0.02 6.69 0.1 S S 2166.0 31.0 "" "" "" "" "" 3258.0 1.34 0.02 4336.0 7245.0 5047.0 10965.0 C X 1,3 20 "" "Hen 3-1410" 72332622758204395 262.27582375 -29.72157882 0.009 0.007 90.0 436527104 52 56283.64864583 5 61 16.3473 0.0068 16.3321 0.0118 115000 14.5883 0.0021 14.6023 0.0023 115000 13.6073 0.028 13.4921 0.003 16892208 12.4267 0.001 12.3744 0.001 16892216 12.1684 0.001 12.0805 0.0011 16892216 0.034083 158 "Hen 3-1410" "" 101,102 "" 262.2758333333333 -29.721583333333328 10.32 0.03 9.16 0.04 8.57 0.03 7.78 0.02 7.68 0.02 7.28 0.02 6.69 0.1 S S 2166.0 31.0 "" "" "" "" "" 3258.0 1.34 0.02 4336.0 7245.0 5047.0 10965.0 C X 1,3 20 "" "Hen 3-1410" 262.27584415311 -29.72155577676 0.0004849 0.0003368 97.38 4058701527427641472 262.27581848572 0.0225 -29.72157091722 0.017 0.0717 0.0257 2.7913 6.063 -5.015 0.03 -3.407 0.021 250 4.2752 343.49 0.078 2.073 31 "" "" 17 1.198 False 47357.4 411.54 13.998899 8424.3 206.513 15.524707 64092.2 12.730883 1.531 2.793824 "" "" 0 "" "" 7.23326227582044e+16 "" 159651982.0 "" 0.009829 0.026762 0.029284 13.998899 0.009829 47357.4 0.081 0.4828 0.3397 -0.0946 0.104812
159 357.32+01.97 "" 110 "" 262.8465833333333 -30.14563888888889 10.39 0.03 9.07 0.03 8.6 0.02 8.24 0.02 8.22 0.02 7.81 0.06 4.44 0.03 S S+IR 2523.0 151.0 101.0 "" "" "" "" 3444.0 1.15 0.08 3812.0 11185.0 7730.0 16044.0 X "" 12 "" "" "2MASS J17312318-3008443" 71822628465945525 262.84661483 -30.14566854 0.03 0.014 0.0 168091648 20 55983.82344907 6 26 18.2997 0.0197 18.3485 0.0166 16696 15.7522 0.0028 15.8131 0.0068 16688 14.041 0.0036 14.0017 0.0022 16876592 13.0632 0.0045 13.0416 0.0075 16876592 12.4283 0.0025 12.3342 0.003 16843056 0.144943 159 357.32+01.97 "" 110 "" 262.8465833333333 -30.14563888888889 10.39 0.03 9.07 0.03 8.6 0.02 8.24 0.02 8.22 0.02 7.81 0.06 4.44 0.03 S S+IR 2523.0 151.0 101.0 "" "" "" "" 3444.0 1.15 0.08 3812.0 11185.0 7730.0 16044.0 X "" 12 "" "" "2MASS J17312318-3008443" 262.84657977518 -30.14564090595 0.0013738 0.0009052 70.02 4058444104218324736 262.84656751577 0.0684 -30.14566642305 0.0516 0.2197 0.0826 2.6588 6.217 -2.385 0.083 -5.741 0.059 253 16.5456 1915.19 0.508 54.41 31 "" "" 16 1.827 False 24672.7 68.6593 14.706824 1975.09 52.5031 17.099575 40182.0 13.237816 1.709 3.861759 "" "" 0 "" "" 7.182262846594553e+16 "" 159528225.0 "" 0.004089 0.028996 0.007996 14.706824 0.004089 24672.7 0.106 1.3276 0.9716 0.2658 0.013245
160 "V2116 Oph" "" 101,102 "" 263.009 -24.745611111111103 10.1 0.02 8.7 0.05 7.98 0.02 7.43 0.03 7.14 0.02 6.78 0.02 6.4 0.07 S S 2137.0 39.0 "" "" "" "" "" 3244.0 1.36 0.02 3407.0 7611.0 4854.0 11887.0 X "" 1 "" C "V* V2116 Oph" 78302630089755540 263.00895572 -24.74560346 0.003 0.003 0.0 235200640 28 55964.11884259 6 65 19.5884 0.1634 19.7529 0.1102 115000 16.3758 0.2057 16.9104 0.1149 115000 15.2541 0.0179 15.308 0.0244 115000 12.897 "" "" "" 98340 13.0165 0.002 13.0142 0.0054 115000 0.147367 160 "V2116 Oph" "" 101,102 "" 263.009 -24.745611111111103 10.1 0.02 8.7 0.05 7.98 0.02 7.43 0.03 7.14 0.02 6.78 0.02 6.4 0.07 S S 2137.0 39.0 "" "" "" "" "" 3244.0 1.36 0.02 3407.0 7611.0 4854.0 11887.0 X "" 1 "" C "V* V2116 Oph" 263.00897184809 -24.74559143586 0.0013307 0.0008978 73.2 4110236324513030656 263.00895464609 0.0624 -24.74560029077 0.048 -0.0998 0.0731 -1.3659 4.04 -3.515 0.08 -1.992 0.057 260 -4.7091 578.44 0.373 13.9 31 "" "" 16 0.798 False 11688.5 261.684 15.517966 1098.8 168.796 17.73625 20800.3 13.95272 1.874 3.78353 "" "" 0 "" "" 7.830263008975554e+16 "" 180237596.0 "" 0.024463 0.166813 0.06974 15.517966 0.024463 11688.5 0.282 1.3001 0.9417 0.2181 0.11614
161 "PN Th 3-29" "" 101,102 "" 263.1162083333333 -29.08577777777777 8.92 0.02 7.57 0.04 6.92 0.02 6.61 0.08 6.65 0.02 6.2 0.01 5.59 0.05 S S 2469.0 74.0 "" "" "" "" "" 3415.0 1.17 0.03 3709.0 4565.0 2770.0 8303.0 C "" 3,4,39 "" "" "PN Th  3-29" 73092631161857369 263.11613595 -29.08586381 0.025 0.014 0.0 176480256 21 56216.49909722 6 65 17.3393 0.0127 17.2727 0.0135 16892216 15.5077 0.0303 15.5791 0.0147 115000 14.2926 0.0111 14.2858 0.0239 114992 12.7552 0.001 12.7103 0.001 16843064 11.7741 0.016 11.5215 0.1268 16875832 0.384422 161 "PN Th 3-29" "" 101,102 "" 263.1162083333333 -29.08577777777777 8.92 0.02 7.57 0.04 6.92 0.02 6.61 0.08 6.65 0.02 6.2 0.01 5.59 0.05 S S 2469.0 74.0 "" "" "" "" "" 3415.0 1.17 0.03 3709.0 4565.0 2770.0 8303.0 C "" 3,4,39 "" "" "PN Th  3-29" 263.11615422396 -29.0858207775 0.0011623 0.0007885 79.42 4058843158219588480 263.11612706155 0.0541 -29.08586799469 0.0412 0.0597 0.0579 1.0315 11.891 -5.341 0.071 -10.624 0.049 251 5.5391 1436.77 0.4 38.9 31 "" "" 17 1.258 False 33446.0 56.4891 14.376508 3402.73 36.618 16.508974 55134.1 12.894344 1.75 3.61463 "" "" 0 "" "" 7.309263116185738e+16 "" "" "" 0.00331 0.012013 0.007002 14.376508 0.00331 33446.0 0.181 1.1516 0.8039 0.1421 0.230088
