SySt-Gaia-distance.ecsv
# %ECSV 1.0
# ---
# datatype:
# - {name: recno_1, datatype: int64}
# - {name: Name_1, datatype: string}
# - {name: OName_1, datatype: string}
# - {name: Ref_1, datatype: string}
# - {name: n_Name_1, datatype: float64}
# - {name: RAJ2000_1, datatype: float64}
# - {name: DEJ2000_1, datatype: float64}
# - {name: Jmag_1, datatype: float64}
# - {name: e_Jmag_1, datatype: float64}
# - {name: Hmag_1, datatype: float64}
# - {name: e_Hmag_1, datatype: float64}
# - {name: Ksmag_1, datatype: float64}
# - {name: e_Ksmag_1, datatype: float64}
# - {name: W1mag_1, datatype: float64}
# - {name: e_W1mag_1, datatype: float64}
# - {name: W2mag_1, datatype: float64}
# - {name: e_W2mag_1, datatype: float64}
# - {name: W3mag_1, datatype: float64}
# - {name: e_W3mag_1, datatype: float64}
# - {name: W4mag_1, datatype: float64}
# - {name: e_W4mag_1, datatype: float64}
# - {name: Old_1, datatype: string}
# - {name: New_1, datatype: string}
# - {name: TBB_1, datatype: float64}
# - {name: e_TBB_1, datatype: float64}
# - {name: Tdust1_1, datatype: float64}
# - {name: e_Tdust1_1, datatype: float64}
# - {name: Tdust2_1, datatype: float64}
# - {name: e_Tdust2_1, datatype: float64}
# - {name: Tdust3_1, datatype: float64}
# - {name: Tcool_1, datatype: float64}
# - {name: Peak_1, datatype: float64}
# - {name: e_Peak_1, datatype: float64}
# - {name: TGaia_1, datatype: float64}
# - {name: Dist_1, datatype: float64}
# - {name: b_Dist_1, datatype: float64}
# - {name: B_Dist_1, datatype: float64}
# - {name: OVI_1, datatype: string}
# - {name: OVI2_1, datatype: string}
# - {name: r_OVI_1, datatype: string}
# - {name: r_OVI2_1, datatype: string}
# - {name: X-ray_1, datatype: string}
# - {name: SimbadName_1, datatype: string}
# - {name: Source_1, datatype: int64}
# - {name: RA_ICRS, datatype: float64}
# - {name: DE_ICRS, datatype: float64}
# - {name: rgeo, datatype: float64}
# - {name: b_rgeo_x, datatype: float64}
# - {name: B_rgeo_xa, datatype: float64}
# - {name: rpgeo, datatype: float64}
# - {name: b_rpgeo_x, datatype: float64}
# - {name: B_rpgeo_xa, datatype: float64}
# - {name: Flag, datatype: int64}
# - {name: angDist_1, datatype: float64}
# - {name: recno_2, datatype: int64}
# - {name: Name_2, datatype: string}
# - {name: OName_2, datatype: string}
# - {name: Ref_2, datatype: string}
# - {name: n_Name_2, datatype: string}
# - {name: RAJ2000_2, datatype: float64}
# - {name: DEJ2000_2, datatype: float64}
# - {name: Jmag_2, datatype: float64}
# - {name: e_Jmag_2, datatype: float64}
# - {name: Hmag_2, datatype: float64}
# - {name: e_Hmag_2, datatype: float64}
# - {name: Ksmag_2, datatype: float64}
# - {name: e_Ksmag_2, datatype: float64}
# - {name: W1mag_2, datatype: float64}
# - {name: e_W1mag_2, datatype: float64}
# - {name: W2mag_2, datatype: float64}
# - {name: e_W2mag_2, datatype: float64}
# - {name: W3mag_2, datatype: float64}
# - {name: e_W3mag_2, datatype: float64}
# - {name: W4mag_2, datatype: float64}
# - {name: e_W4mag_2, datatype: float64}
# - {name: Old_2, datatype: string}
# - {name: New_2, datatype: string}
# - {name: TBB_2, datatype: float64}
# - {name: e_TBB_2, datatype: float64}
# - {name: Tdust1_2, datatype: float64}
# - {name: e_Tdust1_2, datatype: float64}
# - {name: Tdust2_2, datatype: float64}
# - {name: e_Tdust2_2, datatype: float64}
# - {name: Tdust3_2, datatype: float64}
[...]
[from data line 99]
142 2MASSJ17050868-4849122 "" 112 "" 256.2862083333333 -48.82005555555555 10.04 0.02 8.95 0.03 8.56 0.02 8.39 0.02 8.45 0.02 8.21 0.02 7.81 0.26 S S 2834.0 119.0 "" "" "" "" "" 3619.0 1.02 0.04 3670.0 8340.0 5927.0 11829.0 C "" 13 "" "" "2MASS J17050868-4849122" 5938619188187996800 256.28615792966 -48.82011932312 7263.53906 6205.92529 8924.52246 6589.97266 5865.89746 7321.62207 10033 0.258792 142 2MASSJ17050868-4849122 "" 112 "" 256.2862083333333 -48.82005555555555 10.04 0.02 8.95 0.03 8.56 0.02 8.39 0.02 8.45 0.02 8.21 0.02 7.81 0.26 S S 2834.0 119.0 "" "" "" "" "" 3619.0 1.02 0.04 3670.0 8340.0 5927.0 11829.0 C "" 13 "" "" "2MASS J17050868-4849122" "Gaia DR3 5938619188187996800" 256.28615792966 -48.82011932312 0.0 0.0 91.0 1636148068921376768 5938619188187996800 708306012 0.0242 0.0175 0.0733 0.0279 2.6299 6.944 -4.07 0.034 -5.627 0.027 -0.0112 -0.1111 -0.3267 -0.0126 -0.126 -0.008 -0.5813 0.0316 0.0704 -0.0151 368 0 364 4 0.8645 820.17 0.157 11.431 31 False 1.203 "" "" "" "" "" "" "" 42 19 0.047511 42 0.09992 8.108 0 0 1.031 0 364 51618.22548 289.436 178.341 13.905359 0.006682 42 6162.81 209.851 29.3675 15.864095 0.037076 37 77599.5 651.944 119.028 12.523248 0.009874 1.623 0.0 5.0 0.0 1.0 0 3.340847 1.958735 1.382112 -79.62 2.19 2.0 13.0 6.0 11.0 16.54 "" "" 926.853 "" 3800.0 3.5 0.75 111.0 "" "" "" 12.022 0.047952 7.0 "" VARIABLE 0.0 0.0 0.99999 3529.0 3515.5 3576.9 0.1103 0.0928 0.2178 -0.5799 -0.5801 -0.5794 8225.789 6841.194 8666.325 2.8761 2.6811 3.3553 1.7633 1.6407 2.0738 1.0839 1.0171 1.2401 MARCS 256.28618539935 -48.82009431605 0.548317 0.446988 -0.0137 0.258792
143 "V934 Her" "" 101,102 "" 256.6438333333333 23.97183333333333 4.17 0.2 3.32 0.19 2.99 0.23 2.22 "" 2.85 0.41 2.96 0.01 2.84 0.02 S S 3415.0 17.0 "" "" "" "" "" 3979.0 0.85 0.01 3655.0 536.0 526.0 546.0 "" "" "" "" C "V* V934 Her" 4571810378118789760 256.64376094254 23.97181951625 542.310486 526.110901 560.284241 529.804077 514.874695 544.44928 10033 0.243268 143 "V934 Her" "" 101,102 "" 256.6438333333333 23.97183333333333 4.17 0.2 3.32 0.19 2.99 0.23 2.22 "" 2.85 0.41 2.96 0.01 2.84 0.02 S S 3415.0 17.0 "" "" "" "" "" 3979.0 0.85 0.01 3655.0 536.0 526.0 546.0 "" "" "" "" C "V* V934 Her" "Gaia DR3 4571810378118789760" 256.64376094254 23.97181951625 0.0 0.0 12.0 1636148068921376768 4571810378118789760 625609773 0.0286 0.039 1.8413 0.0514 35.8029 10.359 -8.734 0.04 -5.57 0.052 0.1462 -0.0635 0.0769 0.0038 -0.0023 -0.0083 -0.0988 -0.2187 -0.1623 0.1895 594 594 594 0 61.0724 16092.0 0.542 443.06 31 False 1.322 "" "" "" "" "" "" "" 67 28 0.074253 69 0.003313 164.8 0 0 3.232 0 600 37524476.41744 37375.7 1003.98 6.75158 0.00296 68 9546420.0 45007.6 212.107 7.88894 0.00583 67 42197200.0 95065.9 443.873 5.684686 0.004502 1.379 0.0 1.0 0.0 3.0 0 2.204255 1.13736 1.066895 -47.16 0.3 1.0 38.0 0.0 24.0 1174.5 "" 0.0 916.672 5.88 3700.0 0.5 -0.5 222.0 9.9903 0.5516 38.0 5.223277 0.005692 38.0 1221.502 VARIABLE 0.0 0.0 0.999389 "" "" "" "" "" "" "" "" "" "" "" "" "" "" "" "" "" "" "" "" "" "" 256.64380342597 23.97184427051 0.640201 0.838224 0.1894 0.243268
144 "V455 Sco" "" 101,102 "" 256.84054166666664 -34.08736111111111 7.54 0.03 6.47 0.03 5.96 0.02 5.76 0.11 5.73 0.04 5.21 0.02 3.27 0.02 S S+IR 2603.0 172.0 103.0 "" "" "" "" 3488.0 1.11 0.07 "" 2383.0 1800.0 3462.0 C "" 3,20,39 "" "" "V* V455 Sco" 5978167556310066944 256.84055572826 -34.08736323781 2723.41309 2465.79224 2984.94531 2467.16553 2278.86572 2659.45264 10033 0.042617 144 "V455 Sco" "" 101,102 "" 256.84054166666664 -34.08736111111111 7.54 0.03 6.47 0.03 5.96 0.02 5.76 0.11 5.73 0.04 5.21 0.02 3.27 0.02 S S+IR 2603.0 172.0 103.0 "" "" "" "" 3488.0 1.11 0.07 "" 2383.0 1800.0 3462.0 C "" 3,20,39 "" "" "V* V455 Sco" "Gaia DR3 5978167556310066944" 256.84055572826 -34.08736323781 0.0 0.0 79.0 1636148068921376768 5978167556310066944 568732161 0.0323 0.0148 0.3777 0.0399 9.4573 4.523 -0.909 0.043 -4.431 0.03 0.3487 -0.1661 -0.1513 -0.3862 0.0196 -0.229 -0.4065 -0.252 0.3974 -0.0061 603 603 590 13 -0.3095 3375.7 0.247 63.261 31 False 1.223 "" "" "" "" "" "" "" 69 18 0.059662 70 0.1574 13.44 0 0 0.99 0 589 290077.20514 1253.98 231.325 12.031083 0.005443 66 53789.2 1718.63 31.2977 13.511804 0.034803 58 416042.0 3576.66 116.321 10.700053 0.01007 1.62 0.0 5.0 0.0 0.0 0 2.81175 1.480721 1.33103 "" "" "" "" "" "" "" "" "" "" "" "" "" "" "" "" "" "" "" "" "" "" VARIABLE 0.0 0.0 0.999938 8396.2 8285.0 8508.1 2.1087 2.067 2.1531 -1.4841 -1.6476 -1.2875 1738.1062 1644.501 1862.5687 7.1413 7.0105 7.3537 5.2988 5.2151 5.4293 3.0355 2.9865 3.1154 PHOENIX 256.84056060443 -34.08734354467 0.686089 0.479155 0.0195 0.042617
145 "Hen 3-1341" "" 101,102 "" 257.1524166666666 -17.441805555555554 8.76 0.03 7.89 0.04 7.48 0.03 7.41 0.03 7.36 0.02 6.45 0.02 5.21 0.04 S S 2823.0 178.0 "" "" "" "" "" 3613.0 1.03 0.06 4449.0 4422.0 3391.0 6175.0 C "" 1,3 "" C "Hen 3-1341" 4135518250054109056 257.1523720951 -17.4418056527 8591.66895 7040.77881 10966.4033 8709.0957 6999.45801 10374.7051 10033 0.15308 145 "Hen 3-1341" "" 101,102 "" 257.1524166666666 -17.441805555555554 8.76 0.03 7.89 0.04 7.48 0.03 7.41 0.03 7.36 0.02 6.45 0.02 5.21 0.04 S S 2823.0 178.0 "" "" "" "" "" 3613.0 1.03 0.06 4449.0 4422.0 3391.0 6175.0 C "" 1,3 "" C "Hen 3-1341" "Gaia DR3 4135518250054109056" 257.1523720951 -17.4418056527 0.0 0.0 98.0 1636148068921376768 4135518250054109056 1374153466 0.0239 0.0172 0.0786 0.0277 2.8392 5.974 -1.576 0.033 -5.763 0.025 -0.0915 -0.1063 -0.0486 -0.1127 -0.2989 -0.1395 -0.2359 0.216 0.0745 -0.1581 238 238 235 3 5.6081 1103.8 0.171 32.586 31 True 1.433 "" "" "" "" "" "" "" 27 16 0.045844 27 0.1133 7.108 0 0 1.271 0 237 628376.4751 3846.34 163.37 11.191817 0.007194 24 263348.0 7356.77 35.7967 11.787216 0.030459 26 579727.0 9061.84 63.9746 10.339836 0.017387 1.342 0.0 0.0 0.0 0.0 0 1.44738 0.595399 0.851981 "" "" "" "" "" "" "" "" "" "" "" "" "" "" "" "" "" "" "" "" "" "" VARIABLE 0.0 0.0 0.999976 15995.2 15780.3 16250.4 2.5138 2.504 2.5334 -0.6774 -0.7157 -0.6466 6725.6494 6559.121 6899.7915 3.4274 3.417 3.4378 2.9904 2.9812 3.0011 1.6506 1.6453 1.6566 A 257.15237943653 -17.44178004139 0.521749 0.397341 -0.1449 0.153081
146 "Hen 3-1342" "" 101,102 "" 257.2290833333333 -23.39347222222222 9.61 0.02 8.69 0.05 8.35 0.02 8.22 0.02 8.24 0.02 7.84 0.02 7.22 0.15 S S 2975.0 109.0 "" "" "" "" "" 3703.0 0.97 0.04 4024.0 7484.0 5584.0 10579.0 C "" 1,3,20 "" "" "Hen 3-1342" 4113660822209255168 257.22902333929 -23.39348490445 6532.59863 5682.03418 7317.73975 6155.89111 5568.07178 6923.65332 10033 0.203415 146 "Hen 3-1342" "" 101,102 "" 257.2290833333333 -23.39347222222222 9.61 0.02 8.69 0.05 8.35 0.02 8.22 0.02 8.24 0.02 7.84 0.02 7.22 0.15 S S 2975.0 109.0 "" "" "" "" "" 3703.0 0.97 0.04 4024.0 7484.0 5584.0 10579.0 C "" 1,3,20 "" "" "Hen 3-1342" "Gaia DR3 4113660822209255168" 257.22902333929 -23.39348490445 0.0 0.0 97.0 1636148068921376768 4113660822209255168 751512378 0.0199 0.0103 0.1442 0.0215 6.6942 4.721 -3.957 0.024 -2.575 0.015 -0.1798 -0.3124 0.2628 -0.4691 -0.0289 -0.3682 -0.3164 -0.1957 0.4498 -0.2433 481 481 477 4 4.2527 1093.2 0.108 15.449 31 False 1.308 "" "" "" "" "" "" "" 55 17 0.035175 55 0.02357 41.62 0 0 1.141 0 479 206891.78059 335.98 615.787 12.398008 0.003271 47 51943.7 717.16 72.4298 13.54971 0.015248 49 230636.0 993.058 232.248 11.340577 0.006012 1.366 0.0 0.0 0.0 1.0 0 2.209133 1.151702 1.057431 -232.78 2.67 1.0 13.0 4.0 10.0 32.163 18.15 0.0 884.44 21.15 5250.0 3.0 1.0 111.0 12.5752 11.3142 9.0 10.859023 0.022956 9.0 "" VARIABLE 0.0 0.0 0.999988 5129.7 5128.9 5131.4 1.8776 1.8652 1.8909 -0.1291 -0.1295 -0.1285 4085.161 4026.545 4143.16 2.9872 2.9852 2.9893 2.1755 2.174 2.177 1.169 1.1681 1.1699 PHOENIX 257.2290424996 -23.39347346203 0.379716 0.247113 -0.2036 0.203415
147 "AS 221" "" 101,102 "" 258.05362499999995 -32.62969444444444 12.14 0.02 10.1 0.03 8.73 0.02 7.18 0.04 7.13 0.02 4.62 0.02 3.69 0.02 S D "" "" 1347.0 66.0 363.0 23.0 "" "" 2.15 0.05 "" 7346.0 4965.0 11113.0 C X 3,39 20 "" "EM* AS  221" 5979902864926562176 258.05358122186 -32.62966795833 7388.63867 6278.26855 9007.36621 7294.66992 6332.9165 8572.30273 10033 0.163427 147 "AS 221" "" 101,102 "" 258.05362499999995 -32.62969444444444 12.14 0.02 10.1 0.03 8.73 0.02 7.18 0.04 7.13 0.02 4.62 0.02 3.69 0.02 S D "" "" 1347.0 66.0 363.0 23.0 "" "" 2.15 0.05 "" 7346.0 4965.0 11113.0 C X 3,39 20 "" "EM* AS  221" "Gaia DR3 5979902864926562176" 258.05358122186 -32.62966795833 0.0 0.0 89.0 1636148068921376768 5979902864926562176 1557638284 0.0322 0.0187 0.062 0.0332 1.865 4.286 -2.33 0.041 -3.597 0.027 0.0131 -0.0731 -0.245 -0.2247 -0.0497 -0.1958 -0.5161 -0.0786 0.1745 0.035 460 0 457 3 -2.5405 1313.0 0.217 19.032 31 False 1.179 "" "" "" "" "" "" "" 52 17 0.057644 52 0.02312 4.281 0 0 0.916 0 458 39646.75716 255.932 154.911 14.191848 0.007531 48 5398.74 190.657 28.3165 16.00781 0.038444 46 61968.4 1019.24 60.7987 12.76747 0.018253 1.699 0.0 18.0 0.0 1.0 0 3.24034 1.815963 1.424377 "" "" "" "" "" "" "" "" "" "" "" "" "" "" "" "" "" "" "" "" "" "" VARIABLE 0.0 0.0 0.999984 "" "" "" "" "" "" "" "" "" "" "" "" "" "" "" "" "" "" "" "" "" "" 258.05359351734 -32.62965197125 0.664189 0.445517 0.0525 0.163427
148 "PN H 2-5" "" 101,102 "" 258.8325833333333 -31.56483333333333 7.16 0.02 6.03 0.04 5.56 0.02 4.53 0.11 5.1 0.05 5.29 0.02 5.03 0.03 S,D S 2821.0 115.0 "" "" "" "" "" 3612.0 1.03 0.04 3296.0 2816.0 1799.0 5426.0 C X 3,39 20 "" "PN H  2-5" 5980352766931610112 258.83258098323 -31.56484434043 1984.39722 1765.87378 2277.96948 1857.02515 1636.16675 2057.07104 10033 0.040276 148 "PN H 2-5" "" 101,102 "" 258.8325833333333 -31.56483333333333 7.16 0.02 6.03 0.04 5.56 0.02 4.53 0.11 5.1 0.05 5.29 0.02 5.03 0.03 S,D S 2821.0 115.0 "" "" "" "" "" 3612.0 1.03 0.04 3296.0 2816.0 1799.0 5426.0 C X 3,39 20 "" "PN H  2-5" "Gaia DR3 5980352766931610112" 258.83258098323 -31.56484434043 0.0 0.0 86.0 1636148068921376768 5980352766931610112 1613090759 0.0658 0.0367 0.5241 0.0699 7.5026 3.342 -1.612 0.082 -2.927 0.056 0.0777 -0.0363 -0.143 -0.3412 0.034 -0.3127 -0.5348 -0.2191 0.2485 0.0638 540 540 536 4 -2.3646 12866.0 0.574 310.13 31 False 1.15 "" "" "" "" "" "" "" 62 17 0.116006 62 0.07776 99.01 15 0 0.928 0 509 402219.07765 787.01 511.072 11.67621 0.003479 53 15819.4 189.223 83.6021 14.840567 0.013283 53 673207.0 3879.0 173.552 10.177524 0.007309 1.713 0.0 16.0 0.0 0.0 0 4.663043 3.164356 1.498687 -16.55 0.35 1.0 20.0 5.0 8.0 88.882 4.5152 0.0 686.517 4.28 3400.0 2.5 0.5 111.0 "" "" "" 9.783627 0.017685 15.0 "" VARIABLE 0.0 0.0 1.0 "" "" "" "" "" "" "" "" "" "" "" "" "" "" "" "" "" "" "" "" "" "" 258.83258939251 -31.56483133159 1.32849 0.919588 0.0909 0.040276
149 "V1534 Sco" "" 165 "" 258.945125 -31.47508333333333 11.26 0.04 10.05 0.04 9.58 0.04 8.79 0.02 8.91 0.02 8.65 0.03 8.97 0.0 S S 2595.0 109.0 "" "" "" "" "" 3484.0 1.12 0.05 3709.0 7339.0 4729.0 11432.0 "" "" "" "" C "V* V1534 Sco" 5980446951308348800 258.94530910745 -31.47510330306 5498.04834 4205.01904 6977.34717 6724.53516 4658.58691 9132.69238 10033 0.569822 149 "V1534 Sco" "" 165 "" 258.945125 -31.47508333333333 11.26 0.04 10.05 0.04 9.58 0.04 8.79 0.02 8.91 0.02 8.65 0.03 8.97 0.0 S S 2595.0 109.0 "" "" "" "" "" 3484.0 1.12 0.05 3709.0 7339.0 4729.0 11432.0 "" "" "" "" C "V* V1534 Sco" "Gaia DR3 5980446951308348800" 258.94530910745 -31.47510330306 0.0 0.0 88.0 1636148068921376768 5980446951308348800 335088503 0.0627 0.0359 0.1125 0.0701 1.6056 6.361 -5.072 0.085 -3.839 0.053 0.0459 -0.0162 -0.1697 -0.3447 0.0543 -0.3563 -0.587 -0.384 0.234 0.0609 502 0 500 2 4.3747 1517.7 0.395 22.394 31 False 1.168 "" "" "" "" "" "" "" 59 16 0.120248 59 0.04712 25.81 0 0 1.142 0 496 11165.59756 46.5224 240.005 15.567662 0.005297 57 935.725 29.8202 31.3789 17.910671 0.034713 57 18247.8 204.486 89.2375 14.094867 0.01274 1.718 0.0 57.0 0.0 47.0 0 3.815804 2.343009 1.472795 "" "" "" "" "" "" "" "" "" "" "" "" "" "" "" "" "" "" "" "" "" "" VARIABLE 0.0 0.0 0.999998 6822.9 4313.9 7350.1 1.773 1.1596 1.8816 0.0931 0.0352 0.2802 5894.1543 5522.358 7263.1255 9.7719 8.4602 9.936 6.5894 5.2749 6.7656 3.8262 2.9706 3.9501 MARCS 258.94533553682 -31.47508624047 1.365453 0.870248 0.0889 0.569822
150 "PN Sa 3-43" "" 101,102 "" 259.4824166666666 -30.028472222222216 9.48 0.02 8.23 0.03 7.84 0.03 7.54 0.03 7.51 0.02 7.28 0.02 6.77 0.08 S S 2697.0 78.0 "" "" "" "" "" 3541.0 1.07 0.03 4065.0 5517.0 3739.0 8862.0 "" "" "" "" "" "PN Sa  3-43" 4059208981986040192 259.48239750109 -30.02850802883 3963.5625 3640.98389 4462.16895 3881.07642 3620.08472 4182.34424 10033 0.142072 150 "PN Sa 3-43" "" 101,102 "" 259.4824166666666 -30.028472222222216 9.48 0.02 8.23 0.03 7.84 0.03 7.54 0.03 7.51 0.02 7.28 0.02 6.77 0.08 S S 2697.0 78.0 "" "" "" "" "" 3541.0 1.07 0.03 4065.0 5517.0 3739.0 8862.0 "" "" "" "" "" "PN Sa  3-43" "Gaia DR3 4059208981986040192" 259.48239750109 -30.02850802883 0.0 0.0 105.0 1636148068921376768 4059208981986040192 650663686 0.0198 0.0126 0.1972 0.023 8.5904 6.831 -4.408 0.028 -5.218 0.02 -0.2672 0.0077 -0.0433 0.0268 -0.2753 0.0546 -0.6071 -0.0696 0.402 -0.2825 392 18 392 0 -1.4171 519.83 0.064 2.3768 31 False 1.227 "" "" "" "" "" "" "" 45 17 0.040336 45 0.08015 72.12 0 0 0.949 0 350 95239.75956 199.455 477.501 13.240321 0.003572 39 12155.5 143.081 84.9553 15.126611 0.013081 38 132262.0 808.94 163.5 11.944311 0.007641 1.516 0.0 0.0 0.0 1.0 0 3.1823 1.88629 1.29601 -69.84 1.07 1.0 17.0 15.0 9.0 27.868 3.2952 0.001634 920.007 12.74 4000.0 3.0 0.0 333.0 "" "" "" 11.281183 0.040901 2.0 "" VARIABLE 0.0 0.0 0.999998 6052.0 5878.5 6115.0 2.0434 1.9964 2.0765 -0.3053 -0.3588 -0.2591 2246.8962 2142.8018 2328.5852 6.4329 6.3222 6.4704 4.503 4.4031 4.5387 2.5314 2.4688 2.5539 PHOENIX 259.48242012934 -30.02848483844 0.450147 0.327318 -0.2787 0.142072
151 SWIFTJ171951.7-300206 "" 151 "" 259.9654166666666 -30.0335 10.88 0.03 10.19 0.03 9.97 0.02 9.58 0.03 9.53 0.02 9.45 0.05 10.88 "" ? S 3068.0 70.0 "" "" "" "" "" 3759.0 0.94 0.02 3671.0 187.0 185.0 189.0 "" "" "" "" C "SWIFT J171951.7-300206" 4059196651237110272 259.96593683386 -30.03352405148 187.203537 186.517288 187.884308 187.251083 186.428513 187.971329 10033 1.623483 151 SWIFTJ171951.7-300206 "" 151 "" 259.9654166666666 -30.0335 10.88 0.03 10.19 0.03 9.97 0.02 9.58 0.03 9.53 0.02 9.45 0.05 10.88 "" ? S 3068.0 70.0 "" "" "" "" "" 3759.0 0.94 0.02 3671.0 187.0 185.0 189.0 "" "" "" "" C "SWIFT J171951.7-300206" "Gaia DR3 4059196651237110272" 259.96593683386 -30.03352405148 0.0 0.0 83.0 1636148068921376768 4059196651237110272 62323497 0.0188 0.013 5.2912 0.0208 254.9275 21.171 -0.756 0.024 -21.158 0.016 0.0993 -0.1085 -0.1573 -0.1976 -0.2609 -0.1654 -0.3616 -0.1003 0.1549 0.1482 292 0 291 1 0.4281 274.86 0.0 0.0 31 False 1.285 "" "" "" "" "" "" "" 33 17 0.033789 33 0.04475 0.1968 0 0 1.017 0 289 60267.63037 55.8768 1078.58 13.737157 0.002933 26 12701.2 76.0185 167.08 15.078931 0.007072 26 73430.8 172.031 426.846 12.5832 0.004556 1.429 0.0 1.0 0.0 0.0 0 2.495731 1.341774 1.153957 36.66 7.2 2.0 3.0 2.0 3.0 9.5475 "" "" 340.452 "" 3500.0 3.5 -1.0 111.0 "" "" "" "" "" "" "" NOT_AVAILABLE 0.0 0.0 1e-06 "" "" "" "" "" "" "" "" "" "" "" "" "" "" "" "" "" "" "" "" "" "" 259.96594071742 -30.03343001739 0.386675 0.265602 0.1619 1.623483
