SySt-PS-Gaia.ecsv
# %ECSV 1.0
# ---
# datatype:
# - {name: recno, datatype: int64}
# - {name: Name, datatype: string}
# - {name: OName, datatype: string}
# - {name: Ref, datatype: string}
# - {name: n_Name, datatype: string}
# - {name: RAJ2000, datatype: float64}
# - {name: DEJ2000, datatype: float64}
# - {name: Jmag, datatype: float64}
# - {name: e_Jmag, datatype: float64}
# - {name: Hmag, datatype: float64}
# - {name: e_Hmag, datatype: float64}
# - {name: Ksmag, datatype: float64}
# - {name: e_Ksmag, datatype: float64}
# - {name: W1mag, datatype: float64}
# - {name: e_W1mag, datatype: float64}
# - {name: W2mag, datatype: float64}
# - {name: e_W2mag, datatype: float64}
# - {name: W3mag, datatype: float64}
# - {name: e_W3mag, datatype: float64}
# - {name: W4mag, datatype: float64}
# - {name: e_W4mag, datatype: float64}
# - {name: Old, datatype: string}
# - {name: New, datatype: string}
# - {name: TBB, datatype: float64}
# - {name: e_TBB, datatype: float64}
# - {name: Tdust1, datatype: float64}
# - {name: e_Tdust1, datatype: float64}
# - {name: Tdust2, datatype: float64}
# - {name: e_Tdust2, datatype: float64}
# - {name: Tdust3, datatype: float64}
# - {name: Tcool, datatype: float64}
# - {name: Peak, datatype: float64}
# - {name: e_Peak, datatype: float64}
# - {name: TGaia, datatype: float64}
# - {name: Dist, datatype: float64}
# - {name: b_Dist, datatype: float64}
# - {name: B_Dist, datatype: float64}
# - {name: OVI, datatype: string}
# - {name: OVI2, datatype: string}
# - {name: r_OVI, datatype: string}
# - {name: r_OVI2, datatype: string}
# - {name: X-ray, datatype: string}
# - {name: SimbadName, datatype: string}
# - {name: objID, datatype: int64}
# - {name: RAJ2000_x, datatype: float64}
# - {name: DEJ2000_x, datatype: float64}
# - {name: errHalfMaj, datatype: float64}
# - {name: errHalfMin, datatype: float64}
# - {name: errPosAng, datatype: float64}
# - {name: f_objID, datatype: int64}
# - {name: Qual, datatype: int64}
# - {name: Epoch, datatype: float64}
# - {name: Ns, datatype: int64}
# - {name: Nd, datatype: int64}
# - {name: gmag, datatype: float64}
# - {name: e_gmag, datatype: float64}
# - {name: gKmag, datatype: float64}
# - {name: e_gKmag, datatype: float64}
# - {name: gFlags, datatype: int64}
# - {name: rmag, datatype: float64}
# - {name: e_rmag, datatype: float64}
# - {name: rKmag, datatype: float64}
# - {name: e_rKmag, datatype: float64}
# - {name: rFlags, datatype: int64}
# - {name: imag, datatype: float64}
# - {name: e_imag, datatype: float64}
# - {name: iKmag, datatype: float64}
# - {name: e_iKmag, datatype: float64}
# - {name: iFlags, datatype: int64}
# - {name: zmag, datatype: float64}
# - {name: e_zmag, datatype: float64}
# - {name: zKmag, datatype: float64}
# - {name: e_zKmag, datatype: float64}
# - {name: zFlags, datatype: int64}
# - {name: ymag, datatype: float64}
# - {name: e_ymag, datatype: float64}
# - {name: yKmag, datatype: float64}
# - {name: e_yKmag, datatype: float64}
# - {name: yFlags, datatype: int64}
# - {name: angDist, datatype: float64}
# - {name: Plx, datatype: float64}
# - {name: e_Plx, datatype: float64}
# - {name: Gmag, datatype: float64}
# - {name: e_Gmag, datatype: float64}
# - {name: BPmag, datatype: float64}
# - {name: e_BPmag, datatype: float64}
# - {name: RPmag, datatype: float64}
# - {name: e_RPmag, datatype: float64}
# - {name: BP-RP, datatype: float64}
# - {name: BP-G, datatype: float64}
# - {name: G-RP, datatype: float64}
# - {name: Teff, datatype: float64}
# schema: astropy-2.0
recno Name OName Ref n_Name RAJ2000 DEJ2000 Jmag e_Jmag Hmag e_Hmag Ksmag e_Ksmag W1mag e_W1mag W2mag e_W2mag W3mag e_W3mag W4mag e_W4mag Old New TBB e_TBB Tdust1 e_Tdust1 Tdust2 e_Tdust2 Tdust3 Tcool Peak e_Peak TGaia Dist b_Dist B_Dist OVI OVI2 r_OVI r_OVI2 X-ray SimbadName objID RAJ2000_x DEJ2000_x errHalfMaj errHalfMin errPosAng f_objID Qual Epoch Ns Nd gmag e_gmag gKmag e_gKmag gFlags rmag e_rmag rKmag e_rKmag rFlags imag e_imag iKmag e_iKmag iFlags zmag e_zmag zKmag e_zKmag zFlags ymag e_ymag yKmag e_yKmag yFlags angDist Plx e_Plx Gmag e_Gmag BPmag e_BPmag RPmag e_RPmag BP-RP BP-G G-RP Teff
[from data line 193]
375 "CXOGBS J173620.2-293338" "" 170 "" 264.08416666666665 -29.56080555555555 11.54 0.05 10.13 0.05 9.65 0.05 8.83 0.03 8.84 0.03 8.59 0.05 7.37 0.24 S? S 2103.0 83.0 "" "" "" "" "" 3227.0 1.38 0.05 "" "" "" "" "" "" "" "" C "CXOGBS J173620.2-293338" 72522640841257303 264.08412944 -29.56084506 0.004 0.004 90.0 503635968 60 55866.67177083 5 60 21.7696 0.0221 22.177 0.2674 115000 18.1541 0.0024 18.2488 0.0084 115000 16.1887 0.0004 16.2058 0.0069 115000 14.9101 0.0089 14.8927 0.0028 16892216 14.0195 0.0279 14.0136 0.008 16892216 0.183887 0.3684 0.1144 16.684202 0.006839 19.660017 0.041527 15.09441 0.010799 4.565607 2.975815 1.589792 4342.7
376 "V503 Her" "" 101,102 "" 264.1685833333333 23.30325 10.24 0.02 9.76 0.02 9.57 0.02 9.47 0.02 9.1 0.02 8.5 0.03 8.03 0.2 S S 3249.0 177.0 "" "" "" "" "" 3872.0 0.89 0.06 "" "" "" "" X "" 1 "" "" "V* V503 Her" 135962641685824539 264.16857518 23.30324582 0.055 0.04 0.0 604299264 72 55544.17072917 6 91 13.159 "" "" "" 114788 12.291 "" "" "" 32868 11.821 "" "" "" 114788 11.508 "" "" "" 98404 11.376 "" "" "" 16484 0.030873 0.0772 0.0138 12.050886 0.008322 12.767033 0.029084 11.201149 0.018558 1.565884 0.716146 0.849737 4654.5
377 "WSTB 19W032" "" 101,102,132 "" 264.762125 -28.943222222222214 11.44 0.02 10.28 0.03 9.55 0.03 7.15 0.03 5.36 0.04 2.44 0.01 -0.47 0.01 D D' 3387.0 "" 752.0 "" 203.0 "" "" 3961.0 0.86 "" "" "" "" "" X "" 21 "" "" "WSTB 19W32" 73262647621208457 264.76211266 -28.94322902 0.009 0.008 90.0 1443160064 172 56046.77086806 10 65 18.233 0.0054 18.3214 0.0055 16696 15.9778 0.0054 16.0036 0.0206 16696 14.754 0.0014 14.8465 0.0435 115000 13.9159 0.0018 13.9041 0.007 114992 13.3249 0.0043 13.3204 0.0181 16696 0.045937 0.3809 0.0342 15.334436 0.002803 17.227186 0.004952 14.024779 0.003976 3.202407 1.89275 1.309657 7413.9
378 "WRAY 16-294" "" 101,102 "" 264.80749999999995 -25.63475 10.15 0.03 9.16 0.03 8.59 0.02 8.66 0.02 8.63 0.02 8.32 0.03 8.08 0.3 S S 2851.0 139.0 "" "" "" "" "" 3629.0 1.02 0.05 "" "" "" "" "" "" "" "" "" "WRAY 16-294" 77232648075268606 264.80752102 -25.63476646 0.022 0.003 90.0 235200512 28 56176.04758102 6 73 16.9164 0.0185 16.9689 0.019 115000 15.0442 0.0163 15.0834 0.0793 115000 13.225 "" "" "" 65572 12.324 "" "" "" 98340 11.887 "" "" "" 65572 0.090364 0.0503 0.0304 14.975176 0.002812 17.013662 0.006315 13.629532 0.004279 3.38413 2.038486 1.345644 4448.8
379 001.97+02.41 "" 110 "" 265.25875 -25.99277777777777 10.9 0.03 9.48 0.02 8.96 0.03 8.62 0.02 8.64 0.02 8.41 0.04 7.49 0.18 S? S 2554.0 109.0 "" "" "" "" "" 3461.0 1.13 0.04 "" "" "" "" "" "" "" "" "" "2MASS J17410216-2559340" 76802652589898938 265.25899182 -25.99282235 0.009 0.008 90.0 503635968 60 56054.45859954 8 84 19.5082 0.0067 19.7208 0.0171 115000 16.7474 0.0076 16.8299 0.0042 115000 14.8648 0.001 14.9026 0.0011 280 13.786 0.0037 13.8113 0.0071 114992 13.077 0.0049 13.0997 0.0055 115000 0.798778 0.1247 0.046 15.389329 0.003034 17.977165 0.011678 13.957817 0.004639 4.019348 2.587836 1.431512 ""
380 "PNG 006.1+04.1" "" 111 "" 266.04437499999995 -21.48972222222222 14.26 "" 13.02 0.03 11.11 0.04 8.84 0.02 7.45 0.02 4.83 0.01 2.97 0.02 ? D "" "" 909.0 179.0 389.0 16.0 "" "" 3.19 0.11 "" "" "" "" "" "" "" "" "" "PN G006.1+04.1" 82212660441973067 266.04418685 -21.48942783 0.014 0.008 0.0 503635968 60 56051.6284375 5 39 19.7787 0.0264 19.8079 0.0149 115000 17.5895 0.0007 17.0023 0.004 16892216 18.6182 0.0253 18.4551 0.0076 16892216 17.5916 0.0333 17.5662 0.0141 114992 17.4244 0.0589 17.5369 0.1493 115000 1.233054 0.5297 0.2124 18.303776 0.005451 18.662569 0.026548 17.107597 0.015016 1.554972 0.358793 1.196178 ""
381 001.33+01.07 "" 110 "" 266.1575 -27.23805555555555 10.12 0.02 8.54 0.04 7.89 0.02 7.33 0.03 7.42 0.02 7.3 0.03 7.24 0.27 S? S 2407.0 127.0 "" "" "" "" "" 3382.0 1.2 0.05 "" "" "" "" "" "" "" "" "" "2MASS J17443786-2714179" 75312661577654315 266.15776691 -27.23831952 0.005 0.003 0.0 503635968 60 55890.85633102 5 48 21.6653 0.0806 21.3494 0.137 16696 18.048 0.0051 18.1096 0.0099 16696 15.7995 0.0053 15.7583 0.0016 115000 13.962 0.0071 13.9357 0.0054 114992 12.7743 0.004 12.7501 0.0037 16892208 1.277846 -1.2186 1.1428 20.32978 0.009201 "" "" "" "" "" "" "" ""
383 001.71+01.14 "" 110 "" 266.3066666666666 -26.87833333333333 10.28 0.03 8.75 0.05 7.94 0.02 7.62 0.03 7.7 0.02 7.41 0.03 6.65 0.1 S? S 2427.0 114.0 "" "" "" "" "" 3393.0 1.19 0.05 "" "" "" "" "" "" "" "" "" "2MASS J17451367-2652427" 75742663069025990 266.3069231 -26.87860224 0.018 0.011 90.0 503635968 60 55971.4378588 4 49 22.743 "" "" "" 16420 18.9791 0.0049 19.0751 0.0035 115000 16.7685 0.018 16.8077 0.009 115000 14.7831 0.0029 14.7683 0.0123 16892208 13.3416 0.0055 13.3545 0.0031 115000 1.270898 "" "" 19.790462 0.009398 "" "" "" "" "" "" "" ""
384 "ASAS J174600-2321.3" "" 171 "" 266.50075 -23.354527777777776 9.93 0.02 8.76 0.04 8.35 0.02 7.74 0.03 7.75 0.02 7.61 0.02 7.33 0.24 S? S 2387.0 69.0 "" "" "" "" "" 3371.0 1.21 0.03 "" "" "" "" "" "" "" "" "" "ASAS J174600-2321.3" 79972665007324927 266.50074708 -23.35455859 0.162 0.112 90.0 1174724608 140 55067.44759259 1 92 12.6675 0.0057 12.6313 0.0021 16892216 12.3038 0.0812 12.0423 0.0542 16778264 13.053 "" "" "" 36 12.166 "" "" "" 36 11.706 "" "" "" 16420 0.111343 0.0998 0.0247 11.644391 0.003055 12.438111 0.005485 10.730028 0.004912 1.708083 0.79372 0.914363 7896.9
391 001.37-01.15 "" 110 "" 268.3385833333333 -28.34644444444444 13.65 0.07 11.82 0.05 10.26 0.03 8.39 0.03 7.14 0.02 4.67 0.02 2.95 0.03 D? D "" "" 1144.0 85.0 409.0 17.0 "" "" 2.53 0.08 "" "" "" "" "" "" "" "" "" "SSTGLMC G001.3783-01.1523" 73982683385334528 268.33852607 -28.3464802 0.012 0.008 90.0 512024576 61 55823.96534722 4 52 24.802 "" "" "" 16420 18.0504 0.0104 18.0361 0.0382 16892216 17.4883 0.0072 17.5471 0.0363 16892216 16.4974 0.0089 16.4645 0.0204 16892216 16.047 0.0112 16.2576 0.0193 115000 0.222453 0.2474 0.2033 17.886854 0.005023 19.1315 0.057325 16.389374 0.024729 2.742126 1.244646 1.49748 4356.1
393 "DT Ser" "" 101,102,148,149,162 "" 270.4674583333333 -1.4381666666666666 11.16 0.03 10.81 0.02 10.74 0.02 10.65 0.02 10.69 0.02 9.64 0.08 5.71 0.14 ? S 3697.0 354.0 "" "" "" "" "" 4168.0 0.78 0.09 "" "" "" "" "" "" "" "" "" "V* DT Ser" 106272704671454353 270.46702369 -1.43848835 0.029 0.027 90.0 444915712 53 56111.94277778 4 32 16.4232 0.0031 15.5467 0.1452 16892216 16.4712 0.0074 14.9322 0.0079 16892216 16.6209 0.0255 "" "" 115000 16.6815 0.0115 16.6538 0.0204 16793912 16.6358 0.0137 14.2108 0.2074 16892216 1.946252 0.124 0.0814 16.474766 0.003023 16.281326 0.009965 16.02305 0.01533 0.258276 -0.193439 0.451715 9995.4
395 "PHR 1803-2746" "" 110 "" 270.7705833333333 -27.778888888888886 12.23 0.04 11.37 0.06 11.02 0.04 10.23 0.04 9.59 0.03 5.56 0.02 2.97 0.02 D? S+IR 2331.0 98.0 222.0 11.0 "" "" "" 3342.0 1.24 0.04 "" "" "" "" "" "" "" "" "" "PHR J1803-2746" 74662707705995629 270.77055529 -27.77892849 0.04 0.02 90.0 512024576 61 55956.00173611 3 67 17.3691 0.0605 17.0414 0.007 16777488 16.2361 0.0025 15.8905 0.0856 16892216 15.1182 0.0055 14.6198 0.0053 16777488 14.5246 0.0087 14.0856 0.0091 16892208 14.3186 0.0045 14.3368 0.0731 16892216 0.168234 -0.029 0.0852 15.836497 0.003493 17.100101 0.021611 14.377401 0.036116 2.7227 1.263604 1.459096 ""
396 "ShWi 7" "" 111 "" 271.27304166666664 -29.33775 13.68 "" 13.01 "" 13.02 0.11 10.28 0.03 8.8 0.02 5.66 0.01 3.48 0.02 ? D' "" "" 855.0 152.0 326.0 13.0 "" "" 3.39 0.1 "" "" "" "" "" "" "" "" "" "PN ShWi    7" 72792712730085149 271.27303787 -29.33763654 0.15 0.012 0.0 512024576 61 56050.8158912 2 31 18.0074 0.0166 17.7429 0.0877 16777496 17.0232 0.0016 16.1788 0.072 16777496 17.3732 0.0118 17.3975 0.0062 16777488 17.1437 0.0103 16.9559 0.0153 16892208 16.8276 0.0013 16.6657 0.0203 16892216 0.40863 0.8345 0.2181 17.87387 0.004938 17.532204 0.056308 16.347519 0.034479 1.184685 -0.341667 1.526352 ""
399 "PHR 1809-2745" "" 111 "" 272.4658333333333 -27.765 "" "" "" "" "" "" "" "" "" "" "" "" "" "" ? ? "" "" "" "" "" "" "" "" "" "" "" "" "" "" "" "" "" "" "" "PHR J1809-2745" 74682724658662068 272.46584947 -27.76520066 0.008 0.008 90.0 436527104 52 55833.97417824 2 32 "" "" "" "" 16416 18.8895 0.0115 19.1766 0.0332 115000 18.3798 0.0532 18.7729 0.0305 272 18.0831 0.013 18.3695 0.0339 272 17.9533 0.0165 18.287 0.0718 115000 0.724203 "" "" 19.475365 0.02958 "" "" "" "" "" "" "" ""
401 "AS 288" "" 101,102 "" 273.1999583333333 -28.33325 11.47 0.02 9.75 0.03 8.31 0.03 6.76 0.07 5.82 0.05 4.06 0.02 2.73 0.02 D D "" "" 1227.0 32.0 448.0 20.0 "" "" 2.36 0.03 "" "" "" "" "" "" "" "" "" "EM* AS  288" 74002731999410398 273.19992467 -28.3332778 0.012 0.006 0.0 637853696 76 55938.67743056 3 55 14.7286 0.0047 13.9449 0.3114 98616 13.8194 0.0092 13.7851 0.0134 16793912 13.8705 0.0015 13.8619 0.0128 280 12.4215 0.001 12.4203 0.001 16777744 12.2933 0.0455 12.2345 0.0461 16777496 0.146269 0.1263 0.0283 13.618714 0.038483 14.028658 0.117863 12.847866 0.107315 1.180792 0.409944 0.770848 ""
402 "Hen 2-379" "" 101,102 "" 274.07224999999994 -27.075166666666664 10.19 0.02 9.56 0.03 9.41 0.03 8.95 0.03 8.94 0.03 4.84 0.01 1.97 0.02 S S+IR 3101.0 157.0 182.0 7.0 "" "" "" 3780.0 0.93 0.04 "" "" "" "" "" "" "" "" "" "Hen 2-379" 75512740722520109 274.07224832 -27.0751941 0.123 0.017 0.0 872734720 104 55680.93844907 4 75 13.196 "" "" "" 114724 12.225 "" "" "" 114724 11.784 "" "" "" 16420 11.512 "" "" "" 114724 11.361 "" "" "" 114724 0.098907 0.72 0.0228 12.123518 0.002763 12.799109 0.003193 11.317479 0.003843 1.48163 0.675591 0.806039 ""
404 "Sh 2-71" "" 130 "" 285.5011666666666 2.153027777777777 12.0 0.03 10.94 0.03 9.48 0.03 7.57 0.03 6.46 0.02 3.63 0.02 1.58 0.02 ? D' 3459.0 "" 962.0 "" 255.0 "" "" 4008.0 0.84 "" "" "" "" "" "" "" "" "" "" "SH  2-71" 110582855012594147 285.50118431 2.15303428 0.036 0.018 0.0 503635968 60 56035.02134259 5 71 14.2566 0.0074 14.2765 0.0097 115000 13.6634 0.001 13.6458 0.001 115256 13.1455 0.0103 13.1517 0.0046 115000 12.9992 0.0696 13.0191 0.0524 16892216 13.0206 0.0084 12.9647 0.0144 115000 0.06765 0.6248 0.0178 13.377217 0.015856 13.873306 0.046544 12.705144 0.044165 1.168162 0.496089 0.672073 15021.0
406 "V335 Vul" "" 101,102 "" 290.8089166666666 24.461027777777776 6.86 0.03 5.8 0.03 5.11 0.02 4.44 0.27 3.59 0.25 3.32 0.01 2.91 0.02 D S 1911.0 29.0 "" "" "" "" "" 3135.0 1.52 0.02 "" "" "" "" X "" 1 "" "" "V* V335 Vul" 137352908089483761 290.80892464 24.46106803 0.061 0.031 0.0 1174724608 140 55724.6546875 2 65 15.6051 0.0193 15.6771 0.0251 115000 12.305 "" "" "" 16420 10.654 "" "" "" 16420 9.411 "" "" "" 32804 8.859 "" "" "" 16420 0.147245 0.2475 0.0238 11.064461 0.010294 13.191868 0.04221 9.766756 0.027207 3.425112 2.127407 1.297705 ""
407 "V850 Aql" "" 101,102 "" 290.8944583333333 0.6328888888888888 7.43 0.02 6.17 0.02 5.4 0.02 4.66 0.24 3.92 0.09 1.98 0.01 1.09 0.01 S S+IR 1756.0 23.0 422.0 14.0 "" "" "" 3064.0 1.65 0.02 "" "" "" "" "" "" "" "" "" "V* V850 Aql" 108752908944789936 290.89445312 0.63289589 0.018 0.011 0.0 235200512 28 55710.84267361 4 68 18.7102 0.2983 18.7981 0.269 115000 16.4732 0.0689 16.5507 0.0556 115000 12.5 "" "" "" 114724 10.732 "" "" "" 16420 9.857 "" "" "" 65572 0.031424 -0.1389 0.122 13.920927 0.020374 19.007591 0.170668 12.280806 0.078925 6.726786 5.086664 1.640121 ""
409 PM1-322 "" 133,134 "" 303.715 12.064805555555552 14.99 0.04 14.49 0.06 13.16 0.03 10.25 0.02 9.2 0.02 5.38 0.02 2.46 0.02 ? D' 3152.0 "" 722.0 "" 202.0 "" "" 3811.0 0.92 "" "" "" "" "" X "" 23 "" "" "PN PM  1-322" 122473037150178306 303.71499889 12.06481657 0.007 0.005 90.0 503636112 60 55938.83712963 5 84 15.6282 0.0632 15.6527 0.0747 115000 15.2885 0.0109 15.3354 0.0115 115000 15.908 0.007 15.9361 0.0031 115000 16.2116 0.0037 16.2824 0.0035 115000 15.919 0.0051 15.9846 0.0042 115000 0.039844 0.4801 0.0799 15.410351 0.005895 15.554326 0.013634 14.931986 0.027623 0.62234 0.143975 0.478365 ""
410 "V627 Cas" "" 101,102 "" 344.4207916666666 58.82013888888888 5.46 0.02 4.55 0.27 3.71 0.33 0.16 "" -0.28 "" -1.39 0.39 -3.0 "" D S+IR 2923.0 "" 385.0 "" "" "" "" 3672.0 0.99 "" "" "" "" "" X "" 1 "" X "V* V627 Cas" 178583444207224965 344.42068102 58.82013806 0.052 0.037 0.0 402972672 48 55811.98112269 3 32 12.944 "" "" "" 114724 10.625 "" "" "" 16420 9.109 "" "" "" 16420 7.885 "" "" "" 16420 7.369 "" "" "" 16420 0.206246 -0.0132 0.1025 9.840574 0.008913 12.497163 0.044248 8.445763 0.021471 4.0514 2.656589 1.394812 ""
