SySt-PS-Gaia.ecsv
# %ECSV 1.0
# ---
# datatype:
# - {name: recno_1, datatype: int64}
# - {name: Name_1, datatype: string}
# - {name: OName_1, datatype: string}
# - {name: Ref_1, datatype: string}
# - {name: n_Name_1, datatype: string}
# - {name: RAJ2000_1, datatype: float64}
# - {name: DEJ2000_1, datatype: float64}
# - {name: Jmag_1, datatype: float64}
# - {name: e_Jmag_1, datatype: float64}
# - {name: Hmag_1, datatype: float64}
# - {name: e_Hmag_1, datatype: float64}
# - {name: Ksmag_1, datatype: float64}
# - {name: e_Ksmag_1, datatype: float64}
# - {name: W1mag_1, datatype: float64}
# - {name: e_W1mag_1, datatype: float64}
# - {name: W2mag_1, datatype: float64}
# - {name: e_W2mag_1, datatype: float64}
# - {name: W3mag_1, datatype: float64}
# - {name: e_W3mag_1, datatype: float64}
# - {name: W4mag_1, datatype: float64}
# - {name: e_W4mag_1, datatype: float64}
# - {name: Old_1, datatype: string}
# - {name: New_1, datatype: string}
# - {name: TBB_1, datatype: float64}
# - {name: e_TBB_1, datatype: float64}
# - {name: Tdust1_1, datatype: float64}
# - {name: e_Tdust1_1, datatype: float64}
# - {name: Tdust2_1, datatype: float64}
# - {name: e_Tdust2_1, datatype: float64}
# - {name: Tdust3_1, datatype: float64}
# - {name: Tcool_1, datatype: float64}
# - {name: Peak_1, datatype: float64}
# - {name: e_Peak_1, datatype: float64}
# - {name: TGaia_1, datatype: float64}
# - {name: Dist_1, datatype: float64}
# - {name: b_Dist_1, datatype: float64}
# - {name: B_Dist_1, datatype: float64}
# - {name: OVI_1, datatype: string}
# - {name: OVI2_1, datatype: string}
# - {name: r_OVI_1, datatype: string}
# - {name: r_OVI2_1, datatype: string}
# - {name: X-ray_1, datatype: string}
# - {name: SimbadName_1, datatype: string}
# - {name: objID, datatype: int64}
# - {name: RAJ2000_x_1, datatype: float64}
# - {name: DEJ2000_x_1, datatype: float64}
# - {name: errHalfMaj_1, datatype: float64}
# - {name: errHalfMin_1, datatype: float64}
# - {name: errPosAng_1, datatype: float64}
# - {name: f_objID, datatype: int64}
# - {name: Qual, datatype: int64}
# - {name: Epoch, datatype: float64}
# - {name: Ns, datatype: int64}
# - {name: Nd, datatype: int64}
# - {name: gmag, datatype: float64}
# - {name: e_gmag, datatype: float64}
# - {name: gKmag, datatype: float64}
# - {name: e_gKmag, datatype: float64}
# - {name: gFlags, datatype: int64}
# - {name: rmag, datatype: float64}
# - {name: e_rmag, datatype: float64}
# - {name: rKmag, datatype: float64}
# - {name: e_rKmag, datatype: float64}
# - {name: rFlags, datatype: int64}
# - {name: imag, datatype: float64}
# - {name: e_imag, datatype: float64}
# - {name: iKmag, datatype: float64}
# - {name: e_iKmag, datatype: float64}
# - {name: iFlags, datatype: int64}
# - {name: zmag, datatype: float64}
# - {name: e_zmag, datatype: float64}
# - {name: zKmag, datatype: float64}
# - {name: e_zKmag, datatype: float64}
# - {name: zFlags, datatype: int64}
# - {name: ymag, datatype: float64}
# - {name: e_ymag, datatype: float64}
# - {name: yKmag, datatype: float64}
# - {name: e_yKmag, datatype: float64}
# - {name: yFlags, datatype: int64}
# - {name: angDist_1, datatype: float64}
# - {name: recno_2, datatype: int64}
# - {name: Name_2, datatype: string}
# - {name: OName_2, datatype: string}
# - {name: Ref_2, datatype: string}
# - {name: n_Name_2, datatype: string}
[...]
[from data line 62]
172 "K 6-6" "" 101,102 "" 264.8261666666666 -28.252361111111107 9.42 0.03 8.2 0.04 7.52 0.02 6.69 0.05 6.36 0.02 5.23 0.02 4.5 0.03 S S 1782.0 77.0 "" "" "" "" "" 3075.0 1.63 0.04 "" 4077.0 2542.0 7486.0 C "" 39 "" "" "PN K  6-6" 74092648261117469 264.82611545 -28.25233845 0.014 0.008 90.0 503635968 60 56108.28693287 4 89 18.073 0.0057 18.1973 0.0086 115000 15.1951 0.0078 15.2449 0.0016 115000 15.1651 0.0206 15.2215 0.0206 16892216 12.38 "" "" "" 114724 11.715 "" "" "" 4 0.181752 172 "K 6-6" "" 101,102 "" 264.8261666666666 -28.252361111111107 9.42 0.03 8.2 0.04 7.52 0.02 6.69 0.05 6.36 0.02 5.23 0.02 4.5 0.03 S S 1782.0 77.0 "" "" "" "" "" 3075.0 1.63 0.04 "" 4077.0 2542.0 7486.0 C "" 39 "" "" "PN K  6-6" "Gaia DR3 4060265200345451776" 264.82610916579 -28.25235634226 0.0 0.0 71.0 1636148068921376768 4060265200345451776 546897845 0.0337 0.0268 0.0705 0.0415 1.6981 4.826 -3.915 0.046 -2.823 0.026 0.1778 -0.1143 -0.2618 -0.1718 -0.432 -0.1202 -0.8074 -0.2403 0.4455 0.2004 406 0 398 8 -2.0681 841.16 0.196 14.228 31 False 1.194 "" "" "" "" "" "" "" 46 17 0.065941 46 0.3714 92.88 0 0 0.926 0 401 32030.22985 573.487 55.8517 14.423467 0.019634 46 5868.07 87.3372 67.1886 15.917304 0.016399 46 47442.6 2759.21 17.1942 13.057474 0.063258 1.664 0.0 43.0 0.0 29.0 0 2.85983 1.493837 1.365993 "" "" "" "" "" "" "" "" "" "" "" "" "" "" "" "" "" "" "" "" "" "" VARIABLE 0.0 0.0 0.999907 "" "" "" "" "" "" "" "" "" "" "" "" "" "" "" "" "" "" "" "" "" "" 264.82612891647 -28.25234379719 0.750804 0.441648 0.203 0.18315
173 "RT Ser" "" 101,102 "" 264.9665833333333 -11.944166666666664 8.39 0.02 7.34 0.06 6.88 0.03 6.77 0.07 6.62 0.02 6.14 0.01 5.42 0.04 S S 2650.0 68.0 "" "" "" "" "" 3514.0 1.09 0.03 3348.0 3683.0 2671.0 6177.0 C "" 1,3 "" "" "V* RT Ser" 93662649664737569 264.96660236 -11.9441455 0.01 0.007 0.0 637853696 76 55929.19179398 7 55 15.3532 0.0783 15.402 0.0932 115000 12.569 "" "" "" 98340 11.387 "" "" "" 32804 10.552 "" "" "" 16420 10.121 "" "" "" 32804 0.101475 173 "RT Ser" "" 101,102 "" 264.9665833333333 -11.944166666666664 8.39 0.02 7.34 0.06 6.88 0.03 6.77 0.07 6.62 0.02 6.14 0.01 5.42 0.04 S S 2650.0 68.0 "" "" "" "" "" 3514.0 1.09 0.03 3348.0 3683.0 2671.0 6177.0 C "" 1,3 "" "" "V* RT Ser" "Gaia DR3 4162257037120281216" 264.96660398612 -11.94414907897 0.0 0.0 110.0 1636148068921376768 4162257037120281216 1692112482 0.0341 0.0256 0.2354 0.0379 6.2062 7.536 1.605 0.047 -7.363 0.03 -0.2354 -0.0205 -0.403 0.1176 -0.1643 -0.0294 -0.7723 0.0977 0.2519 0.0183 547 547 546 1 -0.7397 6916.8 0.302 137.5 31 False 1.175 "" "" "" "" "" "" "" 62 18 0.066285 62 0.415 0.6103 0 0 0.977 0 543 209576.49098 1478.93 141.708 12.38401 0.008142 60 17720.5 490.827 36.1034 14.717349 0.030202 60 324013.0 6276.41 51.624 10.971488 0.021368 1.631 0.0 1.0 0.0 0.0 0 3.745861 2.333339 1.412522 83.11 0.59 1.0 24.0 7.0 13.0 67.93 -0.75737 0.000146 798.204 9.84 3200.0 4.5 1.0 101.0 "" "" "" 10.334704 0.069904 17.0 "" VARIABLE 0.0 0.0 0.999997 3774.4 3764.7 3814.0 0.5565 0.5387 0.6294 -0.5199 -0.52 -0.5191 2692.8875 2515.0261 2947.0857 4.7765 4.4269 4.8737 3.0149 2.8194 3.0841 1.7027 1.5813 1.735 MARCS 264.9665966928 -11.94411635654 0.759609 0.504912 0.0131 0.096437
174 359.76+01.15 "" 110 "" 265.14416666666665 -28.52805555555555 9.65 0.03 8.1 0.04 7.2 0.02 5.94 0.07 5.75 0.05 4.85 0.02 3.66 0.03 S S+IR 1756.0 36.0 328.0 24.0 "" "" "" 3064.0 1.65 0.02 3363.0 7399.0 4728.0 11717.0 X "" 12 "" "" "2MASS J17403463-2831411" 73762651442766543 265.1442821 -28.52810079 0.005 0.003 0.0 503635968 60 55959.76150463 5 96 20.1647 0.0197 20.2764 0.0391 115000 16.8874 0.0329 16.9771 0.0625 115000 15.4207 0.041 15.4353 0.057 115000 12.72 "" "" "" 114724 11.954 "" "" "" 114724 0.399774 174 359.76+01.15 "" 110 "" 265.14416666666665 -28.52805555555555 9.65 0.03 8.1 0.04 7.2 0.02 5.94 0.07 5.75 0.05 4.85 0.02 3.66 0.03 S S+IR 1756.0 36.0 328.0 24.0 "" "" "" 3064.0 1.65 0.02 3363.0 7399.0 4728.0 11717.0 X "" 12 "" "" "2MASS J17403463-2831411" "Gaia DR3 4060242149311835520" 265.14428238012 -28.52811568992 0.0 0.0 70.0 1636148068921376768 4060242149311835520 145134208 0.0621 0.0499 0.0496 0.0685 0.7235 5.144 0.314 0.097 -5.135 0.046 0.1913 0.0586 -0.184 -0.1179 -0.1427 -0.2534 -0.8484 -0.2427 0.225 0.3742 447 0 447 0 4.0523 1441.7 0.392 28.48 31 False 1.162 "" "" "" "" "" "" "" 52 17 0.138423 52 0.4675 178.5 1 0 1.139 0 443 11916.83604 201.013 59.2839 15.496964 0.01852 50 614.66 9.94125 61.8293 18.366955 0.017781 50 21139.3 1224.26 17.267 13.93517 0.062993 1.825 0.0 0.0 0.0 0.0 0 4.431785 2.86999 1.561794 "" "" "" "" "" "" "" "" "" "" "" "" "" "" "" "" "" "" "" "" "" "" VARIABLE 0.0 0.0 0.999999 4309.1 4261.7 4378.2 1.6571 1.5868 1.7701 -0.4322 -0.437 -0.4286 1353.1182 1209.65 1453.8647 9.0631 8.9906 9.168 5.6165 5.5626 5.6939 3.2377 3.2068 3.2827 PHOENIX 265.1442807929 -28.52809286902 1.559766 0.784233 0.3719 0.425222
177 2MASSJ17422035-2401162 "" 112 "" 265.5848333333333 -24.02119444444444 10.2 0.02 9.0 0.03 8.44 0.02 8.26 0.02 8.23 0.02 7.56 0.02 6.69 0.08 S S 2525.0 94.0 "" "" "" "" "" 3445.0 1.15 0.04 "" "" "" "" C "" 13 "" "" "2MASS J17422035-2401162" 79172655847994831 265.58478192 -24.02122973 0.006 0.005 90.0 637853696 76 56073.85927083 6 64 17.4319 0.0085 17.4252 0.018 16892208 15.1056 0.0046 15.1265 0.0035 280 14.9129 0.0329 14.9185 0.0256 16777496 12.604 "" "" "" 98340 12.4127 0.0122 12.3829 0.0021 115256 0.211464 177 2MASSJ17422035-2401162 "" 112 "" 265.5848333333333 -24.02119444444444 10.2 0.02 9.0 0.03 8.44 0.02 8.26 0.02 8.23 0.02 7.56 0.02 6.69 0.08 S S 2525.0 94.0 "" "" "" "" "" 3445.0 1.15 0.04 "" "" "" "" C "" 13 "" "" "2MASS J17422035-2401162" "Gaia DR3 4068379669255286912" 265.58477112507 -24.02123073945 0.0 0.0 86.0 1636148068921376768 4068379669255286912 1216841454 0.0424 0.0315 -0.0385 0.0496 -0.7751 7.798 -4.043 0.062 -6.668 0.034 0.0416 -0.0144 -0.0285 0.0195 -0.2652 -0.1932 -0.7128 -0.0307 0.3299 0.3804 362 0 354 8 3.2276 777.3 0.252 11.57 31 False 1.201 "" "" "" "" "" "" "" 41 17 0.088604 41 0.3174 83.7 1 0 1.124 0 357 17991.01909 210.275 85.5597 15.049727 0.012985 30 1772.51 91.0157 19.4747 17.217072 0.055821 39 28552.3 815.754 35.0011 13.608794 0.031249 1.686 0.0 18.0 0.0 20.0 0 3.608277 2.167344 1.440933 "" "" "" "" "" "" "" "" "" "" "" "" "" "" "" "" "" "" "" "" "" "" VARIABLE 0.0 0.0 0.999988 "" "" "" "" "" "" "" "" "" "" "" "" "" "" "" "" "" "" "" "" "" "" 265.5847907987 -24.02120110175 0.993995 0.564859 0.3743 0.242724
178 "UU Ser" "" 101,102 "" 265.65954166666666 -15.407277777777775 10.48 0.02 9.52 0.02 9.12 0.03 9.1 0.02 9.06 0.02 8.33 0.03 7.72 0.19 S S 2899.0 142.0 "" "" "" "" "" 3658.0 1.0 0.05 3666.0 6596.0 5204.0 8756.0 C X 39 3 "" "V* UU Ser" 89512656595691584 265.65952993 -15.40727514 0.054 0.012 90.0 503635968 60 55789.24476852 6 54 15.0515 0.1226 15.0372 0.052 16892216 13.2076 0.0 13.1316 0.0 16794168 12.772 "" "" "" 16420 12.215 "" "" "" 114724 11.904 "" "" "" 16420 0.041826 178 "UU Ser" "" 101,102 "" 265.65954166666666 -15.407277777777775 10.48 0.02 9.52 0.02 9.12 0.03 9.1 0.02 9.06 0.02 8.33 0.03 7.72 0.19 S S 2899.0 142.0 "" "" "" "" "" 3658.0 1.0 0.05 3666.0 6596.0 5204.0 8756.0 C X 39 3 "" "V* UU Ser" "Gaia DR3 4148962253597431680" 265.65953038464 -15.40728070483 0.0 0.0 80.0 1636148068921376768 4148962253597431680 1741322709 0.0273 0.0206 0.0336 0.0309 1.0907 5.599 -3.025 0.036 -4.711 0.021 0.1009 -0.0977 -0.2719 -0.0645 -0.1914 -0.0359 -0.7628 -0.2834 0.2183 0.1317 409 0 407 2 17.3245 1048.5 0.18 20.255 31 False 1.35 "" "" "" "" "" "" "" 46 18 0.051682 46 0.09866 80.32 0 0 1.669 0 346 63232.32727 551.834 114.586 13.685019 0.009868 45 16919.6 1042.36 16.232 14.767568 0.066947 36 77714.5 1191.16 65.2425 12.521641 0.017065 1.497 0.0 0.0 0.0 0.0 0 2.245927 1.082549 1.163378 "" "" "" "" "" "" "" "" "" "" "" "" "" "" "" "" "" "" "" "" "" "" VARIABLE 0.0 0.0 0.998258 3483.9 3471.8 3528.0 0.3199 0.3026 0.4296 -0.37 -0.3707 -0.3691 11662.881 10062.99 11871.506 0.1074 0.0192 0.4832 0.0688 0.0122 0.3128 0.0444 0.008 0.1932 PHOENIX 265.65954433185 -15.40725976664 0.590975 0.355694 0.1293 0.040549
179 "V2110 Oph" "" 101,102 "" 265.8888333333333 -22.760277777777773 9.8 0.02 8.39 0.05 7.64 0.02 7.14 0.04 6.86 0.02 5.7 0.02 5.06 0.04 S/D S 1956.0 101.0 "" "" "" "" "" 3156.0 1.48 0.05 3289.0 "" "" "" X "" 1,3 "" "" "V* V2110 Oph" 80682658888358027 265.88882029 -22.76027093 0.003 0.003 0.0 503635968 60 56011.13618056 4 81 20.6653 0.05 18.1206 0.0307 115000 16.3645 0.0626 16.4677 0.0487 115000 15.0794 0.0002 15.1456 0.002 280 13.1436 0.0734 13.138 0.0234 115000 12.0206 0.0752 12.0128 0.0312 115000 0.049825 179 "V2110 Oph" "" 101,102 "" 265.8888333333333 -22.760277777777773 9.8 0.02 8.39 0.05 7.64 0.02 7.14 0.04 6.86 0.02 5.7 0.02 5.06 0.04 S/D S 1956.0 101.0 "" "" "" "" "" 3156.0 1.48 0.05 3289.0 "" "" "" X "" 1,3 "" "" "V* V2110 Oph" "Gaia DR3 4116907164716691200" 265.88881551311 -22.76026960573 0.0 0.0 69.0 1636148068921376768 4116907164716691200 191359305 0.1262 0.0921 0.079 0.1495 0.5284 5.615 -4.675 0.15 -3.111 0.092 0.2796 -0.2312 0.0679 -0.0756 -0.4175 0.0412 -0.6693 -0.1527 0.413 0.2277 360 0 359 1 11.9616 2471.4 0.819 37.005 31 False 1.117 "" "" "" "" "" "" "" 41 18 0.211139 41 0.6526 91.15 5 0 1.481 0 293 2718.40183 31.8257 85.4153 17.101583 0.013006 38 94.2255 10.048 9.37758 20.40312 0.115814 33 5656.83 194.885 29.0266 15.366462 0.037595 2.116 0.0 1.0 0.0 0.0 0 5.036658 3.301537 1.735122 "" "" "" "" "" "" "" "" "" "" "" "" "" "" "" "" "" "" "" "" "" "" VARIABLE 0.0 0.0 1.0 3899.1 3861.0 3993.7 0.2061 0.1549 0.2815 -1.2114 -1.2177 -1.2102 7029.3086 6726.27 7230.8447 9.9698 9.8477 9.9919 5.8886 5.8592 5.9223 3.4634 3.4332 3.4726 MARCS 265.88883804432 -22.76025577883 2.397314 1.532322 0.221 0.066069
181 "K 5-33" "" 110 "" 266.124625 -27.34466666666666 14.45 0.12 12.8 0.08 11.24 0.04 8.7 0.03 7.24 0.02 3.25 0.01 0.68 0.01 D D' 1137.0 148.0 598.0 "" 194.0 "" "" "" 2.55 0.33 "" "" "" "" C "" 12 "" "" "PN K  5-33" 75182661247626830 266.12477367 -27.34455807 0.009 0.007 0.0 512024576 61 55946.07811343 5 78 19.7367 0.0121 19.7267 0.0285 115000 18.0817 0.0089 18.002 0.0173 16892216 18.2213 0.0097 18.1583 0.0214 16892216 17.589 0.0106 17.5101 0.016 16892216 16.2853 0.0226 16.2568 0.008 16892216 0.61551 181 "K 5-33" "" 110 "" 266.124625 -27.34466666666666 14.45 0.12 12.8 0.08 11.24 0.04 8.7 0.03 7.24 0.02 3.25 0.01 0.68 0.01 D D' 1137.0 148.0 598.0 "" 194.0 "" "" "" 2.55 0.33 "" "" "" "" C "" 12 "" "" "PN K  5-33" "Gaia DR3 4060777439619558528" 266.12477453377 -27.34455683213 0.0 0.0 55.0 1636148068921376768 4060777439619558528 32270538 0.3393 0.2869 0.2791 0.3357 0.8314 2.603 2.528 0.467 -0.621 0.277 0.4464 0.0341 -0.4724 -0.4254 -0.0482 -0.5062 -0.8763 -0.2168 0.1202 0.5675 362 0 360 2 8.8354 708.83 1.437 9.4736 95 False "" 1.2909 0.0542 0.165 0.069 -0.176 -0.058 -0.184 41 16 0.741741 42 0.1075 36.93 0 0 1.349 0 360 662.68518 3.14013 211.038 18.634098 0.005836 38 348.746 5.64648 61.7635 18.982267 0.017799 39 1143.78 13.3042 85.9711 17.10204 0.013182 2.252 0.0 20.0 0.0 22.0 0 1.880228 0.348169 1.532059 "" "" "" "" "" "" "" "" "" "" "" "" "" "" "" "" "" "" "" "" "" "" VARIABLE 0.0 0.0 0.999811 "" "" "" "" "" "" "" "" "" "" "" "" "" "" "" "" "" "" "" "" "" "" 266.12476188623 -27.34455407246 7.64578 4.688089 0.5746 0.620476
187 2MASSJ17463311-2419558 "" 112 "" 266.6379583333333 -24.332166666666662 9.86 0.02 8.51 0.06 7.91 0.03 7.48 0.03 7.47 0.02 5.97 0.02 4.73 0.03 S S+IR 2206.0 151.0 301.0 17.0 "" "" "" 3278.0 1.31 0.08 3696.0 6420.0 4354.0 9858.0 X "" 13 "" "" "2MASS J17463311-2419558" 78802666380001716 266.63797358 -24.33216324 0.014 0.011 0.0 503635968 60 56142.73502315 4 65 18.8385 0.0098 18.8514 0.0126 115000 15.7189 0.0274 15.8128 0.0026 280 14.6024 0.0014 14.6256 0.0015 16892208 12.484 "" "" "" 114724 11.895 "" "" "" 114724 0.051511 187 2MASSJ17463311-2419558 "" 112 "" 266.6379583333333 -24.332166666666662 9.86 0.02 8.51 0.06 7.91 0.03 7.48 0.03 7.47 0.02 5.97 0.02 4.73 0.03 S S+IR 2206.0 151.0 301.0 17.0 "" "" "" 3278.0 1.31 0.08 3696.0 6420.0 4354.0 9858.0 X "" 13 "" "" "2MASS J17463311-2419558" "Gaia DR3 4068133481744764032" 266.63797207379 -24.33216288937 0.0 0.0 72.0 1636148068921376768 4068133481744764032 945392349 0.0473 0.036 0.1411 0.0522 2.7008 3.309 -2.275 0.066 -2.403 0.038 0.2069 -0.1432 -0.1016 -0.1129 -0.1508 -0.1776 -0.6903 -0.1332 0.2109 0.3661 401 0 399 2 -0.2682 1272.8 0.349 24.07 31 False 1.167 "" "" "" "" "" "" "" 46 18 0.094736 46 0.1936 88.78 0 0 0.99 0 369 17436.68914 143.977 121.107 15.083707 0.009379 40 1222.38 63.3821 19.286 17.620523 0.056366 45 29956.5 576.512 51.9617 13.556667 0.021234 1.788 0.0 15.0 0.0 0.0 0 4.063856 2.536817 1.52704 "" "" "" "" "" "" "" "" "" "" "" "" "" "" "" "" "" "" "" "" "" "" VARIABLE 0.0 0.0 0.999999 "" "" "" "" "" "" "" "" "" "" "" "" "" "" "" "" "" "" "" "" "" "" 266.63798316993 -24.33215220843 1.060648 0.633903 0.3649 0.047078
191 JaSt2-6 "" 110 "" 267.5077083333333 -29.55711111111111 10.89 0.02 8.13 0.03 6.16 0.02 3.5 0.26 2.73 0.33 0.28 0.1 -0.89 0.01 D D "" "" 840.0 19.0 218.0 16.0 "" "" 3.45 0.03 "" "" "" "" "" "" "" "" "" "JaSt2  6" 72532675077131768 267.50766701 -29.55712967 0.022 0.005 0.0 512024576 61 55701.13258102 3 29 20.593 "" "" "" 16420 18.524 0.049 18.0749 0.0832 16892216 16.2059 0.0032 16.076 0.0027 16892216 12.529 "" "" "" 114724 11.67 "" "" "" 4 0.145634 191 JaSt2-6 "" 110 "" 267.5077083333333 -29.55711111111111 10.89 0.02 8.13 0.03 6.16 0.02 3.5 0.26 2.73 0.33 0.28 0.1 -0.89 0.01 D D "" "" 840.0 19.0 218.0 16.0 "" "" 3.45 0.03 "" "" "" "" "" "" "" "" "" "JaSt2  6" "Gaia DR3 4057217049180867456" 267.50766817804 -29.55713067571 0.0 0.0 62.0 1636148068921376768 4057217049180867456 1041662172 0.4217 0.3374 -1.7465 0.4764 -3.666 9.508 -4.585 0.537 -8.33 0.328 0.3337 -0.1783 -0.2934 -0.2893 -0.3358 -0.1818 -0.7453 -0.2275 0.3138 0.2196 358 0 358 0 43.0912 8836.3 3.331 284.97 95 False "" 0.8865 0.0799 -0.086 -0.094 0.144 0.109 -0.027 41 17 0.778678 43 0.9685 2.314 0 0 3.004 0 357 1916.50077 102.523 18.6934 17.481094 0.058147 40 126.525 7.22322 17.5165 20.0831 0.062046 42 5765.37 817.953 7.04854 15.345827 0.154083 3.074 0.0 28.0 0.0 30.0 0 4.737272 2.602005 2.135267 "" "" "" "" "" "" "" "" "" "" "" "" "" "" "" "" "" "" "" "" "" "" VARIABLE 0.0 0.0 0.999942 "" "" "" "" "" "" "" "" "" "" "" "" "" "" "" "" "" "" "" "" "" "" 267.50769160244 -29.55709365567 8.729731 5.498471 0.2315 0.144128
