SySt-PS-Gaia.ecsv
# %ECSV 1.0
# ---
# datatype:
# - {name: recno_1, datatype: int64}
# - {name: Name_1, datatype: string}
# - {name: OName_1, datatype: string}
# - {name: Ref_1, datatype: string}
# - {name: n_Name_1, datatype: string}
# - {name: RAJ2000_1, datatype: float64}
# - {name: DEJ2000_1, datatype: float64}
# - {name: Jmag_1, datatype: float64}
# - {name: e_Jmag_1, datatype: float64}
# - {name: Hmag_1, datatype: float64}
# - {name: e_Hmag_1, datatype: float64}
# - {name: Ksmag_1, datatype: float64}
# - {name: e_Ksmag_1, datatype: float64}
# - {name: W1mag_1, datatype: float64}
# - {name: e_W1mag_1, datatype: float64}
# - {name: W2mag_1, datatype: float64}
# - {name: e_W2mag_1, datatype: float64}
# - {name: W3mag_1, datatype: float64}
# - {name: e_W3mag_1, datatype: float64}
# - {name: W4mag_1, datatype: float64}
# - {name: e_W4mag_1, datatype: float64}
# - {name: Old_1, datatype: string}
# - {name: New_1, datatype: string}
# - {name: TBB_1, datatype: float64}
# - {name: e_TBB_1, datatype: float64}
# - {name: Tdust1_1, datatype: float64}
# - {name: e_Tdust1_1, datatype: float64}
# - {name: Tdust2_1, datatype: float64}
# - {name: e_Tdust2_1, datatype: float64}
# - {name: Tdust3_1, datatype: float64}
# - {name: Tcool_1, datatype: float64}
# - {name: Peak_1, datatype: float64}
# - {name: e_Peak_1, datatype: float64}
# - {name: TGaia_1, datatype: float64}
# - {name: Dist_1, datatype: float64}
# - {name: b_Dist_1, datatype: float64}
# - {name: B_Dist_1, datatype: float64}
# - {name: OVI_1, datatype: string}
# - {name: OVI2_1, datatype: string}
# - {name: r_OVI_1, datatype: string}
# - {name: r_OVI2_1, datatype: string}
# - {name: X-ray_1, datatype: string}
# - {name: SimbadName_1, datatype: string}
# - {name: objID, datatype: int64}
# - {name: RAJ2000_x_1, datatype: float64}
# - {name: DEJ2000_x_1, datatype: float64}
# - {name: errHalfMaj_1, datatype: float64}
# - {name: errHalfMin_1, datatype: float64}
# - {name: errPosAng_1, datatype: float64}
# - {name: f_objID, datatype: int64}
# - {name: Qual, datatype: int64}
# - {name: Epoch, datatype: float64}
# - {name: Ns, datatype: int64}
# - {name: Nd, datatype: int64}
# - {name: gmag, datatype: float64}
# - {name: e_gmag, datatype: float64}
# - {name: gKmag, datatype: float64}
# - {name: e_gKmag, datatype: float64}
# - {name: gFlags, datatype: int64}
# - {name: rmag, datatype: float64}
# - {name: e_rmag, datatype: float64}
# - {name: rKmag, datatype: float64}
# - {name: e_rKmag, datatype: float64}
# - {name: rFlags, datatype: int64}
# - {name: imag, datatype: float64}
# - {name: e_imag, datatype: float64}
# - {name: iKmag, datatype: float64}
# - {name: e_iKmag, datatype: float64}
# - {name: iFlags, datatype: int64}
# - {name: zmag, datatype: float64}
# - {name: e_zmag, datatype: float64}
# - {name: zKmag, datatype: float64}
# - {name: e_zKmag, datatype: float64}
# - {name: zFlags, datatype: int64}
# - {name: ymag, datatype: float64}
# - {name: e_ymag, datatype: float64}
# - {name: yKmag, datatype: float64}
# - {name: e_yKmag, datatype: float64}
# - {name: yFlags, datatype: int64}
# - {name: angDist_1, datatype: float64}
# - {name: recno_2, datatype: int64}
# - {name: Name_2, datatype: string}
# - {name: OName_2, datatype: string}
# - {name: Ref_2, datatype: string}
# - {name: n_Name_2, datatype: string}
[...]
[from data line 72]
193 "WRAY 16-312" "" 101,102 "" 267.56941666666665 -30.95961111111111 11.84 0.03 9.6 0.03 7.96 0.02 5.83 0.12 4.92 0.12 3.02 0.01 1.89 0.02 D D "" "" 842.0 60.0 "" "" "" "" 3.44 0.07 "" "" "" "" C "" 1,3 "" "" "WRAY 16-312" 70842675694068612 267.56929088 -30.9597001 0.144 0.021 0.0 503635968 60 55623.44916667 1 14 20.0212 0.0129 20.1625 0.0351 16696 18.493 "" "" "" 16420 16.149 "" "" "" 4 15.6565 0.0085 16.4778 0.0132 20528 14.2917 0.0086 14.2523 0.0206 16892208 0.503409 193 "WRAY 16-312" "" 101,102 "" 267.56941666666665 -30.95961111111111 11.84 0.03 9.6 0.03 7.96 0.02 5.83 0.12 4.92 0.12 3.02 0.01 1.89 0.02 D D "" "" 842.0 60.0 "" "" "" "" 3.44 0.07 "" "" "" "" C "" 1,3 "" "" "WRAY 16-312" "Gaia DR3 4055949720280344960" 267.56938667643 -30.95962080675 0.0 0.0 65.0 1636148068921376768 4055949720280344960 1585954002 0.1586 0.1324 -0.017 0.1734 -0.0982 8.305 -3.468 0.195 -7.546 0.124 0.2146 -0.2959 -0.3585 -0.1548 -0.3841 -0.0263 -0.7793 -0.118 0.3172 0.0878 348 0 348 0 4.1308 1489.8 1.048 40.459 95 False "" 1.0633 0.03 -0.149 -0.235 0.231 0.088 0.091 40 18 0.279694 40 0.2425 66.24 0 0 1.161 0 0 "" "" "" "" "" 0 "" "" "" "" "" 34 5561.24 300.504 18.5064 15.384967 0.05879 "" "" "" 0.0 30.0 0 "" "" "" "" "" "" "" "" "" "" "" "" "" "" "" "" "" "" "" "" "" "" "" "" "" NOT_AVAILABLE 0.0 0.0 0.999996 "" "" "" "" "" "" "" "" "" "" "" "" "" "" "" "" "" "" "" "" "" "" 267.56940464842 -30.95958726936 3.186228 2.08473 0.0914 0.098944
194 "V4141 Sgr" "" 101,102 "" 267.5992916666666 -19.89533333333333 9.81 0.02 8.61 0.04 8.01 0.03 7.75 0.03 7.8 0.02 6.43 0.02 5.63 0.04 D,S S 2393.0 146.0 "" "" "" "" "" 3375.0 1.21 0.06 3655.0 3174.0 2036.0 5691.0 X "" 39 "" "" "V* V4141 Sgr" 84122675992765928 267.59924946 -19.89535928 0.016 0.009 90.0 503635968 60 55935.80471065 5 53 17.2737 0.018 17.2614 0.0348 115000 15.3648 0.0008 15.3022 0.0122 16892216 12.788 "" "" "" 114724 11.932 "" "" "" 114724 11.486 "" "" "" 114724 0.1707 194 "V4141 Sgr" "" 101,102 "" 267.5992916666666 -19.89533333333333 9.81 0.02 8.61 0.04 8.01 0.03 7.75 0.03 7.8 0.02 6.43 0.02 5.63 0.04 D,S S 2393.0 146.0 "" "" "" "" "" 3375.0 1.21 0.06 3655.0 3174.0 2036.0 5691.0 X "" 39 "" "" "V* V4141 Sgr" "Gaia DR3 4119029875002043392" 267.59924897699 -19.89536218993 0.0 0.0 66.0 1636148068921376768 4119029875002043392 354340181 0.0488 0.0408 0.0461 0.06 0.7674 7.933 -1.753 0.062 -7.737 0.042 0.2009 -0.0892 -0.1017 -0.1347 -0.42 -0.1235 -0.668 -0.1507 0.4053 0.2761 300 0 290 10 6.6729 1266.5 0.359 30.237 31 False 1.185 "" "" "" "" "" "" "" 33 18 0.089711 34 0.0381 15.62 0 0 1.291 0 298 27725.29056 92.2605 300.511 14.580176 0.004544 31 3383.44 55.0928 61.4135 16.515144 0.017898 31 43904.9 389.016 112.861 13.141612 0.010336 1.706 0.0 29.0 0.0 25.0 0 3.373532 1.934968 1.438564 "" "" "" "" "" "" "" "" "" "" "" "" "" "" "" "" "" "" "" "" "" "" VARIABLE 0.0 0.0 0.999989 "" "" "" "" "" "" "" "" "" "" "" "" "" "" "" "" "" "" "" "" "" "" 267.59925726325 -19.89532780244 1.003801 0.702118 0.2775 0.177975
195 "ALS 2" "" 101,102 "" 267.713 -17.79922222222222 9.82 0.02 8.77 0.02 8.45 0.02 8.23 0.02 8.24 0.02 7.92 0.02 7.23 0.12 S S 2618.0 121.0 "" "" "" "" "" 3497.0 1.11 0.07 3728.0 6981.0 5413.0 9409.0 C "" 4,39 "" "" "[ALS88] 2" 86642677129911270 267.71298706 -17.79924593 0.102 0.07 90.0 637853696 76 55923.7174537 6 55 15.3145 0.0003 15.3819 0.0179 33080 13.319 "" "" "" 16420 12.354 "" "" "" 32804 11.704 "" "" "" 32804 11.35 "" "" "" 98340 0.096185 195 "ALS 2" "" 101,102 "" 267.713 -17.79922222222222 9.82 0.02 8.77 0.02 8.45 0.02 8.23 0.02 8.24 0.02 7.92 0.02 7.23 0.12 S S 2618.0 121.0 "" "" "" "" "" 3497.0 1.11 0.07 3728.0 6981.0 5413.0 9409.0 C "" 4,39 "" "" "[ALS88] 2" "Gaia DR3 4120502906945950592" 267.71299330673 -17.79925315073 0.0 0.0 78.0 1636148068921376768 4120502906945950592 735162348 0.0143 0.0116 0.0765 0.0159 4.8195 7.815 1.095 0.02 -7.738 0.014 0.0903 -0.0167 -0.008 -0.1173 -0.2877 -0.1509 -0.3869 0.0591 0.1426 0.134 299 0 299 0 -4.1726 204.67 0.0 0.0 31 False 1.265 "" "" "" "" "" "" "" 34 16 0.027426 34 0.03314 159.9 0 0 0.832 0 278 108470.88022 228.735 474.22 13.099084 0.003582 32 19773.8 265.295 74.535 14.598318 0.014832 34 135802.0 976.989 139.001 11.915627 0.008677 1.434 0.0 0.0 0.0 0.0 0 2.682692 1.499234 1.183457 118.09 1.93 1.0 13.0 8.0 9.0 24.038 5.1326 0.0 798.383 19.95 4750.0 2.0 -1.0 111.0 "" "" "" 11.401402 0.086633 5.0 "" VARIABLE 0.0 0.0 0.999944 "" "" "" "" "" "" "" "" "" "" "" "" "" "" "" "" "" "" "" "" "" "" 267.71298819767 -17.79921875914 0.313837 0.222575 0.1443 0.113682
196 "AS 245" "" 101,102 "" 267.7538333333333 -22.32638888888889 9.45 0.02 8.17 0.04 7.43 0.02 6.04 0.05 6.49 0.02 5.85 0.02 5.05 0.04 S,D S 1968.0 59.0 "" "" "" "" "" 3162.0 1.47 0.03 "" 6620.0 4893.0 9394.0 C "" 3,39 "" "" "EM* AS  245" 81202677537228487 267.75379652 -22.32643445 0.011 0.007 0.0 637853696 76 56069.20606481 5 76 18.2439 0.0304 18.3677 0.0147 16696 15.6274 0.0125 15.7003 0.0105 16696 13.354 "" "" "" 4 12.121 "" "" "" 114724 11.505 "" "" "" 98340 0.204772 196 "AS 245" "" 101,102 "" 267.7538333333333 -22.32638888888889 9.45 0.02 8.17 0.04 7.43 0.02 6.04 0.05 6.49 0.02 5.85 0.02 5.05 0.04 S,D S 1968.0 59.0 "" "" "" "" "" 3162.0 1.47 0.03 "" 6620.0 4893.0 9394.0 C "" 3,39 "" "" "EM* AS  245" "Gaia DR3 4070431014380658304" 267.75379515837 -22.32643521986 0.0 0.0 64.0 1636148068921376768 4070431014380658304 846387960 0.0602 0.046 0.1057 0.0633 1.6704 7.641 -3.861 0.078 -6.594 0.048 0.3544 -0.0759 -0.1998 -0.2194 -0.2527 -0.2144 -0.7566 0.0146 0.2907 0.3691 398 0 396 2 3.3294 2247.0 0.437 63.947 95 False "" 1.2007 0.0114 -0.047 -0.047 0.114 0.003 -0.113 47 17 0.114266 47 0.7733 178.2 0 0 1.121 0 384 24734.64759 564.208 43.8396 14.704103 0.024919 34 6435.28 125.823 51.1455 15.817123 0.021411 43 33011.3 2729.35 12.0949 13.451239 0.089847 1.595 0.0 0.0 0.0 0.0 0 2.365885 1.113021 1.252864 "" "" "" "" "" "" "" "" "" "" "" "" "" "" "" "" "" "" "" "" "" "" VARIABLE 0.0 0.0 0.99993 "" "" "" "" "" "" "" "" "" "" "" "" "" "" "" "" "" "" "" "" "" "" 267.75381370731 -22.32640591269 1.260854 0.798355 0.3722 0.209716
198 JaSt79 "" 110,111 "" 267.973125 -29.514861111111102 10.17 0.02 8.53 0.04 7.11 0.02 5.19 0.13 4.06 0.16 2.13 0.02 0.91 0.01 D D "" "" 1259.0 87.0 498.0 29.0 "" "" 2.34 0.08 "" "" "" "" X "" 12 "" "" "JaSt 79" 72582679730872408 267.97313885 -29.51490307 0.019 0.008 90.0 503635968 60 55815.89956019 4 44 19.4727 0.0059 19.6405 0.0247 115000 17.7715 0.0218 17.7936 0.0757 16892216 17.2075 0.0238 17.2402 0.0109 115000 15.8604 0.002 15.8498 0.01 115000 14.2983 0.0733 14.293 0.1068 16777488 0.15716 198 JaSt79 "" 110,111 "" 267.973125 -29.514861111111102 10.17 0.02 8.53 0.04 7.11 0.02 5.19 0.13 4.06 0.16 2.13 0.02 0.91 0.01 D D "" "" 1259.0 87.0 498.0 29.0 "" "" 2.34 0.08 "" "" "" "" X "" 12 "" "" "JaSt 79" "Gaia DR3 4056470442113071872" 267.97313816133 -29.51490537267 0.0 0.0 107.0 1636148068921376768 4056470442113071872 752352709 0.1382 0.1187 1.0578 0.1775 5.9603 8.671 -3.055 0.186 -8.116 0.117 -0.1065 0.0832 -0.3321 0.1384 -0.4751 0.2246 -0.8062 -0.3902 0.4499 -0.084 339 0 338 1 1.423 966.77 0.825 19.795 95 False "" 1.067 0.0244 -0.003 0.074 -0.06 -0.047 -0.198 39 18 0.273132 40 0.3184 179.9 0 0 1.055 0 326 2819.35883 24.325 115.904 17.06199 0.009764 39 731.181 17.4229 41.9666 18.17848 0.026021 40 4614.6 146.349 31.5314 15.58756 0.03464 1.896 0.0 39.0 0.0 40.0 0 2.59092 1.116489 1.474431 "" "" "" "" "" "" "" "" "" "" "" "" "" "" "" "" "" "" "" "" "" "" NOT_AVAILABLE 0.0 0.0 0.999858 "" "" "" "" "" "" "" "" "" "" "" "" "" "" "" "" "" "" "" "" "" "" 267.97315376312 -29.51486930371 3.027646 1.965212 -0.0982 0.16459
199 "PN Bl 3-14" "" 101,102 "" 268.1080833333333 -29.76583333333333 10.42 0.02 9.18 0.02 8.68 0.02 8.31 0.03 8.36 0.02 7.97 0.03 7.05 0.14 S S 2524.0 91.0 "" "" "" "" "" 3445.0 1.15 0.04 3709.0 "" "" "" C "" 3 "" "" "PN Bl  3-14" 72282681080831242 268.10805489 -29.76585279 0.019 0.012 90.0 512024576 61 55839.51394676 3 33 18.6944 0.0578 19.3076 0.1122 115000 16.1721 0.0043 16.2235 0.025 115000 14.3775 0.0015 14.4457 0.0011 16892208 13.3562 0.1624 13.3343 0.1982 16777496 12.5365 0.0121 12.3497 0.0104 16777496 0.113168 199 "PN Bl 3-14" "" 101,102 "" 268.1080833333333 -29.76583333333333 10.42 0.02 9.18 0.02 8.68 0.02 8.31 0.03 8.36 0.02 7.97 0.03 7.05 0.14 S S 2524.0 91.0 "" "" "" "" "" 3445.0 1.15 0.04 3709.0 "" "" "" C "" 3 "" "" "PN Bl  3-14" "Gaia DR3 4056450857092626048" 268.10804781507 -29.76584988978 0.0 0.0 91.0 1636148068921376768 4056450857092626048 571405954 0.0586 0.055 -0.0518 0.0748 -0.6924 8.856 -8.768 0.077 -1.245 0.054 -0.0016 0.0605 -0.3912 0.0391 -0.5315 0.1311 -0.8406 -0.2809 0.5326 -0.0232 338 0 337 1 1.6125 1061.0 0.38 26.696 31 False 1.174 "" "" "" "" "" "" "" 39 17 0.112349 39 0.03639 169.4 5 0 1.062 0 327 19529.91183 50.8785 383.854 14.960616 0.003949 13 1490.15 68.3326 21.8073 17.40547 0.049866 13 32663.9 263.018 124.189 13.462724 0.009525 1.749 2.0 0.0 3.0 0.0 0 3.942746 2.444854 1.497892 "" "" "" "" "" "" "" "" "" "" "" "" "" "" "" "" "" "" "" "" "" "" VARIABLE 0.0 0.0 1.0 "" "" "" "" "" "" "" "" "" "" "" "" "" "" "" "" "" "" "" "" "" "" 268.10809270758 -29.76584435669 1.259253 0.918387 -0.031 0.125986
200 000.49-01.45 "" 110 "" 268.1300416666666 -29.259611111111106 9.86 0.02 8.48 0.05 7.73 0.02 7.31 0.03 7.5 0.02 7.29 0.02 6.48 0.1 S S 2525.0 101.0 "" "" "" "" "" 3445.0 1.15 0.04 3336.0 "" "" "" X "" 12 "" "" "2MASS J17523121-2915346" 72882681299888648 268.13004284 -29.25967545 0.006 0.004 0.0 512024576 61 55688.19869213 4 43 21.8877 0.1565 21.9114 0.2388 114992 18.8239 0.2699 18.8684 0.2401 115000 16.0617 0.0065 16.1087 0.0126 16892216 14.1065 0.0045 14.1049 0.0043 16892216 12.7834 0.0093 12.7494 0.0171 16777496 0.231649 200 000.49-01.45 "" 110 "" 268.1300416666666 -29.259611111111106 9.86 0.02 8.48 0.05 7.73 0.02 7.31 0.03 7.5 0.02 7.29 0.02 6.48 0.1 S S 2525.0 101.0 "" "" "" "" "" 3445.0 1.15 0.04 3336.0 "" "" "" X "" 12 "" "" "2MASS J17523121-2915346" "Gaia DR3 4056568814070688640" 268.13004568063 -29.25967426773 0.0 0.0 73.0 1636148068921376768 4056568814070688640 140008787 0.102 0.0734 -0.0222 0.1178 -0.1882 8.506 -6.116 0.112 -5.911 0.072 0.2332 -0.3682 -0.0806 -0.1408 -0.3464 -0.0037 -0.681 -0.1636 0.3172 0.151 365 0 359 6 1.0303 1924.8 0.75 43.641 31 False 1.102 "" "" "" "" "" "" "" 42 18 0.156678 42 0.145 178.4 0 0 1.038 0 343 7407.52838 28.4844 260.056 16.013184 0.005002 39 162.176 13.2822 12.21 19.813578 0.088966 36 15055.0 99.9337 150.65 14.303693 0.008138 2.054 0.0 11.0 0.0 8.0 0 5.509885 3.800394 1.709491 "" "" "" "" "" "" "" "" "" "" "" "" "" "" "" "" "" "" "" "" "" "" VARIABLE 0.0 0.0 1.0 3143.9 3135.1 3195.5 0.5065 0.5012 0.5984 0.7696 0.746 0.7909 2791.9895 2407.9546 2844.661 7.2551 7.0748 8.1106 3.674 3.585 4.1244 2.9372 2.868 3.2514 MARCS 268.13007684029 -29.25964799737 1.800291 1.199091 0.1523 0.227713
201 "PN Bl 3-6" "" 101,102 "" 268.2346666666666 -31.32180555555555 10.03 0.04 8.87 0.04 8.38 0.03 8.02 0.02 8.09 0.02 7.94 0.03 8.51 0.44 S S 2631.0 97.0 "" "" "" "" "" 3504.0 1.1 0.04 3367.0 7359.0 4849.0 11512.0 C "" 4,39 "" "" "PN Bl  3-6" 70412682346574051 268.23460549 -31.32182935 0.085 0.044 90.0 1451548672 173 56752.80818287 1 5 17.1317 0.0079 17.0507 0.0107 16892208 13.975 "" "" "" 4 12.831 "" "" "" 4 12.038 "" "" "" 4 11.619 "" "" "" 4 0.206722 201 "PN Bl 3-6" "" 101,102 "" 268.2346666666666 -31.32180555555555 10.03 0.04 8.87 0.04 8.38 0.03 8.02 0.02 8.09 0.02 7.94 0.03 8.51 0.44 S S 2631.0 97.0 "" "" "" "" "" 3504.0 1.1 0.04 3367.0 7359.0 4849.0 11512.0 C "" 4,39 "" "" "PN Bl  3-6" "Gaia DR3 4055694259981267328" 268.2346262082 -31.3218198709 0.0 0.0 96.0 1636148068921376768 4055694259981267328 1556144224 0.0296 0.0247 0.0965 0.0361 2.6763 10.887 -1.401 0.038 -10.796 0.024 -0.0401 0.1991 -0.3289 0.0676 -0.3699 0.0924 -0.746 -0.3586 0.3913 -0.0301 342 0 340 2 -3.1855 574.45 0.153 7.2586 31 False 1.2 "" "" "" "" "" "" "" 39 18 0.055063 40 0.01295 167.3 0 0 0.879 0 345 42091.27007 151.573 277.696 14.126886 0.004783 36 3866.29 83.2368 46.4493 16.370306 0.023541 39 62976.5 545.38 115.473 12.749949 0.010134 1.588 0.0 0.0 0.0 1.0 0 3.620357 2.24342 1.376937 -0.28 3.42 1.0 4.0 1.0 3.0 10.034 2.1081 0.035585 571.627 11.72 5500.0 4.5 0.0 0.0 "" "" "" 11.982732 0.066534 3.0 "" VARIABLE 0.0 0.0 0.999999 23723.8 23380.6 23943.5 3.4256 3.3947 3.4599 0.0011 -0.0025 0.0106 1956.7373 1876.5607 2042.0336 9.8413 9.8312 9.8501 7.232 7.2233 7.2387 4.1253 4.1205 4.1292 OB 268.2346334996 -31.32177188779 0.618921 0.406266 -0.037 0.134674
202 "PN Bl L" "" 101,102 "" 268.30741666666665 -30.301555555555552 9.84 0.02 8.65 0.06 8.12 0.02 7.6 0.03 7.67 0.02 7.04 0.02 5.94 0.07 S S 2393.0 68.0 "" "" "" "" "" 3375.0 1.21 0.03 "" 5813.0 3438.0 10045.0 C "" 3 "" "" "PN Bl L" 71632683074058378 268.30739048 -30.30161592 0.011 0.011 0.0 646242304 77 56111.0284838 4 31 17.3297 0.0075 17.3722 0.0104 16892208 15.3354 0.0004 15.297 0.0008 16892216 14.4284 0.0013 14.4072 0.0014 16843064 12.505 "" "" "" 65572 11.932 "" "" "" 4 0.232054 202 "PN Bl L" "" 101,102 "" 268.30741666666665 -30.301555555555552 9.84 0.02 8.65 0.06 8.12 0.02 7.6 0.03 7.67 0.02 7.04 0.02 5.94 0.07 S S 2393.0 68.0 "" "" "" "" "" 3375.0 1.21 0.03 "" 5813.0 3438.0 10045.0 C "" 3 "" "" "PN Bl L" "Gaia DR3 4056183954951010816" 268.30739337853 -30.3016254704 0.0 0.0 64.0 1636148068921376768 4056183954951010816 1318824967 0.047 0.0365 -0.0448 0.0564 -0.7937 8.549 -3.888 0.055 -7.614 0.037 0.3373 -0.438 -0.1081 -0.2273 -0.4761 -0.0464 -0.7225 -0.1069 0.4212 0.2359 335 0 332 3 0.0525 860.94 0.271 14.066 31 False 1.18 "" "" "" "" "" "" "" 38 18 0.078574 38 0.08944 14.3 9 0 1.001 0 335 22210.83165 181.793 122.177 14.820955 0.009304 37 3056.03 139.298 21.9388 16.625648 0.049568 37 35580.5 792.709 44.8848 13.369864 0.024483 1.74 0.0 37.0 0.0 37.0 0 3.255784 1.804693 1.451091 "" "" "" "" "" "" "" "" "" "" "" "" "" "" "" "" "" "" "" "" "" "" VARIABLE 0.0 0.0 0.999984 "" "" "" "" "" "" "" "" "" "" "" "" "" "" "" "" "" "" "" "" "" "" 268.30741339229 -30.30159163018 0.886616 0.616462 0.2393 0.261895
