SySt-PS-GaiaEDR3.ecsv
# %ECSV 1.0
# ---
# datatype:
# - {name: recno_1, datatype: int64}
# - {name: Name_1, datatype: string}
# - {name: OName_1, datatype: string}
# - {name: Ref_1, datatype: string}
# - {name: n_Name_1, datatype: string}
# - {name: RAJ2000_1, datatype: float64}
# - {name: DEJ2000_1, datatype: float64}
# - {name: Jmag_1, datatype: float64}
# - {name: e_Jmag_1, datatype: float64}
# - {name: Hmag_1, datatype: float64}
# - {name: e_Hmag_1, datatype: float64}
# - {name: Ksmag_1, datatype: float64}
# - {name: e_Ksmag_1, datatype: float64}
# - {name: W1mag_1, datatype: float64}
# - {name: e_W1mag_1, datatype: float64}
# - {name: W2mag_1, datatype: float64}
# - {name: e_W2mag_1, datatype: float64}
# - {name: W3mag_1, datatype: float64}
# - {name: e_W3mag_1, datatype: float64}
# - {name: W4mag_1, datatype: float64}
# - {name: e_W4mag_1, datatype: float64}
# - {name: Old_1, datatype: string}
# - {name: New_1, datatype: string}
# - {name: TBB_1, datatype: float64}
# - {name: e_TBB_1, datatype: float64}
# - {name: Tdust1_1, datatype: float64}
# - {name: e_Tdust1_1, datatype: float64}
# - {name: Tdust2_1, datatype: float64}
# - {name: e_Tdust2_1, datatype: float64}
# - {name: Tdust3_1, datatype: float64}
# - {name: Tcool_1, datatype: float64}
# - {name: Peak_1, datatype: float64}
# - {name: e_Peak_1, datatype: float64}
# - {name: TGaia_1, datatype: float64}
# - {name: Dist_1, datatype: float64}
# - {name: b_Dist_1, datatype: float64}
# - {name: B_Dist_1, datatype: float64}
# - {name: OVI_1, datatype: string}
# - {name: OVI2_1, datatype: string}
# - {name: r_OVI_1, datatype: string}
# - {name: r_OVI2_1, datatype: string}
# - {name: X-ray_1, datatype: string}
# - {name: SimbadName_1, datatype: string}
# - {name: objID, datatype: int64}
# - {name: RAJ2000_x, datatype: float64}
# - {name: DEJ2000_x, datatype: float64}
# - {name: errHalfMaj_1, datatype: float64}
# - {name: errHalfMin_1, datatype: float64}
# - {name: errPosAng_1, datatype: float64}
# - {name: f_objID, datatype: int64}
# - {name: Qual, datatype: int64}
# - {name: Epoch, datatype: float64}
# - {name: Ns, datatype: int64}
# - {name: Nd, datatype: int64}
# - {name: gmag, datatype: float64}
# - {name: e_gmag, datatype: float64}
# - {name: gKmag, datatype: float64}
# - {name: e_gKmag, datatype: float64}
# - {name: gFlags, datatype: int64}
# - {name: rmag, datatype: float64}
# - {name: e_rmag, datatype: float64}
# - {name: rKmag, datatype: float64}
# - {name: e_rKmag, datatype: float64}
# - {name: rFlags, datatype: int64}
# - {name: imag, datatype: float64}
# - {name: e_imag, datatype: float64}
# - {name: iKmag, datatype: float64}
# - {name: e_iKmag, datatype: float64}
# - {name: iFlags, datatype: int64}
# - {name: zmag, datatype: float64}
# - {name: e_zmag, datatype: float64}
# - {name: zKmag, datatype: float64}
# - {name: e_zKmag, datatype: float64}
# - {name: zFlags, datatype: int64}
# - {name: ymag, datatype: float64}
# - {name: e_ymag, datatype: float64}
# - {name: yKmag, datatype: float64}
# - {name: e_yKmag, datatype: float64}
# - {name: yFlags, datatype: int64}
# - {name: angDist_1, datatype: float64}
# - {name: recno_2, datatype: int64}
# - {name: Name_2, datatype: string}
# - {name: OName_2, datatype: string}
# - {name: Ref_2, datatype: string}
# - {name: n_Name_2, datatype: float64}
# - {name: RAJ2000_2, datatype: float64}
[...]
[from data line 110]
242 "StHA 149" "" 101,102 "" 274.7327916666666 27.441027777777773 8.0 0.02 7.07 0.02 6.82 0.02 6.67 0.07 6.65 0.02 6.28 0.02 5.6 0.04 S S 2961.0 129.0 "" "" "" "" "" 3695.0 0.98 0.04 3775.0 3727.0 3270.0 4340.0 C "" 6 "" "" "EM* StHA  149" 140922747329139985 274.73289068 27.44078296 0.219 0.061 0.0 1409605632 168 53551.87217593 4 52 12.803 "" "" "" 114788 11.196 "" "" "" 68 10.35 "" "" "" 114788 9.767 "" "" "" 114788 9.463 "" "" "" 114788 0.936397 242 "StHA 149" "" 101,102 "" 274.7327916666666 27.441027777777773 8.0 0.02 7.07 0.02 6.82 0.02 6.67 0.07 6.65 0.02 6.28 0.02 5.6 0.04 S S 2961.0 129.0 "" "" "" "" "" 3695.0 0.98 0.04 3775.0 3727.0 3270.0 4340.0 C "" 6 "" "" "EM* StHA  149" 274.73279558144 27.44103656503 0.0002743 0.0002231 25.24 4586030739960276608 274.73279388238 0.0112 27.44102154721 0.0136 0.1996 0.0163 12.278 3.396 -0.339 0.015 -3.379 0.016 462 0.7211 1722.07 0.148 33.26 31 "" "" 28 1.023 False 855806.0 2394.21 10.856429 182090.0 2788.53 12.187826 1031760.0 9.713949 1.418 2.473877 -14.93 1.07 8 4000.0 3.0 "" "" "" 588243014.0 0.004101 0.016859 0.007438 10.856429 0.004101 855806.0 0.016 0.2332 0.2658 0.1586 0.034017
243 "Hen 3-1674" "" 101,102 "" 275.07941666666665 -26.37958333333333 8.97 0.02 7.9 0.03 7.44 0.02 7.26 0.03 7.46 0.02 7.04 0.02 6.86 0.11 S S 2832.0 129.0 "" "" "" "" "" 3618.0 1.02 0.05 3709.0 "" "" "" C "" 1,3 "" "" "Hen 3-1674" 76342750792624957 275.07932104 -26.37950646 0.027 0.018 90.0 637853696 76 55953.34300926 10 84 16.5865 0.1226 16.6738 0.0934 115000 15.1133 0.3923 "" "" 115000 13.5883 0.0156 13.503 0.0142 16892976 11.967 0.0349 11.9406 0.1019 16892984 10.971 0.0169 10.7413 0.0218 16875832 0.414371 243 "Hen 3-1674" "" 101,102 "" 275.07941666666665 -26.37958333333333 8.97 0.02 7.9 0.03 7.44 0.02 7.26 0.03 7.46 0.02 7.04 0.02 6.86 0.11 S S 2832.0 129.0 "" "" "" "" "" 3618.0 1.02 0.05 3709.0 "" "" "" C "" 1,3 "" "" "Hen 3-1674" 275.0793674707 -26.37950681756 0.0011531 0.0008648 82.93 4052967471085731584 275.07935535273 0.0574 -26.37953138507 0.0487 0.0691 0.0615 1.1244 6.043 -2.443 0.071 -5.528 0.053 220 3.4395 1940.5 0.438 54.15 31 "" "" 16 1.169 False 57184.7 513.055 13.794167 4707.31 422.805 16.15661 96479.4 12.286809 1.769 3.869802 "" "" 0 "" "" 7.634275079262496e+16 "" 237920634.0 "" 0.010123 0.09756 0.025129 13.794167 0.010123 57184.7 0.166 1.1493 0.8699 0.0711 0.317885
245 "V3929 Sgr" "" 101,102 "" 275.2452916666666 -26.80711111111111 11.59 0.02 9.28 0.03 7.49 0.03 5.71 0.15 4.15 0.1 2.09 0.02 0.61 0.02 D D "" "" 1058.0 52.0 442.0 32.0 "" "" 2.74 0.08 "" "" "" "" X "" 1,3,20 "" "" "V* V3929 Sgr" 75832752452531797 275.24527728 -26.80714127 0.025 0.007 90.0 243589120 29 56014.97409722 20 54 16.5023 0.0037 16.4823 0.0025 16892208 15.3632 0.0 15.3728 0.0 16875832 15.8441 0.0198 15.762 0.0088 16892208 15.5686 0.028 15.4355 0.0314 16892208 15.2558 0.0706 15.3406 0.011 16892216 0.118003 245 "V3929 Sgr" "" 101,102 "" 275.2452916666666 -26.80711111111111 11.59 0.02 9.28 0.03 7.49 0.03 5.71 0.15 4.15 0.1 2.09 0.02 0.61 0.02 D D "" "" 1058.0 52.0 442.0 32.0 "" "" 2.74 0.08 "" "" "" "" X "" 1,3,20 "" "" "V* V3929 Sgr" 275.24528063955 -26.80712050794 0.0014015 0.0010211 97.46 4052749114984244096 275.24528110673 0.0657 -26.80714500172 0.0556 0.4228 0.067 6.3121 5.512 0.094 0.086 -5.511 0.062 222 16.9064 871.55 0.457 27.31 95 1.4485 0.0142 16 1.913 False 18845.8 143.241 14.999329 10549.3 256.018 15.280487 17189.6 14.159729 1.472 1.120758 "" "" 0 "" "" 7.583275245253179e+16 "" 223699256.0 "" 0.0087 0.026497 0.034187 15.001136 0.008713 18814.5 0.243 1.3959 1.0287 -0.0826 0.048987
247 "V443 Her" "" 101,102 "" 275.5327083333333 23.45552777777777 6.6 0.03 5.65 0.05 5.32 0.02 5.26 0.17 5.12 0.08 4.96 0.02 4.47 0.03 S S 2967.0 103.0 "" "" "" "" "" 3698.0 0.98 0.04 3749.0 1999.0 1844.0 2182.0 X "" 1,3 "" X "V* V443 Her" 136142755325957149 275.5326432 23.45547578 0.561 0.413 90.0 604299264 72 53550.51596065 4 23 11.675 "" "" "" 114788 9.942 "" "" "" 65636 9.038 "" "" "" 65636 8.435 "" "" "" 65636 8.102 "" "" "" 16484 0.285151 247 "V443 Her" "" 101,102 "" 275.5327083333333 23.45552777777777 6.6 0.03 5.65 0.05 5.32 0.02 5.26 0.17 5.12 0.08 4.96 0.02 4.47 0.03 S S 2967.0 103.0 "" "" "" "" "" 3698.0 0.98 0.04 3749.0 1999.0 1844.0 2182.0 X "" 1,3 "" X "V* V443 Her" 275.53272874134 23.45553746364 0.000337 0.0002636 10.01 4530485302312104192 275.53272899037 0.0122 23.45553798129 0.0169 0.3233 0.0205 15.7455 0.127 0.051 0.017 0.116 0.021 679 7.1186 4522.68 0.217 83.72 31 "" "" 29 1.199 False 2002560.0 4995.61 9.933405 357390.0 5892.46 11.455687 2684000.0 8.67594 1.519 2.779747 "" "" 0 "" "" "" 1.2376662119315538e+18 "" 568244761.0 0.003864 0.018117 0.007187 9.933405 0.003864 2002560.0 0.071 0.2661 0.335 0.0846 0.075884
248 "V3811 Sgr" "" 101,102 "" 275.8708333333333 -21.885972222222215 10.48 0.02 9.36 0.02 8.88 0.02 8.22 0.02 8.07 0.02 7.23 0.02 6.45 0.08 S S 2201.0 52.0 "" "" "" "" "" 3276.0 1.32 0.03 "" 8225.0 5818.0 11756.0 C X 1,3 20 "" "V* V3811 Sgr" 81732758708367148 275.87082606 -21.88599579 0.02 0.003 0.0 503635968 60 55878.5471875 5 77 15.0623 0.0075 15.0795 0.004 115000 13.6686 0.0223 13.4914 0.0155 16892216 13.196 "" "" "" 114724 12.449 "" "" "" 114724 12.2949 0.1975 11.8832 0.0218 115000 0.088254 248 "V3811 Sgr" "" 101,102 "" 275.8708333333333 -21.885972222222215 10.48 0.02 9.36 0.02 8.88 0.02 8.22 0.02 8.07 0.02 7.23 0.02 6.45 0.08 S S 2201.0 52.0 "" "" "" "" "" 3276.0 1.32 0.03 "" 8225.0 5818.0 11756.0 C X 1,3 20 "" "V* V3811 Sgr" 275.87084324611 -21.88597177535 0.0008483 0.000663 80.86 4090214522694556800 275.87082481088 0.0417 -21.88599850152 0.0412 -0.0454 0.0509 -0.8913 7.14 -3.849 0.052 -6.013 0.04 207 -1.1395 881.37 0.304 28.97 95 1.2572 0.0099 15 0.942 False 73864.2 533.823 13.516282 19760.8 317.899 14.59903 74921.3 12.561381 1.282 2.037648 "" "" 0 "" "" 8.173275870836715e+16 "" 241055769.0 "" 0.008316 0.017688 0.078479 13.509675 0.008272 74315.0 -0.058 0.8441 0.6683 0.0779 0.033153
249 "V4018 Sgr" "" 101,102 "" 276.36187499999994 -28.599222222222217 8.64 0.02 7.79 0.03 7.44 0.02 7.3 0.03 7.37 0.02 7.01 0.02 6.4 0.07 S S 3056.0 115.0 "" "" "" "" "" 3752.0 0.95 0.04 "" "" "" "" X "" 1,3,19 "" "" "V* V4018 Sgr" 73682763618391134 276.36184427 -28.59929736 0.061 0.051 0.0 1141170176 136 54563.22403935 2 53 12.819 "" "" "" 98404 11.383 "" "" "" 100 10.678 "" "" "" 100 10.232 "" "" "" 100 9.972 "" "" "" 16484 0.287406 249 "V4018 Sgr" "" 101,102 "" 276.36187499999994 -28.599222222222217 8.64 0.02 7.79 0.03 7.44 0.02 7.3 0.03 7.37 0.02 7.01 0.02 6.4 0.07 S S 3056.0 115.0 "" "" "" "" "" 3752.0 0.95 0.04 "" "" "" "" X "" 1,3,19 "" "" "V* V4018 Sgr" 276.36185599293 -28.59930264904 0.0005799 0.0004181 61.8 4051187391825733504 276.36184130387 0.0262 -28.59929946809 0.023 0.169 0.0292 5.7871 2.989 -2.902 0.034 0.716 0.028 264 8.5147 1494.72 0.227 31.58 31 "" "" 16 1.395 False 546887.0 2748.45 11.342622 208527.0 4164.56 12.040637 558079.0 10.381156 1.402 1.659481 "" "" 0 "" "" "" "" 223263023.0 "" 0.006113 0.021862 0.015448 11.342622 0.006113 546887.0 0.112 0.5479 0.4592 0.2671 0.295704
250 2MASSJ18272892-1555547 "" 112 "" 276.8705416666666 -15.931888888888889 9.16 0.03 7.8 0.03 7.18 0.02 6.8 0.07 6.78 0.02 6.29 0.02 5.33 0.05 S S 2406.0 78.0 "" "" "" "" "" 3381.0 1.2 0.03 3384.0 "" "" "" C "" 13 "" "" "2MASS J18272892-1555547" 88882768704892065 276.87049616 -15.93191717 0.006 0.004 90.0 503635968 60 56050.58381944 5 79 18.4605 0.0069 18.4442 0.0168 16892216 16.0259 0.0028 16.0876 0.0039 115000 12.727 "" "" "" 114724 11.619 "" "" "" 114724 11.06 "" "" "" 114724 0.187568 250 2MASSJ18272892-1555547 "" 112 "" 276.8705416666666 -15.931888888888889 9.16 0.03 7.8 0.03 7.18 0.02 6.8 0.07 6.78 0.02 6.29 0.02 5.33 0.05 S S 2406.0 78.0 "" "" "" "" "" 3381.0 1.2 0.03 3384.0 "" "" "" C "" 13 "" "" "2MASS J18272892-1555547" 276.87050294952 -15.93189623358 0.0013729 0.0009633 107.1 4097140453884745088 276.87050272336 0.0631 -15.93190340631 0.0597 0.194 0.077 2.5181 1.615 -0.049 0.083 -1.614 0.061 208 -0.0955 1482.02 0.479 57.64 31 "" "" 15 0.994 False 36310.5 299.896 14.287286 2428.11 178.92 16.875374 62655.6 12.755495 1.792 4.119879 "" "" 0 "" "" 8.888276870489206e+16 "" "" "" 0.009381 0.080053 0.018831 14.287286 0.009381 36310.5 0.156 1.3425 1.0053 -0.1993 0.136611
252 IPHASJ182906.08-003457.2 "" 107 "" 277.2753333333333 -0.5825555555555555 10.97 0.02 9.61 0.02 9.06 0.02 8.82 0.02 8.84 0.02 8.59 0.02 8.2 0.3 S S 2611.0 109.0 "" "" "" "" "" 3493.0 1.11 0.04 3346.0 6626.0 4778.0 9218.0 C "" 9 "" "" "IPHAS J182906.08-003457.2" 107302772753231390 277.27533841 -0.58256029 0.013 0.004 0.0 503636096 60 55885.11289352 6 66 19.9403 0.0167 20.1077 0.0842 115000 17.1655 0.0193 17.2487 0.0266 115000 15.352 0.0477 15.4349 0.0418 115000 14.0675 0.0105 14.0881 0.0053 115000 13.2133 0.0284 13.209 0.003 115000 0.02499 252 IPHASJ182906.08-003457.2 "" 107 "" 277.2753333333333 -0.5825555555555555 10.97 0.02 9.61 0.02 9.06 0.02 8.82 0.02 8.84 0.02 8.59 0.02 8.2 0.3 S S 2611.0 109.0 "" "" "" "" "" 3493.0 1.11 0.04 3346.0 6626.0 4778.0 9218.0 C "" 9 "" "" "IPHAS J182906.08-003457.2" 277.27535033075 -0.58253267563 0.0011194 0.0009143 74.71 4272846466383254912 277.27533517405 0.0551 -0.5825578356 0.0587 -0.1251 0.073 -1.7128 6.609 -3.41 0.069 -5.661 0.057 215 -1.4356 513.17 0.393 12.91 31 "" "" 17 0.929 False 8949.61 60.4081 15.807858 444.427 31.4422 18.71904 15075.5 14.302218 1.734 4.416822 "" "" 0 "" "" 1.073027727532314e+17 "" 279242436.0 448255493.0 0.007829 0.076864 0.018446 15.807858 0.007829 8949.61 0.056 1.1063 0.93 0.1031 0.102608
253 2MASSJ18300636-1940315 "" 112 "" 277.5265416666666 -19.67544444444444 11.07 0.02 9.96 0.02 9.55 0.02 9.31 0.02 9.28 0.02 8.75 0.03 8.15 0.29 S S 2614.0 99.0 "" "" "" "" "" 3494.0 1.11 0.04 "" 8182.0 5782.0 11721.0 C "" 13 "" "" "2MASS J18300636-1940315" 84382775265099789 277.52651587 -19.67547559 0.014 0.006 0.0 503635968 60 55895.14402778 5 61 18.241 0.0133 18.3214 0.0233 115000 15.7642 0.0027 15.7905 0.0032 16892216 14.843 0.0024 14.8351 0.0261 16892216 13.5151 0.0109 13.5296 0.008 115000 12.8316 0.0018 12.8742 0.0107 115000 0.142192 253 2MASSJ18300636-1940315 "" 112 "" 277.5265416666666 -19.67544444444444 11.07 0.02 9.96 0.02 9.55 0.02 9.31 0.02 9.28 0.02 8.75 0.03 8.15 0.29 S S 2614.0 99.0 "" "" "" "" "" 3494.0 1.11 0.04 "" 8182.0 5782.0 11721.0 C "" 13 "" "" "2MASS J18300636-1940315" 277.52652853017 -19.67545515304 0.0007793 0.0005485 88.69 4092813080982916736 277.52651717383 0.0424 -19.67547660405 0.0333 -0.0759 0.0417 -1.8205 5.393 -2.406 0.05 -4.826 0.034 172 3.2863 263.66 0.164 3.782 31 "" "" 12 1.183 False 19009.1 175.412 14.989963 2981.81 172.475 16.652342 27311.7 13.657022 1.594 2.995319 "" "" 0 "" "" 8.438277526509979e+16 "" 250707856.0 352000218.0 0.010391 0.062863 0.023675 14.989963 0.010391 19009.1 0.113 0.7792 0.5487 0.0164 0.058899
254 "V3890 Sgr" "" 101,102 "" 277.6803333333333 -24.01913888888889 9.83 0.02 8.77 0.03 8.26 0.02 7.88 0.03 7.89 0.02 7.36 0.02 7.02 0.12 S S 2530.0 63.0 "" "" "" "" "" 3448.0 1.15 0.03 "" 4357.0 3036.0 6896.0 "" "" "" "" "" "V* V3890 Sgr" 79172776803877323 277.68034934 -24.01916 0.077 0.052 90.0 235200512 28 55945.13429398 19 58 16.6752 0.0097 16.7293 0.0061 115000 14.8814 0.0097 14.9264 0.003 115000 13.086 "" "" "" 65572 12.119 "" "" "" 114724 11.654 "" "" "" 98340 0.092447 254 "V3890 Sgr" "" 101,102 "" 277.6803333333333 -24.01913888888889 9.83 0.02 8.77 0.03 8.26 0.02 7.88 0.03 7.89 0.02 7.36 0.02 7.02 0.12 S S 2530.0 63.0 "" "" "" "" "" 3448.0 1.15 0.03 "" 4357.0 3036.0 6896.0 "" "" "" "" "" "V* V3890 Sgr" 277.68036567632 -24.01915134555 0.0008542 0.0005906 60.26 4077352126434336640 277.68034744917 0.0408 -24.01916098912 0.0367 0.0484 0.0453 1.0695 4.329 -3.746 0.049 -2.17 0.041 207 16.7889 738.19 0.288 21.91 31 "" "" 16 1.94 False 43599.6 782.157 14.08866 6396.36 836.337 15.82371 62778.9 12.753362 1.587 3.070348 "" "" 0 "" "" 7.917277680387733e+16 "" 241955615.0 "" 0.019672 0.14199 0.041285 14.08866 0.019672 43599.6 0.095 0.7975 0.6652 0.3093 0.11542
255 IPHASJ183501.83+014656.0 "" 107 "" 278.757625 1.7821944444444442 10.75 0.02 9.48 0.03 8.92 0.03 8.66 0.02 8.61 0.02 7.88 0.02 7.37 0.13 S S 2469.0 81.0 "" "" "" "" "" 3415.0 1.17 0.03 3335.0 3361.0 2386.0 5080.0 X "" 9 "" "" "IPHAS J183501.83+014656.0" 110132787576099079 278.75759684 1.78215818 0.004 0.003 90.0 235200512 28 55940.23266204 6 68 18.8911 0.0165 18.9867 0.0212 16696 17.166 0.0105 17.2529 0.0104 16696 15.2821 0.0 15.3408 0.0 33080 13.8587 0.0087 13.8844 0.0139 98616 12.9451 0.0048 12.9627 0.0091 16696 0.16526 255 IPHASJ183501.83+014656.0 "" 107 "" 278.757625 1.7821944444444442 10.75 0.02 9.48 0.03 8.92 0.03 8.66 0.02 8.61 0.02 7.88 0.02 7.37 0.13 S S 2469.0 81.0 "" "" "" "" "" 3415.0 1.17 0.03 3335.0 3361.0 2386.0 5080.0 X "" 9 "" "" "IPHAS J183501.83+014656.0" 278.75760978984 1.7821771305 0.0014062 0.0011956 53.35 4273830971664255616 278.75759746443 0.0633 1.78215267615 0.0652 0.1672 0.0748 2.2356 6.161 -2.772 0.084 -5.502 0.079 187 2.8145 687.66 0.492 23.76 31 "" "" 15 1.149 False 10821.5 55.8279 15.601647 757.772 41.022 18.139696 17944.5 14.11307 1.728 4.026627 "" "" 0 "" "" 1.1013278757609907e+17 "" "" 459284336.0 0.006242 0.058842 0.01459 15.601647 0.006242 10821.5 0.105 1.3349 1.2746 0.1542 0.082948
256 "Sct X-1" "" 137 "" 278.857625 -7.6139166666666656 12.06 0.03 8.52 0.02 6.55 0.02 4.81 0.15 4.01 0.14 2.26 0.03 0.96 0.03 S,D D "" "" 925.0 31.0 "" "" "" "" 3.13 0.03 "" "" "" "" "" "" "" "" C "X Sct X-1" 98862788576103610 278.85760521 -7.61400172 0.006 0.006 0.0 604299264 72 55894.06853009 4 19 20.635 "" "" "" 16420 16.78 "" "" "" 16420 14.342 "" "" "" 16420 12.571 "" "" "" 98340 11.711 "" "" "" 98340 0.314229 256 "Sct X-1" "" 137 "" 278.857625 -7.6139166666666656 12.06 0.03 8.52 0.02 6.55 0.02 4.81 0.15 4.01 0.14 2.26 0.03 0.96 0.03 S,D D "" "" 925.0 31.0 "" "" "" "" 3.13 0.03 "" "" "" "" "" "" "" "" C "X Sct X-1" 278.85760175963 -7.61400454598 0.0033831 0.0011821 55.3 4156747212545110400 278.85760175963 2.8618 -7.61400454598 2.1571 "" "" "" "" "" "" "" "" 86 3.8613 139.8 4.02 3.327 3 "" "" 8 "" False 128.803 6.22147 20.412548 15.8025 3.82678 22.341728 361.735 18.35192 2.931 3.989809 "" "" 0 "" "" "" "" 272146335.0 "" 0.052516 0.26294 0.157669 20.412548 0.052516 128.803 1.313 2.8618 2.1571 0.7618 0.327054
