SySt-Gaia-distance.ecsv
# %ECSV 1.0
# ---
# datatype:
# - {name: recno_1, datatype: int64}
# - {name: Name_1, datatype: string}
# - {name: OName_1, datatype: string}
# - {name: Ref_1, datatype: string}
# - {name: n_Name_1, datatype: float64}
# - {name: RAJ2000_1, datatype: float64}
# - {name: DEJ2000_1, datatype: float64}
# - {name: Jmag_1, datatype: float64}
# - {name: e_Jmag_1, datatype: float64}
# - {name: Hmag_1, datatype: float64}
# - {name: e_Hmag_1, datatype: float64}
# - {name: Ksmag_1, datatype: float64}
# - {name: e_Ksmag_1, datatype: float64}
# - {name: W1mag_1, datatype: float64}
# - {name: e_W1mag_1, datatype: float64}
# - {name: W2mag_1, datatype: float64}
# - {name: e_W2mag_1, datatype: float64}
# - {name: W3mag_1, datatype: float64}
# - {name: e_W3mag_1, datatype: float64}
# - {name: W4mag_1, datatype: float64}
# - {name: e_W4mag_1, datatype: float64}
# - {name: Old_1, datatype: string}
# - {name: New_1, datatype: string}
# - {name: TBB_1, datatype: float64}
# - {name: e_TBB_1, datatype: float64}
# - {name: Tdust1_1, datatype: float64}
# - {name: e_Tdust1_1, datatype: float64}
# - {name: Tdust2_1, datatype: float64}
# - {name: e_Tdust2_1, datatype: float64}
# - {name: Tdust3_1, datatype: float64}
# - {name: Tcool_1, datatype: float64}
# - {name: Peak_1, datatype: float64}
# - {name: e_Peak_1, datatype: float64}
# - {name: TGaia_1, datatype: float64}
# - {name: Dist_1, datatype: float64}
# - {name: b_Dist_1, datatype: float64}
# - {name: B_Dist_1, datatype: float64}
# - {name: OVI_1, datatype: string}
# - {name: OVI2_1, datatype: string}
# - {name: r_OVI_1, datatype: string}
# - {name: r_OVI2_1, datatype: string}
# - {name: X-ray_1, datatype: string}
# - {name: SimbadName_1, datatype: string}
# - {name: Source_1, datatype: int64}
# - {name: RA_ICRS, datatype: float64}
# - {name: DE_ICRS, datatype: float64}
# - {name: rgeo, datatype: float64}
# - {name: b_rgeo_x, datatype: float64}
# - {name: B_rgeo_xa, datatype: float64}
# - {name: rpgeo, datatype: float64}
# - {name: b_rpgeo_x, datatype: float64}
# - {name: B_rpgeo_xa, datatype: float64}
# - {name: Flag, datatype: int64}
# - {name: angDist_1, datatype: float64}
# - {name: recno_2, datatype: int64}
# - {name: Name_2, datatype: string}
# - {name: OName_2, datatype: string}
# - {name: Ref_2, datatype: string}
# - {name: n_Name_2, datatype: string}
# - {name: RAJ2000_2, datatype: float64}
# - {name: DEJ2000_2, datatype: float64}
# - {name: Jmag_2, datatype: float64}
# - {name: e_Jmag_2, datatype: float64}
# - {name: Hmag_2, datatype: float64}
# - {name: e_Hmag_2, datatype: float64}
# - {name: Ksmag_2, datatype: float64}
# - {name: e_Ksmag_2, datatype: float64}
# - {name: W1mag_2, datatype: float64}
# - {name: e_W1mag_2, datatype: float64}
# - {name: W2mag_2, datatype: float64}
# - {name: e_W2mag_2, datatype: float64}
# - {name: W3mag_2, datatype: float64}
# - {name: e_W3mag_2, datatype: float64}
# - {name: W4mag_2, datatype: float64}
# - {name: e_W4mag_2, datatype: float64}
# - {name: Old_2, datatype: string}
# - {name: New_2, datatype: string}
# - {name: TBB_2, datatype: float64}
# - {name: e_TBB_2, datatype: float64}
# - {name: Tdust1_2, datatype: float64}
# - {name: e_Tdust1_2, datatype: float64}
# - {name: Tdust2_2, datatype: float64}
# - {name: e_Tdust2_2, datatype: float64}
# - {name: Tdust3_2, datatype: float64}
[...]
2 SMC1 "SMC SySt-1" 101,102 "" 7.295249999999999 -74.96105555555555 13.65 0.02 12.85 0.02 12.64 0.03 12.41 0.02 12.43 0.02 11.88 0.22 9.07 "" S S 3056.0 142.0 "" "" "" "" "" 3572.0 0.95 0.05 "" "" "" "" C "" 1,5 "" "" "NAME SMC Symbiotic star 1" 4685137110311670784 7.29512173743 -74.96107950384 13537.0283 10645.5176 16945.3984 13993.8398 12153.8652 15474.6826 10033 0.147606 2 SMC1 "SMC SySt-1" 101,102 "" 7.295249999999999 -74.96105555555555 13.65 0.02 12.85 0.02 12.64 0.03 12.41 0.02 12.43 0.02 11.88 0.22 9.07 "" S S 3056.0 142.0 "" "" "" "" "" 3572.0 0.95 0.05 "" "" "" "" C "" 1,5 "" "" "NAME SMC Symbiotic star 1" "Gaia DR3 4685137110311670784" 7.29512173743 -74.96107950384 0.0 0.0 145.0 1636148068921376768 4685137110311670784 1263899380 0.0261 0.0275 -0.0039 0.0289 -0.1359 1.361 0.493 0.035 -1.269 0.038 -0.1415 0.1469 -0.3524 -0.0641 -0.272 -0.0169 0.1742 -0.0748 -0.1522 -0.0919 353 0 351 2 -1.4517 319.1 0.0 0.0 31 True 1.405 "" "" "" "" "" "" "" 41 26 0.054214 49 0.03071 31.49 0 0 0.944 0 401 8696.14437 36.2544 239.864 15.83905 0.005299 47 3262.28 49.6389 65.7202 16.554737 0.016755 47 8069.15 91.4639 88.2221 14.980826 0.012874 1.303 1.0 0.0 0.0 0.0 0 1.573911 0.715687 0.858224 "" "" "" "" "" "" "" "" "" "" "" "" "" "" "" "" "" "" "" "" "" "" VARIABLE 0.0 0.0 0.999759 4672.7 4642.8 4690.7 2.6661 2.6262 2.6914 0.4974 0.4932 0.4994 8372.315 8112.6772 8869.09 0.8897 0.8579 0.9085 0.6659 0.6411 0.6806 0.3442 0.3311 0.3519 PHOENIX 7.29511328656 -74.96107386407 0.571491 0.60849 -0.0875 0.147606
3 Lin9 "SMC SySt-10" 113 "" 7.530833333333332 -73.62197222222221 13.29 0.03 12.44 0.03 12.27 0.03 12.14 0.02 12.17 0.02 12.15 0.26 8.9 "" S S 3150.0 180.0 "" "" "" "" "" 3810.0 0.92 0.06 "" "" "" "" C "" 14 "" "" "LIN   9" 4688455814367629440 7.53078097782 -73.62197136964 14415.0244 11080.4941 19321.1387 15534.9619 13761.3496 18056.7324 10033 0.053235 3 Lin9 "SMC SySt-10" 113 "" 7.530833333333332 -73.62197222222221 13.29 0.03 12.44 0.03 12.27 0.03 12.14 0.02 12.17 0.02 12.15 0.26 8.9 "" S S 3150.0 180.0 "" "" "" "" "" 3810.0 0.92 0.06 "" "" "" "" C "" 14 "" "" "LIN   9" "Gaia DR3 4688455814367629440" 7.53078097782 -73.62197136964 0.0 0.0 119.0 1636148068921376768 4688455814367629440 1511389103 0.0228 0.0221 -0.0001 0.0245 -0.0039 1.23 0.482 0.032 -1.132 0.032 -0.0501 0.1136 -0.2611 -0.0414 -0.0463 -0.0443 -0.0644 -0.0886 -0.0107 -0.0959 330 0 330 0 1.2966 367.23 0.0 0.0 31 False 1.376 "" "" "" "" "" "" "" 38 27 0.046926 47 0.01554 19.46 0 0 1.05 0 377 12052.74098 12.476 966.076 15.484653 0.002976 47 3984.96 25.9907 153.322 16.337482 0.007611 46 11787.9 41.2588 285.707 14.569302 0.00536 1.309 0.0 5.0 0.0 2.0 0 1.768181 0.85283 0.915351 "" "" "" "" "" "" "" "" "" "" "" "" "" "" "" "" "" "" "" "" "" "" VARIABLE 0.0 0.0 0.999963 4682.4 4639.1 4709.2 2.8621 2.7415 3.0066 0.2226 0.1311 0.3134 4010.0046 3393.8477 4545.8086 1.3062 1.2545 1.3401 0.9684 0.9284 0.9945 0.5077 0.4862 0.5213 PHOENIX 7.53077338628 -73.6219663394 0.524017 0.517957 -0.0908 0.053235
17 "M31 SySt-13" "" 116 "" 10.569583333333332 40.73769444444444 "" "" "" "" "" "" "" "" "" "" "" "" "" "" S ? "" "" "" "" "" "" "" "" "" "" "" "" "" "" X "" 17 "" "" "M31SyS J004216.70+404415.7" 369146567871620480 10.56965054659 40.73769282376 3465.94507 2332.57153 4568.01172 4456.15625 3880.07861 5022.45898 10033 0.183433 17 "M31 SySt-13" "" 116 "" 10.569583333333332 40.73769444444444 "" "" "" "" "" "" "" "" "" "" "" "" "" "" S ? "" "" "" "" "" "" "" "" "" "" "" "" "" "" X "" 17 "" "" "M31SyS J004216.70+404415.7" "Gaia DR3 369146567871620480" 10.56965054659 40.73769282376 0.0 0.0 75.0 1636148068921376768 369146567871620480 1478003230 0.336 0.283 -0.6763 0.441 -1.5337 0.519 -0.467 0.394 -0.225 0.339 0.0967 0.2695 -0.107 -0.0782 -0.0256 -0.1033 -0.2534 -0.1725 0.0192 0.1148 323 0 321 2 -0.7997 308.54 0.0 0.0 95 False "" 1.4024 0.0925 -0.084 0.181 -0.095 -0.123 -0.014 38 19 0.562568 40 0.1205 128.8 0 0 0.967 0 334 203.41524 1.51934 133.884 19.916409 0.008565 35 101.838 7.11122 14.3208 20.318766 0.075867 37 196.769 8.3615 23.5327 19.013006 0.046292 1.468 0.0 0.0 0.0 1.0 0 1.305759 0.402357 0.903402 "" "" "" "" "" "" "" "" "" "" "" "" "" "" "" "" "" "" "" "" "" "" VARIABLE 0.004371 0.000656 0.994955 "" "" "" "" "" "" "" "" "" "" "" "" "" "" "" "" "" "" "" "" "" "" 10.56965328868 40.73769382556 6.352487 5.510276 0.122 0.183433
21 SMC2 "SMC Syst-2" 101,102 "" 10.699416666666664 -74.70005555555555 14.04 0.03 13.34 0.03 13.1 0.03 13.0 0.02 12.94 0.03 12.33 0.24 9.14 "" S S 3193.0 128.0 "" "" "" "" "" 3837.0 0.91 0.04 "" "" "" "" C "" 1,5 "" X "NAME SMC Symbiotic star 2" 4685466139175307392 10.69950701344 -74.70001327106 10585.0654 8406.62598 13317.6504 9568.23828 8861.45703 10314.416 10033 0.174751 21 SMC2 "SMC Syst-2" 101,102 "" 10.699416666666664 -74.70005555555555 14.04 0.03 13.34 0.03 13.1 0.03 13.0 0.02 12.94 0.03 12.33 0.24 9.14 "" S S 3193.0 128.0 "" "" "" "" "" 3837.0 0.91 0.04 "" "" "" "" C "" 1,5 "" X "NAME SMC Symbiotic star 2" "Gaia DR3 4685466139175307392" 10.69950701344 -74.70001327106 0.0 0.0 113.0 1636148068921376768 4685466139175307392 1699407826 0.0301 0.0266 0.0271 0.0317 0.8548 1.244 0.62 0.034 -1.078 0.035 -0.1267 0.2633 -0.2671 -0.0749 -0.1593 0.0191 0.0206 -0.1681 -0.1537 0.0001 374 0 374 0 -0.2475 392.73 0.0 0.0 95 False "" 1.3921 0.0087 -0.075 0.067 -0.046 0.159 0.005 43 28 0.049285 49 0.03138 130.9 0 0 0.99 0 420 6975.96652 20.9536 332.924 16.078356 0.004269 46 2564.76 27.9303 91.8273 16.815924 0.012148 45 6507.96 66.294 98.1682 15.214283 0.011688 1.301 0.0 34.0 0.0 32.0 0 1.601641 0.737568 0.864073 "" "" "" "" "" "" "" "" "" "" "" "" "" "" "" "" "" "" "" "" "" "" VARIABLE 0.0 0.0 0.999948 4935.7 4907.9 4967.7 3.4496 3.1726 3.5827 0.1087 -0.0392 0.2107 3094.5107 2658.4705 4272.1733 1.1483 1.1153 1.1846 0.8723 0.8469 0.9012 0.4597 0.4459 0.4756 PHOENIX 10.69949657335 -74.70000847911 0.554899 0.564032 0.0029 0.174751
24 "M31 SySt-21" "" 116 "" 10.894958333333332 41.57997222222222 "" "" "" "" "" "" "" "" "" "" "" "" "" "" S ? "" "" "" "" "" "" "" "" "" "" "" "" "" "" X "" 17 "" "" "M31SyS J004334.79+413447.9" 381295106209354880 10.89489295102 41.57994462583 2132.52319 1366.45129 3113.10083 20839.1367 17587.8418 26434.7539 10011 0.202163 24 "M31 SySt-21" "" 116 "" 10.894958333333332 41.57997222222222 "" "" "" "" "" "" "" "" "" "" "" "" "" "" S ? "" "" "" "" "" "" "" "" "" "" "" "" "" "" X "" 17 "" "" "M31SyS J004334.79+413447.9" "Gaia DR3 381295106209354880" 10.89489295102 41.57994462583 0.0 0.0 96.0 1636148068921376768 381295106209354880 1806405687 0.489 0.363 0.0725 0.5899 0.1229 1.205 1.011 0.456 -0.655 0.433 -0.0621 0.4108 -0.3002 -0.0825 -0.1424 -0.0534 -0.3928 -0.1656 -0.0293 0.0885 312 0 311 1 -0.4473 313.21 0.0 0.0 95 False "" 1.4215 0.1196 -0.264 0.205 -0.231 -0.037 0.096 36 17 0.691002 38 0.05755 169.2 0 0 0.981 0 323 156.34595 1.36936 114.174 20.20215 0.009901 29 91.0534 9.67266 9.41348 20.440302 0.115372 28 84.9588 9.11446 9.32131 19.924875 0.11654 1.126 0.0 0.0 0.0 0.0 0 0.515427 0.238152 0.277275 "" "" "" "" "" "" "" "" "" "" "" "" "" "" "" "" "" "" "" "" "" "" NOT_AVAILABLE 0.999583 0.0 0.000417 "" "" "" "" "" "" "" "" "" "" "" "" "" "" "" "" "" "" "" "" "" "" 10.89488694192 41.57994753482 7.457021 7.080885 0.0925 0.202163
30 "M31 SySt-27" "" 116 "" 11.048791666666665 41.22666666666666 "" "" "" "" "" "" "" "" "" "" "" "" "" "" S ? "" "" "" "" "" "" "" "" "" "" "" "" "" "" C "" 17 "" "" "M31SyS J004411.71+411336.0" 369254182573478912 11.04878611827 41.22665109438 2040.97961 1225.5697 3404.50366 3607.34717 3134.01758 4134.38037 10033 0.058038 30 "M31 SySt-27" "" 116 "" 11.048791666666665 41.22666666666666 "" "" "" "" "" "" "" "" "" "" "" "" "" "" S ? "" "" "" "" "" "" "" "" "" "" "" "" "" "" C "" 17 "" "" "M31SyS J004411.71+411336.0" "Gaia DR3 369254182573478912" 11.04878611827 41.22665109438 0.001 0.001 91.0 1636148068921376768 369254182573478912 502735894 1.1219 0.7494 -1.5799 1.1654 -1.3556 0.656 -0.651 1.304 0.082 1.075 -0.0165 0.1498 -0.6101 0.2447 0.2849 0.1966 0.0151 0.2707 0.3154 0.1067 144 0 144 0 0.2409 161.07 1.552 0.57583 95 False "" 1.1425 0.2682 0.191 0.354 -0.001 -0.231 0.153 17 13 1.975194 20 0.2752 126.5 0 0 1.012 0 152 119.58838 2.67425 44.7185 20.493145 0.024435 11 51.11 11.8578 4.31023 21.067278 0.251913 18 138.91 17.0388 8.15258 19.391058 0.133231 1.589 0.0 0.0 0.0 0.0 0 1.67622 0.574133 1.102087 "" "" "" "" "" "" "" "" "" "" "" "" "" "" "" "" "" "" "" "" "" "" NOT_AVAILABLE 0.000381 3e-06 0.999604 "" "" "" "" "" "" "" "" "" "" "" "" "" "" "" "" "" "" "" "" "" "" 11.04878996682 41.22665073148 21.57367 17.2101 0.0822 0.058038
34 "EG And" "" 101,102 "" 11.154958333333331 40.67936111111111 3.82 0.24 2.93 0.17 2.58 0.26 1.11 "" 1.39 "" 2.45 0.01 2.29 0.02 S S 3271.0 157.0 "" "" "" "" "" 3886.0 0.89 0.01 3751.0 660.0 643.0 678.0 X "" 1 "" C "V* EG And" 369176289048301312 11.15499789884 40.67929371375 593.517029 580.170227 605.386536 595.276123 584.300232 608.286072 10033 0.265589 34 "EG And" "" 101,102 "" 11.154958333333331 40.67936111111111 3.82 0.24 2.93 0.17 2.58 0.26 1.11 "" 1.39 "" 2.45 0.01 2.29 0.02 S S 3271.0 157.0 "" "" "" "" "" 3886.0 0.89 0.01 3751.0 660.0 643.0 678.0 X "" 1 "" C "V* EG And" "Gaia DR3 369176289048301312" 11.15499789884 40.67929371375 0.0 0.0 86.0 1636148068921376768 369176289048301312 491249872 0.0284 0.0214 1.6452 0.0335 49.1445 17.704 8.614 0.032 -15.466 0.024 0.0425 0.2706 -0.4574 -0.0835 -0.0783 -0.1124 -0.3887 -0.1069 0.104 0.0461 354 354 353 1 19.3182 3679.0 0.265 98.122 31 True 1.315 "" "" "" "" "" "" "" 40 20 0.046769 43 0.02735 48.42 1 0 1.814 0 365 57461928.89665 93755.0 612.895 6.288917 0.003276 42 14371200.0 115505.0 124.42 7.444812 0.009162 41 65410000.0 278619.0 234.765 5.208785 0.005973 1.388 0.0 0.0 0.0 0.0 0 2.236027 1.155896 1.080132 -99.49 1.48 1.0 23.0 0.0 17.0 1138.0 "" 0.0 1002.129 17.26 3700.0 0.5 -0.5 222.0 10.0489 0.4319 22.0 4.756508 0.007881 23.0 1106.622 VARIABLE 0.0 0.0 0.999661 "" "" "" "" "" "" "" "" "" "" "" "" "" "" "" "" "" "" "" "" "" "" 11.15494741368 40.67936245257 0.520177 0.385967 0.0546 0.265589
38 "M31 SySt-34" "" 116 "" 11.391958333333331 41.5136111111111 17.61 0.14 16.55 0.15 16.15 0.15 "" "" "" "" "" "" "" "" S ? "" "" "" "" "" "" "" "" "" "" "" "" "" "" X "" 17 "" "" "M31SyS J004534.07+413049.0" 369276683907836800 11.39189636476 41.51353616865 2799.80444 1744.86731 4406.59717 7479.96143 6533.45703 8510.29199 10033 0.317322 38 "M31 SySt-34" "" 116 "" 11.391958333333331 41.5136111111111 17.61 0.14 16.55 0.15 16.15 0.15 "" "" "" "" "" "" "" "" S ? "" "" "" "" "" "" "" "" "" "" "" "" "" "" X "" 17 "" "" "M31SyS J004534.07+413049.0" "Gaia DR3 369276683907836800" 11.39189636476 41.51353616865 0.001 0.001 42.0 1636148068921376768 369276683907836800 229912689 0.7285 0.7354 -1.0935 0.9715 -1.1255 0.804 -0.749 0.593 0.292 0.694 0.1043 0.4437 -0.4928 -0.0609 -0.1143 -0.1967 -0.6738 -0.1665 0.2423 0.1505 191 0 190 1 1.0619 211.68 1.484 0.81217 95 False "" 1.6871 0.203 -0.208 0.164 0.013 -0.104 -0.056 22 13 1.150661 22 0.1264 84.98 0 0 1.054 0 185 132.44157 2.91898 45.3725 20.382305 0.024087 17 60.4171 8.7303 6.9204 20.885643 0.156914 18 96.3948 9.99316 9.64608 19.787762 0.112621 1.184 0.0 0.0 0.0 0.0 0 1.097881 0.503338 0.594543 "" "" "" "" "" "" "" "" "" "" "" "" "" "" "" "" "" "" "" "" "" "" VARIABLE 0.333988 6.4e-05 0.665946 "" "" "" "" "" "" "" "" "" "" "" "" "" "" "" "" "" "" "" "" "" "" 11.39190080918 41.51353487104 9.870495 11.617371 0.1551 0.317322
39 SMC3 "SMC SySt-3" 101,102 "" 12.083041666666665 -73.5311111111111 11.94 0.03 11.04 0.03 10.8 0.03 10.56 0.02 10.63 0.02 10.22 0.05 9.28 0.52 S S 3022.0 134.0 "" "" "" "" "" 3731.0 0.96 0.05 "" "" "" "" C "" 1,5 "" C "NAME SMC Symbiotic star 3" 4685877768887752960 12.08342456556 -73.53113705069 18972.5332 14519.5049 24994.6426 17691.3945 15125.6777 22437.7773 10033 0.401782 39 SMC3 "SMC SySt-3" 101,102 "" 12.083041666666665 -73.5311111111111 11.94 0.03 11.04 0.03 10.8 0.03 10.56 0.02 10.63 0.02 10.22 0.05 9.28 0.52 S S 3022.0 134.0 "" "" "" "" "" 3731.0 0.96 0.05 "" "" "" "" C "" 1,5 "" C "NAME SMC Symbiotic star 3" "Gaia DR3 4685877768887752960" 12.08342456556 -73.53113705069 0.0 0.0 115.0 1636148068921376768 4685877768887752960 1783820908 0.0154 0.0147 0.0016 0.0165 0.0954 1.449 0.674 0.018 -1.283 0.018 -0.0602 0.1607 -0.2019 -0.0613 -0.0865 -0.0322 0.1777 -0.0937 -0.1681 -0.0505 321 0 321 0 0.8853 326.41 0.0 0.0 31 True 1.343 "" "" "" "" "" "" "" 36 26 0.026001 42 0.02239 163.7 0 0 1.034 0 359 31457.05484 89.042 353.283 14.443071 0.004128 37 9150.84 143.605 63.7221 15.43489 0.017266 36 34506.7 215.845 159.868 13.403138 0.007772 1.388 0.0 37.0 0.0 30.0 0 2.031752 0.991818 1.039933 202.43 2.87 2.0 11.0 5.0 9.0 7.4944 "" "" 897.035 "" 4250.0 2.0 1.0 111.0 "" "" "" 12.847786 0.074787 6.0 "" VARIABLE 0.0 0.0 0.999954 4829.7 4598.5 5203.8 1.4974 1.3955 1.7344 -0.3675 -0.3694 -0.3645 16985.496 13935.517 18471.936 2.4256 2.1843 2.7563 1.771 1.5806 2.0381 0.9487 0.8424 1.1028 PHOENIX 12.08341399371 -73.53113135043 0.292476 0.291078 -0.0455 0.401782
40 "LHA 115-S 18" "SMC SySt-16" 159 "" 13.539833333333332 -72.69530555555555 12.35 0.03 11.93 0.03 11.11 0.03 9.38 0.02 8.36 0.02 6.28 0.02 4.88 0.03 ? D' 3470.0 122.0 746.0 61.0 "" "" "" 4015.0 0.84 0.06 "" "" "" "" C "" 34 "" "" "LHA 115-S  18" 4688986534938381184 13.53976546089 -72.69536401745 40695.957 31838.7031 51804.8516 42154.668 33483.1797 49383.3086 10012 0.222659 40 "LHA 115-S 18" "SMC SySt-16" 159 "" 13.539833333333332 -72.69530555555555 12.35 0.03 11.93 0.03 11.11 0.03 9.38 0.02 8.36 0.02 6.28 0.02 4.88 0.03 ? D' 3470.0 122.0 746.0 61.0 "" "" "" 4015.0 0.84 0.06 "" "" "" "" C "" 34 "" "" "LHA 115-S  18" "Gaia DR3 4688986534938381184" 13.53976546089 -72.69536401745 0.0 0.0 90.0 1636148068921376768 4688986534938381184 977913613 0.0164 0.0151 -0.1024 0.0177 -5.7801 1.539 0.756 0.021 -1.34 0.019 0.0003 0.2516 -0.035 0.0494 -0.0397 0.0975 0.0447 0.101 -0.1197 0.1348 335 81 329 6 13.7536 876.77 0.15 16.534 31 False 1.623 "" "" "" "" "" "" "" 38 28 0.030127 43 0.029 92.18 0 0 1.585 0 374 109412.65932 779.02 140.449 13.089698 0.008207 41 66380.5 1510.05 43.9591 13.283441 0.024856 40 68286.0 1367.5 49.9348 12.662067 0.022069 1.231 0.0 0.0 0.0 1.0 0 0.621373 0.193743 0.42763 "" "" "" "" "" "" "" "" "" "" "" "" "" "" "" "" "" "" "" "" "" "" NOT_AVAILABLE 1e-06 0.0 0.999999 34920.6 34813.5 34994.8 3.9579 3.9506 3.9668 0.0025 0.0005 0.0066 14281.402 14017.893 14490.145 1.9676 1.9643 1.9709 1.8911 1.8882 1.894 1.0378 1.0362 1.0395 OB 13.53975416807 -72.6953580604 0.33951 0.303162 0.1273 0.222659
