SySt-PS-Gaia.ecsv
# %ECSV 1.0
# ---
# datatype:
# - {name: recno_1, datatype: int64}
# - {name: Name_1, datatype: string}
# - {name: OName_1, datatype: string}
# - {name: Ref_1, datatype: string}
# - {name: n_Name_1, datatype: string}
# - {name: RAJ2000_1, datatype: float64}
# - {name: DEJ2000_1, datatype: float64}
# - {name: Jmag_1, datatype: float64}
# - {name: e_Jmag_1, datatype: float64}
# - {name: Hmag_1, datatype: float64}
# - {name: e_Hmag_1, datatype: float64}
# - {name: Ksmag_1, datatype: float64}
# - {name: e_Ksmag_1, datatype: float64}
# - {name: W1mag_1, datatype: float64}
# - {name: e_W1mag_1, datatype: float64}
# - {name: W2mag_1, datatype: float64}
# - {name: e_W2mag_1, datatype: float64}
# - {name: W3mag_1, datatype: float64}
# - {name: e_W3mag_1, datatype: float64}
# - {name: W4mag_1, datatype: float64}
# - {name: e_W4mag_1, datatype: float64}
# - {name: Old_1, datatype: string}
# - {name: New_1, datatype: string}
# - {name: TBB_1, datatype: float64}
# - {name: e_TBB_1, datatype: float64}
# - {name: Tdust1_1, datatype: float64}
# - {name: e_Tdust1_1, datatype: float64}
# - {name: Tdust2_1, datatype: float64}
# - {name: e_Tdust2_1, datatype: float64}
# - {name: Tdust3_1, datatype: float64}
# - {name: Tcool_1, datatype: float64}
# - {name: Peak_1, datatype: float64}
# - {name: e_Peak_1, datatype: float64}
# - {name: TGaia_1, datatype: float64}
# - {name: Dist_1, datatype: float64}
# - {name: b_Dist_1, datatype: float64}
# - {name: B_Dist_1, datatype: float64}
# - {name: OVI_1, datatype: string}
# - {name: OVI2_1, datatype: string}
# - {name: r_OVI_1, datatype: string}
# - {name: r_OVI2_1, datatype: string}
# - {name: X-ray_1, datatype: string}
# - {name: SimbadName_1, datatype: string}
# - {name: objID, datatype: int64}
# - {name: RAJ2000_x_1, datatype: float64}
# - {name: DEJ2000_x_1, datatype: float64}
# - {name: errHalfMaj_1, datatype: float64}
# - {name: errHalfMin_1, datatype: float64}
# - {name: errPosAng_1, datatype: float64}
# - {name: f_objID, datatype: int64}
# - {name: Qual, datatype: int64}
# - {name: Epoch, datatype: float64}
# - {name: Ns, datatype: int64}
# - {name: Nd, datatype: int64}
# - {name: gmag, datatype: float64}
# - {name: e_gmag, datatype: float64}
# - {name: gKmag, datatype: float64}
# - {name: e_gKmag, datatype: float64}
# - {name: gFlags, datatype: int64}
# - {name: rmag, datatype: float64}
# - {name: e_rmag, datatype: float64}
# - {name: rKmag, datatype: float64}
# - {name: e_rKmag, datatype: float64}
# - {name: rFlags, datatype: int64}
# - {name: imag, datatype: float64}
# - {name: e_imag, datatype: float64}
# - {name: iKmag, datatype: float64}
# - {name: e_iKmag, datatype: float64}
# - {name: iFlags, datatype: int64}
# - {name: zmag, datatype: float64}
# - {name: e_zmag, datatype: float64}
# - {name: zKmag, datatype: float64}
# - {name: e_zKmag, datatype: float64}
# - {name: zFlags, datatype: int64}
# - {name: ymag, datatype: float64}
# - {name: e_ymag, datatype: float64}
# - {name: yKmag, datatype: float64}
# - {name: e_yKmag, datatype: float64}
# - {name: yFlags, datatype: int64}
# - {name: angDist_1, datatype: float64}
# - {name: recno_2, datatype: int64}
# - {name: Name_2, datatype: string}
# - {name: OName_2, datatype: string}
# - {name: Ref_2, datatype: string}
# - {name: n_Name_2, datatype: string}
[...]
[from data line 92]
219 "H 2-38" "" 101,102 "" 271.5048333333333 -28.2845 8.27 0.02 7.24 0.05 6.48 0.02 5.55 0.18 4.83 0.11 2.93 0.01 1.77 0.02 S/D S+IR 2639.0 55.0 474.0 28.0 "" "" "" 3508.0 1.1 0.03 "" 10515.0 7306.0 15088.0 C "" 1,3,20,39 "" X "PN H  2-38" 74052715048088817 271.50478286 -28.28452317 0.082 0.03 90.0 235200512 28 55912.53604167 2 79 14.1557 0.0004 14.1613 0.0068 16793912 13.1916 0.1539 12.8944 0.0018 16778256 12.593 "" "" "" 4 11.14 "" "" "" 36 10.493 "" "" "" 16420 0.180446 219 "H 2-38" "" 101,102 "" 271.5048333333333 -28.2845 8.27 0.02 7.24 0.05 6.48 0.02 5.55 0.18 4.83 0.11 2.93 0.01 1.77 0.02 S/D S+IR 2639.0 55.0 474.0 28.0 "" "" "" 3508.0 1.1 0.03 "" 10515.0 7306.0 15088.0 C "" 1,3,20,39 "" X "PN H  2-38" "Gaia DR3 4062823905678372608" 271.50476418999 -28.28453317812 0.0 0.0 67.0 1636148068921376768 4062823905678372608 2631783 0.0631 0.0596 0.2251 0.0954 2.36 7.045 -1.259 0.075 -6.932 0.058 0.0593 -0.0728 0.1867 -0.0938 -0.6327 0.0778 -0.5406 -0.3013 0.5336 -0.0403 198 139 196 2 8.9442 1426.3 0.449 52.588 95 False "" 1.3789 0.0129 -0.045 0.25 -0.105 -0.055 -0.335 23 14 0.111678 26 0.1446 125.3 0 0 1.49 0 212 124820.61651 1517.57 82.2501 12.946651 0.013485 26 53211.9 846.331 62.8736 13.52352 0.017493 26 152495.0 10842.0 14.0652 11.78976 0.077286 1.648 0.0 2.0 0.0 1.0 0 1.733761 0.576869 1.156892 "" "" "" "" "" "" "" "" "" "" "" "" "" "" "" "" "" "" "" "" "" "" VARIABLE 0.0 0.0 0.9992 "" "" "" "" "" "" "" "" "" "" "" "" "" "" "" "" "" "" "" "" "" "" 271.50477054226 -28.28450237072 1.188257 0.954767 -0.0391 0.249627
220 "SS73 129" "" 101,102 "" 271.7730833333333 -29.60827777777777 9.29 0.02 8.33 0.02 8.06 0.02 7.86 0.02 7.93 0.02 7.71 0.03 7.83 0.21 S S 2975.0 145.0 "" "" "" "" "" 3703.0 0.97 0.05 3851.0 5918.0 4432.0 8462.0 C "" 1,3,20,39 "" "" "SS73 129" 72472717730610318 271.77302326 -29.60830729 0.027 0.006 0.0 906289152 108 55298.93803241 2 41 13.9473 0.0004 13.9107 0.04 115000 12.732 "" "" "" 4 11.807 "" "" "" 4 11.161 "" "" "" 4 10.829 "" "" "" 114724 0.215966 220 "SS73 129" "" 101,102 "" 271.7730833333333 -29.60827777777777 9.29 0.02 8.33 0.02 8.06 0.02 7.86 0.02 7.93 0.02 7.71 0.03 7.83 0.21 S S 2975.0 145.0 "" "" "" "" "" 3703.0 0.97 0.05 3851.0 5918.0 4432.0 8462.0 C "" 1,3,20,39 "" "" "SS73 129" "Gaia DR3 4050319567909135744" 271.77302521318 -29.60830643839 0.0 0.0 83.0 1636148068921376768 4050319567909135744 1553201388 0.0279 0.0225 0.2367 0.0315 7.5257 6.071 -4.937 0.034 -3.533 0.023 0.0519 0.2064 0.0248 -0.1532 -0.2813 -0.2571 -0.4209 -0.0551 0.2782 0.1614 247 247 247 0 1.5723 568.76 0.164 9.9103 31 False 1.308 "" "" "" "" "" "" "" 28 16 0.048418 30 0.07669 1.383 16 0 1.071 0 262 275009.20591 546.543 503.179 12.088999 0.0035 25 66668.2 681.003 97.897 13.278746 0.011436 25 315688.0 1788.15 176.544 10.999748 0.007218 1.39 0.0 25.0 0.0 25.0 0 2.278997 1.189747 1.089251 90.37 2.87 1.0 6.0 1.0 5.0 31.576 9.5546 0.0 544.15 12.64 4500.0 1.0 -0.5 111.0 "" "" "" 10.46726 0.020428 5.0 "" VARIABLE 0.0 0.0 0.999992 "" "" "" "" "" "" "" "" "" "" "" "" "" "" "" "" "" "" "" "" "" "" 271.77305045246 -29.60829073726 0.547721 0.380513 0.1801 0.209135
221 "Hen 3-1591" "" 101,102 "" 271.8834166666666 -25.895361111111107 10.5 0.02 9.68 0.02 9.07 0.02 7.98 0.02 7.21 0.02 5.4 0.02 4.17 0.03 S/D'? S+IR 2225.0 133.0 504.0 19.0 "" "" "" 3288.0 1.31 0.08 4454.0 1171.0 1084.0 1272.0 X "" 1,3,20 "" C "Hen 3-1591" 76922718834135895 271.88340849 -25.89537147 0.037 0.01 0.0 906289152 108 55864.03684028 3 94 13.4456 0.0111 13.471 0.0019 16892216 12.8032 0.001 12.6702 0.001 16794680 12.986 "" "" "" 4 12.352 "" "" "" 114724 11.7618 0.001 11.6703 0.001 16892216 0.045737 221 "Hen 3-1591" "" 101,102 "" 271.8834166666666 -25.895361111111107 10.5 0.02 9.68 0.02 9.07 0.02 7.98 0.02 7.21 0.02 5.4 0.02 4.17 0.03 S/D'? S+IR 2225.0 133.0 504.0 19.0 "" "" "" 3288.0 1.31 0.08 4454.0 1171.0 1084.0 1272.0 X "" 1,3,20 "" C "Hen 3-1591" "Gaia DR3 4064867004473774848" 271.88340502484 -25.89537219054 0.0 0.0 70.0 1636148068921376768 4064867004473774848 731883411 0.0174 0.0152 0.7988 0.0214 37.3796 1.228 0.857 0.022 -0.879 0.017 0.1088 0.0049 -0.0248 -0.1079 -0.4243 -0.0993 -0.4354 -0.0989 0.3691 0.1637 222 222 222 0 -7.5617 128.18 0.0 0.0 31 False 1.426 "" "" "" "" "" "" "" 26 17 0.03152 27 0.03802 177.9 0 0 0.659 0 224 189735.38357 326.329 581.423 12.491996 0.003328 25 73831.6 476.762 154.861 13.167936 0.007546 23 169267.0 881.471 192.027 11.676468 0.006801 1.281 0.0 0.0 0.0 0.0 0 1.491468 0.675941 0.815528 "" "" "" "" "" "" "" "" "" "" "" "" "" "" "" "" "" "" "" "" "" "" VARIABLE 0.0 0.0 0.999962 5459.6 5438.4 5547.8 3.0493 3.039 3.0718 -0.5798 -0.5801 -0.5787 1301.854 1279.9183 1314.0073 1.4936 1.478 1.563 1.1759 1.1627 1.2337 0.6401 0.6326 0.6725 MARCS 271.88340078952 -25.89536828578 0.357902 0.276423 0.17 0.054885
223 "Ve 2-57" "" 101,102 "" 272.091875 -24.5625 8.87 0.03 7.6 0.02 7.11 0.03 6.81 0.07 6.92 0.02 6.72 0.02 5.98 0.07 S S 2711.0 125.0 "" "" "" "" "" 3549.0 1.07 0.05 3290.0 6064.0 4100.0 9284.0 C? "" 3 "" "" "Ve 2-57" 78522720917065637 272.09188087 -24.56251656 0.005 0.005 90.0 570499072 68 56834.64050926 4 13 16.8565 0.0039 16.9269 0.0051 114992 "" "" "" "" 114720 "" "" "" "" 32 13.8978 0.0 12.8028 0.001 65584 11.4542 0.001 12.4418 0.0011 114744 0.062638 223 "Ve 2-57" "" 101,102 "" 272.091875 -24.5625 8.87 0.03 7.6 0.02 7.11 0.03 6.81 0.07 6.92 0.02 6.72 0.02 5.98 0.07 S S 2711.0 125.0 "" "" "" "" "" 3549.0 1.07 0.05 3290.0 6064.0 4100.0 9284.0 C? "" 3 "" "" "Ve 2-57" "Gaia DR3 4065871335252612608" 272.09188547407 -24.56249622707 0.0 0.0 66.0 1636148068921376768 4065871335252612608 1412230295 0.0348 0.0294 0.232 0.0435 5.3288 3.185 -1.44 0.043 2.841 0.031 0.187 -0.1679 0.1329 -0.1904 -0.4652 -0.0659 -0.3666 -0.2178 0.3287 0.1421 220 8 219 1 -3.0204 1061.2 0.241 23.839 31 False 1.174 "" "" "" "" "" "" "" 25 16 0.060798 25 0.1262 0.2567 0 0 0.856 0 217 98801.97875 563.082 175.466 13.200453 0.006773 25 6996.76 353.341 19.8017 15.726299 0.054901 25 154526.0 2042.86 75.6422 11.775388 0.014843 1.635 0.0 0.0 0.0 0.0 0 3.950912 2.525846 1.425065 -2.49 0.96 1.0 3.0 1.0 3.0 13.268 -0.51793 0.713662 799.312 2.48 3600.0 1.5 -1.0 111.0 "" "" "" 11.192659 0.0516 2.0 "" VARIABLE 0.0 0.0 1.0 3756.9 3704.2 3762.5 1.1103 1.0129 1.1396 0.0527 0.0512 0.0543 1425.1124 1376.3453 1651.7675 5.6129 5.236 5.6453 3.4044 3.1553 3.4265 2.0673 1.9517 2.0768 PHOENIX 272.09189251252 -24.56250885179 0.686767 0.508716 0.1535 0.036886
225 "Ap 1-9" "" 101,102 "" 272.6205833333333 -28.12805555555555 9.8 0.03 8.91 0.03 8.61 0.03 8.22 0.02 8.16 0.02 7.62 0.02 7.0 0.11 S S 2765.0 68.0 "" "" "" "" "" 3580.0 1.05 0.03 "" 8866.0 6403.0 12677.0 C X 3 20,39 X "PN Ap  1-9" 74242726205526627 272.62051637 -28.12807649 0.004 0.004 0.0 637853696 76 55913.66878472 4 41 14.2401 0.0021 14.3277 0.0667 114992 12.536 "" "" "" 114724 11.831 "" "" "" 4 11.385 "" "" "" 4 11.125 "" "" "" 98340 0.22556 225 "Ap 1-9" "" 101,102 "" 272.6205833333333 -28.12805555555555 9.8 0.03 8.91 0.03 8.61 0.03 8.22 0.02 8.16 0.02 7.62 0.02 7.0 0.11 S S 2765.0 68.0 "" "" "" "" "" 3580.0 1.05 0.03 "" 8866.0 6403.0 12677.0 C X 3 20,39 X "PN Ap  1-9" "Gaia DR3 4050920382301202688" 272.6205158527 -28.12807681575 0.0 0.0 53.0 1636148068921376768 4050920382301202688 696046728 0.0236 0.0206 0.1142 0.0229 4.9863 4.187 -3.497 0.026 -2.303 0.02 0.4928 -0.0601 -0.3378 -0.4451 -0.2255 -0.3997 -0.6124 -0.1947 0.1604 0.4702 216 200 215 1 -5.6935 158.06 0.0 0.0 31 False 1.359 "" "" "" "" "" "" "" 25 15 0.043555 26 0.1747 86.3 0 0 0.734 0 220 187249.68882 3051.2 61.3692 12.506314 0.017905 21 57391.5 4314.83 13.301 13.441423 0.081676 20 205921.0 9055.96 22.7388 11.463641 0.047898 1.406 0.0 14.0 0.0 0.0 0 1.977782 0.935109 1.042673 "" "" "" "" "" "" "" "" "" "" "" "" "" "" "" "" "" "" "" "" "" "" VARIABLE 0.0 0.0 0.99996 "" "" "" "" "" "" "" "" "" "" "" "" "" "" "" "" "" "" "" "" "" "" 272.62053347878 -28.1280665824 0.430979 0.33168 0.4922 0.2275
226 "AS 281" "" 101,102 "" 272.68274999999994 -27.963916666666663 8.3 0.02 7.28 0.03 6.92 0.02 6.69 0.07 6.8 0.02 6.5 0.02 6.09 0.07 S S 2889.0 114.0 "" "" "" "" "" 3652.0 1.0 0.04 4040.0 8744.0 6084.0 12794.0 C "" 3,20,36,39 "" X "EM* AS  281" 74442726827453643 272.68274957 -27.96392525 0.159 0.033 90.0 1174724608 140 55801.29855324 1 63 14.3714 0.0032 14.3749 0.0017 280 12.427 "" "" "" 36 11.267 "" "" "" 4 10.428 "" "" "" 65572 10.019 "" "" "" 4 0.03093 226 "AS 281" "" 101,102 "" 272.68274999999994 -27.963916666666663 8.3 0.02 7.28 0.03 6.92 0.02 6.69 0.07 6.8 0.02 6.5 0.02 6.09 0.07 S S 2889.0 114.0 "" "" "" "" "" 3652.0 1.0 0.04 4040.0 8744.0 6084.0 12794.0 C "" 3,20,36,39 "" X "EM* AS  281" "Gaia DR3 4050929693788352384" 272.68274332863 -27.96392919346 0.0 0.0 59.0 1636148068921376768 4050929693788352384 9828053 0.0368 0.0321 0.2089 0.0407 5.1359 4.292 -3.47 0.043 -2.526 0.033 0.2477 -0.0347 -0.0652 -0.3592 -0.3458 -0.2883 -0.4187 -0.1562 0.2686 0.1281 240 240 239 1 -4.4951 1000.4 0.26 23.528 31 False 1.216 "" "" "" "" "" "" "" 27 16 0.062483 29 0.01972 158.3 43 0 0.798 0 253 265782.66794 946.884 280.692 12.12605 0.004749 29 34389.5 618.553 55.5967 13.997478 0.019727 28 393920.0 3766.49 104.586 10.759375 0.011048 1.612 0.0 29.0 0.0 20.0 0 3.238103 1.871428 1.366675 -137.23 1.01 1.0 7.0 2.0 5.0 38.721 4.2293 0.000206 750.727 6.13 3800.0 4.5 1.0 101.0 "" "" "" 10.347831 0.018152 5.0 "" VARIABLE 0.0 0.0 0.999988 "" "" "" "" "" "" "" "" "" "" "" "" "" "" "" "" "" "" "" "" "" "" 272.68276078854 -27.96391796869 0.698658 0.538058 0.1605 0.049836
227 "V2506 Sgr" "" 101,102 "" 272.7570416666666 -28.54455555555555 9.53 0.02 8.6 0.02 8.17 0.02 7.95 0.02 7.98 0.02 7.48 0.02 6.6 0.07 S S 2799.0 97.0 "" "" "" "" "" 3599.0 1.04 0.04 4220.0 4143.0 2875.0 6699.0 C "" 3,20,39 "" "" "V* V2506 Sgr" 73742727570256856 272.75700704 -28.54457973 0.02 0.006 0.0 235200512 28 55887.78489583 4 61 15.7644 0.1282 15.8511 0.0049 16696 14.2046 0.0 14.205 0.0 16793912 12.76 "" "" "" 4 11.77 "" "" "" 16420 11.333 "" "" "" 32804 0.139875 227 "V2506 Sgr" "" 101,102 "" 272.7570416666666 -28.54455555555555 9.53 0.02 8.6 0.02 8.17 0.02 7.95 0.02 7.98 0.02 7.48 0.02 6.6 0.07 S S 2799.0 97.0 "" "" "" "" "" 3599.0 1.04 0.04 4220.0 4143.0 2875.0 6699.0 C "" 3,20,39 "" "" "V* V2506 Sgr" "Gaia DR3 4050848540419995776" 272.75700360784 -28.54458377492 0.0 0.0 54.0 1636148068921376768 4050848540419995776 223904949 0.0286 0.025 0.0948 0.0265 3.5786 10.646 -6.007 0.035 -8.788 0.026 0.3936 -0.0298 -0.4858 -0.3585 -0.089 -0.3533 -0.7062 -0.2024 0.0653 0.4368 193 0 191 2 -5.8789 181.81 0.0 0.0 31 False 1.217 "" "" "" "" "" "" "" 22 15 0.056558 23 0.1009 180.0 0 0 0.71 0 201 102034.92662 430.652 236.931 13.165495 0.005347 22 14543.6 505.163 28.7899 14.931861 0.037815 22 144179.0 1573.08 91.654 11.850637 0.012434 1.556 0.0 1.0 0.0 0.0 0 3.081223 1.766366 1.314857 62.01 3.93 1.0 4.0 0.0 4.0 16.243 2.7061 0.029234 735.394 14.38 3800.0 4.0 0.75 111.0 "" "" "" "" "" "" "" VARIABLE 0.0 0.0 0.999962 "" "" "" "" "" "" "" "" "" "" "" "" "" "" "" "" "" "" "" "" "" "" 272.75703400237 -28.54454471503 0.574546 0.427246 0.4462 0.1575
228 "V5590 Sgr" "" 167 "" 272.7654166666666 -27.2915 9.29 0.02 8.13 0.04 7.35 0.02 6.04 0.1 5.29 0.04 4.33 0.02 3.64 0.02 S S+IR 1757.0 99.0 644.0 53.0 "" "" "" 3064.0 1.65 0.05 "" 8892.0 6526.0 12516.0 "" "" "" "" "" "V* V5590 Sgr" 75252727653850493 272.76540731 -27.29151158 0.246 0.213 90.0 637853696 76 55466.66736111 3 67 13.1609 0.001 13.0908 0.001 16892472 14.384 0.0081 14.0045 0.0333 16777496 13.036 "" "" "" 4 11.88 "" "" "" 4 11.298 "" "" "" 98340 0.051322 228 "V5590 Sgr" "" 167 "" 272.7654166666666 -27.2915 9.29 0.02 8.13 0.04 7.35 0.02 6.04 0.1 5.29 0.04 4.33 0.02 3.64 0.02 S S+IR 1757.0 99.0 644.0 53.0 "" "" "" 3064.0 1.65 0.05 "" 8892.0 6526.0 12516.0 "" "" "" "" "" "V* V5590 Sgr" "Gaia DR3 4062997383662308736" 272.76540111539 -27.29151328751 0.0 0.0 93.0 1636148068921376768 4062997383662308736 644338049 0.031 0.0259 0.1285 0.032 4.0216 2.843 -2.713 0.038 -0.849 0.028 -0.0162 -0.217 -0.2027 -0.0078 -0.0204 0.0167 -0.4619 -0.0464 0.059 -0.0273 222 222 218 4 -3.1545 503.14 0.202 13.175 95 False "" 1.3768 0.0075 0.061 -0.037 -0.037 -0.068 -0.097 26 15 0.05286 28 0.03325 92.12 28 0 0.849 0 238 235966.32252 1094.34 215.625 12.255241 0.00574 25 93038.4 1666.01 55.845 12.916886 0.019641 25 257351.0 4771.23 53.9381 11.221581 0.020481 1.485 0.0 0.0 0.0 0.0 0 1.695306 0.661645 1.033661 "" "" "" "" "" "" "" "" "" "" "" "" "" "" "" "" "" "" "" "" "" "" VARIABLE 0.0 0.0 0.999646 6240.5 5924.2 6376.8 2.5775 2.5144 2.7655 -1.1644 -1.5788 -1.0341 2300.2341 1586.1372 2483.7861 2.2732 2.0893 2.3719 1.8136 1.6554 1.895 1.0009 0.9155 1.0458 PHOENIX 272.76541468579 -27.29150951572 0.61219 0.457686 -0.0268 0.069018
230 "AS 289" "" 101,102 "" 273.0923333333333 -11.668638888888887 6.72 0.02 5.51 0.03 4.99 0.02 4.72 0.18 4.55 0.09 4.35 0.02 3.67 0.04 S S 2524.0 84.0 "" "" "" "" "" 3445.0 1.15 0.03 3295.0 1664.0 1364.0 2125.0 X C 1,2,3 19,20 X "EM* AS  289" 93992730924687834 273.09225936 -11.66863689 0.047 0.047 90.0 302063616 36 55712.73811343 0 24 13.6083 0.0 13.646 0.0 280 12.4748 "" 13.3529 0.2135 24 9.9352 0.0262 "" "" 24 9.3568 "" 12.338 0.0935 24 9.3037 0.0419 9.5864 0.0609 16 0.2609 230 "AS 289" "" 101,102 "" 273.0923333333333 -11.668638888888887 6.72 0.02 5.51 0.03 4.99 0.02 4.72 0.18 4.55 0.09 4.35 0.02 3.67 0.04 S S 2524.0 84.0 "" "" "" "" "" 3445.0 1.15 0.03 3295.0 1664.0 1364.0 2125.0 X C 1,2,3 19,20 X "EM* AS  289" "Gaia DR3 4156835340974302464" 273.09223988386 -11.66864157282 0.0 0.0 57.0 1636148068921376768 4156835340974302464 919394728 0.0397 0.0363 0.3028 0.0438 6.9178 4.304 -4.18 0.047 1.026 0.04 0.2069 -0.0151 -0.188 -0.1982 -0.2919 -0.2216 -0.4717 -0.029 0.1134 0.337 205 205 202 3 -1.785 2735.0 0.317 110.31 31 False 1.181 "" "" "" "" "" "" "" 23 14 0.07308 23 0.3444 172.5 2 0 0.91 0 202 874351.81062 18492.9 47.2803 10.833151 0.023129 22 85238.6 14951.7 5.70093 13.011951 0.190469 22 1229480.0 60476.5 20.3299 9.52359 0.053539 1.504 0.0 0.0 0.0 0.0 0 3.488361 2.178801 1.309561 "" "" "" "" "" "" "" "" "" "" "" "" "" "" "" "" "" "" "" "" "" "" VARIABLE 0.0 0.0 0.99997 8259.3 8204.6 8314.4 1.8053 1.7946 1.8163 -0.9865 -1.0114 -0.9464 1621.3553 1604.8221 1637.8071 6.8307 6.7961 6.8602 5.1002 5.0784 5.1197 2.9191 2.9059 2.9306 PHOENIX 273.09225885524 -11.66864613223 0.760493 0.656023 0.3469 0.329607
