SySt-PS-GaiaEDR3.ecsv
# %ECSV 1.0
# ---
# datatype:
# - {name: recno_1, datatype: int64}
# - {name: Name_1, datatype: string}
# - {name: OName_1, datatype: string}
# - {name: Ref_1, datatype: string}
# - {name: n_Name_1, datatype: string}
# - {name: RAJ2000_1, datatype: float64}
# - {name: DEJ2000_1, datatype: float64}
# - {name: Jmag_1, datatype: float64}
# - {name: e_Jmag_1, datatype: float64}
# - {name: Hmag_1, datatype: float64}
# - {name: e_Hmag_1, datatype: float64}
# - {name: Ksmag_1, datatype: float64}
# - {name: e_Ksmag_1, datatype: float64}
# - {name: W1mag_1, datatype: float64}
# - {name: e_W1mag_1, datatype: float64}
# - {name: W2mag_1, datatype: float64}
# - {name: e_W2mag_1, datatype: float64}
# - {name: W3mag_1, datatype: float64}
# - {name: e_W3mag_1, datatype: float64}
# - {name: W4mag_1, datatype: float64}
# - {name: e_W4mag_1, datatype: float64}
# - {name: Old_1, datatype: string}
# - {name: New_1, datatype: string}
# - {name: TBB_1, datatype: float64}
# - {name: e_TBB_1, datatype: float64}
# - {name: Tdust1_1, datatype: float64}
# - {name: e_Tdust1_1, datatype: float64}
# - {name: Tdust2_1, datatype: float64}
# - {name: e_Tdust2_1, datatype: float64}
# - {name: Tdust3_1, datatype: float64}
# - {name: Tcool_1, datatype: float64}
# - {name: Peak_1, datatype: float64}
# - {name: e_Peak_1, datatype: float64}
# - {name: TGaia_1, datatype: float64}
# - {name: Dist_1, datatype: float64}
# - {name: b_Dist_1, datatype: float64}
# - {name: B_Dist_1, datatype: float64}
# - {name: OVI_1, datatype: string}
# - {name: OVI2_1, datatype: string}
# - {name: r_OVI_1, datatype: string}
# - {name: r_OVI2_1, datatype: string}
# - {name: X-ray_1, datatype: string}
# - {name: SimbadName_1, datatype: string}
# - {name: objID, datatype: int64}
# - {name: RAJ2000_x, datatype: float64}
# - {name: DEJ2000_x, datatype: float64}
# - {name: errHalfMaj_1, datatype: float64}
# - {name: errHalfMin_1, datatype: float64}
# - {name: errPosAng_1, datatype: float64}
# - {name: f_objID, datatype: int64}
# - {name: Qual, datatype: int64}
# - {name: Epoch, datatype: float64}
# - {name: Ns, datatype: int64}
# - {name: Nd, datatype: int64}
# - {name: gmag, datatype: float64}
# - {name: e_gmag, datatype: float64}
# - {name: gKmag, datatype: float64}
# - {name: e_gKmag, datatype: float64}
# - {name: gFlags, datatype: int64}
# - {name: rmag, datatype: float64}
# - {name: e_rmag, datatype: float64}
# - {name: rKmag, datatype: float64}
# - {name: e_rKmag, datatype: float64}
# - {name: rFlags, datatype: int64}
# - {name: imag, datatype: float64}
# - {name: e_imag, datatype: float64}
# - {name: iKmag, datatype: float64}
# - {name: e_iKmag, datatype: float64}
# - {name: iFlags, datatype: int64}
# - {name: zmag, datatype: float64}
# - {name: e_zmag, datatype: float64}
# - {name: zKmag, datatype: float64}
# - {name: e_zKmag, datatype: float64}
# - {name: zFlags, datatype: int64}
# - {name: ymag, datatype: float64}
# - {name: e_ymag, datatype: float64}
# - {name: yKmag, datatype: float64}
# - {name: e_yKmag, datatype: float64}
# - {name: yFlags, datatype: int64}
# - {name: angDist_1, datatype: float64}
# - {name: recno_2, datatype: int64}
# - {name: Name_2, datatype: string}
# - {name: OName_2, datatype: string}
# - {name: Ref_2, datatype: string}
# - {name: n_Name_2, datatype: float64}
# - {name: RAJ2000_2, datatype: float64}
[...]
[from data line 55]
164 2MASSJ17334728-2719266 "" 112 "" 263.4470416666666 -27.32408333333333 9.32 0.04 7.91 0.03 7.26 0.02 6.32 0.08 5.87 0.05 4.73 0.01 4.03 0.03 S S+IR 1881.0 95.0 399.0 31.0 "" "" "" 3121.0 1.54 0.08 "" "" "" "" X "" 13 "" "" "2MASS J17334728-2719266" 75212634470741334 263.44709109 -27.32422355 0.078 0.07 0.0 377806848 45 56193.62193287 0 70 17.44 0.0272 17.4016 0.0137 16777496 15.0917 0.0218 14.4206 0.002 16777496 13.097 "" "" "" 4 11.892 "" "" "" 4 11.291 "" "" "" 4 0.528951 164 2MASSJ17334728-2719266 "" 112 "" 263.4470416666666 -27.32408333333333 9.32 0.04 7.91 0.03 7.26 0.02 6.32 0.08 5.87 0.05 4.73 0.01 4.03 0.03 S S+IR 1881.0 95.0 399.0 31.0 "" "" "" 3121.0 1.54 0.08 "" "" "" "" X "" 13 "" "" "2MASS J17334728-2719266" 263.44693157854 -27.32396243279 0.0027047 0.0017406 73.32 4061345440525803776 263.44692108611 0.122 -27.3240070027 0.0914 -0.2866 0.1291 -2.2195 10.245 -2.097 0.164 -10.028 0.112 253 2.4967 5649.97 1.0 216.3 95 1.082 0.0299 17 1.113 False 21223.5 951.878 14.870325 3171.12 776.292 16.58551 78852.2 12.50586 3.865 4.07965 "" "" 0 "" "" "" "" "" "" 0.048773 0.265803 0.071792 14.85416 0.048055 21541.8 2.234 2.6387 1.8392 0.2428 0.559829
165 "PN Th 3-31" "" 101,102 "" 263.5700416666666 -29.48666666666666 9.74 0.03 8.53 0.07 7.95 0.03 7.26 0.03 7.39 0.02 6.9 0.02 6.18 0.08 S S 2335.0 50.0 "" "" "" "" "" 3344.0 1.24 0.02 3354.0 "" "" "" C X 3 39 "" "PN Th  3-31" 72612635700436256 263.5700167 -29.48673237 0.025 0.018 0.0 637853696 76 56063.92113426 6 66 18.1978 0.053 18.2662 0.077 16696 15.7886 0.0015 15.8073 0.0103 16696 12.892 "" "" "" 16420 11.956 "" "" "" 114724 11.475 "" "" "" 32804 0.249136 165 "PN Th 3-31" "" 101,102 "" 263.5700416666666 -29.48666666666666 9.74 0.03 8.53 0.07 7.95 0.03 7.26 0.03 7.39 0.02 6.9 0.02 6.18 0.08 S S 2335.0 50.0 "" "" "" "" "" 3344.0 1.24 0.02 3354.0 "" "" "" C X 3 39 "" "PN Th  3-31" 263.57002672091 -29.4866938699 0.0015497 0.0010312 71.85 4058584566870668928 263.57000581026 0.0733 -29.48672147473 0.0545 0.0204 0.0852 0.2397 7.44 -4.095 0.094 -6.211 0.067 223 8.4617 1912.27 0.534 48.39 31 "" "" 17 1.43 False 22769.0 156.388 14.794005 1367.2 104.851 17.498966 38739.1 13.277522 1.761 4.221444 "" "" 0 "" "" 7.261263570043626e+16 "" 162596735.0 "" 0.00795 0.083312 0.017148 14.794005 0.00795 22769.0 0.111 1.5072 1.0924 0.2406 0.108555
166 "M 1-21" "" 101,102 "" 263.57174999999995 -19.156388888888888 8.66 0.02 7.6 0.07 7.1 0.03 6.85 0.05 6.89 0.02 6.42 0.02 5.74 0.05 S S 2668.0 71.0 "" "" "" "" "" 3524.0 1.09 0.03 "" 6867.0 4499.0 10742.0 C "" 1,3,39 "" "" "PN M  1-21" 85012635717742731 263.57173064 -19.15635223 0.043 0.027 90.0 906289152 108 55886.31135417 2 67 14.5639 0.0035 14.6026 0.0029 115000 12.682 "" "" "" 114724 11.538 "" "" "" 16420 10.744 "" "" "" 4 10.326 "" "" "" 16420 0.147482 166 "M 1-21" "" 101,102 "" 263.57174999999995 -19.156388888888888 8.66 0.02 7.6 0.07 7.1 0.03 6.85 0.05 6.89 0.02 6.42 0.02 5.74 0.05 S S 2668.0 71.0 "" "" "" "" "" 3524.0 1.09 0.03 "" 6867.0 4499.0 10742.0 C "" 1,3,39 "" "" "PN M  1-21" 263.57174179978 -19.15633508688 0.0006668 0.0004518 74.5 4121623962125563776 263.57172297147 0.0343 -19.1563519427 0.0276 -0.0188 0.0537 -0.3503 5.513 -4.002 0.041 -3.793 0.028 474 5.7842 2520.51 0.261 58.43 31 "" "" 16 1.194 False 149864.0 844.504 12.748127 22619.5 661.372 14.452334 220744.0 11.388174 1.624 3.06416 "" "" 0 "" "" 8.501263571774274e+16 "" 187670454.0 "" 0.00671 0.031868 0.014962 12.748127 0.00671 149864.0 0.133 0.6538 0.4704 0.2014 0.195684
167 357.98+01.57 "" 110 "" 263.6479166666666 -29.806111111111107 10.02 0.03 8.68 0.03 8.07 0.04 7.62 0.03 7.66 0.02 6.96 0.02 5.55 0.06 S S 2362.0 80.0 "" "" "" "" "" 3358.0 1.23 0.03 3294.0 "" "" "" C "" 12 "" "" "2MASS J17343548-2948221" 72232636477952861 263.64780137 -29.80619536 0.006 0.004 0.0 503635968 60 56070.06381944 5 49 19.4822 0.0221 19.6224 0.0399 115000 16.9522 0.016 17.0405 0.0225 115000 14.887 0.0035 14.925 0.0028 114992 13.4116 0.0054 13.4126 0.0009 16892208 12.3756 0.0016 12.4287 0.0029 16892216 0.470854 167 357.98+01.57 "" 110 "" 263.6479166666666 -29.806111111111107 10.02 0.03 8.68 0.03 8.07 0.04 7.62 0.03 7.66 0.02 6.96 0.02 5.55 0.06 S S 2362.0 80.0 "" "" "" "" "" 3358.0 1.23 0.03 3294.0 "" "" "" C "" 12 "" "" "2MASS J17343548-2948221" 263.64782709962 -29.80616042081 0.0014556 0.0010576 98.68 4058557903709240320 263.64779943061 0.0688 -29.80618317203 0.0548 0.1257 0.0934 1.3464 7.442 -5.402 0.091 -5.119 0.065 273 2.9507 1694.23 0.567 48.38 31 "" "" 15 1.129 False 16475.6 90.7107 15.145266 753.381 53.7203 18.146006 28588.6 13.607413 1.781 4.538592 "" "" 0 "" "" 7.223263647795286e+16 "" "" "" 0.006582 0.077469 0.014599 15.145266 0.006582 16475.6 0.086 1.4478 1.0683 -0.0964 0.331349
168 "Hen 2-251" "" 101,102 "" 263.8426666666666 -29.755499999999994 10.42 0.02 8.63 0.03 6.95 0.02 4.63 0.18 3.61 0.23 1.72 0.02 0.3 0.02 D D "" "" 999.0 51.0 389.0 31.0 "" "" 2.9 0.08 "" 7327.0 4836.0 11422.0 C "" 1,33,39 "" "" "Hen 2-251" 72292638426293651 263.84263387 -29.75552748 0.004 0.003 0.0 503635968 60 56001.42476852 10 67 18.8554 0.0117 18.9607 0.0203 115000 15.6831 0.0388 15.7599 0.0432 115000 15.9459 0.0102 15.8947 0.0364 16892208 14.6223 0.0281 14.6399 0.0092 16892216 14.241 0.0078 14.2208 0.0004 16892216 0.142454 168 "Hen 2-251" "" 101,102 "" 263.8426666666666 -29.755499999999994 10.42 0.02 8.63 0.03 6.95 0.02 4.63 0.18 3.61 0.23 1.72 0.02 0.3 0.02 D D "" "" 999.0 51.0 389.0 31.0 "" "" 2.9 0.08 "" 7327.0 4836.0 11422.0 C "" 1,33,39 "" "" "Hen 2-251" 263.84266418039 -29.75553007888 0.0014223 0.0009404 80.11 4058561820720486272 263.84263331669 0.065 -29.75552620613 0.0498 0.0426 0.0745 0.5713 6.091 -6.029 0.087 0.871 0.058 268 2.3404 586.3 0.442 16.58 95 1.2743 0.0154 17 1.103 False 8851.79 29.7459 15.819789 2448.5 31.0515 16.866291 11513.1 14.594916 1.577 2.271375 "" "" 0 "" "" 7.229263842629365e+16 "" 162617609.0 "" 0.004572 0.014049 0.011797 15.810344 0.004547 8929.14 0.204 1.4104 0.9581 0.1425 0.108562
169 "NSV 22840" "" 110 "" 263.99362499999995 -28.83169444444444 10.5 0.02 9.2 0.02 8.65 0.02 8.21 0.02 8.19 0.02 7.63 0.03 7.1 0.13 S S 2393.0 67.0 "" "" "" "" "" 3375.0 1.21 0.03 3701.0 5798.0 3616.0 9787.0 X "" 12 "" "" "NSV 22840" 73402639936402260 263.99365007 -28.83173002 0.024 0.004 90.0 503635968 60 56025.14416667 6 62 18.4755 0.0479 18.5804 0.0687 16696 16.7575 0.0166 16.8195 0.0234 16696 13.7617 0.1092 13.9056 0.0081 115000 12.956 "" "" "" 16420 12.3614 0.0072 12.3283 0.0051 16793912 0.150511 169 "NSV 22840" "" 110 "" 263.99362499999995 -28.83169444444444 10.5 0.02 9.2 0.02 8.65 0.02 8.21 0.02 8.19 0.02 7.63 0.03 7.1 0.13 S S 2393.0 67.0 "" "" "" "" "" 3375.0 1.21 0.03 3701.0 5798.0 3616.0 9787.0 X "" 12 "" "" "NSV 22840" 263.99362024251 -28.83170566328 0.0013717 0.0009318 84.05 4060313750650464512 263.99364280348 0.0632 -28.83172997583 0.0476 0.0041 0.0758 0.0541 7.05 4.447 0.086 -5.47 0.057 258 12.8137 1587.79 0.485 43.52 31 "" "" 17 1.619 False 18604.0 41.4402 15.01335 1548.93 27.8231 17.363464 30052.7 13.553185 1.699 3.810279 "" "" 0 "" "" 7.340263993640226e+16 "" 164233182.0 "" 0.003666 0.019701 0.007943 15.01335 0.003666 18604.0 0.103 1.3678 0.9377 0.0815 0.043085
170 "PN Pt 1" "" 101,102 "" 264.7064583333333 -23.901499999999995 10.09 0.02 8.91 0.02 8.49 0.02 8.24 0.02 8.21 0.02 7.86 0.02 7.16 0.13 S S 2643.0 87.0 "" "" "" "" "" 3510.0 1.1 0.03 4704.0 6107.0 4363.0 9121.0 C "" 1,3 "" "" "PN Pt    1" 79312647064348091 264.70642155 -23.90187593 0.115 0.067 90.0 235200512 28 55965.18395833 6 63 16.4177 0.0456 16.4692 0.0608 115000 14.4046 0.0001 14.4594 0.008 16892216 13.163 "" "" "" 36 12.291 "" "" "" 114724 11.838 "" "" "" 98340 1.358752 170 "PN Pt 1" "" 101,102 "" 264.7064583333333 -23.901499999999995 10.09 0.02 8.91 0.02 8.49 0.02 8.24 0.02 8.21 0.02 7.86 0.02 7.16 0.13 S S 2643.0 87.0 "" "" "" "" "" 3510.0 1.1 0.03 4704.0 6107.0 4363.0 9121.0 C "" 1,3 "" "" "PN Pt    1" 264.70642113247 -23.90183335391 0.0004274 0.0002193 77.29 4116352873442484096 264.70642036614 0.0195 -23.90187864321 0.0141 0.1028 0.0223 4.6077 10.191 -0.158 0.026 -10.19 0.014 542 -0.6902 590.4 0.0 0.0 31 "" "" 17 0.978 False 55154.4 81.9776 13.833417 7091.64 59.8521 15.711676 76694.2 12.53599 1.519 3.175686 "" "" 0 "" "" 7.93126470643481e+16 "" 180607307.0 "" 0.003193 0.009579 0.005181 13.833417 0.003193 55154.4 0.012 0.4197 0.2337 0.2946 1.206304
172 "K 6-6" "" 101,102 "" 264.8261666666666 -28.252361111111107 9.42 0.03 8.2 0.04 7.52 0.02 6.69 0.05 6.36 0.02 5.23 0.02 4.5 0.03 S S 1782.0 77.0 "" "" "" "" "" 3075.0 1.63 0.04 "" 4077.0 2542.0 7486.0 C "" 39 "" "" "PN K  6-6" 74092648261117469 264.82611545 -28.25233845 0.014 0.008 90.0 503635968 60 56108.28693287 4 89 18.073 0.0057 18.1973 0.0086 115000 15.1951 0.0078 15.2449 0.0016 115000 15.1651 0.0206 15.2215 0.0206 16892216 12.38 "" "" "" 114724 11.715 "" "" "" 4 0.181752 172 "K 6-6" "" 101,102 "" 264.8261666666666 -28.252361111111107 9.42 0.03 8.2 0.04 7.52 0.02 6.69 0.05 6.36 0.02 5.23 0.02 4.5 0.03 S S 1782.0 77.0 "" "" "" "" "" 3075.0 1.63 0.04 "" 4077.0 2542.0 7486.0 C "" 39 "" "" "PN K  6-6" 264.82612891647 -28.25234379719 0.0007587 0.000428 79.97 4060265200345451776 264.82610916579 0.0337 -28.25235634226 0.0268 0.0705 0.0415 1.6981 4.826 -3.915 0.046 -2.823 0.026 398 -2.0681 841.16 0.196 14.23 31 "" "" 17 0.926 False 32030.2 573.487 14.423467 5868.07 87.3372 15.917304 47442.6 13.057474 1.664 2.85983 "" "" 0 "" "" 7.409264826111747e+16 "" 164567312.0 "" 0.019634 0.016399 0.063258 14.423467 0.019634 32030.2 0.204 0.7508 0.4416 0.203 0.134966
173 "RT Ser" "" 101,102 "" 264.9665833333333 -11.944166666666664 8.39 0.02 7.34 0.06 6.88 0.03 6.77 0.07 6.62 0.02 6.14 0.01 5.42 0.04 S S 2650.0 68.0 "" "" "" "" "" 3514.0 1.09 0.03 3348.0 3683.0 2671.0 6177.0 C "" 1,3 "" "" "V* RT Ser" 93662649664737569 264.96660236 -11.9441455 0.01 0.007 0.0 637853696 76 55929.19179398 7 55 15.3532 0.0783 15.402 0.0932 115000 12.569 "" "" "" 98340 11.387 "" "" "" 32804 10.552 "" "" "" 16420 10.121 "" "" "" 32804 0.101475 173 "RT Ser" "" 101,102 "" 264.9665833333333 -11.944166666666664 8.39 0.02 7.34 0.06 6.88 0.03 6.77 0.07 6.62 0.02 6.14 0.01 5.42 0.04 S S 2650.0 68.0 "" "" "" "" "" 3514.0 1.09 0.03 3348.0 3683.0 2671.0 6177.0 C "" 1,3 "" "" "V* RT Ser" 264.9665966928 -11.94411635655 0.0007597 0.0005048 89.11 4162257037120281216 264.96660398612 0.0341 -11.94414907897 0.0256 0.2354 0.0379 6.2062 7.536 1.605 0.047 -7.363 0.03 546 -0.7397 6916.82 0.302 137.5 31 "" "" 18 0.977 False 209576.0 1478.93 12.38401 17720.5 490.827 14.717349 324013.0 10.971488 1.631 3.745861 "" "" 0 "" "" 9.366264966473757e+16 "" 197633113.0 391106026.0 0.008142 0.030202 0.021368 12.38401 0.008142 209576.0 0.044 0.7596 0.5049 0.0131 0.187129
174 359.76+01.15 "" 110 "" 265.14416666666665 -28.52805555555555 9.65 0.03 8.1 0.04 7.2 0.02 5.94 0.07 5.75 0.05 4.85 0.02 3.66 0.03 S S+IR 1756.0 36.0 328.0 24.0 "" "" "" 3064.0 1.65 0.02 3363.0 7399.0 4728.0 11717.0 X "" 12 "" "" "2MASS J17403463-2831411" 73762651442766543 265.1442821 -28.52810079 0.005 0.003 0.0 503635968 60 55959.76150463 5 96 20.1647 0.0197 20.2764 0.0391 115000 16.8874 0.0329 16.9771 0.0625 115000 15.4207 0.041 15.4353 0.057 115000 12.72 "" "" "" 114724 11.954 "" "" "" 114724 0.399774 174 359.76+01.15 "" 110 "" 265.14416666666665 -28.52805555555555 9.65 0.03 8.1 0.04 7.2 0.02 5.94 0.07 5.75 0.05 4.85 0.02 3.66 0.03 S S+IR 1756.0 36.0 328.0 24.0 "" "" "" 3064.0 1.65 0.02 3363.0 7399.0 4728.0 11717.0 X "" 12 "" "" "2MASS J17403463-2831411" 265.1442807929 -28.52809286902 0.0015938 0.0007124 76.71 4060242149311835520 265.14428238012 0.0621 -28.52811568992 0.0499 0.0496 0.0685 0.7235 5.144 0.314 0.097 -5.135 0.046 447 4.0523 1441.67 0.392 28.48 31 "" "" 17 1.139 False 11916.8 201.013 15.496964 614.66 9.94125 18.366955 21139.3 13.93517 1.825 4.431785 "" "" 0 "" "" 7.376265144276654e+16 "" 164575261.0 "" 0.01852 0.017781 0.062993 15.496964 0.01852 11916.8 0.145 1.5598 0.7842 0.3719 0.385154
177 2MASSJ17422035-2401162 "" 112 "" 265.5848333333333 -24.02119444444444 10.2 0.02 9.0 0.03 8.44 0.02 8.26 0.02 8.23 0.02 7.56 0.02 6.69 0.08 S S 2525.0 94.0 "" "" "" "" "" 3445.0 1.15 0.04 "" "" "" "" C "" 13 "" "" "2MASS J17422035-2401162" 79172655847994831 265.58478192 -24.02122973 0.006 0.005 90.0 637853696 76 56073.85927083 6 64 17.4319 0.0085 17.4252 0.018 16892208 15.1056 0.0046 15.1265 0.0035 280 14.9129 0.0329 14.9185 0.0256 16777496 12.604 "" "" "" 98340 12.4127 0.0122 12.3829 0.0021 115256 0.211464 177 2MASSJ17422035-2401162 "" 112 "" 265.5848333333333 -24.02119444444444 10.2 0.02 9.0 0.03 8.44 0.02 8.26 0.02 8.23 0.02 7.56 0.02 6.69 0.08 S S 2525.0 94.0 "" "" "" "" "" 3445.0 1.15 0.04 "" "" "" "" C "" 13 "" "" "2MASS J17422035-2401162" 265.5847907987 -24.02120110175 0.001024 0.0005085 73.93 4068379669255286912 265.58477112507 0.0424 -24.02123073945 0.0315 -0.0385 0.0496 -0.7751 7.798 -4.043 0.062 -6.668 0.034 354 3.2276 777.3 0.252 11.57 31 "" "" 17 1.124 False 17991.0 210.275 15.049727 1772.51 91.0158 17.217072 28552.3 13.608794 1.686 3.608277 "" "" 0 "" "" 7.917265584799483e+16 "" "" "" 0.012985 0.055821 0.031249 15.049727 0.012985 17991.0 0.117 0.994 0.5649 0.3743 0.141902
178 "UU Ser" "" 101,102 "" 265.65954166666666 -15.407277777777775 10.48 0.02 9.52 0.02 9.12 0.03 9.1 0.02 9.06 0.02 8.33 0.03 7.72 0.19 S S 2899.0 142.0 "" "" "" "" "" 3658.0 1.0 0.05 3666.0 6596.0 5204.0 8756.0 C X 39 3 "" "V* UU Ser" 89512656595691584 265.65952993 -15.40727514 0.054 0.012 90.0 503635968 60 55789.24476852 6 54 15.0515 0.1226 15.0372 0.052 16892216 13.2076 0.0 13.1316 0.0 16794168 12.772 "" "" "" 16420 12.215 "" "" "" 114724 11.904 "" "" "" 16420 0.041826 178 "UU Ser" "" 101,102 "" 265.65954166666666 -15.407277777777775 10.48 0.02 9.52 0.02 9.12 0.03 9.1 0.02 9.06 0.02 8.33 0.03 7.72 0.19 S S 2899.0 142.0 "" "" "" "" "" 3658.0 1.0 0.05 3666.0 6596.0 5204.0 8756.0 C X 39 3 "" "V* UU Ser" 265.65954433185 -15.40725976664 0.0005937 0.0003511 83.14 4148962253597431680 265.65953038464 0.0273 -15.40728070483 0.0206 0.0336 0.0309 1.0907 5.599 -3.025 0.036 -4.711 0.021 407 17.3245 1048.47 0.18 20.25 31 "" "" 18 1.669 False 63232.3 551.834 13.685019 16919.6 1042.36 14.767568 77714.5 12.521641 1.497 2.245927 "" "" 0 "" "" 8.951265659569158e+16 "" 190760609.0 "" 0.009868 0.066947 0.017065 13.685019 0.009868 63232.3 0.127 0.591 0.3557 0.1293 0.065497
179 "V2110 Oph" "" 101,102 "" 265.8888333333333 -22.760277777777773 9.8 0.02 8.39 0.05 7.64 0.02 7.14 0.04 6.86 0.02 5.7 0.02 5.06 0.04 S/D S 1956.0 101.0 "" "" "" "" "" 3156.0 1.48 0.05 3289.0 "" "" "" X "" 1,3 "" "" "V* V2110 Oph" 80682658888358027 265.88882029 -22.76027093 0.003 0.003 0.0 503635968 60 56011.13618056 4 81 20.6653 0.05 18.1206 0.0307 115000 16.3645 0.0626 16.4677 0.0487 115000 15.0794 0.0002 15.1456 0.002 280 13.1436 0.0734 13.138 0.0234 115000 12.0206 0.0752 12.0128 0.0312 115000 0.049825 179 "V2110 Oph" "" 101,102 "" 265.8888333333333 -22.760277777777773 9.8 0.02 8.39 0.05 7.64 0.02 7.14 0.04 6.86 0.02 5.7 0.02 5.06 0.04 S/D S 1956.0 101.0 "" "" "" "" "" 3156.0 1.48 0.05 3289.0 "" "" "" X "" 1,3 "" "" "V* V2110 Oph" 265.88883804432 -22.76025577883 0.0024354 0.0014711 77.23 4116907164716691200 265.88881551311 0.1262 -22.76026960573 0.0921 0.079 0.1495 0.5284 5.615 -4.675 0.15 -3.111 0.092 359 11.9616 2471.37 0.819 37.0 31 "" "" 18 1.481 False 2718.4 31.8257 17.101583 94.2255 10.048 20.40312 5656.83 15.366462 2.116 5.036658 "" "" 0 "" "" 8.068265888835803e+16 "" "" "" 0.013006 0.115814 0.037595 17.101583 0.013006 2718.4 0.35 2.3973 1.5323 0.221 0.080726
