SySt-PS-Gaia.ecsv
# %ECSV 1.0
# ---
# datatype:
# - {name: recno_1, datatype: int64}
# - {name: Name_1, datatype: string}
# - {name: OName_1, datatype: string}
# - {name: Ref_1, datatype: string}
# - {name: n_Name_1, datatype: string}
# - {name: RAJ2000_1, datatype: float64}
# - {name: DEJ2000_1, datatype: float64}
# - {name: Jmag_1, datatype: float64}
# - {name: e_Jmag_1, datatype: float64}
# - {name: Hmag_1, datatype: float64}
# - {name: e_Hmag_1, datatype: float64}
# - {name: Ksmag_1, datatype: float64}
# - {name: e_Ksmag_1, datatype: float64}
# - {name: W1mag_1, datatype: float64}
# - {name: e_W1mag_1, datatype: float64}
# - {name: W2mag_1, datatype: float64}
# - {name: e_W2mag_1, datatype: float64}
# - {name: W3mag_1, datatype: float64}
# - {name: e_W3mag_1, datatype: float64}
# - {name: W4mag_1, datatype: float64}
# - {name: e_W4mag_1, datatype: float64}
# - {name: Old_1, datatype: string}
# - {name: New_1, datatype: string}
# - {name: TBB_1, datatype: float64}
# - {name: e_TBB_1, datatype: float64}
# - {name: Tdust1_1, datatype: float64}
# - {name: e_Tdust1_1, datatype: float64}
# - {name: Tdust2_1, datatype: float64}
# - {name: e_Tdust2_1, datatype: float64}
# - {name: Tdust3_1, datatype: float64}
# - {name: Tcool_1, datatype: float64}
# - {name: Peak_1, datatype: float64}
# - {name: e_Peak_1, datatype: float64}
# - {name: TGaia_1, datatype: float64}
# - {name: Dist_1, datatype: float64}
# - {name: b_Dist_1, datatype: float64}
# - {name: B_Dist_1, datatype: float64}
# - {name: OVI_1, datatype: string}
# - {name: OVI2_1, datatype: string}
# - {name: r_OVI_1, datatype: string}
# - {name: r_OVI2_1, datatype: string}
# - {name: X-ray_1, datatype: string}
# - {name: SimbadName_1, datatype: string}
# - {name: objID, datatype: int64}
# - {name: RAJ2000_x_1, datatype: float64}
# - {name: DEJ2000_x_1, datatype: float64}
# - {name: errHalfMaj_1, datatype: float64}
# - {name: errHalfMin_1, datatype: float64}
# - {name: errPosAng_1, datatype: float64}
# - {name: f_objID, datatype: int64}
# - {name: Qual, datatype: int64}
# - {name: Epoch, datatype: float64}
# - {name: Ns, datatype: int64}
# - {name: Nd, datatype: int64}
# - {name: gmag, datatype: float64}
# - {name: e_gmag, datatype: float64}
# - {name: gKmag, datatype: float64}
# - {name: e_gKmag, datatype: float64}
# - {name: gFlags, datatype: int64}
# - {name: rmag, datatype: float64}
# - {name: e_rmag, datatype: float64}
# - {name: rKmag, datatype: float64}
# - {name: e_rKmag, datatype: float64}
# - {name: rFlags, datatype: int64}
# - {name: imag, datatype: float64}
# - {name: e_imag, datatype: float64}
# - {name: iKmag, datatype: float64}
# - {name: e_iKmag, datatype: float64}
# - {name: iFlags, datatype: int64}
# - {name: zmag, datatype: float64}
# - {name: e_zmag, datatype: float64}
# - {name: zKmag, datatype: float64}
# - {name: e_zKmag, datatype: float64}
# - {name: zFlags, datatype: int64}
# - {name: ymag, datatype: float64}
# - {name: e_ymag, datatype: float64}
# - {name: yKmag, datatype: float64}
# - {name: e_yKmag, datatype: float64}
# - {name: yFlags, datatype: int64}
# - {name: angDist_1, datatype: float64}
# - {name: recno_2, datatype: int64}
# - {name: Name_2, datatype: string}
# - {name: OName_2, datatype: string}
# - {name: Ref_2, datatype: string}
# - {name: n_Name_2, datatype: string}
[...]
[from data line 142]
277 IPHASJ190742.36+000251.1 "" 115 "" 286.9265 0.0475277777777777 10.79 0.02 9.73 0.03 9.35 0.03 9.07 0.02 9.1 0.02 8.67 0.03 7.83 0.23 S S 2721.0 94.0 "" "" "" "" "" 3554.0 1.07 0.04 3650.0 9133.0 6900.0 12250.0 C "" 16 "" "" "IPHAS J190742.36+000251.1" 108052869265457444 286.92650336 0.04750197 0.006 0.006 90.0 906289152 108 56000.06869213 5 64 16.599 0.0485 16.6534 0.0379 16696 15.0479 0.0824 15.0701 0.1025 16696 13.401 "" "" "" 114724 12.718 "" "" "" 114724 12.4709 0.004 12.5264 0.013 16696 0.093692 277 IPHASJ190742.36+000251.1 "" 115 "" 286.9265 0.0475277777777777 10.79 0.02 9.73 0.03 9.35 0.03 9.07 0.02 9.1 0.02 8.67 0.03 7.83 0.23 S S 2721.0 94.0 "" "" "" "" "" 3554.0 1.07 0.04 3650.0 9133.0 6900.0 12250.0 C "" 16 "" "" "IPHAS J190742.36+000251.1" "Gaia DR3 4267161196689403008" 286.92650233145 0.04750113556 0.0 0.0 56.0 1636148068921376768 4267161196689403008 1174765680 0.0243 0.0223 0.0321 0.0265 1.212 6.951 -3.697 0.028 -5.887 0.024 0.1985 -0.1045 -0.1842 -0.1048 -0.1693 -0.0676 -0.2385 -0.1802 0.0452 0.1433 207 0 205 2 6.3342 343.61 0.125 4.5153 31 False 1.256 "" "" "" "" "" "" "" 24 16 0.040098 26 0.08028 77.79 0 0 1.331 0 166 38849.47899 203.294 191.1 14.213903 0.006314 24 5099.89 400.482 12.7344 16.06964 0.085306 24 48294.4 940.205 51.3658 13.038155 0.021473 1.374 0.0 18.0 0.0 1.0 0 3.031485 1.855736 1.175749 -174.22 6.59 2.0 3.0 1.0 2.0 5.2983 "" "" 783.385 "" 5000.0 3.5 -1.0 111.0 "" "" "" 12.39891 0.032459 2.0 "" VARIABLE 0.0 0.0 0.999958 "" "" "" "" "" "" "" "" "" "" "" "" "" "" "" "" "" "" "" "" "" "" 286.92651876082 0.04752729917 0.449409 0.390087 0.1496 0.096279
278 IPHASJ190832.31+051226.5 "" 106 "" 287.134625 5.20736111111111 10.68 0.03 9.26 0.03 8.53 0.02 8.24 0.02 8.19 0.02 7.59 0.03 6.68 0.13 S,D? S 2350.0 85.0 "" "" "" "" "" 3352.0 1.23 0.04 3295.0 "" "" "" X "" 9 "" "" "IPHAS J190832.31+051226.5" 114242871346439289 287.13463518 5.20735358 0.003 0.002 0.0 1443160192 172 55935.00241898 11 70 19.8972 "" "" "" 115000 17.6634 0.1318 17.7475 0.1484 115000 15.8086 0.0072 15.8827 0.0037 115000 14.3491 0.0779 14.3741 0.0737 115000 13.2766 0.0044 13.2693 0.0035 115000 0.045465 278 IPHASJ190832.31+051226.5 "" 106 "" 287.134625 5.20736111111111 10.68 0.03 9.26 0.03 8.53 0.02 8.24 0.02 8.19 0.02 7.59 0.03 6.68 0.13 S,D? S 2350.0 85.0 "" "" "" "" "" 3352.0 1.23 0.04 3295.0 "" "" "" X "" 9 "" "" "IPHAS J190832.31+051226.5" "Gaia DR3 4305481311531942400" 287.13463114298 5.20735092955 0.0 0.0 43.0 1636148068921376768 4305481311531942400 466214506 0.1231 0.1253 0.1128 0.152 0.7421 6.929 -3.197 0.15 -6.147 0.143 0.3238 -0.2337 0.0038 -0.3136 -0.2859 -0.2338 -0.1588 -0.2239 0.037 0.2429 304 0 302 2 16.4773 2122.3 1.205 60.286 95 False "" 1.1452 0.0247 -0.075 -0.12 0.053 0.038 0.076 35 17 0.231238 40 0.1392 85.21 0 0 1.747 0 304 3944.6233 38.2696 103.075 16.697353 0.010888 33 148.232 12.926 11.4678 19.91119 0.094718 33 7335.18 208.318 35.2114 15.08437 0.031066 1.897 0.0 2.0 0.0 0.0 0 4.82682 3.213837 1.612984 "" "" "" "" "" "" "" "" "" "" "" "" "" "" "" "" "" "" "" "" "" "" VARIABLE 0.0 0.0 1.0 "" "" "" "" "" "" "" "" "" "" "" "" "" "" "" "" "" "" "" "" "" "" 287.13464541132 5.20737825117 2.404429 2.307322 0.2697 0.042761
279 IPHASJ190924.64-010910.2 "" 103 "" 287.3526666666666 -1.152861111111111 11.44 0.02 10.3 0.02 9.8 0.02 9.55 0.02 9.56 0.02 9.24 0.05 8.02 "" S S 2588.0 102.0 "" "" "" "" "" 3480.0 1.12 0.04 3920.0 5332.0 3525.0 8257.0 X "" 26 "" "" "IPHAS J190924.64-010910.2" 106612873526767018 287.35265337 -1.15287438 0.077 0.015 90.0 503635968 60 55854.9441088 5 74 19.1725 0.0497 19.2229 0.0403 16892216 18.1484 0.0285 18.1997 0.0163 115000 16.1685 0.0709 16.1975 0.0303 115000 14.4895 0.0435 14.5872 0.0442 115000 13.4128 0.0095 13.3766 0.0024 115000 0.067618 279 IPHASJ190924.64-010910.2 "" 103 "" 287.3526666666666 -1.152861111111111 11.44 0.02 10.3 0.02 9.8 0.02 9.55 0.02 9.56 0.02 9.24 0.05 8.02 "" S S 2588.0 102.0 "" "" "" "" "" 3480.0 1.12 0.04 3920.0 5332.0 3525.0 8257.0 X "" 26 "" "" "IPHAS J190924.64-010910.2" "Gaia DR3 4262320218796379264" 287.35264966024 -1.15287600089 0.0 0.0 53.0 1636148068921376768 4262320218796379264 16084384 0.0726 0.0684 -0.0102 0.0793 -0.1284 4.089 -1.556 0.083 -3.782 0.085 0.1985 0.0828 -0.2255 -0.2089 -0.0133 -0.1756 -0.107 -0.2325 0.0773 0.3486 203 0 203 0 10.4713 606.47 0.51 13.387 31 False 1.21 "" "" "" "" "" "" "" 23 14 0.137112 25 0.02024 103.4 0 0 1.568 0 209 6584.86415 45.1593 145.814 16.141 0.007939 23 942.102 49.5299 19.0209 17.903297 0.057149 23 10242.7 144.725 70.7731 14.721862 0.0158 1.699 0.0 10.0 0.0 11.0 0 3.181436 1.762297 1.419139 "" "" "" "" "" "" "" "" "" "" "" "" "" "" "" "" "" "" "" "" "" "" VARIABLE 0.0 0.0 0.999987 8237.8 8212.6 8247.4 2.6696 2.6637 2.6724 -1.1917 -1.1971 -1.1834 2184.5303 2178.4336 2192.8079 9.999 9.9971 9.9998 6.9257 6.9222 6.9271 4.0488 4.0469 4.0496 A 287.35265657561 -1.15285919219 1.343477 1.362526 0.362 0.081364
280 "PN K 3-22" "" 105 "" 287.3608333333333 12.012388888888887 12.34 0.02 10.33 0.02 8.82 0.02 7.02 0.04 5.94 0.03 4.14 0.02 2.72 0.02 D D "" "" 1154.0 92.0 484.0 25.0 "" "" 2.51 0.2 "" "" "" "" C "" 8 "" "" "PN K  3-22" 122412873608905284 287.36082949 12.01238761 0.023 0.008 0.0 503635968 60 56072.43752315 10 62 20.3789 0.034 20.4505 0.0231 115000 17.271 0.0059 17.2894 0.0057 115000 17.2559 0.0068 17.2368 0.0071 16892216 16.1014 0.0122 16.1268 0.0053 115000 15.217 0.0237 15.1696 0.0228 115000 0.014295 280 "PN K 3-22" "" 105 "" 287.3608333333333 12.012388888888887 12.34 0.02 10.33 0.02 8.82 0.02 7.02 0.04 5.94 0.03 4.14 0.02 2.72 0.02 D D "" "" 1154.0 92.0 484.0 25.0 "" "" 2.51 0.2 "" "" "" "" C "" 8 "" "" "PN K  3-22" "Gaia DR3 4313125288215049728" 287.36082833981 12.01239218743 0.0 0.0 34.0 1636148068921376768 4313125288215049728 638848614 0.0853 0.0935 0.1385 0.1072 1.2928 5.947 -2.8 0.102 -5.246 0.108 0.2323 0.0902 0.0238 -0.3621 -0.3068 -0.2797 -0.1775 -0.0219 -0.2829 0.0874 198 0 198 0 0.5853 232.77 0.267 1.3114 95 False "" 1.3028 0.024 -0.115 -0.038 0.203 -0.066 0.022 23 15 0.159369 25 0.01398 175.6 9 0 1.028 0 193 2070.78098 7.58823 272.894 17.397032 0.00484 22 578.618 9.96634 58.0572 18.432564 0.018908 24 3078.99 17.44 176.548 16.026875 0.007218 1.766 0.0 22.0 0.0 24.0 0 2.405689 1.035532 1.370157 "" "" "" "" "" "" "" "" "" "" "" "" "" "" "" "" "" "" "" "" "" "" VARIABLE 0.0 0.0 0.999863 "" "" "" "" "" "" "" "" "" "" "" "" "" "" "" "" "" "" "" "" "" "" 287.36084106377 12.01241550278 1.625261 1.740828 0.1209 0.021217
282 "Ap 3-1" "" 101,102 "" 287.65054166666664 2.8245 10.08 0.02 8.94 0.03 8.51 0.02 8.24 0.02 8.21 0.02 7.9 0.02 7.94 0.27 S S 2630.0 82.0 "" "" "" "" "" 3503.0 1.1 0.03 3307.0 6282.0 4375.0 9044.0 X "" 1 "" "" "PN Ap  3-1" 111382876505479827 287.65053167 2.82445738 0.058 0.013 0.0 235200640 28 55908.95540509 7 74 18.3844 0.0041 18.5308 0.0129 115000 16.2318 0.0287 16.29 0.0229 115000 13.241 "" "" "" 98340 12.34 "" "" "" 114724 11.88 "" "" "" 65572 0.157586 282 "Ap 3-1" "" 101,102 "" 287.65054166666664 2.8245 10.08 0.02 8.94 0.03 8.51 0.02 8.24 0.02 8.21 0.02 7.9 0.02 7.94 0.27 S S 2630.0 82.0 "" "" "" "" "" 3503.0 1.1 0.03 3307.0 6282.0 4375.0 9044.0 X "" 1 "" "" "PN Ap  3-1" "Gaia DR3 4268140453591785984" 287.65053886193 2.8244633391 0.0 0.0 105.0 1636148068921376768 4268140453591785984 229532321 0.0513 0.0439 -0.0461 0.0574 -0.8035 6.11 -2.55 0.062 -5.552 0.051 -0.093 0.0347 -0.0578 -0.0724 -0.302 -0.0824 -0.0053 0.0473 0.1001 -0.0305 184 0 183 1 7.3521 1277.8 0.385 40.317 31 False 1.177 "" "" "" "" "" "" "" 21 15 0.086373 22 0.03996 38.54 0 0 1.412 0 190 37235.09375 320.241 116.272 14.259986 0.009736 21 2691.26 92.7266 29.0236 16.763653 0.037513 20 57619.1 1449.08 39.7626 12.846479 0.027566 1.62 0.0 1.0 0.0 0.0 0 3.917173 2.503667 1.413507 -43.68 3.57 2.0 5.0 3.0 5.0 7.5824 "" "" 785.803 "" 3600.0 3.5 1.0 111.0 "" "" "" 12.212386 0.125107 2.0 "" VARIABLE 0.0 0.0 0.999999 3421.3 3416.6 3445.8 0.1379 0.1257 0.1828 -0.3995 -0.3999 -0.3991 8280.013 7478.7686 8469.312 3.1028 3.0319 3.4588 1.8084 1.7651 2.0275 1.2326 1.2082 1.3509 MARCS 287.65055021038 2.82448801541 1.001153 0.82245 -0.0225 0.132364
283 "MaC 1-17" "" 101,102 "" 288.238625 -5.355694444444444 10.38 0.02 9.35 0.03 8.96 0.02 8.78 0.02 8.8 0.02 8.33 0.03 7.69 0.17 S S 2772.0 110.0 "" "" "" "" "" 3584.0 1.05 0.04 3805.0 7788.0 5615.0 11074.0 X "" 39 "" "" "PN MaC  1-17" 101572882386283577 288.23860955 -5.35570545 0.088 0.083 90.0 503635968 60 55770.18802083 5 76 15.9139 0.0308 15.9719 0.0131 115000 14.1534 0.0486 14.3225 0.045 115000 13.038 "" "" "" 114724 12.34 "" "" "" 114724 11.965 "" "" "" 114724 0.068091 283 "MaC 1-17" "" 101,102 "" 288.238625 -5.355694444444444 10.38 0.02 9.35 0.03 8.96 0.02 8.78 0.02 8.8 0.02 8.33 0.03 7.69 0.17 S S 2772.0 110.0 "" "" "" "" "" 3584.0 1.05 0.04 3805.0 7788.0 5615.0 11074.0 X "" 39 "" "" "PN MaC  1-17" "Gaia DR3 4212073984827936640" 288.2386067385 -5.35571620962 0.0 0.0 76.0 1636148068921376768 4212073984827936640 1113122363 0.0198 0.0181 0.0292 0.0235 1.247 5.476 -3.467 0.024 -4.238 0.021 0.0462 0.0059 0.0738 -0.091 -0.3527 -0.0423 0.0399 -0.1102 0.0829 0.1909 208 0 205 3 5.6773 325.28 0.107 5.1048 31 False 1.258 "" "" "" "" "" "" "" 24 17 0.034063 24 0.02006 152.4 0 0 1.295 0 207 61729.5197 542.231 113.844 13.711135 0.009927 24 9874.5 573.16 17.2282 15.352255 0.063083 24 81960.0 1518.35 53.9796 12.463891 0.020466 1.488 0.0 1.0 0.0 1.0 0 2.888364 1.64112 1.247244 -67.04 21.41 1.0 11.0 2.0 8.0 14.593 34.2 0.0 963.536 162.15 3600.0 1.5 -1.0 111.0 "" "" "" 11.870949 0.047485 9.0 "" VARIABLE 0.0 0.0 0.999884 3695.3 3691.0 3717.4 0.1372 0.1214 0.1899 -0.8203 -0.8217 -0.82 9328.846 8842.123 9494.229 2.617 2.5857 2.6699 1.6925 1.6719 1.7312 0.9448 0.9336 0.9624 MARCS 288.23862221345 -5.35569737187 0.375651 0.334915 0.1988 0.102097
284 "V352 Aql" "" 101,102 "" 288.39037499999995 2.3036111111111106 10.9 0.02 9.82 0.02 9.43 0.03 9.25 0.02 9.33 0.02 9.06 0.03 8.94 "" S S 2813.0 134.0 "" "" "" "" "" 3607.0 1.03 0.05 4456.0 7231.0 5261.0 10094.0 C "" 39 "" "" "V* V352 Aql" 110762883903754793 288.39036838 2.30359385 0.07 0.013 90.0 235200512 28 55976.67979167 11 70 16.9812 0.0055 17.1214 0.045 115000 15.4483 0.0734 15.5183 0.0843 115000 14.2695 0.0017 14.1606 0.0024 16892472 12.911 "" "" "" 98340 12.7026 0.0089 12.679 0.0045 115000 0.066546 284 "V352 Aql" "" 101,102 "" 288.39037499999995 2.3036111111111106 10.9 0.02 9.82 0.02 9.43 0.03 9.25 0.02 9.33 0.02 9.06 0.03 8.94 "" S S 2813.0 134.0 "" "" "" "" "" 3607.0 1.03 0.05 4456.0 7231.0 5261.0 10094.0 C "" 39 "" "" "V* V352 Aql" "Gaia DR3 4267953674047447552" 288.39036739045 2.30359810538 0.0 0.0 62.0 1636148068921376768 4267953674047447552 914971265 0.0274 0.0257 0.0267 0.0318 0.8408 6.783 -2.966 0.034 -6.101 0.028 0.0975 0.1421 -0.1304 -0.1611 -0.1533 -0.1346 -0.144 -0.1546 -0.0812 0.0803 190 0 189 1 1.7221 300.75 0.145 5.2458 31 False 1.217 "" "" "" "" "" "" "" 22 16 0.047898 27 0.2191 83.73 0 0 1.089 0 224 27503.57325 254.325 108.143 14.588894 0.010411 21 3305.87 212.985 15.5216 16.540327 0.070006 23 39869.6 1117.18 35.6877 13.246291 0.030657 1.57 0.0 0.0 0.0 0.0 0 3.294036 1.951433 1.342603 -114.99 9.1 2.0 12.0 6.0 9.0 9.554 "" "" 961.525 "" 5500.0 4.5 0.0 0.0 "" "" "" 12.633987 0.084542 6.0 "" VARIABLE 0.0 0.0 0.999973 3867.4 3863.3 3899.5 1.4639 1.4564 1.5194 0.5899 0.589 0.59 4020.5015 3795.0222 4052.6377 4.0337 4.0057 4.115 2.5676 2.5511 2.6291 1.4771 1.4673 1.4999 MARCS 288.39038058117 2.30362522019 0.546432 0.459921 0.0947 0.054235
285 "ALS 1" "" 101,102 "" 289.06699999999995 -8.29611111111111 9.24 0.03 8.29 0.05 7.98 0.02 7.79 0.03 7.89 0.02 7.54 0.02 7.01 0.11 S S 2718.0 192.0 "" "" "" "" "" 3553.0 1.07 0.08 4145.0 7862.0 5742.0 11024.0 C? X 39 4 "" "[ALS88] 1" 98042890669705034 289.06697925 -8.29613122 0.077 0.038 0.0 906289152 108 55513.10453704 2 64 14.0918 0.0062 13.9471 0.0384 16892216 12.52 "" "" "" 114724 11.635 "" "" "" 16420 11.048 "" "" "" 16420 10.722 "" "" "" 4 0.103463 285 "ALS 1" "" 101,102 "" 289.06699999999995 -8.29611111111111 9.24 0.03 8.29 0.05 7.98 0.02 7.79 0.03 7.89 0.02 7.54 0.02 7.01 0.11 S S 2718.0 192.0 "" "" "" "" "" 3553.0 1.07 0.08 4145.0 7862.0 5742.0 11024.0 C? X 39 4 "" "[ALS88] 1" "Gaia DR3 4201684729502098688" 289.06698348855 -8.29612233054 0.0 0.0 126.0 1636148068921376768 4201684729502098688 1291283085 0.024 0.0229 0.2117 0.0289 7.3237 9.534 -3.606 0.027 -8.826 0.022 -0.1471 0.2337 0.0831 -0.3018 -0.5614 -0.3277 -0.0508 0.1261 -0.0745 0.0849 234 234 233 1 8.9946 1209.0 0.183 34.903 31 False 1.272 "" "" "" "" "" "" "" 27 15 0.03949 27 0.09532 77.08 0 0 1.448 0 233 201734.35017 1467.53 137.465 12.425417 0.008365 25 37534.2 1663.81 22.5592 13.902474 0.048209 26 265922.0 4166.89 63.8179 11.186009 0.017428 1.504 8.0 11.0 0.0 12.0 0 2.716465 1.477057 1.239408 18.93 0.89 2.0 6.0 6.0 4.0 25.659 "" "" 801.639 "" 4000.0 3.5 0.75 111.0 "" "" "" "" "" "" "" VARIABLE 0.0 0.0 0.997667 "" "" "" "" "" "" "" "" "" "" "" "" "" "" "" "" "" "" "" "" "" "" 289.06699968487 -8.29608310499 0.436517 0.353269 0.1221 0.071352
286 "BF Cyg" "" 101,102 "" 290.9729166666666 29.674777777777773 7.57 0.02 6.61 0.02 6.27 0.02 5.89 0.12 5.8 0.05 5.48 0.01 5.02 0.03 S S 2685.0 61.0 "" "" "" "" "" 3534.0 1.08 0.02 4762.0 4236.0 3807.0 4769.0 X "" 1 "" "" "V* BF Cyg" 143612909730940338 290.972979 29.674803 0.048 0.048 90.0 1409359872 168 51088.10069444 3 26 12.185 "" "" "" 114788 10.602 "" "" "" 68 9.798 "" "" "" 114788 9.272 "" "" "" 114788 8.977 "" "" "" 68 0.215076 286 "BF Cyg" "" 101,102 "" 290.9729166666666 29.674777777777773 7.57 0.02 6.61 0.02 6.27 0.02 5.89 0.12 5.8 0.05 5.48 0.01 5.02 0.03 S S 2685.0 61.0 "" "" "" "" "" 3534.0 1.08 0.02 4762.0 4236.0 3807.0 4769.0 X "" 1 "" "" "V* BF Cyg" "Gaia DR3 2038568676176360192" 290.9729103022 29.67474567392 0.0 0.0 172.0 1636148068921376768 2038568676176360192 42225433 0.0125 0.0164 0.1944 0.019 10.2093 6.044 -1.741 0.018 -5.787 0.021 -0.0814 0.0078 0.0309 -0.0538 0.0918 -0.0831 -0.2762 -0.1937 -0.1213 -0.0311 498 498 497 1 23.3743 2985.3 0.187 60.377 31 True 1.453 "" "" "" "" "" "" "" 56 28 0.030008 63 0.04772 37.09 0 0 1.83 0 529 2548787.36792 30770.8 82.8313 9.671533 0.013394 59 1082420.0 47574.7 22.752 10.252555 0.047802 59 2271190.0 66660.9 34.0708 8.857261 0.03209 1.316 0.0 0.0 0.0 0.0 0 1.395294 0.581022 0.814272 "" "" "" "" "" "" "" "" "" "" "" "" "" "" "" "" "" "" "" "" "" "" VARIABLE 0.0 0.0 0.999967 18808.1 18432.7 19321.7 2.6209 2.5906 2.6627 -0.9839 -0.9957 -0.9515 3400.5728 3232.7812 3559.035 3.8679 3.8561 3.8813 3.3509 3.3392 3.3651 1.8551 1.8485 1.8633 OB 290.97291920643 29.67477139582 0.284337 0.345958 -0.0246 0.117276
