#depth	He	He+	He+2
 1.00091e+14	3.09e-07	3.89e-03	9.96e-01
 6.00548e+14	3.25e-07	3.99e-03	9.96e-01
 1.82266e+15	3.66e-07	4.24e-03	9.96e-01
 3.49904e+15	4.23e-07	4.57e-03	9.95e-01
 5.07519e+15	4.81e-07	4.89e-03	9.95e-01
 6.45934e+15	5.36e-07	5.19e-03	9.95e-01
 7.98338e+15	6.04e-07	5.54e-03	9.94e-01
 9.82343e+15	7.01e-07	5.97e-03	9.94e-01
 1.16345e+16	8.03e-07	6.41e-03	9.94e-01
 1.32187e+16	9.02e-07	6.80e-03	9.93e-01
 1.49479e+16	1.03e-06	7.27e-03	9.93e-01
 1.70455e+16	1.20e-06	7.87e-03	9.92e-01
 1.91257e+16	1.37e-06	8.45e-03	9.92e-01
 2.09850e+16	1.55e-06	9.01e-03	9.91e-01
 2.30536e+16	1.78e-06	9.68e-03	9.90e-01
 2.51813e+16	2.03e-06	1.04e-02	9.90e-01
 2.69541e+16	2.25e-06	1.10e-02	9.89e-01
 2.88270e+16	2.53e-06	1.17e-02	9.88e-01
 3.08772e+16	2.85e-06	1.25e-02	9.88e-01
 3.28140e+16	3.18e-06	1.32e-02	9.87e-01
 3.46846e+16	3.54e-06	1.40e-02	9.86e-01
 3.68131e+16	4.00e-06	1.50e-02	9.85e-01
 3.92010e+16	4.57e-06	1.62e-02	9.84e-01
 4.14496e+16	5.15e-06	1.73e-02	9.83e-01
 4.35755e+16	5.79e-06	1.85e-02	9.81e-01
 4.56761e+16	6.50e-06	1.98e-02	9.80e-01
 4.79847e+16	7.41e-06	2.14e-02	9.79e-01
 5.03978e+16	8.48e-06	2.31e-02	9.77e-01
 5.25695e+16	9.58e-06	2.49e-02	9.75e-01
 5.45241e+16	1.07e-05	2.66e-02	9.73e-01
 5.62832e+16	1.19e-05	2.83e-02	9.72e-01
 5.78664e+16	1.31e-05	2.99e-02	9.70e-01
 5.92913e+16	1.43e-05	3.16e-02	9.68e-01
 6.05737e+16	1.55e-05	3.31e-02	9.67e-01
 6.17278e+16	1.67e-05	3.46e-02	9.65e-01
 6.27665e+16	1.79e-05	3.61e-02	9.64e-01
 6.37014e+16	1.91e-05	3.75e-02	9.62e-01
 6.45428e+16	2.03e-05	3.88e-02	9.61e-01
 6.53019e+16	2.14e-05	4.01e-02	9.60e-01
 6.60231e+16	2.26e-05	4.14e-02	9.59e-01
 6.67442e+16	2.39e-05	4.27e-02	9.57e-01
 6.74654e+16	2.53e-05	4.41e-02	9.56e-01
 6.81865e+16	2.68e-05	4.56e-02	9.54e-01
 6.89077e+16	2.86e-05	4.72e-02	9.53e-01
 6.96288e+16	3.03e-05	4.88e-02	9.51e-01
 7.03500e+16	3.23e-05	5.05e-02	9.49e-01
 7.10711e+16	3.47e-05	5.25e-02	9.48e-01
 7.17734e+16	3.73e-05	5.44e-02	9.46e-01
