#depth	O	O+	O+2	O+3	O+4	O+5	O+6	O+7	O+8	O[1]	O[2]	O[3]
 1.00091e+14	4.85e-11	5.11e-07	8.87e-04	9.89e-02	5.59e-01	2.96e-01	4.56e-02	0.00e+00	0.00e+00	3.58e-11	8.59e-12	4.01e-12
 6.00548e+14	5.39e-11	5.55e-07	9.43e-04	1.02e-01	5.63e-01	2.91e-01	4.35e-02	0.00e+00	0.00e+00	3.98e-11	9.55e-12	4.47e-12
 1.82266e+15	6.87e-11	6.71e-07	1.09e-03	1.10e-01	5.71e-01	2.79e-01	3.88e-02	0.00e+00	0.00e+00	5.07e-11	1.22e-11	5.70e-12
 3.49904e+15	9.18e-11	8.47e-07	1.31e-03	1.22e-01	5.80e-01	2.63e-01	3.34e-02	0.00e+00	0.00e+00	6.78e-11	1.62e-11	7.62e-12
 5.07519e+15	1.18e-10	1.04e-06	1.55e-03	1.33e-01	5.88e-01	2.48e-01	2.90e-02	0.00e+00	0.00e+00	8.70e-11	2.08e-11	9.79e-12
 6.45934e+15	1.46e-10	1.23e-06	1.78e-03	1.44e-01	5.93e-01	2.36e-01	2.57e-02	0.00e+00	0.00e+00	1.08e-10	2.57e-11	1.21e-11
 7.98338e+15	1.85e-10	1.48e-06	2.07e-03	1.55e-01	5.97e-01	2.23e-01	2.25e-02	0.00e+00	0.00e+00	1.36e-10	3.26e-11	1.54e-11
 9.82343e+15	2.48e-10	1.87e-06	2.46e-03	1.69e-01	6.00e-01	2.09e-01	1.92e-02	0.00e+00	0.00e+00	1.84e-10	4.38e-11	2.07e-11
 1.16345e+16	3.26e-10	2.31e-06	2.90e-03	1.84e-01	6.02e-01	1.95e-01	1.65e-02	0.00e+00	0.00e+00	2.41e-10	5.75e-11	2.72e-11
 1.32187e+16	4.11e-10	2.77e-06	3.32e-03	1.96e-01	6.02e-01	1.84e-01	1.44e-02	0.00e+00	0.00e+00	3.04e-10	7.24e-11	3.43e-11
 1.49479e+16	5.33e-10	3.39e-06	3.85e-03	2.10e-01	6.01e-01	1.72e-01	1.25e-02	0.00e+00	0.00e+00	3.93e-10	9.38e-11	4.46e-11
 1.70455e+16	7.20e-10	4.28e-06	4.57e-03	2.28e-01	5.98e-01	1.59e-01	1.05e-02	0.00e+00	0.00e+00	5.31e-10	1.27e-10	6.03e-11
 1.91257e+16	9.44e-10	5.29e-06	5.35e-03	2.45e-01	5.94e-01	1.47e-01	8.87e-03	0.00e+00	0.00e+00	6.97e-10	1.66e-10	7.92e-11
 2.09850e+16	1.20e-09	6.38e-06	6.15e-03	2.61e-01	5.89e-01	1.37e-01	7.64e-03	0.00e+00	0.00e+00	8.86e-10	2.11e-10	1.01e-10
 2.30536e+16	1.58e-09	7.87e-06	7.15e-03	2.78e-01	5.82e-01	1.26e-01	6.47e-03	0.00e+00	0.00e+00	1.17e-09	2.77e-10	1.33e-10
 2.51813e+16	2.02e-09	9.57e-06	8.28e-03	2.96e-01	5.74e-01	1.16e-01	5.49e-03	0.00e+00	0.00e+00	1.49e-09	3.55e-10	1.70e-10
 2.69541e+16	2.48e-09	1.13e-05	9.33e-03	3.12e-01	5.66e-01	1.08e-01	4.79e-03	0.00e+00	0.00e+00	1.84e-09	4.36e-10	2.09e-10
 2.88270e+16	3.11e-09	1.34e-05	1.06e-02	3.28e-01	5.57e-01	1.01e-01	4.14e-03	0.00e+00	0.00e+00	2.30e-09	5.46e-10	2.62e-10
 3.08772e+16	3.91e-09	1.60e-05	1.21e-02	3.45e-01	5.47e-01	9.29e-02	3.54e-03	0.00e+00	0.00e+00	2.89e-09	6.87e-10	3.31e-10
 3.28140e+16	4.83e-09	1.89e-05	1.36e-02	3.61e-01	5.36e-01	8.60e-02	3.06e-03	0.00e+00	0.00e+00	3.57e-09	8.47e-10	4.09e-10
 3.46846e+16	5.90e-09	2.21e-05	1.52e-02	3.77e-01	5.25e-01	7.98e-02	2.66e-03	0.00e+00	0.00e+00	4.36e-09	1.03e-09	5.00e-10
 3.68131e+16	7.45e-09	2.64e-05	1.73e-02	3.94e-01	5.13e-01	7.32e-02	2.27e-03	0.00e+00	0.00e+00	5.50e-09	1.31e-09	6.31e-10
 3.92010e+16	9.56e-09	3.21e-05	1.99e-02	4.14e-01	4.98e-01	6.65e-02	1.90e-03	0.00e+00	0.00e+00	7.06e-09	1.67e-09	8.12e-10
 4.14496e+16	1.19e-08	3.82e-05	2.26e-02	4.32e-01	4.83e-01	6.06e-02	1.61e-03	0.00e+00	0.00e+00	8.81e-09	2.09e-09	1.01e-09
 4.35755e+16	1.48e-08	4.52e-05	2.55e-02	4.48e-01	4.69e-01	5.55e-02	1.38e-03	0.00e+00	0.00e+00	1.09e-08	2.59e-09	1.26e-09
 4.56761e+16	1.83e-08	5.34e-05	2.86e-02	4.64e-01	4.55e-01	5.08e-02	1.18e-03	0.00e+00	0.00e+00	1.35e-08	3.21e-09	1.56e-09
 4.79847e+16	2.33e-08	6.43e-05	3.25e-02	4.82e-01	4.39e-01	4.60e-02	9.91e-04	0.00e+00	0.00e+00	1.72e-08	4.08e-09	1.99e-09
 5.03978e+16	2.99e-08	7.78e-05	3.71e-02	4.99e-01	4.22e-01	4.15e-02	8.28e-04	0.00e+00	0.00e+00	2.20e-08	5.22e-09	2.55e-09
 5.25695e+16	3.73e-08	9.24e-05	4.17e-02	5.14e-01	4.06e-01	3.77e-02	7.04e-04	0.00e+00	0.00e+00	2.75e-08	6.52e-09	3.19e-09
 5.45241e+16	4.58e-08	1.08e-04	4.64e-02	5.27e-01	3.92e-01	3.45e-02	6.07e-04	0.00e+00	0.00e+00	3.38e-08	8.00e-09	3.92e-09
 5.62832e+16	5.53e-08	1.25e-04	5.10e-02	5.38e-01	3.79e-01	3.19e-02	5.30e-04	0.00e+00	0.00e+00	4.08e-08	9.66e-09	4.74e-09
 5.78664e+16	6.58e-08	1.43e-04	5.57e-02	5.47e-01	3.67e-01	2.96e-02	4.69e-04	0.00e+00	0.00e+00	4.86e-08	1.15e-08	5.64e-09
 5.92913e+16	7.75e-08	1.62e-04	6.02e-02	5.56e-01	3.56e-01	2.76e-02	4.19e-04	0.00e+00	0.00e+00	5.72e-08	1.35e-08	6.65e-09
 6.05737e+16	9.01e-08	1.81e-04	6.46e-02	5.63e-01	3.46e-01	2.60e-02	3.78e-04	0.00e+00	0.00e+00	6.65e-08	1.57e-08	7.73e-09
 6.17278e+16	1.03e-07	2.01e-04	6.89e-02	5.69e-01	3.37e-01	2.45e-02	3.45e-04	0.00e+00	0.00e+00	7.62e-08	1.80e-08	8.86e-09
 6.27665e+16	1.16e-07	2.19e-04	7.29e-02	5.74e-01	3.29e-01	2.33e-02	3.17e-04	0.00e+00	0.00e+00	8.53e-08	2.02e-08	9.93e-09
 6.37014e+16	1.31e-07	2.40e-04	7.69e-02	5.78e-01	3.22e-01	2.22e-02	2.93e-04	0.00e+00	0.00e+00	9.64e-08	2.28e-08	1.12e-08
 6.45428e+16	1.46e-07	2.61e-04	8.07e-02	5.82e-01	3.15e-01	2.12e-02	2.73e-04	0.00e+00	0.00e+00	1.08e-07	2.55e-08	1.26e-08
 6.53019e+16	1.62e-07	2.83e-04	8.44e-02	5.85e-01	3.09e-01	2.04e-02	2.55e-04	0.00e+00	0.00e+00	1.20e-07	2.84e-08	1.40e-08
 6.60231e+16	1.80e-07	3.05e-04	8.81e-02	5.88e-01	3.04e-01	1.96e-02	2.40e-04	0.00e+00	0.00e+00	1.33e-07	3.14e-08	1.55e-08
 6.67442e+16	2.00e-07	3.29e-04	9.19e-02	5.91e-01	2.98e-01	1.88e-02	2.25e-04	0.00e+00	0.00e+00	1.47e-07	3.48e-08	1.72e-08
 6.74654e+16	2.22e-07	3.56e-04	9.59e-02	5.94e-01	2.92e-01	1.81e-02	2.10e-04	0.00e+00	0.00e+00	1.64e-07	3.87e-08	1.91e-08
 6.81865e+16	2.48e-07	3.86e-04	1.00e-01	5.96e-01	2.86e-01	1.73e-02	1.97e-04	0.00e+00	0.00e+00	1.83e-07	4.33e-08	2.14e-08
 6.89077e+16	2.82e-07	4.23e-04	1.05e-01	5.98e-01	2.80e-01	1.66e-02	1.83e-04	0.00e+00	0.00e+00	2.08e-07	4.92e-08	2.43e-08
 6.96288e+16	3.18e-07	4.62e-04	1.10e-01	6.00e-01	2.74e-01	1.59e-02	1.71e-04	0.00e+00	0.00e+00	2.35e-07	5.55e-08	2.74e-08
 7.03500e+16	3.61e-07	5.06e-04	1.15e-01	6.01e-01	2.68e-01	1.52e-02	1.59e-04	0.00e+00	0.00e+00	2.66e-07	6.29e-08	3.11e-08
 7.10711e+16	4.15e-07	5.60e-04	1.20e-01	6.03e-01	2.61e-01	1.44e-02	1.47e-04	0.00e+00	0.00e+00	3.06e-07	7.24e-08	3.58e-08
 7.17734e+16	4.85e-07	6.25e-04	1.26e-01	6.04e-01	2.55e-01	1.38e-02	1.36e-04	0.00e+00	0.00e+00	3.58e-07	8.45e-08	4.19e-08
