#depth	C	C+	C+2	C+3	C+4	C+5	C+6	C[1]	C[2]	C[3]	C+[1]	C+[2]	CO
 1.00091e+14	3.49e-09	9.89e-06	2.71e-03	4.23e-02	9.55e-01	9.27e-07	0.00e+00	3.42e-10	1.03e-09	1.76e-09	3.27e-06	6.62e-06	4.55e-31
 6.00548e+14	2.53e-09	1.06e-05	2.84e-03	4.35e-02	9.54e-01	8.96e-07	0.00e+00	2.48e-10	7.49e-10	1.27e-09	3.49e-06	7.07e-06	5.64e-31
 1.82266e+15	2.94e-09	1.24e-05	3.20e-03	4.65e-02	9.50e-01	8.95e-07	0.00e+00	2.88e-10	8.72e-10	1.48e-09	4.09e-06	8.27e-06	9.30e-31
 3.49904e+15	3.51e-09	1.50e-05	3.72e-03	5.08e-02	9.45e-01	8.91e-07	0.00e+00	3.44e-10	1.04e-09	1.77e-09	4.98e-06	1.01e-05	1.68e-30
 5.07519e+15	4.13e-09	1.79e-05	4.27e-03	5.49e-02	9.41e-01	8.86e-07	0.00e+00	4.05e-10	1.22e-09	2.08e-09	5.93e-06	1.20e-05	2.80e-30
 6.45934e+15	4.78e-09	2.08e-05	4.81e-03	5.87e-02	9.36e-01	8.89e-07	0.00e+00	4.69e-10	1.42e-09	2.41e-09	6.88e-06	1.39e-05	4.33e-30
 7.98338e+15	5.73e-09	2.45e-05	5.47e-03	6.31e-02	9.31e-01	8.88e-07	0.00e+00	5.61e-10	1.70e-09	2.88e-09	8.11e-06	1.64e-05	7.08e-30
 9.82343e+15	7.01e-09	2.98e-05	6.35e-03	6.88e-02	9.25e-01	8.92e-07	0.00e+00	6.88e-10	2.08e-09	3.53e-09	9.87e-06	1.99e-05	1.29e-29
 1.16345e+16	8.48e-09	3.57e-05	7.30e-03	7.45e-02	9.18e-01	8.94e-07	0.00e+00	8.32e-10	2.52e-09	4.27e-09	1.18e-05	2.39e-05	2.21e-29
 1.32187e+16	1.01e-08	4.17e-05	8.22e-03	7.98e-02	9.12e-01	8.94e-07	0.00e+00	9.87e-10	2.98e-09	5.07e-09	1.38e-05	2.79e-05	3.50e-29
 1.49479e+16	1.21e-08	4.94e-05	9.35e-03	8.59e-02	9.05e-01	8.95e-07	0.00e+00	1.19e-09	3.60e-09	6.11e-09	1.64e-05	3.30e-05	5.85e-29
 1.70455e+16	1.50e-08	5.99e-05	1.09e-02	9.36e-02	8.95e-01	9.04e-07	0.00e+00	1.48e-09	4.46e-09	7.57e-09	1.99e-05	4.01e-05	1.06e-28
 1.91257e+16	1.85e-08	7.22e-05	1.25e-02	1.01e-01	8.86e-01	9.01e-07	0.00e+00	1.82e-09	5.49e-09	9.33e-09	2.39e-05	4.82e-05	1.80e-28
 2.09850e+16	2.21e-08	8.46e-05	1.41e-02	1.09e-01	8.77e-01	9.03e-07	0.00e+00	2.17e-09	6.56e-09	1.11e-08	2.81e-05	5.65e-05	2.86e-28
 2.30536e+16	2.72e-08	1.01e-04	1.62e-02	1.17e-01	8.66e-01	9.14e-07	0.00e+00	2.68e-09	8.09e-09	1.37e-08	3.36e-05	6.75e-05	4.87e-28
 2.51813e+16	3.28e-08	1.20e-04	1.84e-02	1.26e-01	8.55e-01	9.09e-07	0.00e+00	3.23e-09	9.77e-09	1.66e-08	3.97e-05	7.99e-05	7.83e-28
 2.69541e+16	3.87e-08	1.37e-04	2.05e-02	1.34e-01	8.45e-01	9.20e-07	0.00e+00	3.81e-09	1.15e-08	1.95e-08	4.56e-05	9.17e-05	1.16e-27
 2.88270e+16	4.59e-08	1.59e-04	2.30e-02	1.43e-01	8.34e-01	9.18e-07	0.00e+00	4.52e-09	1.37e-08	2.32e-08	5.30e-05	1.06e-04	1.78e-27
 3.08772e+16	5.48e-08	1.85e-04	2.59e-02	1.53e-01	8.21e-01	9.20e-07	0.00e+00	5.40e-09	1.63e-08	2.77e-08	6.16e-05	1.24e-04	2.75e-27
 3.28140e+16	6.48e-08	2.14e-04	2.89e-02	1.62e-01	8.09e-01	9.27e-07	0.00e+00	6.39e-09	1.93e-08	3.28e-08	7.11e-05	1.43e-04	4.08e-27
 3.46846e+16	7.61e-08	2.45e-04	3.20e-02	1.72e-01	7.96e-01	9.27e-07	0.00e+00	7.50e-09	2.27e-08	3.84e-08	8.13e-05	1.63e-04	5.93e-27
 3.68131e+16	9.13e-08	2.86e-04	3.61e-02	1.83e-01	7.81e-01	9.25e-07	0.00e+00	9.01e-09	2.72e-08	4.62e-08	9.50e-05	1.91e-04	9.21e-27
 3.92010e+16	1.11e-07	3.37e-04	4.10e-02	1.96e-01	7.63e-01	9.31e-07	0.00e+00	1.10e-08	3.32e-08	5.63e-08	1.12e-04	2.25e-04	1.46e-26
 4.14496e+16	1.33e-07	3.92e-04	4.61e-02	2.08e-01	7.45e-01	9.32e-07	0.00e+00	1.32e-08	3.98e-08	6.75e-08	1.30e-04	2.61e-04	2.20e-26
 4.35755e+16	1.58e-07	4.52e-04	5.14e-02	2.20e-01	7.28e-01	9.34e-07	0.00e+00	1.56e-08	4.73e-08	8.01e-08	1.50e-04	3.01e-04	3.27e-26
 4.56761e+16	1.87e-07	5.20e-04	5.72e-02	2.33e-01	7.10e-01	9.39e-07	0.00e+00	1.85e-08	5.60e-08	9.49e-08	1.73e-04	3.47e-04	4.82e-26
 4.79847e+16	2.28e-07	6.08e-04	6.44e-02	2.47e-01	6.88e-01	9.42e-07	0.00e+00	2.25e-08	6.81e-08	1.15e-07	2.03e-04	4.06e-04	7.49e-26
 5.03978e+16	2.77e-07	7.11e-04	7.25e-02	2.61e-01	6.65e-01	9.62e-07	0.00e+00	2.74e-08	8.27e-08	1.40e-07	2.37e-04	4.74e-04	1.17e-25
 5.25695e+16	3.31e-07	8.21e-04	8.07e-02	2.75e-01	6.44e-01	9.66e-07	0.00e+00	3.27e-08	9.89e-08	1.68e-07	2.74e-04	5.47e-04	1.74e-25
 5.45241e+16	3.89e-07	9.34e-04	8.88e-02	2.87e-01	6.23e-01	9.72e-07	0.00e+00	3.85e-08	1.16e-07	1.97e-07	3.11e-04	6.22e-04	2.50e-25
 5.62832e+16	4.52e-07	1.05e-03	9.67e-02	2.98e-01	6.04e-01	9.78e-07	0.00e+00	4.48e-08	1.35e-07	2.29e-07	3.50e-04	7.00e-04	3.48e-25
 5.78664e+16	5.19e-07	1.17e-03	1.04e-01	3.08e-01	5.86e-01	9.83e-07	0.00e+00	5.14e-08	1.55e-07	2.63e-07	3.89e-04	7.78e-04	4.73e-25
 5.92913e+16	5.90e-07	1.29e-03	1.12e-01	3.17e-01	5.70e-01	9.85e-07	0.00e+00	5.84e-08	1.77e-07	2.99e-07	4.29e-04	8.58e-04	6.28e-25
 6.05737e+16	6.63e-07	1.41e-03	1.19e-01	3.25e-01	5.54e-01	9.90e-07	0.00e+00	6.57e-08	1.99e-07	3.37e-07	4.69e-04	9.37e-04	8.15e-25
 6.17278e+16	7.40e-07	1.52e-03	1.26e-01	3.32e-01	5.40e-01	9.94e-07	0.00e+00	7.33e-08	2.21e-07	3.75e-07	5.08e-04	1.02e-03	1.03e-24
 6.27665e+16	8.10e-07	1.63e-03	1.32e-01	3.38e-01	5.27e-01	9.97e-07	0.00e+00	8.03e-08	2.43e-07	4.11e-07	5.44e-04	1.09e-03	1.26e-24
 6.37014e+16	8.90e-07	1.75e-03	1.39e-01	3.44e-01	5.15e-01	9.99e-07	0.00e+00	8.82e-08	2.67e-07	4.52e-07	5.83e-04	1.16e-03	1.55e-24
 6.45428e+16	9.70e-07	1.86e-03	1.45e-01	3.50e-01	5.04e-01	1.00e-06	0.00e+00	9.62e-08	2.91e-07	4.92e-07	6.20e-04	1.24e-03	1.88e-24
 6.53019e+16	1.05e-06	1.97e-03	1.50e-01	3.54e-01	4.94e-01	1.00e-06	0.00e+00	1.04e-07	3.15e-07	5.33e-07	6.56e-04	1.31e-03	2.25e-24
 6.60231e+16	1.14e-06	2.08e-03	1.55e-01	3.59e-01	4.84e-01	1.01e-06	0.00e+00	1.13e-07	3.41e-07	5.77e-07	6.93e-04	1.38e-03	2.68e-24
 6.67442e+16	1.23e-06	2.19e-03	1.61e-01	3.63e-01	4.74e-01	1.01e-06	0.00e+00	1.22e-07	3.69e-07	6.25e-07	7.32e-04	1.46e-03	3.19e-24
 6.74654e+16	1.34e-06	2.32e-03	1.67e-01	3.67e-01	4.63e-01	1.01e-06	0.00e+00	1.33e-07	4.02e-07	6.80e-07	7.74e-04	1.55e-03	3.83e-24
 6.81865e+16	1.46e-06	2.46e-03	1.73e-01	3.72e-01	4.53e-01	1.01e-06	0.00e+00	1.45e-07	4.38e-07	7.42e-07	8.20e-04	1.64e-03	4.62e-24
 6.89077e+16	1.61e-06	2.61e-03	1.80e-01	3.76e-01	4.41e-01	1.02e-06	0.00e+00	1.60e-07	4.83e-07	8.18e-07	8.71e-04	1.74e-03	5.76e-24
 6.96288e+16	1.77e-06	2.78e-03	1.86e-01	3.80e-01	4.31e-01	1.01e-06	0.00e+00	1.76e-07	5.32e-07	9.01e-07	9.26e-04	1.85e-03	7.03e-24
 7.03500e+16	1.97e-06	2.95e-03	1.93e-01	3.84e-01	4.19e-01	1.01e-06	0.00e+00	1.95e-07	5.90e-07	9.99e-07	9.85e-04	1.97e-03	8.69e-24
 7.10711e+16	2.19e-06	3.15e-03	2.01e-01	3.89e-01	4.08e-01	1.01e-06	0.00e+00	2.18e-07	6.58e-07	1.11e-06	1.05e-03	2.10e-03	1.10e-23
 7.17734e+16	2.50e-06	3.38e-03	2.08e-01	3.93e-01	3.96e-01	1.01e-06	0.00e+00	2.49e-07	7.51e-07	1.27e-06	1.13e-03	2.25e-03	1.43e-23
