#depth	He	He+	He+2
 1.82972e+14	3.35e-07	4.22e-03	9.96e-01
 1.09783e+15	3.67e-07	4.42e-03	9.96e-01
 2.66805e+15	4.27e-07	4.77e-03	9.95e-01
 4.37823e+15	4.98e-07	5.16e-03	9.95e-01
 5.97347e+15	5.71e-07	5.53e-03	9.94e-01
 7.38374e+15	6.42e-07	5.88e-03	9.94e-01
 8.96360e+15	7.31e-07	6.29e-03	9.94e-01
 1.07423e+16	8.40e-07	6.76e-03	9.93e-01
 1.24427e+16	9.56e-07	7.23e-03	9.93e-01
 1.43164e+16	1.11e-06	7.78e-03	9.92e-01
 1.63699e+16	1.28e-06	8.39e-03	9.92e-01
 1.82727e+16	1.47e-06	8.97e-03	9.91e-01
 1.99858e+16	1.65e-06	9.52e-03	9.90e-01
 2.18368e+16	1.87e-06	1.02e-02	9.90e-01
 2.39021e+16	2.14e-06	1.09e-02	9.89e-01
 2.58427e+16	2.42e-06	1.16e-02	9.88e-01
 2.75874e+16	2.69e-06	1.22e-02	9.88e-01
 2.94805e+16	3.02e-06	1.30e-02	9.87e-01
 3.15656e+16	3.42e-06	1.38e-02	9.86e-01
 3.35179e+16	3.82e-06	1.46e-02	9.85e-01
 3.53849e+16	4.24e-06	1.54e-02	9.85e-01
 3.75238e+16	4.79e-06	1.65e-02	9.84e-01
 3.98567e+16	5.43e-06	1.76e-02	9.82e-01
 4.19951e+16	6.07e-06	1.86e-02	9.81e-01
 4.43282e+16	6.90e-06	1.99e-02	9.80e-01
 4.68563e+16	7.85e-06	2.14e-02	9.79e-01
 4.91369e+16	8.82e-06	2.27e-02	9.77e-01
 5.13035e+16	9.85e-06	2.41e-02	9.76e-01
 5.33847e+16	1.10e-05	2.56e-02	9.74e-01
 5.52578e+16	1.21e-05	2.69e-02	9.73e-01
 5.69435e+16	1.32e-05	2.82e-02	9.72e-01
 5.84607e+16	1.42e-05	2.94e-02	9.71e-01
 5.98261e+16	1.53e-05	3.06e-02	9.69e-01
 6.10550e+16	1.63e-05	3.17e-02	9.68e-01
 6.21610e+16	1.73e-05	3.27e-02	9.67e-01
 6.31564e+16	1.83e-05	3.37e-02	9.66e-01
 6.40523e+16	1.92e-05	3.45e-02	9.65e-01
 6.48586e+16	2.01e-05	3.54e-02	9.65e-01
 6.56011e+16	2.09e-05	3.62e-02	9.64e-01
 6.63223e+16	2.18e-05	3.70e-02	9.63e-01
 6.70434e+16	2.28e-05	3.78e-02	9.62e-01
 6.77646e+16	2.38e-05	3.86e-02	9.61e-01
 6.84857e+16	2.48e-05	3.95e-02	9.60e-01
 6.92069e+16	2.60e-05	4.04e-02	9.60e-01
 6.99280e+16	2.73e-05	4.14e-02	9.59e-01
 7.06492e+16	2.86e-05	4.23e-02	9.58e-01
 7.13703e+16	3.02e-05	4.33e-02	9.57e-01
 7.19230e+16	3.21e-05	4.42e-02	9.56e-01
