#depth	C	C+	C+2	C+3	C+4	C+5	C+6	C[1]	C[2]	C[3]	C+[1]	C+[2]	CO
 1.92428e+14	6.60e-10	4.55e-06	2.60e-03	4.97e-02	9.48e-01	2.60e-07	0.00e+00	6.49e-11	1.96e-10	3.34e-10	1.51e-06	3.04e-06	7.13e-33
 1.15457e+15	6.38e-10	5.18e-06	2.84e-03	5.22e-02	9.45e-01	2.54e-07	0.00e+00	6.28e-11	1.90e-10	3.23e-10	1.72e-06	3.46e-06	1.06e-32
 2.76450e+15	8.00e-10	6.32e-06	3.29e-03	5.68e-02	9.40e-01	2.57e-07	0.00e+00	7.88e-11	2.38e-10	4.05e-10	2.10e-06	4.23e-06	2.02e-32
 4.47855e+15	1.02e-09	7.78e-06	3.83e-03	6.18e-02	9.34e-01	2.60e-07	0.00e+00	1.00e-10	3.04e-10	5.16e-10	2.58e-06	5.20e-06	3.88e-32
 6.13299e+15	1.27e-09	9.41e-06	4.41e-03	6.69e-02	9.29e-01	2.59e-07	0.00e+00	1.25e-10	3.79e-10	6.44e-10	3.12e-06	6.29e-06	7.05e-32
 7.67772e+15	1.56e-09	1.12e-05	5.01e-03	7.18e-02	9.23e-01	2.65e-07	0.00e+00	1.53e-10	4.64e-10	7.89e-10	3.71e-06	7.48e-06	1.21e-31
 9.41243e+15	1.95e-09	1.35e-05	5.77e-03	7.76e-02	9.17e-01	2.66e-07	0.00e+00	1.93e-10	5.82e-10	9.89e-10	4.49e-06	9.04e-06	2.20e-31
 1.13511e+16	2.48e-09	1.66e-05	6.70e-03	8.44e-02	9.09e-01	2.71e-07	0.00e+00	2.45e-10	7.40e-10	1.26e-09	5.51e-06	1.11e-05	4.20e-31
 1.31350e+16	3.05e-09	1.98e-05	7.64e-03	9.09e-02	9.01e-01	2.72e-07	0.00e+00	3.01e-10	9.11e-10	1.55e-09	6.59e-06	1.33e-05	7.38e-31
 1.47415e+16	3.68e-09	2.33e-05	8.58e-03	9.70e-02	8.94e-01	2.76e-07	0.00e+00	3.63e-10	1.10e-09	1.86e-09	7.72e-06	1.55e-05	1.22e-30
 1.65603e+16	4.53e-09	2.77e-05	9.76e-03	1.04e-01	8.86e-01	2.77e-07	0.00e+00	4.47e-10	1.35e-09	2.30e-09	9.21e-06	1.85e-05	2.13e-30
 1.87418e+16	5.74e-09	3.39e-05	1.13e-02	1.13e-01	8.75e-01	2.81e-07	0.00e+00	5.67e-10	1.71e-09	2.91e-09	1.13e-05	2.27e-05	4.03e-30
 2.08993e+16	7.14e-09	4.10e-05	1.30e-02	1.22e-01	8.64e-01	2.84e-07	0.00e+00	7.06e-10	2.13e-09	3.63e-09	1.36e-05	2.74e-05	7.31e-30
 2.28334e+16	8.65e-09	4.83e-05	1.47e-02	1.31e-01	8.54e-01	2.85e-07	0.00e+00	8.55e-10	2.59e-09	4.39e-09	1.61e-05	3.23e-05	1.23e-29
 2.49728e+16	1.07e-08	5.78e-05	1.68e-02	1.41e-01	8.42e-01	2.88e-07	0.00e+00	1.06e-09	3.19e-09	5.42e-09	1.92e-05	3.86e-05	2.17e-29
 2.73875e+16	1.33e-08	7.01e-05	1.94e-02	1.53e-01	8.28e-01	2.88e-07	0.00e+00	1.32e-09	3.99e-09	6.77e-09	2.33e-05	4.68e-05	3.95e-29
 2.96980e+16	1.64e-08	8.38e-05	2.21e-02	1.64e-01	8.13e-01	2.89e-07	0.00e+00	1.62e-09	4.91e-09	8.33e-09	2.79e-05	5.59e-05	6.89e-29
 3.22209e+16	2.06e-08	1.02e-04	2.55e-02	1.78e-01	7.97e-01	2.94e-07	0.00e+00	2.04e-09	6.17e-09	1.05e-08	3.38e-05	6.78e-05	1.26e-28
 3.49619e+16	2.59e-08	1.24e-04	2.95e-02	1.93e-01	7.78e-01	2.96e-07	0.00e+00	2.56e-09	7.75e-09	1.32e-08	4.12e-05	8.26e-05	2.32e-28
 3.74666e+16	3.17e-08	1.48e-04	3.36e-02	2.07e-01	7.59e-01	2.98e-07	0.00e+00	3.14e-09	9.49e-09	1.61e-08	4.91e-05	9.84e-05	3.97e-28
 3.95743e+16	3.73e-08	1.70e-04	3.74e-02	2.19e-01	7.44e-01	2.98e-07	0.00e+00	3.70e-09	1.12e-08	1.90e-08	5.67e-05	1.14e-04	6.10e-28
 4.14057e+16	4.31e-08	1.93e-04	4.10e-02	2.30e-01	7.29e-01	3.01e-07	0.00e+00	4.27e-09	1.29e-08	2.19e-08	6.42e-05	1.28e-04	8.92e-28
 4.34877e+16	5.11e-08	2.22e-04	4.55e-02	2.42e-01	7.12e-01	3.01e-07	0.00e+00	5.07e-09	1.53e-08	2.60e-08	7.40e-05	1.48e-04	1.38e-27
 4.58157e+16	6.10e-08	2.59e-04	5.09e-02	2.57e-01	6.92e-01	3.04e-07	0.00e+00	6.05e-09	1.83e-08	3.10e-08	8.62e-05	1.72e-04	2.19e-27
 4.80200e+16	7.21e-08	2.98e-04	5.65e-02	2.71e-01	6.72e-01	3.04e-07	0.00e+00	7.16e-09	2.17e-08	3.67e-08	9.94e-05	1.99e-04	3.36e-27
 5.01071e+16	8.45e-08	3.41e-04	6.24e-02	2.84e-01	6.53e-01	3.06e-07	0.00e+00	8.39e-09	2.54e-08	4.30e-08	1.14e-04	2.27e-04	5.04e-27
 5.21900e+16	9.90e-08	3.89e-04	6.87e-02	2.98e-01	6.33e-01	3.08e-07	0.00e+00	9.84e-09	2.98e-08	5.05e-08	1.30e-04	2.59e-04	7.53e-27
 5.41825e+16	1.15e-07	4.41e-04	7.52e-02	3.11e-01	6.14e-01	3.10e-07	0.00e+00	1.15e-08	3.46e-08	5.87e-08	1.47e-04	2.94e-04	1.10e-26
 5.59758e+16	1.32e-07	4.94e-04	8.16e-02	3.23e-01	5.95e-01	3.13e-07	0.00e+00	1.31e-08	3.97e-08	6.74e-08	1.65e-04	3.29e-04	1.54e-26
 5.75897e+16	1.49e-07	5.46e-04	8.77e-02	3.33e-01	5.78e-01	3.18e-07	0.00e+00	1.49e-08	4.50e-08	7.62e-08	1.82e-04	3.64e-04	2.10e-26
 5.90423e+16	1.67e-07	5.99e-04	9.35e-02	3.43e-01	5.63e-01	3.21e-07	0.00e+00	1.67e-08	5.04e-08	8.54e-08	2.00e-04	3.99e-04	2.78e-26
 6.03496e+16	1.86e-07	6.50e-04	9.91e-02	3.52e-01	5.49e-01	3.23e-07	0.00e+00	1.85e-08	5.59e-08	9.47e-08	2.17e-04	4.33e-04	3.58e-26
 6.15261e+16	2.04e-07	7.01e-04	1.04e-01	3.59e-01	5.35e-01	3.26e-07	0.00e+00	2.03e-08	6.14e-08	1.04e-07	2.34e-04	4.67e-04	4.50e-26
 6.25850e+16	2.23e-07	7.51e-04	1.09e-01	3.66e-01	5.23e-01	3.28e-07	0.00e+00	2.22e-08	6.70e-08	1.14e-07	2.51e-04	5.00e-04	5.53e-26
 6.35380e+16	2.41e-07	7.98e-04	1.14e-01	3.73e-01	5.12e-01	3.29e-07	0.00e+00	2.40e-08	7.24e-08	1.23e-07	2.66e-04	5.31e-04	6.69e-26
 6.43958e+16	2.58e-07	8.42e-04	1.18e-01	3.78e-01	5.03e-01	3.32e-07	0.00e+00	2.57e-08	7.77e-08	1.32e-07	2.81e-04	5.61e-04	7.87e-26
 6.51677e+16	2.75e-07	8.85e-04	1.23e-01	3.83e-01	4.93e-01	3.34e-07	0.00e+00	2.75e-08	8.30e-08	1.41e-07	2.96e-04	5.90e-04	9.23e-26
 6.58939e+16	2.93e-07	9.29e-04	1.27e-01	3.88e-01	4.85e-01	3.36e-07	0.00e+00	2.92e-08	8.84e-08	1.50e-07	3.10e-04	6.19e-04	1.07e-25
 6.66151e+16	3.12e-07	9.74e-04	1.31e-01	3.93e-01	4.76e-01	3.38e-07	0.00e+00	3.12e-08	9.42e-08	1.60e-07	3.25e-04	6.49e-04	1.25e-25
 6.73362e+16	3.33e-07	1.02e-03	1.35e-01	3.97e-01	4.67e-01	3.40e-07	0.00e+00	3.32e-08	1.00e-07	1.70e-07	3.42e-04	6.81e-04	1.45e-25
 6.80574e+16	3.56e-07	1.07e-03	1.39e-01	4.02e-01	4.58e-01	3.42e-07	0.00e+00	3.55e-08	1.07e-07	1.82e-07	3.59e-04	7.15e-04	1.70e-25
 6.87785e+16	3.81e-07	1.13e-03	1.44e-01	4.06e-01	4.49e-01	3.44e-07	0.00e+00	3.80e-08	1.15e-07	1.95e-07	3.77e-04	7.51e-04	1.99e-25
 6.94997e+16	4.08e-07	1.19e-03	1.48e-01	4.11e-01	4.40e-01	3.46e-07	0.00e+00	4.07e-08	1.23e-07	2.08e-07	3.96e-04	7.89e-04	2.34e-25
 7.02208e+16	4.38e-07	1.25e-03	1.53e-01	4.15e-01	4.30e-01	3.49e-07	0.00e+00	4.38e-08	1.32e-07	2.24e-07	4.16e-04	8.30e-04	2.76e-25
 7.09420e+16	4.73e-07	1.31e-03	1.58e-01	4.20e-01	4.21e-01	3.54e-07	0.00e+00	4.73e-08	1.43e-07	2.42e-07	4.39e-04	8.75e-04	3.31e-25
 7.16631e+16	5.14e-07	1.39e-03	1.63e-01	4.24e-01	4.11e-01	3.55e-07	0.00e+00	5.14e-08	1.55e-07	2.63e-07	4.64e-04	9.24e-04	3.97e-25
 7.20694e+16	5.59e-07	1.46e-03	1.67e-01	4.26e-01	4.06e-01	3.56e-07	0.00e+00	5.58e-08	1.69e-07	2.86e-07	4.87e-04	9.71e-04	4.76e-25
