#depth	C	C+	C+2	C+3	C+4	C+5	C+6	C[1]	C[2]	C[3]	C+[1]	C+[2]	CO
 2.33861e+14	4.73e-10	3.51e-06	2.17e-03	4.51e-02	9.53e-01	2.53e-07	0.00e+00	4.68e-11	1.42e-10	2.41e-10	1.16e-06	2.35e-06	3.03e-33
 1.27881e+15	4.63e-10	4.04e-06	2.39e-03	4.76e-02	9.50e-01	2.48e-07	0.00e+00	4.59e-11	1.39e-10	2.36e-10	1.34e-06	2.70e-06	4.66e-33
 2.93343e+15	5.88e-10	4.97e-06	2.78e-03	5.19e-02	9.45e-01	2.51e-07	0.00e+00	5.83e-11	1.76e-10	3.00e-10	1.65e-06	3.32e-06	9.10e-33
 4.65423e+15	7.55e-10	6.13e-06	3.24e-03	5.64e-02	9.40e-01	2.55e-07	0.00e+00	7.48e-11	2.26e-10	3.85e-10	2.04e-06	4.10e-06	1.78e-32
 6.35578e+15	9.54e-10	7.48e-06	3.74e-03	6.11e-02	9.35e-01	2.53e-07	0.00e+00	9.45e-11	2.86e-10	4.86e-10	2.48e-06	4.99e-06	3.32e-32
 7.95181e+15	1.18e-09	8.95e-06	4.27e-03	6.57e-02	9.30e-01	2.59e-07	0.00e+00	1.17e-10	3.54e-10	6.02e-10	2.97e-06	5.98e-06	5.84e-32
 9.69976e+15	1.49e-09	1.08e-05	4.91e-03	7.10e-02	9.24e-01	2.62e-07	0.00e+00	1.47e-10	4.45e-10	7.57e-10	3.60e-06	7.24e-06	1.07e-31
 1.16460e+16	1.89e-09	1.33e-05	5.71e-03	7.72e-02	9.17e-01	2.66e-07	0.00e+00	1.88e-10	5.67e-10	9.65e-10	4.41e-06	8.88e-06	2.05e-31
 1.35243e+16	2.36e-09	1.61e-05	6.56e-03	8.34e-02	9.10e-01	2.68e-07	0.00e+00	2.34e-10	7.09e-10	1.21e-09	5.33e-06	1.07e-05	3.73e-31
 1.52668e+16	2.90e-09	1.91e-05	7.43e-03	8.94e-02	9.03e-01	2.71e-07	0.00e+00	2.88e-10	8.70e-10	1.48e-09	6.33e-06	1.27e-05	6.42e-31
 1.71853e+16	3.60e-09	2.29e-05	8.49e-03	9.63e-02	8.95e-01	2.73e-07	0.00e+00	3.58e-10	1.08e-09	1.84e-09	7.61e-06	1.53e-05	1.16e-30
 1.93198e+16	4.52e-09	2.78e-05	9.79e-03	1.04e-01	8.86e-01	2.75e-07	0.00e+00	4.49e-10	1.36e-09	2.31e-09	9.24e-06	1.86e-05	2.15e-30
 2.13194e+16	5.57e-09	3.32e-05	1.11e-02	1.12e-01	8.77e-01	2.78e-07	0.00e+00	5.53e-10	1.67e-09	2.84e-09	1.10e-05	2.21e-05	3.75e-30
 2.35034e+16	6.96e-09	4.00e-05	1.28e-02	1.21e-01	8.66e-01	2.81e-07	0.00e+00	6.92e-10	2.09e-09	3.55e-09	1.33e-05	2.67e-05	6.83e-30
 2.59144e+16	8.77e-09	4.88e-05	1.48e-02	1.31e-01	8.54e-01	2.86e-07	0.00e+00	8.72e-10	2.64e-09	4.48e-09	1.62e-05	3.26e-05	1.28e-29
 2.81477e+16	1.07e-08	5.81e-05	1.68e-02	1.41e-01	8.42e-01	2.88e-07	0.00e+00	1.07e-09	3.23e-09	5.49e-09	1.93e-05	3.88e-05	2.22e-29
 3.05784e+16	1.34e-08	7.02e-05	1.93e-02	1.52e-01	8.28e-01	2.89e-07	0.00e+00	1.34e-09	4.05e-09	6.87e-09	2.34e-05	4.69e-05	4.05e-29
 3.32683e+16	1.69e-08	8.57e-05	2.24e-02	1.65e-01	8.12e-01	2.93e-07	0.00e+00	1.69e-09	5.10e-09	8.67e-09	2.85e-05	5.71e-05	7.55e-29
 3.57656e+16	2.08e-08	1.02e-04	2.55e-02	1.78e-01	7.97e-01	2.92e-07	0.00e+00	2.07e-09	6.26e-09	1.06e-08	3.40e-05	6.82e-05	1.31e-28
 3.84825e+16	2.62e-08	1.24e-04	2.94e-02	1.92e-01	7.79e-01	2.96e-07	0.00e+00	2.60e-09	7.88e-09	1.34e-08	4.13e-05	8.27e-05	2.41e-28
 4.10969e+16	3.18e-08	1.47e-04	3.33e-02	2.05e-01	7.61e-01	2.98e-07	0.00e+00	3.17e-09	9.60e-09	1.63e-08	4.91e-05	9.82e-05	4.08e-28
 4.30394e+16	3.69e-08	1.67e-04	3.66e-02	2.16e-01	7.47e-01	2.99e-07	0.00e+00	3.67e-09	1.11e-08	1.89e-08	5.57e-05	1.11e-04	6.02e-28
 4.50257e+16	4.31e-08	1.91e-04	4.03e-02	2.27e-01	7.32e-01	3.01e-07	0.00e+00	4.30e-09	1.30e-08	2.21e-08	6.35e-05	1.27e-04	9.08e-28
 4.74468e+16	5.19e-08	2.23e-04	4.52e-02	2.41e-01	7.14e-01	3.02e-07	0.00e+00	5.18e-09	1.57e-08	2.66e-08	7.43e-05	1.49e-04	1.48e-27
 4.98945e+16	6.21e-08	2.59e-04	5.05e-02	2.55e-01	6.94e-01	3.00e-07	0.00e+00	6.20e-09	1.87e-08	3.18e-08	8.66e-05	1.73e-04	2.35e-27
 5.20937e+16	7.31e-08	2.97e-04	5.57e-02	2.68e-01	6.76e-01	3.04e-07	0.00e+00	7.30e-09	2.21e-08	3.75e-08	9.92e-05	1.98e-04	3.58e-27
 5.40923e+16	8.46e-08	3.36e-04	6.08e-02	2.80e-01	6.58e-01	3.06e-07	0.00e+00	8.46e-09	2.56e-08	4.34e-08	1.12e-04	2.24e-04	5.21e-27
 5.58946e+16	9.66e-08	3.75e-04	6.58e-02	2.91e-01	6.42e-01	3.09e-07	0.00e+00	9.65e-09	2.92e-08	4.95e-08	1.25e-04	2.50e-04	7.28e-27
 5.75166e+16	1.09e-07	4.14e-04	7.05e-02	3.01e-01	6.28e-01	3.10e-07	0.00e+00	1.09e-08	3.29e-08	5.58e-08	1.38e-04	2.76e-04	9.84e-27
 5.89765e+16	1.21e-07	4.52e-04	7.51e-02	3.10e-01	6.14e-01	3.12e-07	0.00e+00	1.21e-08	3.67e-08	6.23e-08	1.51e-04	3.01e-04	1.29e-26
 6.02903e+16	1.34e-07	4.89e-04	7.94e-02	3.19e-01	6.02e-01	3.12e-07	0.00e+00	1.34e-08	4.05e-08	6.88e-08	1.63e-04	3.26e-04	1.65e-26
 6.14728e+16	1.47e-07	5.26e-04	8.35e-02	3.26e-01	5.90e-01	3.14e-07	0.00e+00	1.47e-08	4.44e-08	7.53e-08	1.76e-04	3.50e-04	2.06e-26
 6.25371e+16	1.59e-07	5.61e-04	8.73e-02	3.32e-01	5.80e-01	3.15e-07	0.00e+00	1.59e-08	4.82e-08	8.18e-08	1.87e-04	3.74e-04	2.52e-26
 6.34949e+16	1.72e-07	5.95e-04	9.08e-02	3.38e-01	5.70e-01	3.15e-07	0.00e+00	1.72e-08	5.19e-08	8.80e-08	1.99e-04	3.96e-04	3.03e-26
 6.43569e+16	1.84e-07	6.27e-04	9.42e-02	3.44e-01	5.61e-01	3.17e-07	0.00e+00	1.84e-08	5.56e-08	9.43e-08	2.09e-04	4.18e-04	3.57e-26
 6.51327e+16	1.95e-07	6.57e-04	9.73e-02	3.49e-01	5.54e-01	3.18e-07	0.00e+00	1.96e-08	5.91e-08	1.00e-07	2.20e-04	4.38e-04	4.12e-26
 6.58608e+16	2.07e-07	6.88e-04	1.00e-01	3.53e-01	5.46e-01	3.19e-07	0.00e+00	2.07e-08	6.27e-08	1.06e-07	2.30e-04	4.58e-04	4.76e-26
 6.65820e+16	2.20e-07	7.19e-04	1.03e-01	3.58e-01	5.38e-01	3.20e-07	0.00e+00	2.20e-08	6.65e-08	1.13e-07	2.40e-04	4.79e-04	5.49e-26
 6.73031e+16	2.34e-07	7.53e-04	1.06e-01	3.62e-01	5.31e-01	3.21e-07	0.00e+00	2.34e-08	7.07e-08	1.20e-07	2.51e-04	5.01e-04	6.34e-26
 6.80243e+16	2.48e-07	7.88e-04	1.10e-01	3.67e-01	5.23e-01	3.22e-07	0.00e+00	2.49e-08	7.52e-08	1.27e-07	2.63e-04	5.25e-04	7.34e-26
 6.87454e+16	2.64e-07	8.25e-04	1.13e-01	3.71e-01	5.15e-01	3.23e-07	0.00e+00	2.65e-08	8.01e-08	1.36e-07	2.76e-04	5.49e-04	8.51e-26
 6.94666e+16	2.82e-07	8.64e-04	1.17e-01	3.76e-01	5.07e-01	3.25e-07	0.00e+00	2.83e-08	8.54e-08	1.45e-07	2.89e-04	5.75e-04	9.90e-26
 7.01877e+16	3.02e-07	9.06e-04	1.20e-01	3.80e-01	4.99e-01	3.26e-07	0.00e+00	3.02e-08	9.14e-08	1.55e-07	3.03e-04	6.03e-04	1.16e-25
 7.09089e+16	3.24e-07	9.52e-04	1.24e-01	3.85e-01	4.91e-01	3.27e-07	0.00e+00	3.25e-08	9.81e-08	1.66e-07	3.18e-04	6.34e-04	1.36e-25
 7.16300e+16	3.50e-07	1.00e-03	1.28e-01	3.89e-01	4.82e-01	3.28e-07	0.00e+00	3.51e-08	1.06e-07	1.80e-07	3.35e-04	6.67e-04	1.62e-25
 7.20529e+16	3.78e-07	1.05e-03	1.30e-01	3.92e-01	4.77e-01	3.29e-07	0.00e+00	3.79e-08	1.15e-07	1.94e-07	3.51e-04	6.99e-04	1.94e-25
