#depth	O	O+	O+2	O+3	O+4	O+5	O+6	O+7	O+8	O[1]	O[2]	O[3]
 2.70519e+14	4.18e-11	7.29e-07	1.57e-03	1.70e-01	6.61e-01	1.59e-01	8.32e-03	0.00e+00	0.00e+00	3.29e-11	5.71e-12	3.16e-12
 1.35359e+15	5.18e-11	8.56e-07	1.76e-03	1.80e-01	6.60e-01	1.51e-01	7.42e-03	0.00e+00	0.00e+00	4.08e-11	7.06e-12	3.92e-12
 3.01120e+15	6.99e-11	1.07e-06	2.07e-03	1.95e-01	6.58e-01	1.39e-01	6.26e-03	0.00e+00	0.00e+00	5.51e-11	9.50e-12	5.29e-12
 4.73512e+15	9.43e-11	1.35e-06	2.44e-03	2.10e-01	6.53e-01	1.28e-01	5.26e-03	0.00e+00	0.00e+00	7.43e-11	1.28e-11	7.13e-12
 6.35198e+15	1.23e-10	1.64e-06	2.82e-03	2.25e-01	6.49e-01	1.19e-01	4.48e-03	0.00e+00	0.00e+00	9.66e-11	1.66e-11	9.28e-12
 7.79360e+15	1.54e-10	1.95e-06	3.20e-03	2.38e-01	6.43e-01	1.11e-01	3.90e-03	0.00e+00	0.00e+00	1.21e-10	2.09e-11	1.17e-11
 9.41193e+15	1.98e-10	2.35e-06	3.66e-03	2.53e-01	6.36e-01	1.03e-01	3.34e-03	0.00e+00	0.00e+00	1.56e-10	2.69e-11	1.50e-11
 1.13349e+16	2.64e-10	2.90e-06	4.28e-03	2.71e-01	6.27e-01	9.45e-02	2.79e-03	0.00e+00	0.00e+00	2.08e-10	3.57e-11	2.00e-11
 1.32484e+16	3.49e-10	3.57e-06	4.95e-03	2.89e-01	6.17e-01	8.66e-02	2.34e-03	0.00e+00	0.00e+00	2.75e-10	4.71e-11	2.65e-11
 1.50228e+16	4.49e-10	4.31e-06	5.64e-03	3.05e-01	6.07e-01	7.99e-02	1.99e-03	0.00e+00	0.00e+00	3.54e-10	6.07e-11	3.42e-11
 1.67217e+16	5.69e-10	5.13e-06	6.37e-03	3.21e-01	5.97e-01	7.40e-02	1.71e-03	0.00e+00	0.00e+00	4.49e-10	7.68e-11	4.33e-11
 1.86296e+16	7.42e-10	6.23e-06	7.27e-03	3.38e-01	5.85e-01	6.79e-02	1.45e-03	0.00e+00	0.00e+00	5.84e-10	1.00e-10	5.65e-11
 2.07276e+16	9.77e-10	7.62e-06	8.35e-03	3.57e-01	5.72e-01	6.18e-02	1.21e-03	0.00e+00	0.00e+00	7.70e-10	1.32e-10	7.45e-11
 2.26607e+16	1.25e-09	9.11e-06	9.44e-03	3.74e-01	5.59e-01	5.67e-02	1.02e-03	0.00e+00	0.00e+00	9.82e-10	1.68e-10	9.51e-11
 2.47619e+16	1.63e-09	1.11e-05	1.08e-02	3.93e-01	5.44e-01	5.17e-02	8.57e-04	0.00e+00	0.00e+00	1.28e-09	2.19e-10	1.24e-10
 2.70907e+16	2.15e-09	1.36e-05	1.24e-02	4.13e-01	5.27e-01	4.66e-02	7.07e-04	0.00e+00	0.00e+00	1.69e-09	2.89e-10	1.64e-10
 2.92649e+16	2.76e-09	1.63e-05	1.40e-02	4.31e-01	5.12e-01	4.24e-02	5.93e-04	0.00e+00	0.00e+00	2.17e-09	3.71e-10	2.11e-10
 3.11560e+16	3.40e-09	1.90e-05	1.55e-02	4.46e-01	4.98e-01	3.90e-02	5.10e-04	0.00e+00	0.00e+00	2.68e-09	4.57e-10	2.61e-10
 3.28705e+16	4.11e-09	2.18e-05	1.70e-02	4.60e-01	4.86e-01	3.62e-02	4.45e-04	0.00e+00	0.00e+00	3.24e-09	5.52e-10	3.16e-10
 3.48406e+16	5.11e-09	2.55e-05	1.89e-02	4.76e-01	4.72e-01	3.32e-02	3.81e-04	0.00e+00	0.00e+00	4.03e-09	6.86e-10	3.93e-10
 3.70473e+16	6.45e-09	3.03e-05	2.12e-02	4.93e-01	4.56e-01	3.02e-02	3.21e-04	0.00e+00	0.00e+00	5.08e-09	8.65e-10	4.96e-10
 3.91456e+16	7.98e-09	3.54e-05	2.35e-02	5.08e-01	4.41e-01	2.76e-02	2.73e-04	0.00e+00	0.00e+00	6.29e-09	1.07e-09	6.14e-10
 4.11544e+16	9.77e-09	4.11e-05	2.59e-02	5.22e-01	4.26e-01	2.53e-02	2.35e-04	0.00e+00	0.00e+00	7.70e-09	1.31e-09	7.53e-10
 4.34630e+16	1.24e-08	4.88e-05	2.90e-02	5.38e-01	4.10e-01	2.28e-02	1.97e-04	0.00e+00	0.00e+00	9.76e-09	1.66e-09	9.55e-10
 4.59671e+16	1.57e-08	5.82e-05	3.26e-02	5.54e-01	3.93e-01	2.05e-02	1.63e-04	0.00e+00	0.00e+00	1.24e-08	2.11e-09	1.22e-09
 4.82398e+16	1.95e-08	6.82e-05	3.61e-02	5.68e-01	3.77e-01	1.86e-02	1.38e-04	0.00e+00	0.00e+00	1.54e-08	2.61e-09	1.51e-09
 5.04534e+16	2.41e-08	7.96e-05	3.99e-02	5.81e-01	3.62e-01	1.69e-02	1.17e-04	0.00e+00	0.00e+00	1.90e-08	3.22e-09	1.87e-09
 5.26196e+16	2.95e-08	9.25e-05	4.38e-02	5.93e-01	3.48e-01	1.53e-02	9.99e-05	0.00e+00	0.00e+00	2.33e-08	3.94e-09	2.29e-09
 5.45691e+16	3.54e-08	1.06e-04	4.77e-02	6.03e-01	3.35e-01	1.41e-02	8.66e-05	0.00e+00	0.00e+00	2.79e-08	4.73e-09	2.75e-09
 5.63237e+16	4.18e-08	1.19e-04	5.15e-02	6.12e-01	3.23e-01	1.30e-02	7.62e-05	0.00e+00	0.00e+00	3.29e-08	5.58e-09	3.24e-09
 5.79029e+16	4.85e-08	1.33e-04	5.50e-02	6.19e-01	3.13e-01	1.22e-02	6.79e-05	0.00e+00	0.00e+00	3.82e-08	6.47e-09	3.76e-09
 5.93241e+16	5.55e-08	1.47e-04	5.85e-02	6.26e-01	3.04e-01	1.14e-02	6.12e-05	0.00e+00	0.00e+00	4.37e-08	7.40e-09	4.31e-09
 6.06032e+16	6.28e-08	1.61e-04	6.17e-02	6.31e-01	2.96e-01	1.08e-02	5.57e-05	0.00e+00	0.00e+00	4.95e-08	8.37e-09	4.88e-09
 6.17544e+16	7.02e-08	1.75e-04	6.48e-02	6.36e-01	2.89e-01	1.02e-02	5.12e-05	0.00e+00	0.00e+00	5.53e-08	9.36e-09	5.46e-09
 6.27905e+16	7.77e-08	1.89e-04	6.76e-02	6.39e-01	2.83e-01	9.76e-03	4.74e-05	0.00e+00	0.00e+00	6.12e-08	1.04e-08	6.04e-09
 6.37230e+16	8.53e-08	2.02e-04	7.03e-02	6.43e-01	2.77e-01	9.36e-03	4.43e-05	0.00e+00	0.00e+00	6.72e-08	1.14e-08	6.63e-09
 6.45622e+16	9.23e-08	2.14e-04	7.28e-02	6.46e-01	2.72e-01	9.01e-03	4.16e-05	0.00e+00	0.00e+00	7.28e-08	1.23e-08	7.19e-09
 6.53203e+16	9.99e-08	2.27e-04	7.52e-02	6.48e-01	2.68e-01	8.70e-03	3.93e-05	0.00e+00	0.00e+00	7.87e-08	1.33e-08	7.78e-09
 6.60414e+16	1.08e-07	2.40e-04	7.75e-02	6.50e-01	2.63e-01	8.41e-03	3.73e-05	0.00e+00	0.00e+00	8.49e-08	1.44e-08	8.39e-09
 6.67626e+16	1.16e-07	2.54e-04	7.99e-02	6.53e-01	2.59e-01	8.13e-03	3.53e-05	0.00e+00	0.00e+00	9.17e-08	1.55e-08	9.06e-09
 6.74837e+16	1.26e-07	2.69e-04	8.24e-02	6.55e-01	2.55e-01	7.86e-03	3.34e-05	0.00e+00	0.00e+00	9.91e-08	1.67e-08	9.80e-09
 6.82049e+16	1.36e-07	2.85e-04	8.50e-02	6.57e-01	2.51e-01	7.59e-03	3.16e-05	0.00e+00	0.00e+00	1.07e-07	1.81e-08	1.06e-08
 6.89260e+16	1.48e-07	3.03e-04	8.76e-02	6.58e-01	2.46e-01	7.33e-03	2.99e-05	0.00e+00	0.00e+00	1.16e-07	1.97e-08	1.15e-08
 6.96472e+16	1.61e-07	3.22e-04	9.04e-02	6.60e-01	2.42e-01	7.08e-03	2.83e-05	0.00e+00	0.00e+00	1.27e-07	2.14e-08	1.25e-08
 7.03683e+16	1.77e-07	3.44e-04	9.33e-02	6.62e-01	2.38e-01	6.83e-03	2.67e-05	0.00e+00	0.00e+00	1.39e-07	2.35e-08	1.38e-08
 7.10895e+16	1.94e-07	3.69e-04	9.63e-02	6.63e-01	2.34e-01	6.59e-03	2.52e-05	0.00e+00	0.00e+00	1.53e-07	2.58e-08	1.52e-08
 7.17826e+16	2.20e-07	4.04e-04	9.95e-02	6.64e-01	2.30e-01	6.35e-03	2.37e-05	0.00e+00	0.00e+00	1.73e-07	2.93e-08	1.72e-08
