#depth	N	N+	N+2	N+3	N+4	N+5	N+6	N+7
 1.82972e+14	4.98e-10	3.16e-06	2.49e-03	1.12e-01	3.32e-01	5.54e-01	2.65e-07	0.00e+00
 1.09783e+15	5.58e-10	3.66e-06	2.79e-03	1.20e-01	3.40e-01	5.37e-01	2.51e-07	0.00e+00
 2.66805e+15	7.31e-10	4.62e-06	3.35e-03	1.34e-01	3.54e-01	5.10e-01	2.44e-07	0.00e+00
 4.37823e+15	9.69e-10	5.86e-06	4.05e-03	1.49e-01	3.67e-01	4.80e-01	2.34e-07	0.00e+00
 5.97347e+15	1.23e-09	7.22e-06	4.79e-03	1.64e-01	3.78e-01	4.53e-01	2.23e-07	0.00e+00
 7.38374e+15	1.52e-09	8.62e-06	5.52e-03	1.78e-01	3.86e-01	4.30e-01	2.19e-07	0.00e+00
 8.96360e+15	1.92e-09	1.05e-05	6.43e-03	1.94e-01	3.95e-01	4.05e-01	2.09e-07	0.00e+00
 1.07423e+16	2.43e-09	1.28e-05	7.56e-03	2.12e-01	4.03e-01	3.78e-01	1.99e-07	0.00e+00
 1.24427e+16	3.05e-09	1.54e-05	8.77e-03	2.29e-01	4.09e-01	3.53e-01	1.90e-07	0.00e+00
 1.43164e+16	3.89e-09	1.89e-05	1.03e-02	2.49e-01	4.15e-01	3.27e-01	1.81e-07	0.00e+00
 1.63699e+16	5.02e-09	2.34e-05	1.20e-02	2.70e-01	4.19e-01	3.00e-01	1.71e-07	0.00e+00
 1.82727e+16	6.26e-09	2.81e-05	1.38e-02	2.89e-01	4.21e-01	2.76e-01	1.60e-07	0.00e+00
 1.99858e+16	7.58e-09	3.29e-05	1.56e-02	3.07e-01	4.21e-01	2.57e-01	1.51e-07	0.00e+00
 2.18368e+16	9.33e-09	3.89e-05	1.77e-02	3.25e-01	4.21e-01	2.36e-01	1.42e-07	0.00e+00
 2.39021e+16	1.16e-08	4.64e-05	2.02e-02	3.46e-01	4.18e-01	2.15e-01	1.31e-07	0.00e+00
 2.58427e+16	1.40e-08	5.44e-05	2.28e-02	3.64e-01	4.15e-01	1.98e-01	0.00e+00	0.00e+00
 2.75874e+16	1.66e-08	6.24e-05	2.52e-02	3.81e-01	4.11e-01	1.83e-01	0.00e+00	0.00e+00
 2.94805e+16	1.99e-08	7.23e-05	2.81e-02	3.98e-01	4.06e-01	1.67e-01	0.00e+00	0.00e+00
 3.15656e+16	2.40e-08	8.42e-05	3.14e-02	4.17e-01	4.00e-01	1.52e-01	0.00e+00	0.00e+00
 3.35179e+16	2.85e-08	9.67e-05	3.47e-02	4.33e-01	3.93e-01	1.39e-01	0.00e+00	0.00e+00
 3.53849e+16	3.35e-08	1.10e-04	3.80e-02	4.49e-01	3.86e-01	1.27e-01	0.00e+00	0.00e+00
 3.75238e+16	4.03e-08	1.27e-04	4.22e-02	4.66e-01	3.77e-01	1.15e-01	0.00e+00	0.00e+00
 3.98567e+16	4.86e-08	1.48e-04	4.70e-02	4.83e-01	3.67e-01	1.03e-01	0.00e+00	0.00e+00
 4.19951e+16	5.75e-08	1.69e-04	5.15e-02	4.98e-01	3.57e-01	9.29e-02	0.00e+00	0.00e+00
 4.43282e+16	6.94e-08	1.96e-04	5.71e-02	5.14e-01	3.46e-01	8.29e-02	0.00e+00	0.00e+00
 4.68563e+16	8.41e-08	2.28e-04	6.33e-02	5.30e-01	3.33e-01	7.34e-02	0.00e+00	0.00e+00
 4.91369e+16	9.97e-08	2.60e-04	6.92e-02	5.43e-01	3.22e-01	6.57e-02	0.00e+00	0.00e+00
 5.13035e+16	1.18e-07	2.95e-04	7.53e-02	5.55e-01	3.10e-01	5.90e-02	0.00e+00	0.00e+00
 5.33847e+16	1.37e-07	3.33e-04	8.14e-02	5.66e-01	2.99e-01	5.33e-02	0.00e+00	0.00e+00
 5.52578e+16	1.58e-07	3.70e-04	8.72e-02	5.74e-01	2.90e-01	4.85e-02	0.00e+00	0.00e+00
 5.69435e+16	1.80e-07	4.08e-04	9.27e-02	5.82e-01	2.81e-01	4.45e-02	0.00e+00	0.00e+00
 5.84607e+16	2.02e-07	4.45e-04	9.79e-02	5.88e-01	2.73e-01	4.12e-02	0.00e+00	0.00e+00
 5.98261e+16	2.24e-07	4.82e-04	1.03e-01	5.93e-01	2.66e-01	3.84e-02	0.00e+00	0.00e+00
 6.10550e+16	2.47e-07	5.18e-04	1.07e-01	5.97e-01	2.59e-01	3.60e-02	0.00e+00	0.00e+00
 6.21610e+16	2.70e-07	5.53e-04	1.11e-01	6.01e-01	2.53e-01	3.39e-02	0.00e+00	0.00e+00
 6.31564e+16	2.93e-07	5.87e-04	1.15e-01	6.04e-01	2.48e-01	3.22e-02	0.00e+00	0.00e+00
 6.40523e+16	3.15e-07	6.18e-04	1.19e-01	6.06e-01	2.43e-01	3.07e-02	0.00e+00	0.00e+00
 6.48586e+16	3.37e-07	6.50e-04	1.22e-01	6.08e-01	2.39e-01	2.94e-02	0.00e+00	0.00e+00
 6.56011e+16	3.60e-07	6.81e-04	1.26e-01	6.10e-01	2.35e-01	2.82e-02	0.00e+00	0.00e+00
 6.63223e+16	3.84e-07	7.14e-04	1.29e-01	6.12e-01	2.32e-01	2.70e-02	0.00e+00	0.00e+00
 6.70434e+16	4.11e-07	7.48e-04	1.32e-01	6.14e-01	2.28e-01	2.60e-02	0.00e+00	0.00e+00
 6.77646e+16	4.39e-07	7.85e-04	1.35e-01	6.15e-01	2.24e-01	2.49e-02	0.00e+00	0.00e+00
 6.84857e+16	4.71e-07	8.24e-04	1.39e-01	6.16e-01	2.20e-01	2.39e-02	0.00e+00	0.00e+00
 6.92069e+16	5.07e-07	8.67e-04	1.42e-01	6.18e-01	2.16e-01	2.29e-02	0.00e+00	0.00e+00
 6.99280e+16	5.50e-07	9.16e-04	1.46e-01	6.19e-01	2.12e-01	2.18e-02	0.00e+00	0.00e+00
 7.06492e+16	5.97e-07	9.68e-04	1.50e-01	6.20e-01	2.08e-01	2.09e-02	0.00e+00	0.00e+00
 7.13703e+16	6.56e-07	1.03e-03	1.54e-01	6.20e-01	2.05e-01	1.99e-02	0.00e+00	0.00e+00
 7.19230e+16	7.44e-07	1.12e-03	1.58e-01	6.21e-01	2.01e-01	1.90e-02	0.00e+00	0.00e+00
