#depth	He	He+	He+2
 2.70519e+14	2.43e-07	4.05e-03	9.96e-01
 1.35359e+15	2.71e-07	4.28e-03	9.96e-01
 3.01120e+15	3.17e-07	4.62e-03	9.95e-01
 4.73512e+15	3.70e-07	5.00e-03	9.95e-01
 6.35198e+15	4.26e-07	5.37e-03	9.95e-01
 7.79360e+15	4.80e-07	5.71e-03	9.94e-01
 9.41193e+15	5.48e-07	6.11e-03	9.94e-01
 1.13349e+16	6.38e-07	6.61e-03	9.93e-01
 1.32484e+16	7.39e-07	7.12e-03	9.93e-01
 1.50228e+16	8.44e-07	7.61e-03	9.92e-01
 1.67217e+16	9.55e-07	8.09e-03	9.92e-01
 1.86296e+16	1.10e-06	8.68e-03	9.91e-01
 2.07276e+16	1.27e-06	9.33e-03	9.91e-01
 2.26607e+16	1.44e-06	9.95e-03	9.90e-01
 2.47619e+16	1.66e-06	1.07e-02	9.89e-01
 2.70907e+16	1.92e-06	1.15e-02	9.88e-01
 2.92649e+16	2.19e-06	1.23e-02	9.88e-01
 3.11560e+16	2.45e-06	1.30e-02	9.87e-01
 3.28705e+16	2.71e-06	1.37e-02	9.86e-01
 3.48406e+16	3.04e-06	1.45e-02	9.85e-01
 3.70473e+16	3.44e-06	1.55e-02	9.84e-01
 3.91456e+16	3.86e-06	1.65e-02	9.84e-01
 4.11544e+16	4.31e-06	1.74e-02	9.83e-01
 4.34630e+16	4.89e-06	1.86e-02	9.81e-01
 4.59671e+16	5.57e-06	2.00e-02	9.80e-01
 4.82398e+16	6.27e-06	2.12e-02	9.79e-01
 5.04534e+16	7.03e-06	2.26e-02	9.77e-01
 5.26196e+16	7.86e-06	2.40e-02	9.76e-01
 5.45691e+16	8.69e-06	2.53e-02	9.75e-01
 5.63237e+16	9.52e-06	2.65e-02	9.73e-01
 5.79029e+16	1.03e-05	2.77e-02	9.72e-01
 5.93241e+16	1.11e-05	2.89e-02	9.71e-01
 6.06032e+16	1.19e-05	2.99e-02	9.70e-01
 6.17544e+16	1.27e-05	3.09e-02	9.69e-01
 6.27905e+16	1.34e-05	3.19e-02	9.68e-01
 6.37230e+16	1.41e-05	3.27e-02	9.67e-01
 6.45622e+16	1.47e-05	3.35e-02	9.66e-01
 6.53203e+16	1.53e-05	3.43e-02	9.66e-01
 6.60414e+16	1.60e-05	3.51e-02	9.65e-01
 6.67626e+16	1.67e-05	3.58e-02	9.64e-01
 6.74837e+16	1.74e-05	3.66e-02	9.63e-01
 6.82049e+16	1.81e-05	3.74e-02	9.63e-01
 6.89260e+16	1.89e-05	3.83e-02	9.62e-01
 6.96472e+16	1.98e-05	3.92e-02	9.61e-01
 7.03683e+16	2.07e-05	4.01e-02	9.60e-01
 7.10895e+16	2.17e-05	4.10e-02	9.59e-01
 7.17826e+16	2.30e-05	4.20e-02	9.58e-01
