#depth	O	O+	O+2	O+3	O+4	O+5	O+6	O+7	O+8	O[1]	O[2]	O[3]
 2.47456e+14	1.19e-11	5.43e-07	1.98e-03	2.49e-01	6.86e-01	6.21e-02	7.73e-04	0.00e+00	0.00e+00	9.02e-12	1.88e-12	9.55e-13
 1.30654e+15	1.44e-11	6.28e-07	2.18e-03	2.60e-01	6.79e-01	5.84e-02	6.86e-04	0.00e+00	0.00e+00	1.10e-11	2.27e-12	1.16e-12
 2.96227e+15	1.91e-11	7.76e-07	2.53e-03	2.77e-01	6.66e-01	5.32e-02	5.72e-04	0.00e+00	0.00e+00	1.45e-11	3.00e-12	1.53e-12
 4.68423e+15	2.53e-11	9.58e-07	2.93e-03	2.95e-01	6.53e-01	4.83e-02	4.75e-04	0.00e+00	0.00e+00	1.93e-11	3.96e-12	2.03e-12
 6.37384e+15	3.28e-11	1.16e-06	3.36e-03	3.13e-01	6.39e-01	4.40e-02	3.98e-04	0.00e+00	0.00e+00	2.50e-11	5.13e-12	2.64e-12
 7.99329e+15	4.18e-11	1.39e-06	3.81e-03	3.30e-01	6.26e-01	4.03e-02	3.38e-04	0.00e+00	0.00e+00	3.19e-11	6.53e-12	3.36e-12
 9.77875e+15	5.41e-11	1.69e-06	4.36e-03	3.48e-01	6.11e-01	3.66e-02	2.82e-04	0.00e+00	0.00e+00	4.13e-11	8.44e-12	4.35e-12
 1.16799e+16	7.06e-11	2.05e-06	5.00e-03	3.67e-01	5.94e-01	3.31e-02	2.34e-04	0.00e+00	0.00e+00	5.38e-11	1.10e-11	5.68e-12
 1.34607e+16	9.03e-11	2.46e-06	5.66e-03	3.85e-01	5.79e-01	3.02e-02	1.97e-04	0.00e+00	0.00e+00	6.89e-11	1.40e-11	7.26e-12
 1.54062e+16	1.18e-10	2.99e-06	6.44e-03	4.04e-01	5.62e-01	2.73e-02	1.64e-04	0.00e+00	0.00e+00	8.97e-11	1.83e-11	9.46e-12
 1.75675e+16	1.56e-10	3.67e-06	7.40e-03	4.25e-01	5.43e-01	2.45e-02	1.35e-04	0.00e+00	0.00e+00	1.19e-10	2.41e-11	1.25e-11
 1.96299e+16	2.01e-10	4.43e-06	8.40e-03	4.44e-01	5.25e-01	2.21e-02	1.12e-04	0.00e+00	0.00e+00	1.54e-10	3.12e-11	1.62e-11
 2.18333e+16	2.64e-10	5.39e-06	9.57e-03	4.65e-01	5.06e-01	1.98e-02	9.19e-05	0.00e+00	0.00e+00	2.02e-10	4.09e-11	2.13e-11
 2.42415e+16	3.51e-10	6.62e-06	1.10e-02	4.86e-01	4.85e-01	1.76e-02	7.46e-05	0.00e+00	0.00e+00	2.68e-10	5.42e-11	2.83e-11
 2.65547e+16	4.56e-10	8.00e-06	1.25e-02	5.06e-01	4.66e-01	1.57e-02	6.12e-05	0.00e+00	0.00e+00	3.48e-10	7.04e-11	3.68e-11
 2.90289e+16	6.01e-10	9.77e-06	1.42e-02	5.27e-01	4.45e-01	1.40e-02	4.97e-05	0.00e+00	0.00e+00	4.59e-10	9.28e-11	4.86e-11
 3.17191e+16	8.03e-10	1.20e-05	1.63e-02	5.48e-01	4.23e-01	1.23e-02	3.98e-05	0.00e+00	0.00e+00	6.13e-10	1.24e-10	6.50e-11
 3.43122e+16	1.05e-09	1.46e-05	1.85e-02	5.67e-01	4.03e-01	1.09e-02	3.23e-05	0.00e+00	0.00e+00	8.03e-10	1.62e-10	8.52e-11
 3.70835e+16	1.40e-09	1.79e-05	2.12e-02	5.87e-01	3.82e-01	9.55e-03	2.59e-05	0.00e+00	0.00e+00	1.07e-09	2.15e-10	1.13e-10
 4.00801e+16	1.88e-09	2.22e-05	2.44e-02	6.08e-01	3.60e-01	8.31e-03	2.04e-05	0.00e+00	0.00e+00	1.44e-09	2.89e-10	1.53e-10
 4.25512e+16	2.37e-09	2.62e-05	2.72e-02	6.23e-01	3.42e-01	7.41e-03	1.69e-05	0.00e+00	0.00e+00	1.81e-09	3.64e-10	1.93e-10
 4.44062e+16	2.83e-09	2.97e-05	2.96e-02	6.34e-01	3.29e-01	6.80e-03	1.46e-05	0.00e+00	0.00e+00	2.16e-09	4.34e-10	2.30e-10
 4.64010e+16	3.43e-09	3.41e-05	3.23e-02	6.46e-01	3.16e-01	6.20e-03	1.26e-05	0.00e+00	0.00e+00	2.62e-09	5.26e-10	2.79e-10
 4.87578e+16	4.29e-09	4.01e-05	3.58e-02	6.59e-01	3.00e-01	5.56e-03	1.05e-05	0.00e+00	0.00e+00	3.27e-09	6.57e-10	3.50e-10
 5.10936e+16	5.32e-09	4.68e-05	3.96e-02	6.70e-01	2.85e-01	4.99e-03	8.81e-06	0.00e+00	0.00e+00	4.06e-09	8.15e-10	4.34e-10
 5.31957e+16	6.45e-09	5.38e-05	4.32e-02	6.80e-01	2.72e-01	4.52e-03	7.53e-06	0.00e+00	0.00e+00	4.93e-09	9.88e-10	5.27e-10
 5.50877e+16	7.68e-09	6.11e-05	4.68e-02	6.88e-01	2.61e-01	4.14e-03	6.54e-06	0.00e+00	0.00e+00	5.87e-09	1.18e-09	6.28e-10
 5.67904e+16	8.99e-09	6.85e-05	5.03e-02	6.95e-01	2.51e-01	3.82e-03	5.76e-06	0.00e+00	0.00e+00	6.87e-09	1.38e-09	7.37e-10
 5.83229e+16	1.04e-08	7.60e-05	5.36e-02	7.01e-01	2.42e-01	3.56e-03	5.13e-06	0.00e+00	0.00e+00	7.93e-09	1.59e-09	8.50e-10
 5.97021e+16	1.18e-08	8.36e-05	5.68e-02	7.06e-01	2.34e-01	3.33e-03	4.63e-06	0.00e+00	0.00e+00	9.03e-09	1.81e-09	9.69e-10
 6.09434e+16	1.33e-08	9.11e-05	5.99e-02	7.10e-01	2.27e-01	3.14e-03	4.22e-06	0.00e+00	0.00e+00	1.02e-08	2.03e-09	1.09e-09
 6.20606e+16	1.48e-08	9.85e-05	6.27e-02	7.13e-01	2.21e-01	2.98e-03	3.88e-06	0.00e+00	0.00e+00	1.13e-08	2.26e-09	1.21e-09
 6.30661e+16	1.63e-08	1.06e-04	6.54e-02	7.16e-01	2.15e-01	2.84e-03	3.60e-06	0.00e+00	0.00e+00	1.25e-08	2.49e-09	1.34e-09
 6.39710e+16	1.78e-08	1.13e-04	6.80e-02	7.19e-01	2.10e-01	2.72e-03	3.37e-06	0.00e+00	0.00e+00	1.36e-08	2.72e-09	1.46e-09
 6.47854e+16	1.93e-08	1.20e-04	7.03e-02	7.21e-01	2.06e-01	2.61e-03	3.17e-06	0.00e+00	0.00e+00	1.48e-08	2.95e-09	1.59e-09
 6.55317e+16	2.07e-08	1.26e-04	7.26e-02	7.23e-01	2.02e-01	2.52e-03	2.99e-06	0.00e+00	0.00e+00	1.59e-08	3.17e-09	1.70e-09
 6.62529e+16	2.23e-08	1.33e-04	7.48e-02	7.24e-01	1.98e-01	2.43e-03	2.83e-06	0.00e+00	0.00e+00	1.71e-08	3.41e-09	1.84e-09
 6.69740e+16	2.40e-08	1.41e-04	7.72e-02	7.26e-01	1.95e-01	2.35e-03	2.68e-06	0.00e+00	0.00e+00	1.84e-08	3.67e-09	1.98e-09
 6.76952e+16	2.59e-08	1.49e-04	7.96e-02	7.27e-01	1.91e-01	2.26e-03	2.54e-06	0.00e+00	0.00e+00	1.98e-08	3.96e-09	2.13e-09
 6.84164e+16	2.80e-08	1.57e-04	8.21e-02	7.28e-01	1.87e-01	2.18e-03	2.40e-06	0.00e+00	0.00e+00	2.14e-08	4.27e-09	2.30e-09
 6.91375e+16	3.03e-08	1.67e-04	8.47e-02	7.29e-01	1.84e-01	2.10e-03	2.27e-06	0.00e+00	0.00e+00	2.31e-08	4.62e-09	2.49e-09
 6.98587e+16	3.28e-08	1.77e-04	8.74e-02	7.30e-01	1.80e-01	2.03e-03	2.15e-06	0.00e+00	0.00e+00	2.50e-08	5.00e-09	2.70e-09
 7.05798e+16	3.56e-08	1.88e-04	9.02e-02	7.31e-01	1.76e-01	1.96e-03	2.03e-06	0.00e+00	0.00e+00	2.72e-08	5.43e-09	2.93e-09
 7.13010e+16	3.89e-08	2.01e-04	9.32e-02	7.32e-01	1.73e-01	1.88e-03	1.92e-06	0.00e+00	0.00e+00	2.97e-08	5.93e-09	3.21e-09
 7.18884e+16	4.29e-08	2.16e-04	9.56e-02	7.32e-01	1.70e-01	1.83e-03	1.83e-06	0.00e+00	0.00e+00	3.28e-08	6.55e-09	3.54e-09
