#depth	C	C+	C+2	C+3	C+4	C+5	C+6	C[1]	C[2]	C[3]	C+[1]	C+[2]	CO
 1.94277e+14	2.82e-10	2.82e-06	2.19e-03	4.87e-02	9.49e-01	1.85e-07	0.00e+00	2.76e-11	8.36e-11	1.42e-10	9.35e-07	1.88e-06	8.52e-34
 1.16566e+15	2.86e-10	3.21e-06	2.40e-03	5.12e-02	9.46e-01	1.81e-07	0.00e+00	2.81e-11	8.49e-11	1.44e-10	1.07e-06	2.15e-06	1.27e-33
 2.78336e+15	3.65e-10	3.94e-06	2.78e-03	5.56e-02	9.42e-01	1.83e-07	0.00e+00	3.58e-11	1.08e-10	1.84e-10	1.31e-06	2.63e-06	2.46e-33
 4.49816e+15	4.71e-10	4.87e-06	3.24e-03	6.04e-02	9.36e-01	1.85e-07	0.00e+00	4.61e-11	1.40e-10	2.37e-10	1.61e-06	3.25e-06	4.80e-33
 6.17525e+15	5.95e-10	5.92e-06	3.74e-03	6.54e-02	9.31e-01	1.84e-07	0.00e+00	5.84e-11	1.77e-10	3.00e-10	1.96e-06	3.95e-06	8.86e-33
 7.77331e+15	7.43e-10	7.10e-06	4.27e-03	7.03e-02	9.25e-01	1.86e-07	0.00e+00	7.29e-11	2.20e-10	3.74e-10	2.36e-06	4.75e-06	1.56e-32
 9.54160e+15	9.38e-10	8.62e-06	4.92e-03	7.61e-02	9.19e-01	1.88e-07	0.00e+00	9.20e-11	2.78e-10	4.73e-10	2.86e-06	5.76e-06	2.90e-32
 1.14716e+16	1.20e-09	1.06e-05	5.71e-03	8.26e-02	9.12e-01	1.90e-07	0.00e+00	1.18e-10	3.56e-10	6.05e-10	3.51e-06	7.07e-06	5.58e-32
 1.32786e+16	1.50e-09	1.27e-05	6.53e-03	8.90e-02	9.04e-01	1.93e-07	0.00e+00	1.47e-10	4.45e-10	7.55e-10	4.23e-06	8.51e-06	9.98e-32
 1.52131e+16	1.90e-09	1.55e-05	7.51e-03	9.61e-02	8.96e-01	1.95e-07	0.00e+00	1.87e-10	5.65e-10	9.59e-10	5.14e-06	1.04e-05	1.84e-31
 1.73476e+16	2.41e-09	1.89e-05	8.70e-03	1.04e-01	8.87e-01	1.97e-07	0.00e+00	2.37e-10	7.16e-10	1.22e-09	6.29e-06	1.27e-05	3.51e-31
 1.93477e+16	2.99e-09	2.27e-05	9.94e-03	1.12e-01	8.78e-01	1.98e-07	0.00e+00	2.94e-10	8.88e-10	1.51e-09	7.55e-06	1.52e-05	6.24e-31
 2.15052e+16	3.77e-09	2.76e-05	1.14e-02	1.22e-01	8.67e-01	2.01e-07	0.00e+00	3.71e-10	1.12e-09	1.90e-09	9.17e-06	1.84e-05	1.16e-30
 2.38846e+16	4.77e-09	3.37e-05	1.33e-02	1.32e-01	8.55e-01	2.01e-07	0.00e+00	4.70e-10	1.42e-09	2.41e-09	1.12e-05	2.25e-05	2.19e-30
 2.61261e+16	5.95e-09	4.06e-05	1.52e-02	1.42e-01	8.42e-01	2.02e-07	0.00e+00	5.86e-10	1.77e-09	3.00e-09	1.35e-05	2.71e-05	3.91e-30
 2.85415e+16	7.48e-09	4.93e-05	1.75e-02	1.54e-01	8.28e-01	2.03e-07	0.00e+00	7.36e-10	2.23e-09	3.78e-09	1.64e-05	3.29e-05	7.24e-30
 3.11848e+16	9.49e-09	6.04e-05	2.03e-02	1.67e-01	8.12e-01	2.07e-07	0.00e+00	9.35e-10	2.83e-09	4.80e-09	2.01e-05	4.03e-05	1.36e-29
 3.36705e+16	1.17e-08	7.25e-05	2.33e-02	1.80e-01	7.96e-01	2.07e-07	0.00e+00	1.16e-09	3.49e-09	5.93e-09	2.41e-05	4.84e-05	2.42e-29
 3.63575e+16	1.48e-08	8.84e-05	2.69e-02	1.95e-01	7.78e-01	2.08e-07	0.00e+00	1.46e-09	4.41e-09	7.49e-09	2.94e-05	5.90e-05	4.50e-29
 3.92868e+16	1.88e-08	1.09e-04	3.13e-02	2.12e-01	7.57e-01	2.12e-07	0.00e+00	1.86e-09	5.62e-09	9.53e-09	3.61e-05	7.24e-05	8.52e-29
 4.20117e+16	2.34e-08	1.31e-04	3.59e-02	2.28e-01	7.36e-01	2.13e-07	0.00e+00	2.31e-09	6.97e-09	1.18e-08	4.35e-05	8.71e-05	1.51e-28
 4.42632e+16	2.77e-08	1.51e-04	4.00e-02	2.41e-01	7.19e-01	2.14e-07	0.00e+00	2.74e-09	8.27e-09	1.40e-08	5.04e-05	1.01e-04	2.36e-28
 4.61246e+16	3.19e-08	1.71e-04	4.38e-02	2.53e-01	7.03e-01	2.17e-07	0.00e+00	3.16e-09	9.54e-09	1.62e-08	5.69e-05	1.14e-04	3.44e-28
 4.82043e+16	3.77e-08	1.96e-04	4.85e-02	2.66e-01	6.85e-01	2.18e-07	0.00e+00	3.73e-09	1.13e-08	1.91e-08	6.54e-05	1.31e-04	5.28e-28
 5.05166e+16	4.48e-08	2.28e-04	5.40e-02	2.81e-01	6.65e-01	2.20e-07	0.00e+00	4.43e-09	1.34e-08	2.27e-08	7.59e-05	1.52e-04	8.36e-28
 5.26765e+16	5.28e-08	2.61e-04	5.98e-02	2.95e-01	6.45e-01	2.22e-07	0.00e+00	5.23e-09	1.58e-08	2.68e-08	8.72e-05	1.74e-04	1.27e-27
 5.46203e+16	6.13e-08	2.96e-04	6.53e-02	3.08e-01	6.26e-01	2.24e-07	0.00e+00	6.06e-09	1.83e-08	3.11e-08	9.86e-05	1.97e-04	1.84e-27
 5.63698e+16	6.99e-08	3.30e-04	7.07e-02	3.20e-01	6.09e-01	2.26e-07	0.00e+00	6.93e-09	2.09e-08	3.55e-08	1.10e-04	2.20e-04	2.60e-27
 5.79444e+16	7.88e-08	3.65e-04	7.60e-02	3.31e-01	5.93e-01	2.28e-07	0.00e+00	7.81e-09	2.36e-08	4.00e-08	1.22e-04	2.43e-04	3.51e-27
 5.93614e+16	8.79e-08	3.99e-04	8.10e-02	3.41e-01	5.78e-01	2.31e-07	0.00e+00	8.71e-09	2.63e-08	4.46e-08	1.33e-04	2.66e-04	4.63e-27
 6.06368e+16	9.71e-08	4.33e-04	8.57e-02	3.49e-01	5.64e-01	2.34e-07	0.00e+00	9.62e-09	2.91e-08	4.92e-08	1.44e-04	2.88e-04	5.94e-27
 6.17847e+16	1.06e-07	4.66e-04	9.03e-02	3.57e-01	5.52e-01	2.36e-07	0.00e+00	1.05e-08	3.18e-08	5.39e-08	1.55e-04	3.10e-04	7.47e-27
 6.28177e+16	1.15e-07	4.98e-04	9.45e-02	3.65e-01	5.40e-01	2.38e-07	0.00e+00	1.14e-08	3.45e-08	5.85e-08	1.66e-04	3.32e-04	9.17e-27
 6.37475e+16	1.24e-07	5.28e-04	9.85e-02	3.71e-01	5.30e-01	2.40e-07	0.00e+00	1.23e-08	3.72e-08	6.30e-08	1.76e-04	3.52e-04	1.11e-26
 6.45842e+16	1.33e-07	5.58e-04	1.02e-01	3.77e-01	5.20e-01	2.43e-07	0.00e+00	1.32e-08	3.98e-08	6.75e-08	1.86e-04	3.72e-04	1.31e-26
 6.53412e+16	1.41e-07	5.85e-04	1.06e-01	3.82e-01	5.12e-01	2.45e-07	0.00e+00	1.40e-08	4.24e-08	7.18e-08	1.95e-04	3.90e-04	1.52e-26
 6.60623e+16	1.50e-07	6.13e-04	1.09e-01	3.87e-01	5.03e-01	2.46e-07	0.00e+00	1.49e-08	4.50e-08	7.62e-08	2.05e-04	4.09e-04	1.76e-26
 6.67835e+16	1.59e-07	6.43e-04	1.13e-01	3.92e-01	4.94e-01	2.48e-07	0.00e+00	1.58e-08	4.78e-08	8.10e-08	2.15e-04	4.29e-04	2.05e-26
 6.75046e+16	1.70e-07	6.75e-04	1.17e-01	3.97e-01	4.86e-01	2.50e-07	0.00e+00	1.68e-08	5.09e-08	8.61e-08	2.25e-04	4.50e-04	2.39e-26
 6.82258e+16	1.81e-07	7.08e-04	1.20e-01	4.02e-01	4.77e-01	2.52e-07	0.00e+00	1.79e-08	5.42e-08	9.17e-08	2.36e-04	4.72e-04	2.80e-26
 6.89469e+16	1.92e-07	7.44e-04	1.24e-01	4.07e-01	4.68e-01	2.55e-07	0.00e+00	1.91e-08	5.77e-08	9.78e-08	2.48e-04	4.95e-04	3.28e-26
 6.96681e+16	2.05e-07	7.81e-04	1.28e-01	4.12e-01	4.59e-01	2.57e-07	0.00e+00	2.04e-08	6.16e-08	1.04e-07	2.61e-04	5.20e-04	3.84e-26
 7.03892e+16	2.20e-07	8.21e-04	1.33e-01	4.17e-01	4.49e-01	2.60e-07	0.00e+00	2.18e-08	6.60e-08	1.12e-07	2.74e-04	5.47e-04	4.52e-26
 7.11104e+16	2.36e-07	8.64e-04	1.37e-01	4.22e-01	4.40e-01	2.62e-07	0.00e+00	2.34e-08	7.08e-08	1.20e-07	2.88e-04	5.76e-04	5.36e-26
 7.17931e+16	2.54e-07	9.10e-04	1.41e-01	4.27e-01	4.31e-01	2.65e-07	0.00e+00	2.52e-08	7.62e-08	1.29e-07	3.04e-04	6.06e-04	6.38e-26
