#depth	C	C+	C+2	C+3	C+4	C+5	C+6	C[1]	C[2]	C[3]	C+[1]	C+[2]	CO
 2.47456e+14	3.39e-10	3.26e-06	2.42e-03	5.10e-02	9.47e-01	1.87e-07	0.00e+00	3.38e-11	1.02e-10	1.74e-10	1.08e-06	2.18e-06	1.34e-33
 1.30654e+15	3.48e-10	3.75e-06	2.67e-03	5.39e-02	9.43e-01	1.83e-07	0.00e+00	3.47e-11	1.05e-10	1.79e-10	1.25e-06	2.51e-06	2.08e-33
 2.96227e+15	4.48e-10	4.63e-06	3.10e-03	5.85e-02	9.38e-01	1.85e-07	0.00e+00	4.47e-11	1.35e-10	2.30e-10	1.54e-06	3.09e-06	4.10e-33
 4.68423e+15	5.80e-10	5.72e-06	3.61e-03	6.36e-02	9.33e-01	1.88e-07	0.00e+00	5.79e-11	1.75e-10	2.98e-10	1.90e-06	3.82e-06	8.09e-33
 6.37384e+15	7.38e-10	6.97e-06	4.17e-03	6.88e-02	9.27e-01	1.87e-07	0.00e+00	7.36e-11	2.23e-10	3.79e-10	2.32e-06	4.66e-06	1.52e-32
 7.99329e+15	9.25e-10	8.39e-06	4.76e-03	7.39e-02	9.21e-01	1.90e-07	0.00e+00	9.23e-11	2.79e-10	4.75e-10	2.79e-06	5.60e-06	2.72e-32
 9.77875e+15	1.17e-09	1.02e-05	5.49e-03	7.99e-02	9.15e-01	1.92e-07	0.00e+00	1.17e-10	3.54e-10	6.02e-10	3.39e-06	6.81e-06	5.09e-32
 1.16799e+16	1.49e-09	1.24e-05	6.34e-03	8.64e-02	9.07e-01	1.94e-07	0.00e+00	1.49e-10	4.50e-10	7.66e-10	4.14e-06	8.31e-06	9.62e-32
 1.34607e+16	1.86e-09	1.49e-05	7.22e-03	9.29e-02	9.00e-01	1.98e-07	0.00e+00	1.85e-10	5.61e-10	9.54e-10	4.97e-06	9.96e-06	1.72e-31
 1.54062e+16	2.35e-09	1.81e-05	8.30e-03	1.00e-01	8.91e-01	1.99e-07	0.00e+00	2.35e-10	7.10e-10	1.21e-09	6.03e-06	1.21e-05	3.20e-31
 1.75675e+16	3.01e-09	2.22e-05	9.62e-03	1.09e-01	8.82e-01	2.02e-07	0.00e+00	3.00e-10	9.08e-10	1.54e-09	7.40e-06	1.48e-05	6.16e-31
 1.96299e+16	3.75e-09	2.68e-05	1.10e-02	1.17e-01	8.72e-01	2.02e-07	0.00e+00	3.75e-10	1.13e-09	1.93e-09	8.91e-06	1.79e-05	1.12e-30
 2.18333e+16	4.75e-09	3.26e-05	1.27e-02	1.27e-01	8.61e-01	2.05e-07	0.00e+00	4.74e-10	1.44e-09	2.44e-09	1.08e-05	2.17e-05	2.11e-30
 2.42415e+16	6.04e-09	3.99e-05	1.47e-02	1.37e-01	8.48e-01	2.07e-07	0.00e+00	6.04e-10	1.83e-09	3.11e-09	1.33e-05	2.66e-05	4.04e-30
 2.65547e+16	7.53e-09	4.80e-05	1.68e-02	1.48e-01	8.35e-01	2.07e-07	0.00e+00	7.53e-10	2.28e-09	3.87e-09	1.60e-05	3.20e-05	7.37e-30
 2.90289e+16	9.50e-09	5.84e-05	1.94e-02	1.60e-01	8.21e-01	2.08e-07	0.00e+00	9.51e-10	2.88e-09	4.89e-09	1.95e-05	3.90e-05	1.38e-29
 3.17191e+16	1.21e-08	7.16e-05	2.24e-02	1.73e-01	8.04e-01	2.11e-07	0.00e+00	1.21e-09	3.66e-09	6.22e-09	2.38e-05	4.77e-05	2.65e-29
 3.43122e+16	1.51e-08	8.63e-05	2.57e-02	1.86e-01	7.88e-01	2.12e-07	0.00e+00	1.51e-09	4.56e-09	7.75e-09	2.88e-05	5.75e-05	4.83e-29
 3.70835e+16	1.90e-08	1.05e-04	2.96e-02	2.01e-01	7.69e-01	2.13e-07	0.00e+00	1.91e-09	5.77e-09	9.80e-09	3.51e-05	7.01e-05	9.06e-29
 4.00801e+16	2.42e-08	1.29e-04	3.43e-02	2.18e-01	7.48e-01	2.14e-07	0.00e+00	2.42e-09	7.32e-09	1.24e-08	4.30e-05	8.58e-05	1.73e-28
 4.25512e+16	2.90e-08	1.51e-04	3.85e-02	2.32e-01	7.30e-01	2.13e-07	0.00e+00	2.90e-09	8.78e-09	1.49e-08	5.03e-05	1.00e-04	2.87e-28
 4.44062e+16	3.33e-08	1.70e-04	4.20e-02	2.42e-01	7.16e-01	2.15e-07	0.00e+00	3.34e-09	1.01e-08	1.72e-08	5.67e-05	1.13e-04	4.18e-28
 4.64010e+16	3.89e-08	1.93e-04	4.60e-02	2.54e-01	7.00e-01	2.16e-07	0.00e+00	3.90e-09	1.18e-08	2.01e-08	6.45e-05	1.29e-04	6.30e-28
 4.87578e+16	4.63e-08	2.24e-04	5.12e-02	2.68e-01	6.80e-01	2.16e-07	0.00e+00	4.65e-09	1.41e-08	2.39e-08	7.48e-05	1.49e-04	1.01e-27
 5.10936e+16	5.49e-08	2.58e-04	5.67e-02	2.82e-01	6.61e-01	2.18e-07	0.00e+00	5.51e-09	1.67e-08	2.83e-08	8.63e-05	1.72e-04	1.58e-27
 5.31957e+16	6.40e-08	2.93e-04	6.20e-02	2.95e-01	6.43e-01	2.17e-07	0.00e+00	6.43e-09	1.94e-08	3.30e-08	9.80e-05	1.95e-04	2.36e-27
 5.50877e+16	7.32e-08	3.28e-04	6.71e-02	3.06e-01	6.26e-01	2.17e-07	0.00e+00	7.36e-09	2.23e-08	3.78e-08	1.10e-04	2.19e-04	3.37e-27
 5.67904e+16	8.27e-08	3.63e-04	7.21e-02	3.17e-01	6.11e-01	2.18e-07	0.00e+00	8.31e-09	2.51e-08	4.27e-08	1.21e-04	2.42e-04	4.63e-27
 5.83229e+16	9.23e-08	3.98e-04	7.68e-02	3.26e-01	5.97e-01	2.19e-07	0.00e+00	9.28e-09	2.81e-08	4.76e-08	1.33e-04	2.65e-04	6.18e-27
 5.97021e+16	1.02e-07	4.31e-04	8.12e-02	3.35e-01	5.84e-01	2.20e-07	0.00e+00	1.03e-08	3.10e-08	5.26e-08	1.44e-04	2.87e-04	7.98e-27
 6.09434e+16	1.12e-07	4.64e-04	8.54e-02	3.43e-01	5.72e-01	2.20e-07	0.00e+00	1.12e-08	3.39e-08	5.76e-08	1.55e-04	3.09e-04	1.01e-26
 6.20606e+16	1.21e-07	4.95e-04	8.93e-02	3.49e-01	5.61e-01	2.21e-07	0.00e+00	1.22e-08	3.68e-08	6.25e-08	1.65e-04	3.30e-04	1.24e-26
 6.30661e+16	1.30e-07	5.25e-04	9.29e-02	3.56e-01	5.51e-01	2.22e-07	0.00e+00	1.31e-08	3.96e-08	6.73e-08	1.76e-04	3.50e-04	1.50e-26
 6.39710e+16	1.39e-07	5.54e-04	9.63e-02	3.61e-01	5.42e-01	2.23e-07	0.00e+00	1.40e-08	4.24e-08	7.19e-08	1.85e-04	3.69e-04	1.77e-26
 6.47854e+16	1.48e-07	5.81e-04	9.95e-02	3.66e-01	5.34e-01	2.23e-07	0.00e+00	1.49e-08	4.51e-08	7.65e-08	1.94e-04	3.87e-04	2.07e-26
 6.55317e+16	1.57e-07	6.07e-04	1.02e-01	3.71e-01	5.26e-01	2.24e-07	0.00e+00	1.58e-08	4.77e-08	8.09e-08	2.03e-04	4.04e-04	2.38e-26
 6.62529e+16	1.65e-07	6.33e-04	1.05e-01	3.75e-01	5.19e-01	2.24e-07	0.00e+00	1.67e-08	5.04e-08	8.55e-08	2.12e-04	4.21e-04	2.73e-26
 6.69740e+16	1.75e-07	6.61e-04	1.08e-01	3.79e-01	5.11e-01	2.25e-07	0.00e+00	1.76e-08	5.33e-08	9.04e-08	2.21e-04	4.40e-04	3.14e-26
 6.76952e+16	1.85e-07	6.90e-04	1.12e-01	3.84e-01	5.04e-01	2.25e-07	0.00e+00	1.86e-08	5.64e-08	9.56e-08	2.31e-04	4.59e-04	3.62e-26
 6.84164e+16	1.96e-07	7.21e-04	1.15e-01	3.88e-01	4.96e-01	2.26e-07	0.00e+00	1.97e-08	5.97e-08	1.01e-07	2.41e-04	4.80e-04	4.18e-26
 6.91375e+16	2.08e-07	7.53e-04	1.18e-01	3.93e-01	4.89e-01	2.27e-07	0.00e+00	2.09e-08	6.33e-08	1.07e-07	2.52e-04	5.01e-04	4.82e-26
 6.98587e+16	2.21e-07	7.87e-04	1.21e-01	3.97e-01	4.81e-01	2.27e-07	0.00e+00	2.22e-08	6.72e-08	1.14e-07	2.63e-04	5.24e-04	5.58e-26
 7.05798e+16	2.35e-07	8.24e-04	1.25e-01	4.01e-01	4.73e-01	2.28e-07	0.00e+00	2.37e-08	7.16e-08	1.21e-07	2.75e-04	5.48e-04	6.49e-26
 7.13010e+16	2.51e-07	8.63e-04	1.29e-01	4.05e-01	4.65e-01	2.29e-07	0.00e+00	2.53e-08	7.65e-08	1.30e-07	2.89e-04	5.74e-04	7.60e-26
 7.18884e+16	2.69e-07	9.03e-04	1.32e-01	4.09e-01	4.59e-01	2.30e-07	0.00e+00	2.71e-08	8.20e-08	1.39e-07	3.02e-04	6.01e-04	8.98e-26
