#depth	C	C+	C+2	C+3	C+4	C+5	C+6	C[1]	C[2]	C[3]	C+[1]	C+[2]	CO
 2.03783e+14	2.39e-10	2.48e-06	2.01e-03	4.65e-02	9.52e-01	1.83e-07	0.00e+00	2.34e-11	7.07e-11	1.20e-10	8.21e-07	1.66e-06	5.59e-34
 1.21745e+15	2.44e-10	2.84e-06	2.21e-03	4.90e-02	9.49e-01	1.79e-07	0.00e+00	2.39e-11	7.24e-11	1.23e-10	9.42e-07	1.90e-06	8.51e-34
 2.86962e+15	3.14e-10	3.50e-06	2.56e-03	5.33e-02	9.44e-01	1.81e-07	0.00e+00	3.07e-11	9.29e-11	1.58e-10	1.16e-06	2.34e-06	1.67e-33
 4.58787e+15	4.05e-10	4.32e-06	2.99e-03	5.79e-02	9.39e-01	1.83e-07	0.00e+00	3.97e-11	1.20e-10	2.04e-10	1.43e-06	2.89e-06	3.27e-33
 6.26178e+15	5.13e-10	5.26e-06	3.44e-03	6.27e-02	9.34e-01	1.82e-07	0.00e+00	5.03e-11	1.52e-10	2.58e-10	1.74e-06	3.52e-06	6.04e-33
 7.84722e+15	6.39e-10	6.31e-06	3.93e-03	6.73e-02	9.29e-01	1.85e-07	0.00e+00	6.27e-11	1.90e-10	3.22e-10	2.09e-06	4.21e-06	1.06e-32
 9.60914e+15	8.07e-10	7.65e-06	4.52e-03	7.28e-02	9.23e-01	1.86e-07	0.00e+00	7.92e-11	2.39e-10	4.07e-10	2.54e-06	5.11e-06	1.97e-32
 1.15456e+16	1.03e-09	9.40e-06	5.25e-03	7.90e-02	9.16e-01	1.88e-07	0.00e+00	1.01e-10	3.07e-10	5.21e-10	3.12e-06	6.28e-06	3.79e-32
 1.33567e+16	1.29e-09	1.13e-05	6.01e-03	8.52e-02	9.09e-01	1.92e-07	0.00e+00	1.27e-10	3.84e-10	6.52e-10	3.76e-06	7.56e-06	6.83e-32
 1.50515e+16	1.58e-09	1.34e-05	6.78e-03	9.11e-02	9.02e-01	1.92e-07	0.00e+00	1.55e-10	4.69e-10	7.96e-10	4.45e-06	8.95e-06	1.15e-31
 1.69963e+16	1.99e-09	1.62e-05	7.78e-03	9.82e-02	8.94e-01	1.94e-07	0.00e+00	1.95e-10	5.90e-10	1.00e-09	5.37e-06	1.08e-05	2.11e-31
 1.91864e+16	2.53e-09	1.98e-05	9.01e-03	1.07e-01	8.84e-01	1.97e-07	0.00e+00	2.49e-10	7.52e-10	1.28e-09	6.58e-06	1.32e-05	4.02e-31
 2.12731e+16	3.14e-09	2.38e-05	1.03e-02	1.15e-01	8.75e-01	1.97e-07	0.00e+00	3.09e-10	9.35e-10	1.59e-09	7.91e-06	1.59e-05	7.18e-31
 2.35159e+16	3.98e-09	2.90e-05	1.19e-02	1.24e-01	8.64e-01	1.99e-07	0.00e+00	3.91e-10	1.18e-09	2.01e-09	9.63e-06	1.94e-05	1.34e-30
 2.59643e+16	5.03e-09	3.54e-05	1.38e-02	1.35e-01	8.51e-01	2.02e-07	0.00e+00	4.95e-10	1.50e-09	2.54e-09	1.18e-05	2.36e-05	2.53e-30
 2.82621e+16	6.27e-09	4.26e-05	1.58e-02	1.46e-01	8.39e-01	2.03e-07	0.00e+00	6.17e-10	1.87e-09	3.17e-09	1.42e-05	2.84e-05	4.50e-30
 3.07476e+16	7.88e-09	5.17e-05	1.82e-02	1.58e-01	8.24e-01	2.04e-07	0.00e+00	7.76e-10	2.35e-09	3.98e-09	1.72e-05	3.45e-05	8.31e-30
 3.34750e+16	1.00e-08	6.34e-05	2.11e-02	1.71e-01	8.08e-01	2.07e-07	0.00e+00	9.87e-10	2.98e-09	5.06e-09	2.11e-05	4.23e-05	1.57e-29
 3.60344e+16	1.24e-08	7.62e-05	2.42e-02	1.84e-01	7.91e-01	2.07e-07	0.00e+00	1.22e-09	3.69e-09	6.26e-09	2.53e-05	5.08e-05	2.79e-29
 3.88020e+16	1.56e-08	9.29e-05	2.80e-02	2.00e-01	7.72e-01	2.08e-07	0.00e+00	1.54e-09	4.67e-09	7.91e-09	3.09e-05	6.20e-05	5.19e-29
 4.18184e+16	1.99e-08	1.14e-04	3.26e-02	2.17e-01	7.51e-01	2.12e-07	0.00e+00	1.97e-09	5.95e-09	1.01e-08	3.80e-05	7.62e-05	9.85e-29
 4.46110e+16	2.48e-08	1.37e-04	3.74e-02	2.33e-01	7.30e-01	2.14e-07	0.00e+00	2.44e-09	7.39e-09	1.25e-08	4.58e-05	9.17e-05	1.74e-28
 4.69095e+16	2.94e-08	1.59e-04	4.17e-02	2.47e-01	7.12e-01	2.15e-07	0.00e+00	2.90e-09	8.77e-09	1.49e-08	5.31e-05	1.06e-04	2.73e-28
 4.88054e+16	3.39e-08	1.80e-04	4.56e-02	2.58e-01	6.96e-01	2.18e-07	0.00e+00	3.35e-09	1.01e-08	1.72e-08	6.00e-05	1.20e-04	3.98e-28
 5.08453e+16	3.97e-08	2.06e-04	5.02e-02	2.71e-01	6.78e-01	2.20e-07	0.00e+00	3.93e-09	1.19e-08	2.01e-08	6.85e-05	1.37e-04	6.03e-28
 5.29723e+16	4.66e-08	2.35e-04	5.54e-02	2.85e-01	6.59e-01	2.20e-07	0.00e+00	4.61e-09	1.39e-08	2.36e-08	7.84e-05	1.57e-04	9.07e-28
 5.48865e+16	5.38e-08	2.65e-04	6.04e-02	2.97e-01	6.42e-01	2.22e-07	0.00e+00	5.32e-09	1.61e-08	2.73e-08	8.85e-05	1.77e-04	1.31e-27
 5.66094e+16	6.12e-08	2.96e-04	6.53e-02	3.09e-01	6.25e-01	2.24e-07	0.00e+00	6.06e-09	1.83e-08	3.10e-08	9.86e-05	1.97e-04	1.83e-27
 5.81600e+16	6.89e-08	3.26e-04	7.00e-02	3.19e-01	6.10e-01	2.28e-07	0.00e+00	6.82e-09	2.06e-08	3.49e-08	1.09e-04	2.17e-04	2.47e-27
 5.95555e+16	7.66e-08	3.56e-04	7.46e-02	3.29e-01	5.96e-01	2.30e-07	0.00e+00	7.59e-09	2.29e-08	3.88e-08	1.19e-04	2.37e-04	3.24e-27
 6.08115e+16	8.44e-08	3.85e-04	7.88e-02	3.37e-01	5.83e-01	2.32e-07	0.00e+00	8.36e-09	2.53e-08	4.28e-08	1.28e-04	2.57e-04	4.13e-27
 6.19418e+16	9.21e-08	4.14e-04	8.29e-02	3.45e-01	5.72e-01	2.34e-07	0.00e+00	9.13e-09	2.76e-08	4.67e-08	1.38e-04	2.76e-04	5.15e-27
 6.29592e+16	9.99e-08	4.41e-04	8.67e-02	3.52e-01	5.61e-01	2.36e-07	0.00e+00	9.90e-09	2.99e-08	5.07e-08	1.47e-04	2.94e-04	6.29e-27
 6.38748e+16	1.07e-07	4.68e-04	9.03e-02	3.58e-01	5.51e-01	2.38e-07	0.00e+00	1.06e-08	3.22e-08	5.45e-08	1.56e-04	3.12e-04	7.55e-27
 6.46988e+16	1.15e-07	4.93e-04	9.37e-02	3.64e-01	5.42e-01	2.39e-07	0.00e+00	1.14e-08	3.44e-08	5.82e-08	1.65e-04	3.29e-04	8.92e-27
 6.54497e+16	1.22e-07	5.17e-04	9.68e-02	3.69e-01	5.34e-01	2.41e-07	0.00e+00	1.21e-08	3.65e-08	6.19e-08	1.73e-04	3.45e-04	1.03e-26
 6.61709e+16	1.29e-07	5.42e-04	1.00e-01	3.74e-01	5.25e-01	2.43e-07	0.00e+00	1.28e-08	3.87e-08	6.56e-08	1.81e-04	3.61e-04	1.20e-26
 6.68920e+16	1.37e-07	5.68e-04	1.03e-01	3.79e-01	5.17e-01	2.45e-07	0.00e+00	1.36e-08	4.11e-08	6.97e-08	1.90e-04	3.78e-04	1.39e-26
 6.76132e+16	1.46e-07	5.96e-04	1.07e-01	3.84e-01	5.09e-01	2.46e-07	0.00e+00	1.45e-08	4.37e-08	7.41e-08	1.99e-04	3.97e-04	1.61e-26
 6.83343e+16	1.55e-07	6.25e-04	1.10e-01	3.89e-01	5.00e-01	2.48e-07	0.00e+00	1.54e-08	4.65e-08	7.88e-08	2.08e-04	4.16e-04	1.88e-26
 6.90555e+16	1.65e-07	6.55e-04	1.14e-01	3.94e-01	4.92e-01	2.50e-07	0.00e+00	1.64e-08	4.96e-08	8.40e-08	2.19e-04	4.37e-04	2.20e-26
 6.97766e+16	1.76e-07	6.88e-04	1.17e-01	3.99e-01	4.83e-01	2.53e-07	0.00e+00	1.75e-08	5.29e-08	8.96e-08	2.30e-04	4.58e-04	2.58e-26
 7.04978e+16	1.89e-07	7.23e-04	1.21e-01	4.04e-01	4.74e-01	2.55e-07	0.00e+00	1.87e-08	5.66e-08	9.58e-08	2.41e-04	4.82e-04	3.03e-26
 7.12189e+16	2.02e-07	7.61e-04	1.25e-01	4.09e-01	4.65e-01	2.57e-07	0.00e+00	2.01e-08	6.07e-08	1.03e-07	2.54e-04	5.07e-04	3.59e-26
 7.18473e+16	2.17e-07	7.99e-04	1.29e-01	4.13e-01	4.57e-01	2.60e-07	0.00e+00	2.16e-08	6.52e-08	1.10e-07	2.67e-04	5.32e-04	4.25e-26
