#depth	C	C+	C+2	C+3	C+4	C+5	C+6	C[1]	C[2]	C[3]	C+[1]	C+[2]	CO
 2.30832e+14	7.16e-10	4.85e-06	2.71e-03	5.07e-02	9.47e-01	2.62e-07	0.00e+00	7.13e-11	2.16e-10	3.67e-10	1.61e-06	3.24e-06	8.72e-33
 1.27263e+15	6.95e-10	5.58e-06	2.99e-03	5.35e-02	9.43e-01	2.56e-07	0.00e+00	6.93e-11	2.10e-10	3.57e-10	1.85e-06	3.72e-06	1.34e-32
 2.92700e+15	8.85e-10	6.86e-06	3.48e-03	5.82e-02	9.38e-01	2.59e-07	0.00e+00	8.82e-11	2.67e-10	4.54e-10	2.28e-06	4.58e-06	2.61e-32
 4.64755e+15	1.13e-09	8.46e-06	4.05e-03	6.33e-02	9.33e-01	2.63e-07	0.00e+00	1.13e-10	3.42e-10	5.81e-10	2.81e-06	5.65e-06	5.10e-32
 6.30954e+15	1.42e-09	1.02e-05	4.66e-03	6.85e-02	9.27e-01	2.61e-07	0.00e+00	1.42e-10	4.28e-10	7.29e-10	3.40e-06	6.84e-06	9.34e-32
 7.86396e+15	1.74e-09	1.22e-05	5.30e-03	7.35e-02	9.21e-01	2.67e-07	0.00e+00	1.74e-10	5.26e-10	8.96e-10	4.05e-06	8.14e-06	1.62e-31
 9.60792e+15	2.19e-09	1.48e-05	6.09e-03	7.94e-02	9.15e-01	2.69e-07	0.00e+00	2.19e-10	6.61e-10	1.13e-09	4.90e-06	9.85e-06	2.97e-31
 1.15957e+16	2.80e-09	1.82e-05	7.10e-03	8.64e-02	9.07e-01	2.74e-07	0.00e+00	2.80e-10	8.46e-10	1.44e-09	6.04e-06	1.21e-05	5.77e-31
 1.34547e+16	3.48e-09	2.19e-05	8.13e-03	9.32e-02	8.99e-01	2.75e-07	0.00e+00	3.47e-10	1.05e-09	1.79e-09	7.27e-06	1.46e-05	1.04e-30
 1.50988e+16	4.21e-09	2.57e-05	9.14e-03	9.95e-02	8.91e-01	2.80e-07	0.00e+00	4.20e-10	1.27e-09	2.16e-09	8.54e-06	1.71e-05	1.74e-30
 1.69353e+16	5.19e-09	3.06e-05	1.04e-02	1.07e-01	8.83e-01	2.81e-07	0.00e+00	5.19e-10	1.57e-09	2.67e-09	1.02e-05	2.04e-05	3.06e-30
 1.91345e+16	6.59e-09	3.75e-05	1.20e-02	1.16e-01	8.72e-01	2.85e-07	0.00e+00	6.58e-10	1.99e-09	3.39e-09	1.25e-05	2.50e-05	5.84e-30
 2.13224e+16	8.22e-09	4.53e-05	1.38e-02	1.25e-01	8.61e-01	2.88e-07	0.00e+00	8.22e-10	2.49e-09	4.23e-09	1.51e-05	3.02e-05	1.07e-29
 2.33097e+16	1.00e-08	5.36e-05	1.56e-02	1.34e-01	8.50e-01	2.89e-07	0.00e+00	1.00e-09	3.03e-09	5.14e-09	1.78e-05	3.58e-05	1.83e-29
 2.55193e+16	1.24e-08	6.44e-05	1.79e-02	1.44e-01	8.38e-01	2.90e-07	0.00e+00	1.24e-09	3.76e-09	6.38e-09	2.14e-05	4.29e-05	3.30e-29
 2.80095e+16	1.56e-08	7.83e-05	2.07e-02	1.56e-01	8.23e-01	2.94e-07	0.00e+00	1.56e-09	4.73e-09	8.04e-09	2.61e-05	5.22e-05	6.15e-29
 3.03875e+16	1.92e-08	9.37e-05	2.36e-02	1.68e-01	8.08e-01	2.93e-07	0.00e+00	1.92e-09	5.81e-09	9.88e-09	3.12e-05	6.25e-05	1.09e-28
 3.29563e+16	2.41e-08	1.14e-04	2.71e-02	1.82e-01	7.91e-01	2.94e-07	0.00e+00	2.41e-09	7.29e-09	1.24e-08	3.78e-05	7.57e-05	2.01e-28
 3.57501e+16	3.04e-08	1.39e-04	3.14e-02	1.97e-01	7.72e-01	2.98e-07	0.00e+00	3.04e-09	9.20e-09	1.56e-08	4.62e-05	9.23e-05	3.74e-28
 3.80399e+16	3.61e-08	1.61e-04	3.51e-02	2.09e-01	7.55e-01	2.99e-07	0.00e+00	3.62e-09	1.09e-08	1.86e-08	5.38e-05	1.08e-04	6.04e-28
 3.98146e+16	4.15e-08	1.82e-04	3.83e-02	2.19e-01	7.42e-01	3.01e-07	0.00e+00	4.16e-09	1.26e-08	2.14e-08	6.07e-05	1.21e-04	8.73e-28
 4.17617e+16	4.86e-08	2.07e-04	4.22e-02	2.30e-01	7.27e-01	3.02e-07	0.00e+00	4.87e-09	1.47e-08	2.50e-08	6.92e-05	1.38e-04	1.32e-27
 4.42929e+16	5.93e-08	2.45e-04	4.77e-02	2.45e-01	7.07e-01	3.02e-07	0.00e+00	5.95e-09	1.80e-08	3.06e-08	8.19e-05	1.63e-04	2.24e-27
 4.68982e+16	7.18e-08	2.89e-04	5.36e-02	2.61e-01	6.86e-01	3.02e-07	0.00e+00	7.20e-09	2.18e-08	3.70e-08	9.64e-05	1.92e-04	3.70e-27
 4.90686e+16	8.42e-08	3.30e-04	5.91e-02	2.73e-01	6.67e-01	3.01e-07	0.00e+00	8.46e-09	2.56e-08	4.34e-08	1.10e-04	2.20e-04	5.58e-27
 5.11669e+16	9.84e-08	3.76e-04	6.49e-02	2.86e-01	6.48e-01	3.02e-07	0.00e+00	9.89e-09	2.99e-08	5.08e-08	1.26e-04	2.51e-04	8.39e-27
 5.32617e+16	1.15e-07	4.27e-04	7.10e-02	2.99e-01	6.29e-01	3.02e-07	0.00e+00	1.15e-08	3.48e-08	5.91e-08	1.43e-04	2.84e-04	1.24e-26
 5.51471e+16	1.31e-07	4.78e-04	7.70e-02	3.11e-01	6.12e-01	3.03e-07	0.00e+00	1.32e-08	3.99e-08	6.78e-08	1.60e-04	3.19e-04	1.76e-26
 5.68439e+16	1.49e-07	5.29e-04	8.27e-02	3.21e-01	5.95e-01	3.06e-07	0.00e+00	1.50e-08	4.52e-08	7.67e-08	1.77e-04	3.53e-04	2.41e-26
 5.83710e+16	1.66e-07	5.80e-04	8.81e-02	3.31e-01	5.81e-01	3.08e-07	0.00e+00	1.67e-08	5.06e-08	8.59e-08	1.94e-04	3.86e-04	3.20e-26
 5.97454e+16	1.84e-07	6.29e-04	9.33e-02	3.39e-01	5.67e-01	3.09e-07	0.00e+00	1.85e-08	5.61e-08	9.52e-08	2.10e-04	4.19e-04	4.13e-26
 6.09824e+16	2.02e-07	6.78e-04	9.81e-02	3.47e-01	5.54e-01	3.09e-07	0.00e+00	2.04e-08	6.16e-08	1.04e-07	2.27e-04	4.51e-04	5.20e-26
 6.20957e+16	2.21e-07	7.25e-04	1.03e-01	3.53e-01	5.43e-01	3.09e-07	0.00e+00	2.22e-08	6.71e-08	1.14e-07	2.42e-04	4.83e-04	6.39e-26
 6.30976e+16	2.38e-07	7.70e-04	1.07e-01	3.59e-01	5.33e-01	3.09e-07	0.00e+00	2.39e-08	7.24e-08	1.23e-07	2.57e-04	5.12e-04	7.73e-26
 6.39994e+16	2.55e-07	8.13e-04	1.11e-01	3.65e-01	5.23e-01	3.10e-07	0.00e+00	2.57e-08	7.77e-08	1.32e-07	2.72e-04	5.41e-04	9.17e-26
 6.48110e+16	2.72e-07	8.53e-04	1.15e-01	3.70e-01	5.15e-01	3.11e-07	0.00e+00	2.74e-08	8.28e-08	1.41e-07	2.85e-04	5.68e-04	1.06e-25
 6.55560e+16	2.89e-07	8.92e-04	1.18e-01	3.74e-01	5.07e-01	3.12e-07	0.00e+00	2.91e-08	8.79e-08	1.49e-07	2.98e-04	5.94e-04	1.23e-25
 6.62771e+16	3.06e-07	9.32e-04	1.22e-01	3.78e-01	4.99e-01	3.12e-07	0.00e+00	3.08e-08	9.32e-08	1.58e-07	3.12e-04	6.21e-04	1.42e-25
 6.69983e+16	3.25e-07	9.75e-04	1.25e-01	3.83e-01	4.91e-01	3.13e-07	0.00e+00	3.27e-08	9.89e-08	1.68e-07	3.26e-04	6.49e-04	1.63e-25
 6.77194e+16	3.45e-07	1.02e-03	1.29e-01	3.87e-01	4.83e-01	3.14e-07	0.00e+00	3.48e-08	1.05e-07	1.78e-07	3.41e-04	6.78e-04	1.89e-25
 6.84406e+16	3.67e-07	1.07e-03	1.33e-01	3.91e-01	4.75e-01	3.14e-07	0.00e+00	3.70e-08	1.12e-07	1.90e-07	3.57e-04	7.10e-04	2.18e-25
 6.91617e+16	3.91e-07	1.12e-03	1.37e-01	3.95e-01	4.67e-01	3.15e-07	0.00e+00	3.95e-08	1.19e-07	2.02e-07	3.73e-04	7.43e-04	2.54e-25
 6.98829e+16	4.18e-07	1.17e-03	1.41e-01	3.99e-01	4.59e-01	3.16e-07	0.00e+00	4.21e-08	1.27e-07	2.16e-07	3.91e-04	7.78e-04	2.95e-25
 7.06040e+16	4.48e-07	1.23e-03	1.45e-01	4.04e-01	4.51e-01	3.17e-07	0.00e+00	4.52e-08	1.37e-07	2.32e-07	4.10e-04	8.16e-04	3.45e-25
 7.13252e+16	4.82e-07	1.29e-03	1.49e-01	4.08e-01	4.42e-01	3.17e-07	0.00e+00	4.86e-08	1.47e-07	2.49e-07	4.31e-04	8.57e-04	4.07e-25
 7.19005e+16	5.22e-07	1.35e-03	1.52e-01	4.11e-01	4.35e-01	3.18e-07	0.00e+00	5.27e-08	1.59e-07	2.70e-07	4.52e-04	9.00e-04	4.89e-25
