#depth	C	C+	C+2	C+3	C+4	C+5	C+6	C[1]	C[2]	C[3]	C+[1]	C+[2]	CO
 1.85341e+14	1.50e-09	6.61e-06	2.63e-03	4.54e-02	9.52e-01	4.38e-07	0.00e+00	1.48e-10	4.48e-10	7.61e-10	2.19e-06	4.42e-06	5.48e-32
 1.11204e+15	1.31e-09	7.48e-06	2.87e-03	4.77e-02	9.49e-01	4.27e-07	0.00e+00	1.29e-10	3.90e-10	6.63e-10	2.48e-06	5.00e-06	8.18e-32
 2.69221e+15	1.61e-09	9.09e-06	3.32e-03	5.19e-02	9.45e-01	4.32e-07	0.00e+00	1.59e-10	4.79e-10	8.15e-10	3.01e-06	6.08e-06	1.52e-31
 4.40336e+15	2.01e-09	1.12e-05	3.86e-03	5.66e-02	9.40e-01	4.37e-07	0.00e+00	1.98e-10	5.99e-10	1.02e-09	3.69e-06	7.46e-06	2.86e-31
 6.04709e+15	2.46e-09	1.34e-05	4.45e-03	6.13e-02	9.34e-01	4.35e-07	0.00e+00	2.43e-10	7.34e-10	1.25e-09	4.45e-06	8.97e-06	5.09e-31
 7.57028e+15	2.96e-09	1.59e-05	5.05e-03	6.58e-02	9.29e-01	4.47e-07	0.00e+00	2.91e-10	8.81e-10	1.50e-09	5.26e-06	1.06e-05	8.49e-31
 9.29028e+15	3.66e-09	1.91e-05	5.82e-03	7.12e-02	9.23e-01	4.50e-07	0.00e+00	3.61e-10	1.09e-09	1.86e-09	6.33e-06	1.28e-05	1.51e-30
 1.11764e+16	4.56e-09	2.32e-05	6.74e-03	7.74e-02	9.16e-01	4.58e-07	0.00e+00	4.49e-10	1.36e-09	2.31e-09	7.71e-06	1.55e-05	2.79e-30
 1.29283e+16	5.54e-09	2.77e-05	7.68e-03	8.34e-02	9.09e-01	4.61e-07	0.00e+00	5.47e-10	1.65e-09	2.81e-09	9.18e-06	1.85e-05	4.83e-30
 1.48392e+16	6.90e-09	3.35e-05	8.85e-03	9.03e-02	9.01e-01	4.68e-07	0.00e+00	6.81e-10	2.06e-09	3.50e-09	1.11e-05	2.24e-05	8.76e-30
 1.69641e+16	8.66e-09	4.08e-05	1.03e-02	9.83e-02	8.91e-01	4.74e-07	0.00e+00	8.55e-10	2.59e-09	4.39e-09	1.36e-05	2.73e-05	1.63e-29
 1.88404e+16	1.04e-08	4.82e-05	1.16e-02	1.06e-01	8.83e-01	4.76e-07	0.00e+00	1.03e-09	3.12e-09	5.29e-09	1.60e-05	3.22e-05	2.72e-29
 2.04578e+16	1.23e-08	5.56e-05	1.30e-02	1.12e-01	8.75e-01	4.81e-07	0.00e+00	1.21e-09	3.66e-09	6.22e-09	1.85e-05	3.71e-05	4.20e-29
 2.22726e+16	1.48e-08	6.51e-05	1.46e-02	1.20e-01	8.65e-01	4.84e-07	0.00e+00	1.46e-09	4.41e-09	7.49e-09	2.16e-05	4.35e-05	6.88e-29
 2.45661e+16	1.85e-08	7.90e-05	1.69e-02	1.30e-01	8.53e-01	4.90e-07	0.00e+00	1.82e-09	5.52e-09	9.37e-09	2.62e-05	5.27e-05	1.25e-28
 2.68933e+16	2.27e-08	9.48e-05	1.94e-02	1.41e-01	8.40e-01	4.93e-07	0.00e+00	2.25e-09	6.79e-09	1.15e-08	3.15e-05	6.33e-05	2.18e-28
 2.88739e+16	2.70e-08	1.10e-04	2.17e-02	1.50e-01	8.28e-01	4.94e-07	0.00e+00	2.67e-09	8.08e-09	1.37e-08	3.67e-05	7.37e-05	3.42e-28
 3.09925e+16	3.27e-08	1.30e-04	2.46e-02	1.61e-01	8.15e-01	5.02e-07	0.00e+00	3.24e-09	9.78e-09	1.66e-08	4.32e-05	8.67e-05	5.65e-28
 3.32041e+16	3.92e-08	1.53e-04	2.77e-02	1.72e-01	8.00e-01	5.00e-07	0.00e+00	3.88e-09	1.17e-08	1.99e-08	5.08e-05	1.02e-04	9.07e-28
 3.50948e+16	4.58e-08	1.74e-04	3.07e-02	1.82e-01	7.87e-01	5.05e-07	0.00e+00	4.54e-09	1.37e-08	2.33e-08	5.81e-05	1.16e-04	1.35e-27
 3.71109e+16	5.44e-08	2.02e-04	3.42e-02	1.93e-01	7.73e-01	5.06e-07	0.00e+00	5.40e-09	1.63e-08	2.77e-08	6.72e-05	1.35e-04	2.09e-27
 3.93369e+16	6.50e-08	2.35e-04	3.84e-02	2.05e-01	7.56e-01	5.12e-07	0.00e+00	6.44e-09	1.95e-08	3.30e-08	7.83e-05	1.57e-04	3.28e-27
 4.14167e+16	7.65e-08	2.70e-04	4.26e-02	2.17e-01	7.40e-01	5.11e-07	0.00e+00	7.59e-09	2.29e-08	3.89e-08	9.00e-05	1.80e-04	4.91e-27
 4.34017e+16	8.93e-08	3.08e-04	4.71e-02	2.28e-01	7.24e-01	5.12e-07	0.00e+00	8.86e-09	2.68e-08	4.55e-08	1.03e-04	2.06e-04	7.24e-27
 4.56824e+16	1.07e-07	3.60e-04	5.28e-02	2.42e-01	7.05e-01	5.22e-07	0.00e+00	1.07e-08	3.22e-08	5.47e-08	1.20e-04	2.40e-04	1.15e-26
 4.81349e+16	1.29e-07	4.21e-04	5.94e-02	2.57e-01	6.83e-01	5.21e-07	0.00e+00	1.28e-08	3.88e-08	6.59e-08	1.40e-04	2.81e-04	1.82e-26
 5.03220e+16	1.53e-07	4.84e-04	6.59e-02	2.70e-01	6.63e-01	5.27e-07	0.00e+00	1.52e-08	4.60e-08	7.81e-08	1.62e-04	3.23e-04	2.71e-26
 5.23662e+16	1.80e-07	5.52e-04	7.26e-02	2.83e-01	6.44e-01	5.30e-07	0.00e+00	1.79e-08	5.40e-08	9.16e-08	1.84e-04	3.68e-04	3.98e-26
 5.43231e+16	2.10e-07	6.26e-04	7.95e-02	2.95e-01	6.25e-01	5.32e-07	0.00e+00	2.08e-08	6.30e-08	1.07e-07	2.09e-04	4.17e-04	5.73e-26
 5.61023e+16	2.41e-07	7.01e-04	8.63e-02	3.07e-01	6.06e-01	5.36e-07	0.00e+00	2.40e-08	7.25e-08	1.23e-07	2.34e-04	4.67e-04	7.97e-26
 5.77036e+16	2.74e-07	7.77e-04	9.28e-02	3.17e-01	5.90e-01	5.39e-07	0.00e+00	2.73e-08	8.25e-08	1.40e-07	2.59e-04	5.18e-04	1.08e-25
 5.91447e+16	3.08e-07	8.52e-04	9.91e-02	3.26e-01	5.74e-01	5.43e-07	0.00e+00	3.07e-08	9.28e-08	1.57e-07	2.84e-04	5.68e-04	1.42e-25
 6.04418e+16	3.44e-07	9.27e-04	1.05e-01	3.34e-01	5.60e-01	5.46e-07	0.00e+00	3.42e-08	1.03e-07	1.75e-07	3.09e-04	6.18e-04	1.82e-25
 6.16091e+16	3.79e-07	1.00e-03	1.11e-01	3.42e-01	5.46e-01	5.49e-07	0.00e+00	3.78e-08	1.14e-07	1.94e-07	3.34e-04	6.67e-04	2.28e-25
 6.26597e+16	4.16e-07	1.07e-03	1.16e-01	3.48e-01	5.34e-01	5.51e-07	0.00e+00	4.14e-08	1.25e-07	2.12e-07	3.58e-04	7.15e-04	2.81e-25
 6.36053e+16	4.50e-07	1.14e-03	1.21e-01	3.54e-01	5.23e-01	5.54e-07	0.00e+00	4.49e-08	1.36e-07	2.30e-07	3.80e-04	7.59e-04	3.35e-25
 6.44563e+16	4.86e-07	1.21e-03	1.26e-01	3.60e-01	5.13e-01	5.56e-07	0.00e+00	4.85e-08	1.46e-07	2.48e-07	4.03e-04	8.03e-04	4.00e-25
 6.52222e+16	5.22e-07	1.27e-03	1.31e-01	3.64e-01	5.04e-01	5.58e-07	0.00e+00	5.20e-08	1.57e-07	2.66e-07	4.24e-04	8.46e-04	4.70e-25
 6.59455e+16	5.59e-07	1.34e-03	1.35e-01	3.69e-01	4.95e-01	5.61e-07	0.00e+00	5.57e-08	1.68e-07	2.85e-07	4.46e-04	8.89e-04	5.50e-25
 6.66667e+16	5.99e-07	1.40e-03	1.39e-01	3.73e-01	4.86e-01	5.63e-07	0.00e+00	5.97e-08	1.80e-07	3.06e-07	4.69e-04	9.35e-04	6.43e-25
 6.73878e+16	6.44e-07	1.48e-03	1.44e-01	3.78e-01	4.77e-01	5.65e-07	0.00e+00	6.42e-08	1.94e-07	3.29e-07	4.93e-04	9.84e-04	7.54e-25
 6.81090e+16	6.93e-07	1.55e-03	1.49e-01	3.82e-01	4.67e-01	5.67e-07	0.00e+00	6.91e-08	2.09e-07	3.54e-07	5.19e-04	1.04e-03	8.88e-25
 6.88301e+16	7.50e-07	1.64e-03	1.54e-01	3.87e-01	4.58e-01	5.73e-07	0.00e+00	7.48e-08	2.26e-07	3.83e-07	5.48e-04	1.09e-03	1.06e-24
 6.95513e+16	8.10e-07	1.73e-03	1.59e-01	3.91e-01	4.48e-01	5.73e-07	0.00e+00	8.08e-08	2.44e-07	4.14e-07	5.77e-04	1.15e-03	1.24e-24
 7.02724e+16	8.78e-07	1.82e-03	1.64e-01	3.95e-01	4.38e-01	5.76e-07	0.00e+00	8.77e-08	2.65e-07	4.49e-07	6.09e-04	1.21e-03	1.52e-24
 7.09936e+16	9.63e-07	1.93e-03	1.70e-01	4.00e-01	4.29e-01	5.79e-07	0.00e+00	9.62e-08	2.91e-07	4.92e-07	6.44e-04	1.29e-03	1.83e-24
 7.17147e+16	1.07e-06	2.05e-03	1.76e-01	4.04e-01	4.18e-01	5.79e-07	0.00e+00	1.07e-07	3.22e-07	5.45e-07	6.85e-04	1.37e-03	2.25e-24
 7.20952e+16	1.38e-06	2.22e-03	1.80e-01	4.07e-01	4.10e-01	5.73e-07	0.00e+00	1.38e-07	4.18e-07	7.08e-07	7.42e-04	1.48e-03	3.20e-24
