#depth	O	O+	O+2	O+3	O+4	O+5	O+6	O+7	O+8	O[1]	O[2]	O[3]
 1.81117e+14	2.13e-11	5.32e-07	1.44e-03	1.78e-01	6.82e-01	1.34e-01	5.13e-03	0.00e+00	0.00e+00	1.57e-11	3.81e-12	1.78e-12
 1.08670e+15	2.54e-11	6.08e-07	1.58e-03	1.86e-01	6.80e-01	1.28e-01	4.66e-03	0.00e+00	0.00e+00	1.87e-11	4.53e-12	2.12e-12
 2.64912e+15	3.33e-11	7.48e-07	1.84e-03	2.00e-01	6.76e-01	1.19e-01	3.96e-03	0.00e+00	0.00e+00	2.46e-11	5.92e-12	2.78e-12
 4.35855e+15	4.41e-11	9.27e-07	2.17e-03	2.15e-01	6.70e-01	1.09e-01	3.32e-03	0.00e+00	0.00e+00	3.25e-11	7.82e-12	3.67e-12
 6.02164e+15	5.69e-11	1.13e-06	2.52e-03	2.31e-01	6.63e-01	1.01e-01	2.81e-03	0.00e+00	0.00e+00	4.19e-11	1.01e-11	4.74e-12
 7.55011e+15	7.13e-11	1.34e-06	2.87e-03	2.45e-01	6.56e-01	9.34e-02	2.42e-03	0.00e+00	0.00e+00	5.26e-11	1.26e-11	5.95e-12
 9.24490e+15	9.19e-11	1.62e-06	3.31e-03	2.61e-01	6.48e-01	8.61e-02	2.05e-03	0.00e+00	0.00e+00	6.78e-11	1.63e-11	7.68e-12
 1.11479e+16	1.22e-10	2.00e-06	3.85e-03	2.79e-01	6.37e-01	7.86e-02	1.71e-03	0.00e+00	0.00e+00	8.98e-11	2.15e-11	1.02e-11
 1.29634e+16	1.57e-10	2.43e-06	4.43e-03	2.96e-01	6.26e-01	7.22e-02	1.45e-03	0.00e+00	0.00e+00	1.16e-10	2.78e-11	1.32e-11
 1.49124e+16	2.07e-10	2.99e-06	5.11e-03	3.14e-01	6.14e-01	6.59e-02	1.21e-03	0.00e+00	0.00e+00	1.53e-10	3.66e-11	1.74e-11
 1.69169e+16	2.70e-10	3.65e-06	5.90e-03	3.33e-01	6.00e-01	6.00e-02	1.01e-03	0.00e+00	0.00e+00	1.99e-10	4.77e-11	2.27e-11
 1.86504e+16	3.38e-10	4.31e-06	6.64e-03	3.49e-01	5.88e-01	5.54e-02	8.69e-04	0.00e+00	0.00e+00	2.49e-10	5.96e-11	2.84e-11
 2.05073e+16	4.30e-10	5.16e-06	7.52e-03	3.66e-01	5.74e-01	5.08e-02	7.39e-04	0.00e+00	0.00e+00	3.17e-10	7.58e-11	3.61e-11
 2.27898e+16	5.72e-10	6.38e-06	8.72e-03	3.87e-01	5.57e-01	4.58e-02	6.07e-04	0.00e+00	0.00e+00	4.22e-10	1.01e-10	4.81e-11
 2.50606e+16	7.45e-10	7.78e-06	1.00e-02	4.08e-01	5.40e-01	4.13e-02	5.01e-04	0.00e+00	0.00e+00	5.50e-10	1.31e-10	6.28e-11
 2.70243e+16	9.31e-10	9.19e-06	1.13e-02	4.25e-01	5.25e-01	3.78e-02	4.26e-04	0.00e+00	0.00e+00	6.87e-10	1.64e-10	7.86e-11
 2.91536e+16	1.19e-09	1.10e-05	1.28e-02	4.44e-01	5.09e-01	3.43e-02	3.57e-04	0.00e+00	0.00e+00	8.81e-10	2.10e-10	1.01e-10
 3.17660e+16	1.60e-09	1.37e-05	1.49e-02	4.66e-01	4.88e-01	3.05e-02	2.89e-04	0.00e+00	0.00e+00	1.18e-09	2.81e-10	1.35e-10
 3.43597e+16	2.09e-09	1.68e-05	1.72e-02	4.88e-01	4.68e-01	2.71e-02	2.35e-04	0.00e+00	0.00e+00	1.55e-09	3.68e-10	1.77e-10
 3.65975e+16	2.63e-09	1.99e-05	1.94e-02	5.06e-01	4.50e-01	2.45e-02	1.97e-04	0.00e+00	0.00e+00	1.94e-09	4.63e-10	2.24e-10
 3.85757e+16	3.22e-09	2.31e-05	2.15e-02	5.21e-01	4.35e-01	2.24e-02	1.69e-04	0.00e+00	0.00e+00	2.37e-09	5.65e-10	2.73e-10
 4.07036e+16	4.01e-09	2.72e-05	2.41e-02	5.37e-01	4.19e-01	2.03e-02	1.43e-04	0.00e+00	0.00e+00	2.96e-09	7.04e-10	3.41e-10
 4.30163e+16	5.05e-09	3.24e-05	2.71e-02	5.54e-01	4.01e-01	1.83e-02	1.19e-04	0.00e+00	0.00e+00	3.73e-09	8.86e-10	4.30e-10
 4.51345e+16	6.21e-09	3.78e-05	3.02e-02	5.68e-01	3.85e-01	1.66e-02	1.01e-04	0.00e+00	0.00e+00	4.58e-09	1.09e-09	5.29e-10
 4.71357e+16	7.57e-09	4.38e-05	3.33e-02	5.82e-01	3.70e-01	1.51e-02	8.67e-05	0.00e+00	0.00e+00	5.58e-09	1.33e-09	6.46e-10
 4.93282e+16	9.42e-09	5.16e-05	3.72e-02	5.96e-01	3.53e-01	1.37e-02	7.31e-05	0.00e+00	0.00e+00	6.95e-09	1.65e-09	8.05e-10
 5.16069e+16	1.18e-08	6.11e-05	4.17e-02	6.10e-01	3.36e-01	1.23e-02	6.13e-05	0.00e+00	0.00e+00	8.72e-09	2.07e-09	1.01e-09
 5.36577e+16	1.44e-08	7.11e-05	4.61e-02	6.21e-01	3.21e-01	1.11e-02	5.24e-05	0.00e+00	0.00e+00	1.07e-08	2.53e-09	1.24e-09
 5.55035e+16	1.74e-08	8.18e-05	5.06e-02	6.31e-01	3.08e-01	1.02e-02	4.54e-05	0.00e+00	0.00e+00	1.28e-08	3.04e-09	1.49e-09
 5.71646e+16	2.06e-08	9.29e-05	5.49e-02	6.39e-01	2.96e-01	9.38e-03	3.99e-05	0.00e+00	0.00e+00	1.52e-08	3.60e-09	1.77e-09
 5.86597e+16	2.41e-08	1.05e-04	5.92e-02	6.46e-01	2.86e-01	8.71e-03	3.54e-05	0.00e+00	0.00e+00	1.78e-08	4.21e-09	2.07e-09
 6.00052e+16	2.78e-08	1.16e-04	6.33e-02	6.52e-01	2.76e-01	8.14e-03	3.19e-05	0.00e+00	0.00e+00	2.05e-08	4.86e-09	2.39e-09
 6.12162e+16	3.17e-08	1.29e-04	6.73e-02	6.57e-01	2.68e-01	7.66e-03	2.89e-05	0.00e+00	0.00e+00	2.34e-08	5.54e-09	2.72e-09
 6.23061e+16	3.57e-08	1.41e-04	7.12e-02	6.61e-01	2.60e-01	7.24e-03	2.65e-05	0.00e+00	0.00e+00	2.63e-08	6.24e-09	3.07e-09
 6.32870e+16	3.99e-08	1.53e-04	7.49e-02	6.65e-01	2.54e-01	6.88e-03	2.45e-05	0.00e+00	0.00e+00	2.94e-08	6.97e-09	3.43e-09
 6.41698e+16	4.38e-08	1.64e-04	7.83e-02	6.67e-01	2.47e-01	6.56e-03	2.28e-05	0.00e+00	0.00e+00	3.23e-08	7.65e-09	3.77e-09
 6.49644e+16	4.82e-08	1.76e-04	8.17e-02	6.70e-01	2.42e-01	6.29e-03	2.13e-05	0.00e+00	0.00e+00	3.55e-08	8.41e-09	4.15e-09
 6.57013e+16	5.27e-08	1.89e-04	8.49e-02	6.72e-01	2.37e-01	6.04e-03	2.00e-05	0.00e+00	0.00e+00	3.89e-08	9.20e-09	4.54e-09
 6.64225e+16	5.76e-08	2.02e-04	8.83e-02	6.74e-01	2.32e-01	5.80e-03	1.89e-05	0.00e+00	0.00e+00	4.25e-08	1.01e-08	4.96e-09
 6.71436e+16	6.31e-08	2.16e-04	9.18e-02	6.75e-01	2.27e-01	5.57e-03	1.77e-05	0.00e+00	0.00e+00	4.65e-08	1.10e-08	5.44e-09
 6.78648e+16	6.92e-08	2.31e-04	9.55e-02	6.77e-01	2.22e-01	5.35e-03	1.67e-05	0.00e+00	0.00e+00	5.11e-08	1.21e-08	5.97e-09
 6.85859e+16	7.61e-08	2.48e-04	9.93e-02	6.78e-01	2.17e-01	5.13e-03	1.56e-05	0.00e+00	0.00e+00	5.62e-08	1.33e-08	6.57e-09
 6.93071e+16	8.40e-08	2.67e-04	1.03e-01	6.79e-01	2.12e-01	4.92e-03	1.47e-05	0.00e+00	0.00e+00	6.20e-08	1.47e-08	7.25e-09
 7.00282e+16	9.30e-08	2.89e-04	1.08e-01	6.80e-01	2.07e-01	4.71e-03	1.38e-05	0.00e+00	0.00e+00	6.86e-08	1.62e-08	8.02e-09
 7.07494e+16	1.04e-07	3.14e-04	1.12e-01	6.81e-01	2.02e-01	4.51e-03	1.29e-05	0.00e+00	0.00e+00	7.68e-08	1.82e-08	8.99e-09
 7.14705e+16	1.17e-07	3.41e-04	1.17e-01	6.81e-01	1.97e-01	4.31e-03	1.20e-05	0.00e+00	0.00e+00	8.61e-08	2.04e-08	1.01e-08
 7.19731e+16	1.32e-07	3.74e-04	1.21e-01	6.81e-01	1.94e-01	4.18e-03	1.14e-05	0.00e+00	0.00e+00	9.76e-08	2.31e-08	1.14e-08
