#depth	He	He+	He+2
 3.06459e+14	1.97e-07	4.26e-03	9.96e-01
 1.42691e+15	2.19e-07	4.50e-03	9.96e-01
 3.08745e+15	2.57e-07	4.87e-03	9.95e-01
 4.81442e+15	3.01e-07	5.27e-03	9.95e-01
 6.49698e+15	3.49e-07	5.67e-03	9.94e-01
 8.09361e+15	4.00e-07	6.07e-03	9.94e-01
 9.86759e+15	4.63e-07	6.54e-03	9.93e-01
 1.17626e+16	5.37e-07	7.05e-03	9.93e-01
 1.35138e+16	6.14e-07	7.54e-03	9.92e-01
 1.54358e+16	7.11e-07	8.11e-03	9.92e-01
 1.75844e+16	8.33e-07	8.77e-03	9.91e-01
 1.96148e+16	9.60e-07	9.41e-03	9.91e-01
 2.17963e+16	1.12e-06	1.02e-02	9.90e-01
 2.41977e+16	1.31e-06	1.10e-02	9.89e-01
 2.64878e+16	1.52e-06	1.18e-02	9.88e-01
 2.89434e+16	1.77e-06	1.28e-02	9.87e-01
 3.15690e+16	2.07e-06	1.38e-02	9.86e-01
 3.40169e+16	2.39e-06	1.49e-02	9.85e-01
 3.61297e+16	2.69e-06	1.58e-02	9.84e-01
 3.79660e+16	2.99e-06	1.67e-02	9.83e-01
 4.00339e+16	3.35e-06	1.77e-02	9.82e-01
 4.27223e+16	3.89e-06	1.91e-02	9.81e-01
 4.54417e+16	4.49e-06	2.05e-02	9.79e-01
 4.76404e+16	5.03e-06	2.18e-02	9.78e-01
 4.98131e+16	5.64e-06	2.31e-02	9.77e-01
 5.20433e+16	6.32e-06	2.46e-02	9.75e-01
 5.40505e+16	7.00e-06	2.59e-02	9.74e-01
 5.58569e+16	7.68e-06	2.72e-02	9.73e-01
 5.74828e+16	8.34e-06	2.85e-02	9.72e-01
 5.89460e+16	8.99e-06	2.96e-02	9.70e-01
 6.02629e+16	9.62e-06	3.07e-02	9.69e-01
 6.14481e+16	1.02e-05	3.17e-02	9.68e-01
 6.25149e+16	1.08e-05	3.27e-02	9.67e-01
 6.34749e+16	1.14e-05	3.36e-02	9.66e-01
 6.43389e+16	1.19e-05	3.44e-02	9.66e-01
 6.51165e+16	1.24e-05	3.51e-02	9.65e-01
 6.58455e+16	1.29e-05	3.59e-02	9.64e-01
 6.65666e+16	1.34e-05	3.66e-02	9.63e-01
 6.72878e+16	1.39e-05	3.74e-02	9.63e-01
 6.80089e+16	1.45e-05	3.82e-02	9.62e-01
 6.87301e+16	1.51e-05	3.90e-02	9.61e-01
 6.94512e+16	1.57e-05	3.99e-02	9.60e-01
 7.01724e+16	1.64e-05	4.07e-02	9.59e-01
 7.08935e+16	1.71e-05	4.16e-02	9.58e-01
 7.16147e+16	1.79e-05	4.26e-02	9.57e-01
 7.20452e+16	1.86e-05	4.31e-02	9.57e-01
