#depth	C	C+	C+2	C+3	C+4	C+5	C+6	C[1]	C[2]	C[3]	C+[1]	C+[2]	CO
 2.05628e+14	5.25e-10	3.81e-06	2.29e-03	4.66e-02	9.51e-01	2.55e-07	0.00e+00	5.17e-11	1.56e-10	2.66e-10	1.26e-06	2.54e-06	3.99e-33
 1.22122e+15	5.13e-10	4.37e-06	2.53e-03	4.91e-02	9.48e-01	2.50e-07	0.00e+00	5.06e-11	1.53e-10	2.60e-10	1.45e-06	2.92e-06	6.07e-33
 2.87353e+15	6.49e-10	5.37e-06	2.93e-03	5.35e-02	9.44e-01	2.53e-07	0.00e+00	6.39e-11	1.93e-10	3.29e-10	1.78e-06	3.59e-06	1.17e-32
 4.59194e+15	8.29e-10	6.61e-06	3.42e-03	5.82e-02	9.38e-01	2.56e-07	0.00e+00	8.17e-11	2.47e-10	4.20e-10	2.19e-06	4.42e-06	2.28e-32
 6.24213e+15	1.04e-09	8.00e-06	3.93e-03	6.29e-02	9.33e-01	2.55e-07	0.00e+00	1.02e-10	3.09e-10	5.25e-10	2.65e-06	5.34e-06	4.13e-32
 7.77030e+15	1.27e-09	9.50e-06	4.46e-03	6.75e-02	9.28e-01	2.61e-07	0.00e+00	1.25e-10	3.78e-10	6.42e-10	3.15e-06	6.35e-06	7.07e-32
 9.49656e+15	1.59e-09	1.15e-05	5.13e-03	7.29e-02	9.22e-01	2.63e-07	0.00e+00	1.57e-10	4.74e-10	8.05e-10	3.81e-06	7.66e-06	1.28e-31
 1.14799e+16	2.04e-09	1.42e-05	5.98e-03	7.94e-02	9.15e-01	2.67e-07	0.00e+00	2.01e-10	6.07e-10	1.03e-09	4.70e-06	9.45e-06	2.49e-31
 1.34169e+16	2.56e-09	1.72e-05	6.91e-03	8.61e-02	9.07e-01	2.70e-07	0.00e+00	2.53e-10	7.64e-10	1.30e-09	5.71e-06	1.15e-05	4.62e-31
 1.51608e+16	3.13e-09	2.04e-05	7.83e-03	9.23e-02	9.00e-01	2.72e-07	0.00e+00	3.09e-10	9.33e-10	1.59e-09	6.77e-06	1.36e-05	7.92e-31
 1.70422e+16	3.87e-09	2.44e-05	8.93e-03	9.94e-02	8.92e-01	2.74e-07	0.00e+00	3.83e-10	1.16e-09	1.97e-09	8.12e-06	1.63e-05	1.41e-30
 1.91522e+16	4.85e-09	2.96e-05	1.03e-02	1.08e-01	8.82e-01	2.76e-07	0.00e+00	4.79e-10	1.45e-09	2.46e-09	9.84e-06	1.98e-05	2.58e-30
 2.11505e+16	5.95e-09	3.53e-05	1.17e-02	1.16e-01	8.73e-01	2.81e-07	0.00e+00	5.88e-10	1.78e-09	3.02e-09	1.17e-05	2.36e-05	4.49e-30
 2.33391e+16	7.45e-09	4.27e-05	1.35e-02	1.25e-01	8.61e-01	2.85e-07	0.00e+00	7.37e-10	2.23e-09	3.78e-09	1.42e-05	2.85e-05	8.21e-30
 2.57428e+16	9.34e-09	5.19e-05	1.56e-02	1.36e-01	8.49e-01	2.84e-07	0.00e+00	9.24e-10	2.79e-09	4.74e-09	1.73e-05	3.47e-05	1.52e-29
 2.79509e+16	1.15e-08	6.19e-05	1.77e-02	1.46e-01	8.36e-01	2.86e-07	0.00e+00	1.13e-09	3.43e-09	5.82e-09	2.06e-05	4.13e-05	2.62e-29
 3.03465e+16	1.42e-08	7.45e-05	2.03e-02	1.57e-01	8.22e-01	2.90e-07	0.00e+00	1.41e-09	4.26e-09	7.24e-09	2.48e-05	4.97e-05	4.73e-29
 3.29941e+16	1.79e-08	9.08e-05	2.35e-02	1.71e-01	8.06e-01	2.90e-07	0.00e+00	1.77e-09	5.36e-09	9.10e-09	3.02e-05	6.06e-05	8.69e-29
 3.54552e+16	2.20e-08	1.08e-04	2.68e-02	1.83e-01	7.90e-01	2.91e-07	0.00e+00	2.17e-09	6.58e-09	1.12e-08	3.60e-05	7.22e-05	1.50e-28
 3.81408e+16	2.76e-08	1.31e-04	3.09e-02	1.98e-01	7.71e-01	2.96e-07	0.00e+00	2.74e-09	8.28e-09	1.40e-08	4.37e-05	8.76e-05	2.73e-28
 4.07255e+16	3.36e-08	1.56e-04	3.52e-02	2.12e-01	7.52e-01	2.98e-07	0.00e+00	3.33e-09	1.01e-08	1.71e-08	5.19e-05	1.04e-04	4.59e-28
 4.26481e+16	3.89e-08	1.77e-04	3.86e-02	2.23e-01	7.38e-01	3.00e-07	0.00e+00	3.86e-09	1.17e-08	1.98e-08	5.90e-05	1.18e-04	6.74e-28
 4.46162e+16	4.55e-08	2.02e-04	4.26e-02	2.35e-01	7.22e-01	3.03e-07	0.00e+00	4.52e-09	1.37e-08	2.32e-08	6.73e-05	1.35e-04	1.01e-27
 4.70479e+16	5.50e-08	2.37e-04	4.79e-02	2.50e-01	7.02e-01	3.03e-07	0.00e+00	5.46e-09	1.65e-08	2.80e-08	7.91e-05	1.58e-04	1.66e-27
 4.95058e+16	6.60e-08	2.77e-04	5.37e-02	2.65e-01	6.81e-01	3.03e-07	0.00e+00	6.56e-09	1.98e-08	3.36e-08	9.24e-05	1.85e-04	2.65e-27
 5.16605e+16	7.77e-08	3.18e-04	5.93e-02	2.78e-01	6.62e-01	3.07e-07	0.00e+00	7.72e-09	2.33e-08	3.96e-08	1.06e-04	2.12e-04	4.01e-27
 5.36486e+16	9.03e-08	3.60e-04	6.49e-02	2.91e-01	6.44e-01	3.11e-07	0.00e+00	8.97e-09	2.71e-08	4.60e-08	1.20e-04	2.40e-04	5.85e-27
 5.54952e+16	1.04e-07	4.04e-04	7.05e-02	3.02e-01	6.27e-01	3.14e-07	0.00e+00	1.03e-08	3.12e-08	5.29e-08	1.35e-04	2.69e-04	8.30e-27
 5.71572e+16	1.18e-07	4.48e-04	7.60e-02	3.13e-01	6.10e-01	3.16e-07	0.00e+00	1.17e-08	3.54e-08	6.00e-08	1.49e-04	2.98e-04	1.14e-26
 5.86530e+16	1.32e-07	4.92e-04	8.12e-02	3.23e-01	5.95e-01	3.18e-07	0.00e+00	1.31e-08	3.97e-08	6.73e-08	1.64e-04	3.28e-04	1.51e-26
 5.99992e+16	1.47e-07	5.35e-04	8.62e-02	3.32e-01	5.82e-01	3.20e-07	0.00e+00	1.46e-08	4.41e-08	7.47e-08	1.78e-04	3.56e-04	1.95e-26
 6.12108e+16	1.61e-07	5.77e-04	9.09e-02	3.40e-01	5.69e-01	3.22e-07	0.00e+00	1.60e-08	4.85e-08	8.22e-08	1.93e-04	3.85e-04	2.46e-26
 6.23013e+16	1.76e-07	6.19e-04	9.53e-02	3.47e-01	5.57e-01	3.24e-07	0.00e+00	1.75e-08	5.30e-08	8.98e-08	2.06e-04	4.12e-04	3.04e-26
 6.32826e+16	1.90e-07	6.58e-04	9.95e-02	3.53e-01	5.47e-01	3.25e-07	0.00e+00	1.90e-08	5.73e-08	9.71e-08	2.20e-04	4.38e-04	3.68e-26
 6.41659e+16	2.05e-07	6.96e-04	1.03e-01	3.59e-01	5.37e-01	3.27e-07	0.00e+00	2.04e-08	6.16e-08	1.04e-07	2.32e-04	4.64e-04	4.38e-26
 6.49608e+16	2.18e-07	7.32e-04	1.07e-01	3.64e-01	5.28e-01	3.29e-07	0.00e+00	2.18e-08	6.57e-08	1.11e-07	2.44e-04	4.87e-04	5.10e-26
 6.56979e+16	2.32e-07	7.67e-04	1.11e-01	3.69e-01	5.20e-01	3.31e-07	0.00e+00	2.31e-08	6.99e-08	1.19e-07	2.56e-04	5.11e-04	5.92e-26
 6.64191e+16	2.47e-07	8.04e-04	1.14e-01	3.74e-01	5.12e-01	3.33e-07	0.00e+00	2.46e-08	7.44e-08	1.26e-07	2.69e-04	5.36e-04	6.88e-26
 6.71403e+16	2.63e-07	8.43e-04	1.18e-01	3.78e-01	5.03e-01	3.34e-07	0.00e+00	2.62e-08	7.93e-08	1.34e-07	2.82e-04	5.62e-04	7.98e-26
 6.78614e+16	2.80e-07	8.85e-04	1.22e-01	3.83e-01	4.95e-01	3.36e-07	0.00e+00	2.80e-08	8.45e-08	1.43e-07	2.95e-04	5.89e-04	9.29e-26
 6.85826e+16	2.99e-07	9.28e-04	1.25e-01	3.88e-01	4.86e-01	3.38e-07	0.00e+00	2.99e-08	9.02e-08	1.53e-07	3.10e-04	6.18e-04	1.08e-25
 6.93037e+16	3.20e-07	9.75e-04	1.29e-01	3.92e-01	4.77e-01	3.40e-07	0.00e+00	3.19e-08	9.65e-08	1.64e-07	3.25e-04	6.49e-04	1.27e-25
 7.00249e+16	3.43e-07	1.02e-03	1.34e-01	3.97e-01	4.69e-01	3.42e-07	0.00e+00	3.42e-08	1.03e-07	1.75e-07	3.42e-04	6.82e-04	1.49e-25
 7.07460e+16	3.69e-07	1.08e-03	1.38e-01	4.01e-01	4.60e-01	3.44e-07	0.00e+00	3.68e-08	1.11e-07	1.89e-07	3.60e-04	7.18e-04	1.76e-25
 7.14672e+16	3.99e-07	1.14e-03	1.42e-01	4.06e-01	4.51e-01	3.47e-07	0.00e+00	3.99e-08	1.20e-07	2.04e-07	3.79e-04	7.57e-04	2.10e-25
 7.19715e+16	4.33e-07	1.19e-03	1.46e-01	4.09e-01	4.44e-01	3.49e-07	0.00e+00	4.32e-08	1.31e-07	2.21e-07	3.98e-04	7.94e-04	2.53e-25
