#depth	C	C+	C+2	C+3	C+4	C+5	C+6	C[1]	C[2]	C[3]	C+[1]	C+[2]	CO
 2.87628e+14	1.24e-09	6.39e-06	2.87e-03	4.93e-02	9.48e-01	3.95e-07	0.00e+00	1.25e-10	3.79e-10	6.46e-10	2.13e-06	4.27e-06	3.34e-32
 1.38849e+15	1.13e-09	7.39e-06	3.18e-03	5.22e-02	9.45e-01	3.40e-07	0.00e+00	1.14e-10	3.45e-10	5.88e-10	2.46e-06	4.93e-06	5.24e-32
 3.04750e+15	1.43e-09	9.10e-06	3.70e-03	5.68e-02	9.39e-01	3.45e-07	0.00e+00	1.45e-10	4.39e-10	7.48e-10	3.03e-06	6.07e-06	1.03e-31
 4.77287e+15	1.83e-09	1.12e-05	4.31e-03	6.18e-02	9.34e-01	3.50e-07	0.00e+00	1.85e-10	5.60e-10	9.54e-10	3.73e-06	7.48e-06	2.02e-31
 6.41140e+15	2.28e-09	1.35e-05	4.95e-03	6.68e-02	9.28e-01	3.49e-07	0.00e+00	2.30e-10	6.97e-10	1.19e-09	4.51e-06	9.03e-06	3.70e-31
 7.90239e+15	2.77e-09	1.60e-05	5.60e-03	7.15e-02	9.23e-01	3.57e-07	0.00e+00	2.80e-10	8.47e-10	1.44e-09	5.33e-06	1.07e-05	6.30e-31
 9.58616e+15	3.45e-09	1.92e-05	6.41e-03	7.71e-02	9.17e-01	3.61e-07	0.00e+00	3.48e-10	1.05e-09	1.80e-09	6.41e-06	1.28e-05	1.14e-30
 1.15503e+16	4.37e-09	2.36e-05	7.45e-03	8.38e-02	9.09e-01	3.67e-07	0.00e+00	4.42e-10	1.34e-09	2.28e-09	7.86e-06	1.57e-05	2.18e-30
 1.34828e+16	5.47e-09	2.86e-05	8.59e-03	9.07e-02	9.01e-01	3.73e-07	0.00e+00	5.53e-10	1.68e-09	2.85e-09	9.53e-06	1.91e-05	4.04e-30
 1.52041e+16	6.65e-09	3.38e-05	9.70e-03	9.71e-02	8.93e-01	3.75e-07	0.00e+00	6.72e-10	2.04e-09	3.47e-09	1.13e-05	2.25e-05	6.91e-30
 1.70473e+16	8.17e-09	4.02e-05	1.10e-02	1.04e-01	8.85e-01	3.78e-07	0.00e+00	8.26e-10	2.50e-09	4.26e-09	1.34e-05	2.68e-05	1.22e-29
 1.91221e+16	1.02e-08	4.85e-05	1.27e-02	1.13e-01	8.75e-01	3.80e-07	0.00e+00	1.03e-09	3.11e-09	5.30e-09	1.62e-05	3.23e-05	2.24e-29
 2.10983e+16	1.24e-08	5.76e-05	1.44e-02	1.21e-01	8.65e-01	3.87e-07	0.00e+00	1.26e-09	3.81e-09	6.48e-09	1.92e-05	3.84e-05	3.91e-29
 2.32676e+16	1.54e-08	6.94e-05	1.64e-02	1.30e-01	8.53e-01	3.88e-07	0.00e+00	1.56e-09	4.73e-09	8.06e-09	2.31e-05	4.62e-05	7.12e-29
 2.56501e+16	1.94e-08	8.42e-05	1.89e-02	1.41e-01	8.40e-01	3.93e-07	0.00e+00	1.96e-09	5.93e-09	1.01e-08	2.81e-05	5.61e-05	1.32e-28
 2.78422e+16	2.35e-08	9.98e-05	2.15e-02	1.51e-01	8.27e-01	3.93e-07	0.00e+00	2.38e-09	7.22e-09	1.23e-08	3.33e-05	6.65e-05	2.29e-28
 3.02244e+16	2.92e-08	1.20e-04	2.45e-02	1.63e-01	8.13e-01	3.94e-07	0.00e+00	2.96e-09	8.95e-09	1.52e-08	4.00e-05	7.98e-05	4.14e-28
 3.28703e+16	3.66e-08	1.45e-04	2.83e-02	1.76e-01	7.96e-01	3.99e-07	0.00e+00	3.71e-09	1.12e-08	1.91e-08	4.86e-05	9.68e-05	7.66e-28
 3.53488e+16	4.48e-08	1.73e-04	3.21e-02	1.88e-01	7.80e-01	4.01e-07	0.00e+00	4.54e-09	1.37e-08	2.34e-08	5.78e-05	1.15e-04	1.33e-27
 3.74607e+16	5.28e-08	2.00e-04	3.56e-02	1.99e-01	7.65e-01	4.00e-07	0.00e+00	5.36e-09	1.62e-08	2.76e-08	6.67e-05	1.33e-04	2.08e-27
 3.93063e+16	6.10e-08	2.26e-04	3.90e-02	2.09e-01	7.52e-01	4.01e-07	0.00e+00	6.19e-09	1.87e-08	3.19e-08	7.54e-05	1.50e-04	3.07e-27
 4.14058e+16	7.22e-08	2.60e-04	4.31e-02	2.20e-01	7.36e-01	4.00e-07	0.00e+00	7.32e-09	2.22e-08	3.77e-08	8.68e-05	1.73e-04	4.79e-27
 4.37708e+16	8.61e-08	3.02e-04	4.81e-02	2.33e-01	7.18e-01	4.01e-07	0.00e+00	8.74e-09	2.65e-08	4.50e-08	1.01e-04	2.01e-04	7.71e-27
 4.60391e+16	1.02e-07	3.47e-04	5.32e-02	2.46e-01	7.01e-01	4.01e-07	0.00e+00	1.03e-08	3.12e-08	5.31e-08	1.16e-04	2.31e-04	1.20e-26
 4.82131e+16	1.19e-07	3.97e-04	5.85e-02	2.58e-01	6.83e-01	3.98e-07	0.00e+00	1.21e-08	3.67e-08	6.25e-08	1.33e-04	2.64e-04	1.81e-26
 5.04383e+16	1.40e-07	4.54e-04	6.44e-02	2.70e-01	6.65e-01	3.96e-07	0.00e+00	1.43e-08	4.31e-08	7.33e-08	1.52e-04	3.02e-04	2.76e-26
 5.26060e+16	1.64e-07	5.16e-04	7.05e-02	2.83e-01	6.46e-01	3.95e-07	0.00e+00	1.66e-08	5.03e-08	8.55e-08	1.73e-04	3.43e-04	4.11e-26
 5.45569e+16	1.88e-07	5.78e-04	7.63e-02	2.94e-01	6.29e-01	3.94e-07	0.00e+00	1.91e-08	5.78e-08	9.83e-08	1.93e-04	3.84e-04	5.86e-26
 5.63127e+16	2.13e-07	6.39e-04	8.19e-02	3.04e-01	6.14e-01	3.96e-07	0.00e+00	2.17e-08	6.55e-08	1.11e-07	2.14e-04	4.25e-04	8.01e-26
 5.78930e+16	2.38e-07	6.99e-04	8.72e-02	3.13e-01	6.00e-01	3.96e-07	0.00e+00	2.43e-08	7.34e-08	1.25e-07	2.34e-04	4.65e-04	1.06e-25
 5.93152e+16	2.64e-07	7.59e-04	9.22e-02	3.21e-01	5.87e-01	3.94e-07	0.00e+00	2.69e-08	8.14e-08	1.38e-07	2.54e-04	5.05e-04	1.37e-25
 6.05952e+16	2.90e-07	8.16e-04	9.69e-02	3.28e-01	5.75e-01	3.93e-07	0.00e+00	2.95e-08	8.94e-08	1.52e-07	2.73e-04	5.43e-04	1.72e-25
 6.17472e+16	3.16e-07	8.72e-04	1.01e-01	3.34e-01	5.64e-01	3.92e-07	0.00e+00	3.22e-08	9.74e-08	1.66e-07	2.92e-04	5.80e-04	2.11e-25
 6.27840e+16	3.41e-07	9.24e-04	1.05e-01	3.40e-01	5.54e-01	3.90e-07	0.00e+00	3.48e-08	1.05e-07	1.79e-07	3.10e-04	6.15e-04	2.54e-25
 6.37171e+16	3.66e-07	9.75e-04	1.09e-01	3.45e-01	5.45e-01	3.90e-07	0.00e+00	3.73e-08	1.13e-07	1.92e-07	3.27e-04	6.48e-04	3.01e-25
 6.45569e+16	3.91e-07	1.02e-03	1.13e-01	3.49e-01	5.37e-01	3.89e-07	0.00e+00	3.98e-08	1.20e-07	2.05e-07	3.43e-04	6.80e-04	3.50e-25
 6.53153e+16	4.15e-07	1.07e-03	1.16e-01	3.53e-01	5.30e-01	3.89e-07	0.00e+00	4.22e-08	1.28e-07	2.17e-07	3.58e-04	7.10e-04	4.00e-25
 6.60364e+16	4.39e-07	1.11e-03	1.19e-01	3.57e-01	5.22e-01	3.88e-07	0.00e+00	4.47e-08	1.35e-07	2.30e-07	3.73e-04	7.40e-04	4.58e-25
 6.67576e+16	4.65e-07	1.16e-03	1.22e-01	3.61e-01	5.15e-01	3.87e-07	0.00e+00	4.74e-08	1.43e-07	2.43e-07	3.89e-04	7.71e-04	5.24e-25
 6.74787e+16	4.93e-07	1.21e-03	1.26e-01	3.65e-01	5.08e-01	3.87e-07	0.00e+00	5.03e-08	1.52e-07	2.58e-07	4.06e-04	8.05e-04	6.01e-25
 6.81999e+16	5.24e-07	1.26e-03	1.29e-01	3.69e-01	5.01e-01	3.86e-07	0.00e+00	5.34e-08	1.62e-07	2.75e-07	4.23e-04	8.39e-04	6.90e-25
 6.89210e+16	5.58e-07	1.32e-03	1.32e-01	3.73e-01	4.93e-01	3.85e-07	0.00e+00	5.69e-08	1.72e-07	2.92e-07	4.42e-04	8.76e-04	7.94e-25
 6.96422e+16	5.96e-07	1.38e-03	1.36e-01	3.77e-01	4.86e-01	3.85e-07	0.00e+00	6.07e-08	1.84e-07	3.12e-07	4.61e-04	9.15e-04	9.17e-25
 7.03633e+16	6.38e-07	1.44e-03	1.40e-01	3.80e-01	4.78e-01	3.84e-07	0.00e+00	6.50e-08	1.97e-07	3.34e-07	4.83e-04	9.57e-04	1.07e-24
 7.10845e+16	6.87e-07	1.51e-03	1.44e-01	3.84e-01	4.71e-01	3.83e-07	0.00e+00	7.00e-08	2.12e-07	3.60e-07	5.06e-04	1.00e-03	1.25e-24
 7.17801e+16	7.52e-07	1.59e-03	1.47e-01	3.88e-01	4.63e-01	3.83e-07	0.00e+00	7.67e-08	2.32e-07	3.94e-07	5.33e-04	1.06e-03	1.53e-24
