#depth	N	N+	N+2	N+3	N+4	N+5	N+6	N+7
 1.82299e+14	5.08e-10	3.63e-06	3.09e-03	1.38e-01	3.63e-01	4.95e-01	1.99e-07	0.00e+00
 1.09379e+15	5.75e-10	4.18e-06	3.44e-03	1.47e-01	3.71e-01	4.78e-01	1.88e-07	0.00e+00
 2.66118e+15	7.46e-10	5.21e-06	4.09e-03	1.63e-01	3.82e-01	4.51e-01	1.81e-07	0.00e+00
 4.37109e+15	9.79e-10	6.56e-06	4.91e-03	1.81e-01	3.93e-01	4.21e-01	1.72e-07	0.00e+00
 6.00783e+15	1.24e-09	8.03e-06	5.78e-03	1.98e-01	4.02e-01	3.94e-01	1.62e-07	0.00e+00
 7.47387e+15	1.53e-09	9.57e-06	6.65e-03	2.14e-01	4.08e-01	3.71e-01	1.58e-07	0.00e+00
 9.08622e+15	1.92e-09	1.16e-05	7.72e-03	2.31e-01	4.14e-01	3.47e-01	1.50e-07	0.00e+00
 1.09992e+16	2.48e-09	1.43e-05	9.11e-03	2.52e-01	4.20e-01	3.19e-01	1.41e-07	0.00e+00
 1.28806e+16	3.15e-09	1.74e-05	1.06e-02	2.73e-01	4.23e-01	2.93e-01	1.33e-07	0.00e+00
 1.45986e+16	3.90e-09	2.07e-05	1.21e-02	2.92e-01	4.25e-01	2.72e-01	0.00e+00	0.00e+00
 1.62293e+16	4.72e-09	2.43e-05	1.37e-02	3.09e-01	4.25e-01	2.52e-01	0.00e+00	0.00e+00
 1.80517e+16	5.84e-09	2.89e-05	1.56e-02	3.29e-01	4.24e-01	2.31e-01	0.00e+00	0.00e+00
 2.00509e+16	7.25e-09	3.45e-05	1.78e-02	3.50e-01	4.22e-01	2.11e-01	0.00e+00	0.00e+00
 2.18918e+16	8.80e-09	4.04e-05	2.01e-02	3.68e-01	4.18e-01	1.93e-01	0.00e+00	0.00e+00
 2.38969e+16	1.08e-08	4.78e-05	2.27e-02	3.88e-01	4.14e-01	1.75e-01	0.00e+00	0.00e+00
 2.61050e+16	1.34e-08	5.68e-05	2.58e-02	4.10e-01	4.07e-01	1.58e-01	0.00e+00	0.00e+00
 2.81589e+16	1.62e-08	6.62e-05	2.89e-02	4.29e-01	4.00e-01	1.43e-01	0.00e+00	0.00e+00
 3.00018e+16	1.91e-08	7.56e-05	3.18e-02	4.45e-01	3.93e-01	1.30e-01	0.00e+00	0.00e+00
 3.19884e+16	2.29e-08	8.73e-05	3.53e-02	4.62e-01	3.84e-01	1.18e-01	0.00e+00	0.00e+00
 3.41570e+16	2.74e-08	1.01e-04	3.93e-02	4.80e-01	3.75e-01	1.06e-01	0.00e+00	0.00e+00
 3.61609e+16	3.23e-08	1.15e-04	4.31e-02	4.96e-01	3.65e-01	9.61e-02	0.00e+00	0.00e+00
 3.83645e+16	3.89e-08	1.33e-04	4.77e-02	5.12e-01	3.54e-01	8.60e-02	0.00e+00	0.00e+00
 4.07326e+16	4.67e-08	1.54e-04	5.29e-02	5.29e-01	3.42e-01	7.64e-02	0.00e+00	0.00e+00
 4.28616e+16	5.50e-08	1.75e-04	5.79e-02	5.43e-01	3.31e-01	6.87e-02	0.00e+00	0.00e+00
 4.51768e+16	6.60e-08	2.02e-04	6.38e-02	5.57e-01	3.18e-01	6.10e-02	0.00e+00	0.00e+00
 4.76852e+16	7.96e-08	2.34e-04	7.05e-02	5.71e-01	3.05e-01	5.36e-02	0.00e+00	0.00e+00
 4.99569e+16	9.42e-08	2.66e-04	7.69e-02	5.83e-01	2.92e-01	4.77e-02	0.00e+00	0.00e+00
 5.20829e+16	1.11e-07	3.01e-04	8.34e-02	5.93e-01	2.81e-01	4.27e-02	0.00e+00	0.00e+00
 5.40862e+16	1.28e-07	3.37e-04	8.99e-02	6.02e-01	2.70e-01	3.84e-02	0.00e+00	0.00e+00
 5.58891e+16	1.47e-07	3.74e-04	9.60e-02	6.09e-01	2.60e-01	3.49e-02	0.00e+00	0.00e+00
 5.75117e+16	1.66e-07	4.11e-04	1.02e-01	6.15e-01	2.51e-01	3.20e-02	0.00e+00	0.00e+00
 5.89720e+16	1.87e-07	4.47e-04	1.07e-01	6.19e-01	2.43e-01	2.96e-02	0.00e+00	0.00e+00
 6.02863e+16	2.07e-07	4.84e-04	1.12e-01	6.23e-01	2.36e-01	2.75e-02	0.00e+00	0.00e+00
 6.14692e+16	2.28e-07	5.19e-04	1.17e-01	6.27e-01	2.30e-01	2.57e-02	0.00e+00	0.00e+00
 6.25338e+16	2.49e-07	5.54e-04	1.22e-01	6.29e-01	2.24e-01	2.42e-02	0.00e+00	0.00e+00
 6.34920e+16	2.68e-07	5.85e-04	1.26e-01	6.32e-01	2.19e-01	2.30e-02	0.00e+00	0.00e+00
 6.43543e+16	2.89e-07	6.18e-04	1.30e-01	6.33e-01	2.14e-01	2.18e-02	0.00e+00	0.00e+00
 6.51304e+16	3.10e-07	6.50e-04	1.33e-01	6.35e-01	2.10e-01	2.09e-02	0.00e+00	0.00e+00
 6.58586e+16	3.31e-07	6.81e-04	1.37e-01	6.36e-01	2.06e-01	2.00e-02	0.00e+00	0.00e+00
 6.65797e+16	3.53e-07	7.14e-04	1.40e-01	6.37e-01	2.03e-01	1.91e-02	0.00e+00	0.00e+00
 6.73009e+16	3.78e-07	7.50e-04	1.44e-01	6.38e-01	1.99e-01	1.83e-02	0.00e+00	0.00e+00
 6.80220e+16	4.06e-07	7.88e-04	1.48e-01	6.39e-01	1.95e-01	1.75e-02	0.00e+00	0.00e+00
 6.87432e+16	4.36e-07	8.29e-04	1.52e-01	6.40e-01	1.91e-01	1.67e-02	0.00e+00	0.00e+00
 6.94643e+16	4.72e-07	8.75e-04	1.56e-01	6.40e-01	1.87e-01	1.59e-02	0.00e+00	0.00e+00
 7.01855e+16	5.11e-07	9.25e-04	1.60e-01	6.40e-01	1.83e-01	1.52e-02	0.00e+00	0.00e+00
 7.09066e+16	5.53e-07	9.76e-04	1.64e-01	6.41e-01	1.80e-01	1.45e-02	0.00e+00	0.00e+00
 7.16278e+16	6.12e-07	1.04e-03	1.69e-01	6.41e-01	1.76e-01	1.37e-02	0.00e+00	0.00e+00
 7.20518e+16	6.93e-07	1.13e-03	1.73e-01	6.40e-01	1.73e-01	1.32e-02	0.00e+00	0.00e+00
