#depth	He	He+	He+2
 2.15471e+14	2.04e-07	4.00e-03	9.96e-01
 1.24129e+15	2.26e-07	4.22e-03	9.96e-01
 2.89441e+15	2.64e-07	4.55e-03	9.95e-01
 4.61366e+15	3.08e-07	4.92e-03	9.95e-01
 6.25313e+15	3.54e-07	5.28e-03	9.95e-01
 7.75523e+15	4.00e-07	5.63e-03	9.94e-01
 9.45514e+15	4.60e-07	6.04e-03	9.94e-01
 1.14260e+16	5.38e-07	6.54e-03	9.93e-01
 1.33538e+16	6.24e-07	7.04e-03	9.93e-01
 1.50644e+16	7.08e-07	7.50e-03	9.92e-01
 1.68879e+16	8.11e-07	8.04e-03	9.92e-01
 1.89383e+16	9.37e-07	8.65e-03	9.91e-01
 2.08879e+16	1.07e-06	9.24e-03	9.91e-01
 2.30264e+16	1.24e-06	9.96e-03	9.90e-01
 2.53690e+16	1.44e-06	1.08e-02	9.89e-01
 2.75179e+16	1.65e-06	1.15e-02	9.88e-01
 2.98526e+16	1.91e-06	1.24e-02	9.88e-01
 3.24390e+16	2.23e-06	1.35e-02	9.87e-01
 3.48508e+16	2.56e-06	1.45e-02	9.86e-01
 3.69242e+16	2.88e-06	1.54e-02	9.85e-01
 3.87585e+16	3.19e-06	1.63e-02	9.84e-01
 4.08421e+16	3.60e-06	1.73e-02	9.83e-01
 4.31659e+16	4.09e-06	1.86e-02	9.81e-01
 4.53661e+16	4.61e-06	1.98e-02	9.80e-01
 4.74679e+16	5.17e-06	2.11e-02	9.79e-01
 4.96955e+16	5.85e-06	2.26e-02	9.77e-01
 5.19375e+16	6.62e-06	2.42e-02	9.76e-01
 5.39553e+16	7.39e-06	2.58e-02	9.74e-01
 5.57713e+16	8.17e-06	2.73e-02	9.73e-01
 5.74057e+16	8.96e-06	2.87e-02	9.71e-01
 5.88766e+16	9.74e-06	3.01e-02	9.70e-01
 6.02005e+16	1.05e-05	3.15e-02	9.68e-01
 6.13919e+16	1.13e-05	3.28e-02	9.67e-01
 6.24643e+16	1.20e-05	3.40e-02	9.66e-01
 6.34294e+16	1.27e-05	3.51e-02	9.65e-01
 6.42979e+16	1.34e-05	3.62e-02	9.64e-01
 6.50797e+16	1.41e-05	3.72e-02	9.63e-01
 6.58105e+16	1.47e-05	3.82e-02	9.62e-01
 6.65317e+16	1.54e-05	3.92e-02	9.61e-01
 6.72528e+16	1.62e-05	4.03e-02	9.60e-01
 6.79740e+16	1.69e-05	4.14e-02	9.59e-01
 6.86951e+16	1.78e-05	4.26e-02	9.57e-01
 6.94163e+16	1.87e-05	4.38e-02	9.56e-01
 7.01374e+16	1.97e-05	4.51e-02	9.55e-01
 7.08586e+16	2.07e-05	4.63e-02	9.54e-01
 7.15797e+16	2.20e-05	4.78e-02	9.52e-01
 7.20277e+16	2.32e-05	4.86e-02	9.51e-01
