#depth	O	O+	O+2	O+3	O+4	O+5	O+6	O+7	O+8	O[1]	O[2]	O[3]
 2.15471e+14	3.33e-11	7.41e-07	1.80e-03	1.98e-01	6.77e-01	1.20e-01	4.04e-03	0.00e+00	0.00e+00	2.54e-11	5.19e-12	2.65e-12
 1.24129e+15	4.06e-11	8.60e-07	2.00e-03	2.08e-01	6.73e-01	1.13e-01	3.62e-03	0.00e+00	0.00e+00	3.10e-11	6.32e-12	3.24e-12
 2.89441e+15	5.41e-11	1.07e-06	2.34e-03	2.24e-01	6.67e-01	1.04e-01	3.03e-03	0.00e+00	0.00e+00	4.13e-11	8.40e-12	4.31e-12
 4.61366e+15	7.20e-11	1.33e-06	2.74e-03	2.40e-01	6.59e-01	9.55e-02	2.54e-03	0.00e+00	0.00e+00	5.50e-11	1.12e-11	5.75e-12
 6.25313e+15	9.30e-11	1.61e-06	3.16e-03	2.56e-01	6.51e-01	8.80e-02	2.15e-03	0.00e+00	0.00e+00	7.11e-11	1.44e-11	7.43e-12
 7.75523e+15	1.17e-10	1.91e-06	3.59e-03	2.71e-01	6.42e-01	8.16e-02	1.85e-03	0.00e+00	0.00e+00	8.92e-11	1.81e-11	9.33e-12
 9.45514e+15	1.51e-10	2.31e-06	4.12e-03	2.87e-01	6.32e-01	7.50e-02	1.57e-03	0.00e+00	0.00e+00	1.15e-10	2.33e-11	1.20e-11
 1.14260e+16	2.02e-10	2.87e-06	4.80e-03	3.07e-01	6.19e-01	6.81e-02	1.29e-03	0.00e+00	0.00e+00	1.54e-10	3.12e-11	1.61e-11
 1.33538e+16	2.65e-10	3.52e-06	5.54e-03	3.25e-01	6.06e-01	6.20e-02	1.08e-03	0.00e+00	0.00e+00	2.03e-10	4.10e-11	2.13e-11
 1.50644e+16	3.36e-10	4.18e-06	6.27e-03	3.42e-01	5.94e-01	5.71e-02	9.22e-04	0.00e+00	0.00e+00	2.57e-10	5.18e-11	2.69e-11
 1.68879e+16	4.32e-10	5.04e-06	7.12e-03	3.59e-01	5.80e-01	5.24e-02	7.80e-04	0.00e+00	0.00e+00	3.31e-10	6.67e-11	3.47e-11
 1.89383e+16	5.66e-10	6.14e-06	8.16e-03	3.79e-01	5.65e-01	4.75e-02	6.49e-04	0.00e+00	0.00e+00	4.33e-10	8.72e-11	4.55e-11
 2.08879e+16	7.25e-10	7.37e-06	9.26e-03	3.97e-01	5.50e-01	4.34e-02	5.46e-04	0.00e+00	0.00e+00	5.54e-10	1.12e-10	5.83e-11
 2.30264e+16	9.51e-10	8.98e-06	1.06e-02	4.16e-01	5.33e-01	3.92e-02	4.53e-04	0.00e+00	0.00e+00	7.27e-10	1.46e-10	7.66e-11
 2.53690e+16	1.26e-09	1.10e-05	1.22e-02	4.37e-01	5.15e-01	3.52e-02	3.71e-04	0.00e+00	0.00e+00	9.61e-10	1.93e-10	1.01e-10
 2.75179e+16	1.61e-09	1.32e-05	1.38e-02	4.56e-01	4.98e-01	3.18e-02	3.10e-04	0.00e+00	0.00e+00	1.23e-09	2.47e-10	1.30e-10
 2.98526e+16	2.11e-09	1.61e-05	1.58e-02	4.76e-01	4.80e-01	2.86e-02	2.55e-04	0.00e+00	0.00e+00	1.61e-09	3.24e-10	1.70e-10
 3.24390e+16	2.79e-09	1.98e-05	1.81e-02	4.97e-01	4.59e-01	2.54e-02	2.07e-04	0.00e+00	0.00e+00	2.14e-09	4.29e-10	2.26e-10
 3.48508e+16	3.60e-09	2.38e-05	2.06e-02	5.16e-01	4.41e-01	2.27e-02	1.70e-04	0.00e+00	0.00e+00	2.75e-09	5.52e-10	2.92e-10
 3.69242e+16	4.44e-09	2.78e-05	2.29e-02	5.32e-01	4.25e-01	2.07e-02	1.44e-04	0.00e+00	0.00e+00	3.40e-09	6.81e-10	3.61e-10
 3.87585e+16	5.36e-09	3.19e-05	2.51e-02	5.45e-01	4.11e-01	1.90e-02	1.25e-04	0.00e+00	0.00e+00	4.09e-09	8.20e-10	4.35e-10
 4.08421e+16	6.64e-09	3.73e-05	2.78e-02	5.60e-01	3.95e-01	1.73e-02	1.06e-04	0.00e+00	0.00e+00	5.08e-09	1.02e-09	5.40e-10
 4.31659e+16	8.36e-09	4.41e-05	3.12e-02	5.75e-01	3.78e-01	1.55e-02	8.84e-05	0.00e+00	0.00e+00	6.39e-09	1.28e-09	6.80e-10
 4.53661e+16	1.03e-08	5.16e-05	3.46e-02	5.89e-01	3.62e-01	1.40e-02	7.46e-05	0.00e+00	0.00e+00	7.90e-09	1.58e-09	8.41e-10
 4.74679e+16	1.27e-08	5.99e-05	3.82e-02	6.02e-01	3.47e-01	1.27e-02	6.34e-05	0.00e+00	0.00e+00	9.69e-09	1.94e-09	1.03e-09
 4.96955e+16	1.57e-08	7.03e-05	4.23e-02	6.15e-01	3.31e-01	1.15e-02	5.34e-05	0.00e+00	0.00e+00	1.20e-08	2.41e-09	1.29e-09
 5.19375e+16	1.95e-08	8.24e-05	4.69e-02	6.27e-01	3.16e-01	1.03e-02	4.50e-05	0.00e+00	0.00e+00	1.49e-08	2.98e-09	1.60e-09
 5.39553e+16	2.37e-08	9.50e-05	5.15e-02	6.37e-01	3.02e-01	9.41e-03	3.86e-05	0.00e+00	0.00e+00	1.81e-08	3.61e-09	1.94e-09
 5.57713e+16	2.82e-08	1.08e-04	5.59e-02	6.45e-01	2.90e-01	8.63e-03	3.36e-05	0.00e+00	0.00e+00	2.15e-08	4.30e-09	2.31e-09
 5.74057e+16	3.30e-08	1.22e-04	6.02e-02	6.52e-01	2.79e-01	7.99e-03	2.96e-05	0.00e+00	0.00e+00	2.53e-08	5.04e-09	2.71e-09
 5.88766e+16	3.82e-08	1.36e-04	6.43e-02	6.58e-01	2.70e-01	7.44e-03	2.65e-05	0.00e+00	0.00e+00	2.92e-08	5.83e-09	3.13e-09
 6.02005e+16	4.36e-08	1.50e-04	6.83e-02	6.63e-01	2.61e-01	6.98e-03	2.39e-05	0.00e+00	0.00e+00	3.34e-08	6.66e-09	3.58e-09
 6.13919e+16	4.93e-08	1.64e-04	7.21e-02	6.67e-01	2.54e-01	6.58e-03	2.18e-05	0.00e+00	0.00e+00	3.77e-08	7.51e-09	4.05e-09
 6.24643e+16	5.50e-08	1.78e-04	7.56e-02	6.71e-01	2.47e-01	6.24e-03	2.00e-05	0.00e+00	0.00e+00	4.20e-08	8.38e-09	4.52e-09
 6.34294e+16	6.09e-08	1.92e-04	7.91e-02	6.74e-01	2.41e-01	5.95e-03	1.86e-05	0.00e+00	0.00e+00	4.66e-08	9.28e-09	5.00e-09
 6.42979e+16	6.64e-08	2.04e-04	8.22e-02	6.76e-01	2.36e-01	5.69e-03	1.74e-05	0.00e+00	0.00e+00	5.07e-08	1.01e-08	5.46e-09
 6.50797e+16	7.23e-08	2.18e-04	8.53e-02	6.78e-01	2.31e-01	5.47e-03	1.63e-05	0.00e+00	0.00e+00	5.53e-08	1.10e-08	5.95e-09
 6.58105e+16	7.85e-08	2.31e-04	8.82e-02	6.80e-01	2.27e-01	5.27e-03	1.54e-05	0.00e+00	0.00e+00	6.00e-08	1.20e-08	6.46e-09
 6.65317e+16	8.52e-08	2.46e-04	9.12e-02	6.81e-01	2.22e-01	5.07e-03	1.45e-05	0.00e+00	0.00e+00	6.51e-08	1.30e-08	7.01e-09
 6.72528e+16	9.25e-08	2.61e-04	9.44e-02	6.83e-01	2.18e-01	4.89e-03	1.37e-05	0.00e+00	0.00e+00	7.07e-08	1.41e-08	7.62e-09
 6.79740e+16	1.01e-07	2.78e-04	9.76e-02	6.84e-01	2.13e-01	4.70e-03	1.29e-05	0.00e+00	0.00e+00	7.70e-08	1.53e-08	8.29e-09
 6.86951e+16	1.10e-07	2.97e-04	1.01e-01	6.85e-01	2.09e-01	4.52e-03	1.22e-05	0.00e+00	0.00e+00	8.39e-08	1.67e-08	9.05e-09
 6.94163e+16	1.20e-07	3.17e-04	1.05e-01	6.86e-01	2.05e-01	4.35e-03	1.15e-05	0.00e+00	0.00e+00	9.18e-08	1.83e-08	9.89e-09
 7.01374e+16	1.32e-07	3.40e-04	1.08e-01	6.87e-01	2.00e-01	4.18e-03	1.08e-05	0.00e+00	0.00e+00	1.01e-07	2.01e-08	1.09e-08
 7.08586e+16	1.45e-07	3.64e-04	1.12e-01	6.87e-01	1.96e-01	4.02e-03	1.01e-05	0.00e+00	0.00e+00	1.11e-07	2.21e-08	1.20e-08
 7.15797e+16	1.63e-07	3.96e-04	1.16e-01	6.88e-01	1.92e-01	3.85e-03	9.48e-06	0.00e+00	0.00e+00	1.24e-07	2.48e-08	1.34e-08
 7.20277e+16	1.84e-07	4.33e-04	1.19e-01	6.87e-01	1.89e-01	3.75e-03	9.08e-06	0.00e+00	0.00e+00	1.41e-07	2.81e-08	1.52e-08
