#depth	C	C+	C+2	C+3	C+4	C+5	C+6	C[1]	C[2]	C[3]	C+[1]	C+[2]	CO
 3.28396e+14	4.94e-09	1.57e-05	4.38e-03	5.67e-02	9.39e-01	5.73e-07	0.00e+00	5.11e-10	1.55e-09	2.65e-09	5.28e-06	1.05e-05	1.30e-30
 1.47166e+15	3.99e-09	1.83e-05	4.88e-03	6.03e-02	9.35e-01	5.75e-07	0.00e+00	4.13e-10	1.25e-09	2.14e-09	6.13e-06	1.21e-05	2.10e-30
 3.13399e+15	5.03e-09	2.25e-05	5.68e-03	6.57e-02	9.29e-01	5.84e-07	0.00e+00	5.20e-10	1.58e-09	2.70e-09	7.55e-06	1.49e-05	4.20e-30
 4.86282e+15	6.37e-09	2.77e-05	6.62e-03	7.16e-02	9.22e-01	5.91e-07	0.00e+00	6.59e-10	2.00e-09	3.42e-09	9.30e-06	1.84e-05	8.37e-30
 6.47570e+15	7.85e-09	3.33e-05	7.60e-03	7.74e-02	9.15e-01	5.95e-07	0.00e+00	8.12e-10	2.46e-09	4.21e-09	1.12e-05	2.21e-05	1.54e-29
 7.90134e+15	9.40e-09	3.91e-05	8.55e-03	8.26e-02	9.09e-01	6.07e-07	0.00e+00	9.73e-10	2.95e-09	5.04e-09	1.31e-05	2.59e-05	2.59e-29
 9.49780e+15	1.15e-08	4.65e-05	9.72e-03	8.87e-02	9.02e-01	6.11e-07	0.00e+00	1.19e-09	3.62e-09	6.17e-09	1.56e-05	3.09e-05	4.61e-29
 1.14099e+16	1.45e-08	5.67e-05	1.13e-02	9.63e-02	8.92e-01	6.20e-07	0.00e+00	1.50e-09	4.54e-09	7.75e-09	1.90e-05	3.76e-05	8.87e-29
 1.33265e+16	1.79e-08	6.84e-05	1.30e-02	1.04e-01	8.83e-01	6.22e-07	0.00e+00	1.85e-09	5.62e-09	9.59e-09	2.30e-05	4.54e-05	1.64e-28
 1.49890e+16	2.15e-08	8.01e-05	1.46e-02	1.11e-01	8.74e-01	6.35e-07	0.00e+00	2.22e-09	6.74e-09	1.15e-08	2.69e-05	5.31e-05	2.74e-28
 1.67269e+16	2.61e-08	9.45e-05	1.65e-02	1.19e-01	8.64e-01	6.36e-07	0.00e+00	2.70e-09	8.18e-09	1.40e-08	3.18e-05	6.27e-05	4.73e-28
 1.88652e+16	3.27e-08	1.15e-04	1.90e-02	1.29e-01	8.52e-01	6.42e-07	0.00e+00	3.38e-09	1.03e-08	1.75e-08	3.86e-05	7.61e-05	9.04e-28
 2.09829e+16	4.02e-08	1.38e-04	2.17e-02	1.39e-01	8.39e-01	6.46e-07	0.00e+00	4.17e-09	1.26e-08	2.16e-08	4.63e-05	9.14e-05	1.65e-27
 2.28012e+16	4.80e-08	1.60e-04	2.43e-02	1.47e-01	8.28e-01	6.46e-07	0.00e+00	4.97e-09	1.51e-08	2.57e-08	5.40e-05	1.06e-04	2.71e-27
 2.44379e+16	5.59e-08	1.83e-04	2.68e-02	1.56e-01	8.17e-01	6.50e-07	0.00e+00	5.79e-09	1.76e-08	3.00e-08	6.16e-05	1.21e-04	4.19e-27
 2.62323e+16	6.63e-08	2.12e-04	2.98e-02	1.65e-01	8.05e-01	6.49e-07	0.00e+00	6.88e-09	2.09e-08	3.56e-08	7.13e-05	1.40e-04	6.73e-27
 2.82213e+16	7.91e-08	2.46e-04	3.32e-02	1.75e-01	7.92e-01	6.51e-07	0.00e+00	8.21e-09	2.49e-08	4.24e-08	8.30e-05	1.63e-04	1.11e-26
 3.00865e+16	9.30e-08	2.83e-04	3.68e-02	1.85e-01	7.78e-01	6.47e-07	0.00e+00	9.65e-09	2.93e-08	4.99e-08	9.53e-05	1.88e-04	1.73e-26
 3.21348e+16	1.11e-07	3.29e-04	4.10e-02	1.96e-01	7.63e-01	6.48e-07	0.00e+00	1.15e-08	3.49e-08	5.95e-08	1.11e-04	2.18e-04	2.85e-26
 3.43697e+16	1.34e-07	3.85e-04	4.59e-02	2.08e-01	7.46e-01	6.42e-07	0.00e+00	1.39e-08	4.21e-08	7.18e-08	1.30e-04	2.55e-04	4.69e-26
 3.63933e+16	1.57e-07	4.41e-04	5.06e-02	2.18e-01	7.31e-01	6.38e-07	0.00e+00	1.63e-08	4.94e-08	8.42e-08	1.49e-04	2.92e-04	7.26e-26
 3.85699e+16	1.88e-07	5.11e-04	5.62e-02	2.30e-01	7.13e-01	6.33e-07	0.00e+00	1.95e-08	5.90e-08	1.01e-07	1.72e-04	3.38e-04	1.17e-25
 4.09680e+16	2.25e-07	5.94e-04	6.26e-02	2.44e-01	6.93e-01	6.29e-07	0.00e+00	2.33e-08	7.07e-08	1.20e-07	2.00e-04	3.94e-04	1.91e-25
 4.32038e+16	2.66e-07	6.83e-04	6.91e-02	2.56e-01	6.75e-01	6.24e-07	0.00e+00	2.77e-08	8.39e-08	1.43e-07	2.31e-04	4.53e-04	2.96e-25
 4.53393e+16	3.13e-07	7.78e-04	7.56e-02	2.67e-01	6.56e-01	6.16e-07	0.00e+00	3.25e-08	9.84e-08	1.68e-07	2.63e-04	5.16e-04	4.45e-25
 4.76922e+16	3.72e-07	8.96e-04	8.34e-02	2.80e-01	6.35e-01	6.09e-07	0.00e+00	3.86e-08	1.17e-07	1.99e-07	3.02e-04	5.93e-04	7.02e-25
 5.01345e+16	4.43e-07	1.03e-03	9.19e-02	2.93e-01	6.14e-01	5.96e-07	0.00e+00	4.60e-08	1.40e-07	2.38e-07	3.48e-04	6.83e-04	1.09e-24
 5.23326e+16	5.18e-07	1.17e-03	1.00e-01	3.05e-01	5.94e-01	5.91e-07	0.00e+00	5.38e-08	1.63e-07	2.78e-07	3.93e-04	7.72e-04	1.61e-24
 5.43108e+16	5.95e-07	1.30e-03	1.08e-01	3.15e-01	5.76e-01	5.84e-07	0.00e+00	6.19e-08	1.88e-07	3.19e-07	4.39e-04	8.61e-04	2.26e-24
 5.60913e+16	6.75e-07	1.43e-03	1.15e-01	3.24e-01	5.60e-01	5.76e-07	0.00e+00	7.02e-08	2.13e-07	3.62e-07	4.83e-04	9.48e-04	3.07e-24
 5.76937e+16	7.57e-07	1.56e-03	1.22e-01	3.31e-01	5.45e-01	5.68e-07	0.00e+00	7.87e-08	2.39e-07	4.06e-07	5.26e-04	1.03e-03	4.02e-24
 5.91358e+16	8.39e-07	1.68e-03	1.28e-01	3.38e-01	5.32e-01	5.60e-07	0.00e+00	8.73e-08	2.65e-07	4.51e-07	5.69e-04	1.12e-03	5.13e-24
 6.04337e+16	9.22e-07	1.80e-03	1.34e-01	3.44e-01	5.20e-01	5.53e-07	0.00e+00	9.59e-08	2.91e-07	4.95e-07	6.09e-04	1.19e-03	6.38e-24
 6.16019e+16	1.00e-06	1.92e-03	1.39e-01	3.50e-01	5.09e-01	5.47e-07	0.00e+00	1.05e-07	3.17e-07	5.39e-07	6.48e-04	1.27e-03	7.74e-24
 6.26532e+16	1.09e-06	2.03e-03	1.44e-01	3.55e-01	4.99e-01	5.40e-07	0.00e+00	1.13e-07	3.43e-07	5.83e-07	6.85e-04	1.34e-03	9.25e-24
 6.35994e+16	1.17e-06	2.13e-03	1.49e-01	3.59e-01	4.90e-01	5.35e-07	0.00e+00	1.21e-07	3.68e-07	6.26e-07	7.19e-04	1.41e-03	1.08e-23
 6.44510e+16	1.25e-06	2.23e-03	1.53e-01	3.63e-01	4.82e-01	5.31e-07	0.00e+00	1.30e-07	3.93e-07	6.69e-07	7.52e-04	1.47e-03	1.25e-23
 6.52174e+16	1.32e-06	2.32e-03	1.57e-01	3.66e-01	4.75e-01	5.27e-07	0.00e+00	1.38e-07	4.17e-07	7.09e-07	7.83e-04	1.53e-03	1.42e-23
 6.59410e+16	1.40e-06	2.41e-03	1.61e-01	3.69e-01	4.68e-01	5.22e-07	0.00e+00	1.46e-07	4.42e-07	7.51e-07	8.13e-04	1.59e-03	1.61e-23
 6.66622e+16	1.48e-06	2.50e-03	1.64e-01	3.72e-01	4.61e-01	5.17e-07	0.00e+00	1.55e-07	4.68e-07	7.97e-07	8.45e-04	1.66e-03	1.83e-23
 6.73833e+16	1.58e-06	2.60e-03	1.68e-01	3.75e-01	4.54e-01	5.13e-07	0.00e+00	1.64e-07	4.97e-07	8.46e-07	8.78e-04	1.72e-03	2.08e-23
 6.81045e+16	1.68e-06	2.70e-03	1.72e-01	3.78e-01	4.47e-01	5.08e-07	0.00e+00	1.75e-07	5.29e-07	9.00e-07	9.13e-04	1.79e-03	2.36e-23
 6.88256e+16	1.79e-06	2.81e-03	1.76e-01	3.81e-01	4.40e-01	5.04e-07	0.00e+00	1.86e-07	5.64e-07	9.60e-07	9.50e-04	1.86e-03	2.70e-23
 6.95468e+16	1.91e-06	2.93e-03	1.80e-01	3.83e-01	4.33e-01	4.99e-07	0.00e+00	1.99e-07	6.04e-07	1.03e-06	9.89e-04	1.94e-03	3.09e-23
 7.02679e+16	2.05e-06	3.05e-03	1.85e-01	3.86e-01	4.26e-01	4.94e-07	0.00e+00	2.14e-07	6.49e-07	1.10e-06	1.03e-03	2.02e-03	3.57e-23
 7.09891e+16	2.23e-06	3.19e-03	1.89e-01	3.89e-01	4.19e-01	4.88e-07	0.00e+00	2.33e-07	7.05e-07	1.20e-06	1.08e-03	2.11e-03	4.20e-23
 7.17102e+16	2.48e-06	3.37e-03	1.94e-01	3.92e-01	4.10e-01	4.83e-07	0.00e+00	2.58e-07	7.83e-07	1.33e-06	1.14e-03	2.23e-03	5.19e-23
 7.20930e+16	3.34e-06	3.54e-03	1.97e-01	3.95e-01	4.05e-01	4.74e-07	0.00e+00	3.48e-07	1.05e-06	1.79e-06	1.20e-03	2.34e-03	6.37e-23
