#depth	He	He+	He+2
 1.68323e+14	2.09e-07	3.78e-03	9.96e-01
 1.00994e+15	2.27e-07	3.94e-03	9.96e-01
 2.51862e+15	2.61e-07	4.23e-03	9.96e-01
 4.22284e+15	3.03e-07	4.56e-03	9.95e-01
 5.85941e+15	3.47e-07	4.90e-03	9.95e-01
 7.37461e+15	3.92e-07	5.22e-03	9.95e-01
 9.08622e+15	4.51e-07	5.61e-03	9.94e-01
 1.09648e+16	5.23e-07	6.05e-03	9.94e-01
 1.27106e+16	5.97e-07	6.47e-03	9.94e-01
 1.46145e+16	6.91e-07	6.96e-03	9.93e-01
 1.67315e+16	8.05e-07	7.53e-03	9.92e-01
 1.85946e+16	9.14e-07	8.03e-03	9.92e-01
 2.01933e+16	1.02e-06	8.49e-03	9.92e-01
 2.19870e+16	1.15e-06	9.05e-03	9.91e-01
 2.42627e+16	1.34e-06	9.79e-03	9.90e-01
 2.65740e+16	1.55e-06	1.06e-02	9.89e-01
 2.85310e+16	1.74e-06	1.12e-02	9.89e-01
 3.06181e+16	1.99e-06	1.20e-02	9.88e-01
 3.28042e+16	2.26e-06	1.29e-02	9.87e-01
 3.46826e+16	2.51e-06	1.37e-02	9.86e-01
 3.66878e+16	2.84e-06	1.46e-02	9.85e-01
 3.89090e+16	3.22e-06	1.57e-02	9.84e-01
 4.09803e+16	3.62e-06	1.67e-02	9.83e-01
 4.29326e+16	4.04e-06	1.78e-02	9.82e-01
 4.51611e+16	4.60e-06	1.91e-02	9.81e-01
 4.75611e+16	5.27e-06	2.07e-02	9.79e-01
 4.97090e+16	5.95e-06	2.22e-02	9.78e-01
 5.17164e+16	6.69e-06	2.38e-02	9.76e-01
 5.36862e+16	7.51e-06	2.55e-02	9.74e-01
 5.55291e+16	8.38e-06	2.72e-02	9.73e-01
 5.71877e+16	9.27e-06	2.89e-02	9.71e-01
 5.86805e+16	1.02e-05	3.06e-02	9.69e-01
 6.00239e+16	1.11e-05	3.22e-02	9.68e-01
 6.12331e+16	1.20e-05	3.38e-02	9.66e-01
 6.23213e+16	1.29e-05	3.53e-02	9.65e-01
 6.33007e+16	1.38e-05	3.68e-02	9.63e-01
 6.41821e+16	1.47e-05	3.82e-02	9.62e-01
 6.49754e+16	1.55e-05	3.95e-02	9.60e-01
 6.57118e+16	1.64e-05	4.08e-02	9.59e-01
 6.64329e+16	1.73e-05	4.22e-02	9.58e-01
 6.71541e+16	1.83e-05	4.36e-02	9.56e-01
 6.78752e+16	1.93e-05	4.51e-02	9.55e-01
 6.85964e+16	2.05e-05	4.67e-02	9.53e-01
 6.93175e+16	2.18e-05	4.84e-02	9.52e-01
 7.00387e+16	2.32e-05	5.02e-02	9.50e-01
 7.07598e+16	2.46e-05	5.20e-02	9.48e-01
 7.14810e+16	2.64e-05	5.41e-02	9.46e-01
 7.19784e+16	2.81e-05	5.55e-02	9.44e-01
