#depth	O	O+	O+2	O+3	O+4	O+5	O+6	O+7	O+8	O[1]	O[2]	O[3]
 2.01646e+14	1.98e-11	5.04e-07	1.39e-03	1.75e-01	6.82e-01	1.37e-01	5.33e-03	0.00e+00	0.00e+00	1.47e-11	3.40e-12	1.63e-12
 1.20988e+15	2.41e-11	5.84e-07	1.54e-03	1.83e-01	6.81e-01	1.30e-01	4.79e-03	0.00e+00	0.00e+00	1.80e-11	4.14e-12	1.98e-12
 2.85852e+15	3.20e-11	7.26e-07	1.81e-03	1.98e-01	6.76e-01	1.20e-01	4.04e-03	0.00e+00	0.00e+00	2.38e-11	5.47e-12	2.63e-12
 4.57633e+15	4.25e-11	9.02e-07	2.13e-03	2.14e-01	6.71e-01	1.10e-01	3.39e-03	0.00e+00	0.00e+00	3.17e-11	7.26e-12	3.50e-12
 6.24746e+15	5.50e-11	1.10e-06	2.47e-03	2.29e-01	6.64e-01	1.02e-01	2.87e-03	0.00e+00	0.00e+00	4.10e-11	9.39e-12	4.54e-12
 7.78095e+15	6.92e-11	1.31e-06	2.81e-03	2.43e-01	6.57e-01	9.44e-02	2.47e-03	0.00e+00	0.00e+00	5.16e-11	1.18e-11	5.71e-12
 9.47860e+15	8.90e-11	1.58e-06	3.24e-03	2.59e-01	6.49e-01	8.70e-02	2.10e-03	0.00e+00	0.00e+00	6.64e-11	1.52e-11	7.35e-12
 1.13873e+16	1.18e-10	1.96e-06	3.77e-03	2.76e-01	6.39e-01	7.96e-02	1.76e-03	0.00e+00	0.00e+00	8.80e-11	2.01e-11	9.75e-12
 1.32102e+16	1.53e-10	2.37e-06	4.33e-03	2.93e-01	6.28e-01	7.31e-02	1.49e-03	0.00e+00	0.00e+00	1.14e-10	2.60e-11	1.26e-11
 1.51673e+16	2.01e-10	2.92e-06	5.00e-03	3.12e-01	6.16e-01	6.67e-02	1.24e-03	0.00e+00	0.00e+00	1.50e-10	3.43e-11	1.67e-11
 1.71844e+16	2.63e-10	3.56e-06	5.76e-03	3.30e-01	6.02e-01	6.08e-02	1.04e-03	0.00e+00	0.00e+00	1.96e-10	4.47e-11	2.18e-11
 1.89376e+16	3.30e-10	4.22e-06	6.49e-03	3.46e-01	5.90e-01	5.62e-02	8.92e-04	0.00e+00	0.00e+00	2.46e-10	5.60e-11	2.74e-11
 2.08224e+16	4.21e-10	5.05e-06	7.36e-03	3.63e-01	5.77e-01	5.15e-02	7.58e-04	0.00e+00	0.00e+00	3.14e-10	7.14e-11	3.50e-11
 2.31272e+16	5.61e-10	6.25e-06	8.53e-03	3.84e-01	5.60e-01	4.64e-02	6.23e-04	0.00e+00	0.00e+00	4.19e-10	9.52e-11	4.67e-11
 2.54127e+16	7.33e-10	7.63e-06	9.81e-03	4.05e-01	5.43e-01	4.19e-02	5.15e-04	0.00e+00	0.00e+00	5.47e-10	1.24e-10	6.10e-11
 2.73972e+16	9.19e-10	9.02e-06	1.10e-02	4.22e-01	5.28e-01	3.84e-02	4.38e-04	0.00e+00	0.00e+00	6.85e-10	1.56e-10	7.66e-11
 2.95557e+16	1.18e-09	1.09e-05	1.25e-02	4.41e-01	5.12e-01	3.48e-02	3.67e-04	0.00e+00	0.00e+00	8.80e-10	2.00e-10	9.85e-11
 3.21930e+16	1.58e-09	1.35e-05	1.45e-02	4.63e-01	4.92e-01	3.10e-02	2.97e-04	0.00e+00	0.00e+00	1.18e-09	2.68e-10	1.32e-10
 3.48108e+16	2.08e-09	1.65e-05	1.67e-02	4.84e-01	4.71e-01	2.76e-02	2.42e-04	0.00e+00	0.00e+00	1.55e-09	3.51e-10	1.74e-10
 3.70868e+16	2.62e-09	1.96e-05	1.89e-02	5.02e-01	4.54e-01	2.49e-02	2.02e-04	0.00e+00	0.00e+00	1.96e-09	4.43e-10	2.20e-10
 3.91013e+16	3.21e-09	2.28e-05	2.09e-02	5.17e-01	4.39e-01	2.28e-02	1.73e-04	0.00e+00	0.00e+00	2.40e-09	5.42e-10	2.69e-10
 4.12609e+16	4.01e-09	2.69e-05	2.34e-02	5.33e-01	4.22e-01	2.07e-02	1.47e-04	0.00e+00	0.00e+00	2.99e-09	6.77e-10	3.37e-10
 4.36086e+16	5.06e-09	3.20e-05	2.63e-02	5.50e-01	4.05e-01	1.86e-02	1.22e-04	0.00e+00	0.00e+00	3.78e-09	8.54e-10	4.26e-10
 4.57606e+16	6.23e-09	3.73e-05	2.92e-02	5.65e-01	3.89e-01	1.69e-02	1.04e-04	0.00e+00	0.00e+00	4.65e-09	1.05e-09	5.24e-10
 4.77953e+16	7.60e-09	4.32e-05	3.23e-02	5.78e-01	3.74e-01	1.54e-02	8.92e-05	0.00e+00	0.00e+00	5.67e-09	1.28e-09	6.40e-10
 4.99705e+16	9.41e-09	5.07e-05	3.59e-02	5.92e-01	3.58e-01	1.40e-02	7.57e-05	0.00e+00	0.00e+00	7.02e-09	1.58e-09	7.93e-10
 5.21850e+16	1.17e-08	5.95e-05	3.99e-02	6.05e-01	3.42e-01	1.26e-02	6.40e-05	0.00e+00	0.00e+00	8.71e-09	1.97e-09	9.86e-10
 5.41780e+16	1.42e-08	6.87e-05	4.39e-02	6.16e-01	3.28e-01	1.15e-02	5.51e-05	0.00e+00	0.00e+00	1.06e-08	2.38e-09	1.20e-09
 5.59717e+16	1.69e-08	7.84e-05	4.78e-02	6.26e-01	3.16e-01	1.06e-02	4.81e-05	0.00e+00	0.00e+00	1.26e-08	2.84e-09	1.43e-09
 5.75861e+16	1.98e-08	8.84e-05	5.16e-02	6.34e-01	3.04e-01	9.84e-03	4.26e-05	0.00e+00	0.00e+00	1.48e-08	3.34e-09	1.68e-09
 5.90390e+16	2.30e-08	9.88e-05	5.53e-02	6.41e-01	2.94e-01	9.18e-03	3.81e-05	0.00e+00	0.00e+00	1.71e-08	3.86e-09	1.95e-09
 6.03466e+16	2.63e-08	1.09e-04	5.89e-02	6.47e-01	2.86e-01	8.62e-03	3.45e-05	0.00e+00	0.00e+00	1.96e-08	4.42e-09	2.23e-09
 6.15235e+16	2.97e-08	1.20e-04	6.23e-02	6.52e-01	2.78e-01	8.14e-03	3.15e-05	0.00e+00	0.00e+00	2.22e-08	5.00e-09	2.52e-09
 6.25826e+16	3.33e-08	1.30e-04	6.55e-02	6.56e-01	2.71e-01	7.73e-03	2.90e-05	0.00e+00	0.00e+00	2.48e-08	5.59e-09	2.82e-09
 6.35359e+16	3.69e-08	1.41e-04	6.86e-02	6.60e-01	2.64e-01	7.37e-03	2.69e-05	0.00e+00	0.00e+00	2.75e-08	6.20e-09	3.13e-09
 6.43938e+16	4.03e-08	1.50e-04	7.15e-02	6.63e-01	2.59e-01	7.07e-03	2.52e-05	0.00e+00	0.00e+00	3.01e-08	6.77e-09	3.42e-09
 6.51659e+16	4.40e-08	1.61e-04	7.43e-02	6.65e-01	2.53e-01	6.79e-03	2.37e-05	0.00e+00	0.00e+00	3.28e-08	7.39e-09	3.74e-09
 6.58923e+16	4.79e-08	1.71e-04	7.70e-02	6.68e-01	2.49e-01	6.55e-03	2.24e-05	0.00e+00	0.00e+00	3.57e-08	8.04e-09	4.07e-09
 6.66134e+16	5.21e-08	1.82e-04	7.99e-02	6.70e-01	2.44e-01	6.31e-03	2.11e-05	0.00e+00	0.00e+00	3.89e-08	8.75e-09	4.43e-09
 6.73346e+16	5.68e-08	1.94e-04	8.28e-02	6.72e-01	2.39e-01	6.07e-03	1.99e-05	0.00e+00	0.00e+00	4.24e-08	9.54e-09	4.83e-09
 6.80557e+16	6.21e-08	2.08e-04	8.59e-02	6.74e-01	2.34e-01	5.84e-03	1.88e-05	0.00e+00	0.00e+00	4.63e-08	1.04e-08	5.28e-09
 6.87769e+16	6.79e-08	2.22e-04	8.91e-02	6.75e-01	2.30e-01	5.62e-03	1.77e-05	0.00e+00	0.00e+00	5.07e-08	1.14e-08	5.78e-09
 6.94980e+16	7.46e-08	2.38e-04	9.25e-02	6.77e-01	2.25e-01	5.41e-03	1.66e-05	0.00e+00	0.00e+00	5.56e-08	1.25e-08	6.35e-09
 7.02192e+16	8.21e-08	2.56e-04	9.60e-02	6.78e-01	2.20e-01	5.20e-03	1.57e-05	0.00e+00	0.00e+00	6.13e-08	1.38e-08	7.00e-09
 7.09403e+16	9.15e-08	2.77e-04	9.98e-02	6.80e-01	2.15e-01	4.99e-03	1.47e-05	0.00e+00	0.00e+00	6.83e-08	1.54e-08	7.80e-09
 7.16615e+16	1.02e-07	3.01e-04	1.04e-01	6.81e-01	2.11e-01	4.79e-03	1.38e-05	0.00e+00	0.00e+00	7.64e-08	1.72e-08	8.73e-09
 7.20686e+16	1.17e-07	3.30e-04	1.06e-01	6.81e-01	2.08e-01	4.67e-03	1.32e-05	0.00e+00	0.00e+00	8.75e-08	1.97e-08	1.00e-08
