#depth	O	O+	O+2	O+3	O+4	O+5	O+6	O+7	O+8	O[1]	O[2]	O[3]
 2.13207e+14	1.39e-11	6.09e-07	2.13e-03	2.57e-01	6.81e-01	5.93e-02	7.06e-04	0.00e+00	0.00e+00	1.04e-11	2.30e-12	1.14e-12
 1.23667e+15	1.68e-11	7.01e-07	2.34e-03	2.68e-01	6.73e-01	5.58e-02	6.29e-04	0.00e+00	0.00e+00	1.26e-11	2.78e-12	1.37e-12
 2.88961e+15	2.21e-11	8.65e-07	2.71e-03	2.86e-01	6.60e-01	5.08e-02	5.23e-04	0.00e+00	0.00e+00	1.66e-11	3.65e-12	1.81e-12
 4.60866e+15	2.92e-11	1.06e-06	3.14e-03	3.04e-01	6.46e-01	4.61e-02	4.34e-04	0.00e+00	0.00e+00	2.20e-11	4.81e-12	2.39e-12
 6.30220e+15	3.78e-11	1.29e-06	3.61e-03	3.22e-01	6.32e-01	4.19e-02	3.63e-04	0.00e+00	0.00e+00	2.85e-11	6.22e-12	3.09e-12
 7.93555e+15	4.82e-11	1.54e-06	4.10e-03	3.39e-01	6.18e-01	3.83e-02	3.07e-04	0.00e+00	0.00e+00	3.62e-11	7.90e-12	3.94e-12
 9.72852e+15	6.22e-11	1.87e-06	4.69e-03	3.58e-01	6.02e-01	3.47e-02	2.56e-04	0.00e+00	0.00e+00	4.68e-11	1.02e-11	5.09e-12
 1.16216e+16	8.14e-11	2.28e-06	5.38e-03	3.77e-01	5.86e-01	3.14e-02	2.12e-04	0.00e+00	0.00e+00	6.13e-11	1.33e-11	6.66e-12
 1.33899e+16	1.04e-10	2.73e-06	6.08e-03	3.95e-01	5.70e-01	2.86e-02	1.79e-04	0.00e+00	0.00e+00	7.82e-11	1.70e-11	8.51e-12
 1.53284e+16	1.35e-10	3.31e-06	6.93e-03	4.15e-01	5.52e-01	2.58e-02	1.48e-04	0.00e+00	0.00e+00	1.02e-10	2.21e-11	1.11e-11
 1.74842e+16	1.79e-10	4.06e-06	7.96e-03	4.36e-01	5.33e-01	2.31e-02	1.21e-04	0.00e+00	0.00e+00	1.35e-10	2.91e-11	1.47e-11
 1.95372e+16	2.31e-10	4.90e-06	9.04e-03	4.56e-01	5.15e-01	2.08e-02	1.01e-04	0.00e+00	0.00e+00	1.74e-10	3.76e-11	1.89e-11
 2.17331e+16	3.02e-10	5.96e-06	1.03e-02	4.76e-01	4.95e-01	1.86e-02	8.25e-05	0.00e+00	0.00e+00	2.28e-10	4.92e-11	2.48e-11
 2.41339e+16	4.01e-10	7.32e-06	1.18e-02	4.98e-01	4.74e-01	1.65e-02	6.67e-05	0.00e+00	0.00e+00	3.02e-10	6.52e-11	3.30e-11
 2.64261e+16	5.20e-10	8.83e-06	1.34e-02	5.17e-01	4.54e-01	1.48e-02	5.47e-05	0.00e+00	0.00e+00	3.92e-10	8.44e-11	4.28e-11
 2.88819e+16	6.85e-10	1.08e-05	1.53e-02	5.38e-01	4.34e-01	1.31e-02	4.44e-05	0.00e+00	0.00e+00	5.16e-10	1.11e-10	5.65e-11
 3.15583e+16	9.13e-10	1.33e-05	1.76e-02	5.59e-01	4.12e-01	1.15e-02	3.54e-05	0.00e+00	0.00e+00	6.89e-10	1.48e-10	7.54e-11
 3.41209e+16	1.19e-09	1.61e-05	2.00e-02	5.79e-01	3.91e-01	1.01e-02	2.87e-05	0.00e+00	0.00e+00	8.99e-10	1.93e-10	9.85e-11
 3.68682e+16	1.59e-09	1.98e-05	2.29e-02	5.98e-01	3.70e-01	8.88e-03	2.29e-05	0.00e+00	0.00e+00	1.20e-09	2.57e-10	1.31e-10
 3.98027e+16	2.12e-09	2.44e-05	2.64e-02	6.18e-01	3.48e-01	7.71e-03	1.81e-05	0.00e+00	0.00e+00	1.60e-09	3.43e-10	1.76e-10
 4.21923e+16	2.66e-09	2.87e-05	2.95e-02	6.33e-01	3.30e-01	6.88e-03	1.50e-05	0.00e+00	0.00e+00	2.00e-09	4.29e-10	2.20e-10
 4.40227e+16	3.17e-09	3.26e-05	3.20e-02	6.44e-01	3.17e-01	6.31e-03	1.30e-05	0.00e+00	0.00e+00	2.39e-09	5.12e-10	2.63e-10
 4.60152e+16	3.85e-09	3.75e-05	3.51e-02	6.56e-01	3.04e-01	5.73e-03	1.11e-05	0.00e+00	0.00e+00	2.91e-09	6.22e-10	3.20e-10
 4.83901e+16	4.85e-09	4.43e-05	3.91e-02	6.68e-01	2.87e-01	5.11e-03	9.20e-06	0.00e+00	0.00e+00	3.66e-09	7.82e-10	4.03e-10
 5.07626e+16	6.05e-09	5.21e-05	4.34e-02	6.80e-01	2.72e-01	4.56e-03	7.66e-06	0.00e+00	0.00e+00	4.56e-09	9.75e-10	5.04e-10
 5.28979e+16	7.40e-09	6.03e-05	4.77e-02	6.89e-01	2.59e-01	4.11e-03	6.50e-06	0.00e+00	0.00e+00	5.58e-09	1.19e-09	6.17e-10
 5.48196e+16	8.88e-09	6.89e-05	5.20e-02	6.97e-01	2.47e-01	3.74e-03	5.60e-06	0.00e+00	0.00e+00	6.70e-09	1.43e-09	7.41e-10
 5.65492e+16	1.05e-08	7.78e-05	5.61e-02	7.04e-01	2.36e-01	3.43e-03	4.90e-06	0.00e+00	0.00e+00	7.90e-09	1.69e-09	8.74e-10
 5.81058e+16	1.22e-08	8.68e-05	6.01e-02	7.09e-01	2.27e-01	3.18e-03	4.34e-06	0.00e+00	0.00e+00	9.17e-09	1.96e-09	1.02e-09
 5.95067e+16	1.39e-08	9.60e-05	6.40e-02	7.14e-01	2.19e-01	2.97e-03	3.89e-06	0.00e+00	0.00e+00	1.05e-08	2.24e-09	1.17e-09
 6.07676e+16	1.58e-08	1.05e-04	6.77e-02	7.17e-01	2.12e-01	2.78e-03	3.53e-06	0.00e+00	0.00e+00	1.19e-08	2.54e-09	1.32e-09
 6.19023e+16	1.77e-08	1.14e-04	7.12e-02	7.20e-01	2.06e-01	2.63e-03	3.23e-06	0.00e+00	0.00e+00	1.33e-08	2.85e-09	1.48e-09
 6.29236e+16	1.96e-08	1.23e-04	7.45e-02	7.23e-01	2.00e-01	2.49e-03	2.98e-06	0.00e+00	0.00e+00	1.48e-08	3.15e-09	1.64e-09
 6.38428e+16	2.15e-08	1.32e-04	7.77e-02	7.25e-01	1.95e-01	2.38e-03	2.77e-06	0.00e+00	0.00e+00	1.63e-08	3.47e-09	1.81e-09
 6.46700e+16	2.35e-08	1.41e-04	8.07e-02	7.26e-01	1.91e-01	2.28e-03	2.60e-06	0.00e+00	0.00e+00	1.77e-08	3.78e-09	1.97e-09
 6.54224e+16	2.53e-08	1.49e-04	8.35e-02	7.28e-01	1.87e-01	2.19e-03	2.45e-06	0.00e+00	0.00e+00	1.91e-08	4.07e-09	2.12e-09
 6.61436e+16	2.74e-08	1.58e-04	8.63e-02	7.29e-01	1.83e-01	2.11e-03	2.31e-06	0.00e+00	0.00e+00	2.06e-08	4.40e-09	2.30e-09
 6.68647e+16	2.96e-08	1.68e-04	8.92e-02	7.30e-01	1.79e-01	2.03e-03	2.18e-06	0.00e+00	0.00e+00	2.23e-08	4.76e-09	2.48e-09
 6.75859e+16	3.21e-08	1.78e-04	9.23e-02	7.31e-01	1.75e-01	1.95e-03	2.05e-06	0.00e+00	0.00e+00	2.42e-08	5.15e-09	2.69e-09
 6.83070e+16	3.48e-08	1.89e-04	9.55e-02	7.31e-01	1.71e-01	1.87e-03	1.94e-06	0.00e+00	0.00e+00	2.62e-08	5.59e-09	2.92e-09
 6.90282e+16	3.78e-08	2.01e-04	9.88e-02	7.32e-01	1.67e-01	1.80e-03	1.82e-06	0.00e+00	0.00e+00	2.85e-08	6.07e-09	3.17e-09
 6.97493e+16	4.11e-08	2.14e-04	1.02e-01	7.32e-01	1.64e-01	1.73e-03	1.72e-06	0.00e+00	0.00e+00	3.10e-08	6.61e-09	3.46e-09
 7.04705e+16	4.49e-08	2.29e-04	1.06e-01	7.32e-01	1.60e-01	1.66e-03	1.62e-06	0.00e+00	0.00e+00	3.39e-08	7.21e-09	3.78e-09
 7.11916e+16	4.93e-08	2.45e-04	1.10e-01	7.32e-01	1.56e-01	1.60e-03	1.52e-06	0.00e+00	0.00e+00	3.72e-08	7.91e-09	4.14e-09
 7.18337e+16	5.44e-08	2.64e-04	1.13e-01	7.32e-01	1.53e-01	1.54e-03	1.44e-06	0.00e+00	0.00e+00	4.10e-08	8.73e-09	4.58e-09
