#depth	N	N+	N+2	N+3	N+4	N+5	N+6	N+7
 3.30316e+14	1.82e-09	7.33e-06	3.65e-03	1.13e-01	3.24e-01	5.59e-01	4.66e-07	0.00e+00
 1.47558e+15	2.00e-09	8.87e-06	4.23e-03	1.24e-01	3.35e-01	5.37e-01	4.46e-07	0.00e+00
 3.13807e+15	2.72e-09	1.15e-05	5.18e-03	1.39e-01	3.51e-01	5.05e-01	4.32e-07	0.00e+00
 4.86706e+15	3.69e-09	1.49e-05	6.33e-03	1.56e-01	3.65e-01	4.73e-01	4.15e-07	0.00e+00
 6.36567e+15	4.74e-09	1.85e-05	7.46e-03	1.71e-01	3.76e-01	4.46e-01	3.97e-07	0.00e+00
 7.52413e+15	5.71e-09	2.16e-05	8.42e-03	1.83e-01	3.84e-01	4.25e-01	3.90e-07	0.00e+00
 8.76909e+15	6.96e-09	2.55e-05	9.57e-03	1.96e-01	3.91e-01	4.04e-01	3.77e-07	0.00e+00
 1.03875e+16	8.93e-09	3.15e-05	1.12e-02	2.13e-01	3.99e-01	3.76e-01	3.59e-07	0.00e+00
 1.21060e+16	1.14e-08	3.87e-05	1.31e-02	2.31e-01	4.06e-01	3.49e-01	3.40e-07	0.00e+00
 1.36162e+16	1.41e-08	4.60e-05	1.50e-02	2.47e-01	4.11e-01	3.27e-01	3.23e-07	0.00e+00
 1.49726e+16	1.68e-08	5.35e-05	1.68e-02	2.62e-01	4.14e-01	3.07e-01	3.10e-07	0.00e+00
 1.64671e+16	2.05e-08	6.30e-05	1.89e-02	2.78e-01	4.17e-01	2.86e-01	2.93e-07	0.00e+00
 1.81338e+16	2.52e-08	7.47e-05	2.15e-02	2.95e-01	4.19e-01	2.65e-01	2.75e-07	0.00e+00
 1.97365e+16	3.06e-08	8.75e-05	2.41e-02	3.12e-01	4.19e-01	2.45e-01	2.60e-07	0.00e+00
 2.12789e+16	3.66e-08	1.01e-04	2.69e-02	3.27e-01	4.18e-01	2.28e-01	2.45e-07	0.00e+00
 2.30309e+16	4.50e-08	1.20e-04	3.03e-02	3.45e-01	4.16e-01	2.09e-01	2.28e-07	0.00e+00
 2.49926e+16	5.61e-08	1.43e-04	3.43e-02	3.64e-01	4.13e-01	1.90e-01	2.12e-07	0.00e+00
 2.68479e+16	6.84e-08	1.68e-04	3.84e-02	3.81e-01	4.08e-01	1.73e-01	1.96e-07	0.00e+00
 2.85649e+16	8.19e-08	1.94e-04	4.23e-02	3.96e-01	4.03e-01	1.59e-01	1.82e-07	0.00e+00
 3.04814e+16	9.99e-08	2.28e-04	4.71e-02	4.12e-01	3.96e-01	1.44e-01	1.67e-07	0.00e+00
 3.25953e+16	1.23e-07	2.68e-04	5.27e-02	4.30e-01	3.88e-01	1.29e-01	1.53e-07	0.00e+00
 3.46234e+16	1.49e-07	3.13e-04	5.83e-02	4.45e-01	3.80e-01	1.16e-01	1.40e-07	0.00e+00
 3.65881e+16	1.79e-07	3.61e-04	6.40e-02	4.59e-01	3.71e-01	1.05e-01	1.28e-07	0.00e+00
 3.88129e+16	2.20e-07	4.23e-04	7.09e-02	4.74e-01	3.61e-01	9.37e-02	0.00e+00	0.00e+00
 4.12423e+16	2.72e-07	4.98e-04	7.88e-02	4.89e-01	3.49e-01	8.28e-02	0.00e+00	0.00e+00
 4.35467e+16	3.31e-07	5.79e-04	8.65e-02	5.02e-01	3.37e-01	7.36e-02	0.00e+00	0.00e+00
 4.57864e+16	3.99e-07	6.67e-04	9.44e-02	5.14e-01	3.25e-01	6.57e-02	0.00e+00	0.00e+00
 4.81547e+16	4.85e-07	7.73e-04	1.03e-01	5.25e-01	3.13e-01	5.80e-02	0.00e+00	0.00e+00
 5.05447e+16	5.85e-07	8.91e-04	1.12e-01	5.35e-01	3.00e-01	5.14e-02	0.00e+00	0.00e+00
 5.26958e+16	6.92e-07	1.01e-03	1.21e-01	5.43e-01	2.89e-01	4.61e-02	0.00e+00	0.00e+00
 5.46378e+16	8.03e-07	1.13e-03	1.29e-01	5.49e-01	2.79e-01	4.17e-02	0.00e+00	0.00e+00
 5.63855e+16	9.18e-07	1.24e-03	1.36e-01	5.54e-01	2.70e-01	3.81e-02	0.00e+00	0.00e+00
 5.79585e+16	1.03e-06	1.35e-03	1.43e-01	5.58e-01	2.62e-01	3.52e-02	0.00e+00	0.00e+00
 5.93741e+16	1.15e-06	1.46e-03	1.49e-01	5.62e-01	2.55e-01	3.27e-02	0.00e+00	0.00e+00
 6.06482e+16	1.27e-06	1.57e-03	1.55e-01	5.64e-01	2.49e-01	3.06e-02	0.00e+00	0.00e+00
 6.17949e+16	1.38e-06	1.67e-03	1.60e-01	5.66e-01	2.43e-01	2.89e-02	0.00e+00	0.00e+00
 6.28270e+16	1.50e-06	1.77e-03	1.65e-01	5.68e-01	2.38e-01	2.73e-02	0.00e+00	0.00e+00
 6.37558e+16	1.61e-06	1.86e-03	1.69e-01	5.69e-01	2.33e-01	2.60e-02	0.00e+00	0.00e+00
 6.45917e+16	1.71e-06	1.94e-03	1.73e-01	5.70e-01	2.29e-01	2.49e-02	0.00e+00	0.00e+00
 6.53483e+16	1.82e-06	2.03e-03	1.77e-01	5.71e-01	2.26e-01	2.39e-02	0.00e+00	0.00e+00
 6.60694e+16	1.93e-06	2.11e-03	1.81e-01	5.72e-01	2.22e-01	2.30e-02	0.00e+00	0.00e+00
 6.67906e+16	2.04e-06	2.20e-03	1.84e-01	5.72e-01	2.19e-01	2.21e-02	0.00e+00	0.00e+00
 6.75117e+16	2.17e-06	2.29e-03	1.88e-01	5.73e-01	2.15e-01	2.13e-02	0.00e+00	0.00e+00
 6.82329e+16	2.31e-06	2.39e-03	1.92e-01	5.73e-01	2.12e-01	2.04e-02	0.00e+00	0.00e+00
 6.89540e+16	2.46e-06	2.50e-03	1.96e-01	5.74e-01	2.08e-01	1.96e-02	0.00e+00	0.00e+00
 6.96752e+16	2.64e-06	2.63e-03	2.00e-01	5.74e-01	2.05e-01	1.88e-02	0.00e+00	0.00e+00
 7.03963e+16	2.89e-06	2.79e-03	2.04e-01	5.74e-01	2.01e-01	1.79e-02	0.00e+00	0.00e+00
 7.11175e+16	3.15e-06	2.96e-03	2.09e-01	5.74e-01	1.97e-01	1.71e-02	0.00e+00	0.00e+00
 7.17966e+16	3.45e-06	3.14e-03	2.14e-01	5.73e-01	1.94e-01	1.63e-02	0.00e+00	0.00e+00
