#depth	C	C+	C+2	C+3	C+4	C+5	C+6	C[1]	C[2]	C[3]	C+[1]	C+[2]	CO
 2.06148e+14	1.46e-09	6.47e-06	2.59e-03	4.49e-02	9.52e-01	4.36e-07	0.00e+00	1.45e-10	4.37e-10	7.44e-10	2.14e-06	4.33e-06	5.07e-32
 1.22228e+15	1.29e-09	7.43e-06	2.85e-03	4.74e-02	9.50e-01	4.27e-07	0.00e+00	1.28e-10	3.88e-10	6.60e-10	2.46e-06	4.97e-06	7.89e-32
 2.87463e+15	1.60e-09	9.09e-06	3.31e-03	5.17e-02	9.45e-01	4.32e-07	0.00e+00	1.58e-10	4.79e-10	8.16e-10	3.01e-06	6.07e-06	1.51e-31
 4.59309e+15	2.01e-09	1.12e-05	3.86e-03	5.64e-02	9.40e-01	4.37e-07	0.00e+00	1.99e-10	6.01e-10	1.02e-09	3.70e-06	7.46e-06	2.87e-31
 6.24431e+15	2.47e-09	1.34e-05	4.45e-03	6.11e-02	9.34e-01	4.36e-07	0.00e+00	2.45e-10	7.40e-10	1.26e-09	4.46e-06	8.99e-06	5.14e-31
 7.77549e+15	2.97e-09	1.59e-05	5.05e-03	6.56e-02	9.29e-01	4.48e-07	0.00e+00	2.95e-10	8.92e-10	1.52e-09	5.28e-06	1.06e-05	8.67e-31
 9.50388e+15	3.69e-09	1.92e-05	5.81e-03	7.10e-02	9.23e-01	4.51e-07	0.00e+00	3.66e-10	1.11e-09	1.88e-09	6.36e-06	1.28e-05	1.55e-30
 1.13975e+16	4.60e-09	2.33e-05	6.73e-03	7.71e-02	9.16e-01	4.59e-07	0.00e+00	4.56e-10	1.38e-09	2.35e-09	7.74e-06	1.56e-05	2.87e-30
 1.31552e+16	5.60e-09	2.78e-05	7.67e-03	8.31e-02	9.09e-01	4.62e-07	0.00e+00	5.56e-10	1.68e-09	2.86e-09	9.23e-06	1.86e-05	4.98e-30
 1.50733e+16	6.98e-09	3.36e-05	8.83e-03	8.99e-02	9.01e-01	4.70e-07	0.00e+00	6.92e-10	2.09e-09	3.56e-09	1.12e-05	2.24e-05	9.10e-30
 1.72088e+16	8.74e-09	4.10e-05	1.02e-02	9.78e-02	8.92e-01	4.72e-07	0.00e+00	8.68e-10	2.62e-09	4.46e-09	1.36e-05	2.74e-05	1.70e-29
 1.90992e+16	1.06e-08	4.85e-05	1.16e-02	1.05e-01	8.83e-01	4.76e-07	0.00e+00	1.05e-09	3.18e-09	5.41e-09	1.61e-05	3.24e-05	2.86e-29
 2.07352e+16	1.25e-08	5.59e-05	1.29e-02	1.12e-01	8.75e-01	4.83e-07	0.00e+00	1.24e-09	3.75e-09	6.37e-09	1.86e-05	3.73e-05	4.46e-29
 2.25741e+16	1.50e-08	6.56e-05	1.46e-02	1.19e-01	8.66e-01	4.85e-07	0.00e+00	1.49e-09	4.52e-09	7.68e-09	2.18e-05	4.38e-05	7.35e-29
 2.48874e+16	1.88e-08	7.96e-05	1.68e-02	1.29e-01	8.54e-01	4.91e-07	0.00e+00	1.87e-09	5.66e-09	9.61e-09	2.65e-05	5.31e-05	1.35e-28
 2.72305e+16	2.32e-08	9.56e-05	1.93e-02	1.40e-01	8.41e-01	4.95e-07	0.00e+00	2.30e-09	6.97e-09	1.18e-08	3.18e-05	6.38e-05	2.36e-28
 2.92345e+16	2.76e-08	1.11e-04	2.17e-02	1.49e-01	8.29e-01	4.96e-07	0.00e+00	2.75e-09	8.30e-09	1.41e-08	3.71e-05	7.44e-05	3.74e-28
 3.13847e+16	3.35e-08	1.31e-04	2.45e-02	1.60e-01	8.16e-01	5.01e-07	0.00e+00	3.33e-09	1.01e-08	1.71e-08	4.37e-05	8.76e-05	6.25e-28
 3.36208e+16	4.02e-08	1.54e-04	2.77e-02	1.71e-01	8.01e-01	5.03e-07	0.00e+00	4.00e-09	1.21e-08	2.06e-08	5.13e-05	1.03e-04	1.01e-27
 3.55230e+16	4.69e-08	1.76e-04	3.06e-02	1.81e-01	7.89e-01	5.05e-07	0.00e+00	4.67e-09	1.41e-08	2.40e-08	5.87e-05	1.18e-04	1.51e-27
 3.75502e+16	5.57e-08	2.04e-04	3.41e-02	1.91e-01	7.75e-01	5.06e-07	0.00e+00	5.55e-09	1.68e-08	2.85e-08	6.79e-05	1.36e-04	2.34e-27
 3.97950e+16	6.64e-08	2.37e-04	3.82e-02	2.03e-01	7.58e-01	5.12e-07	0.00e+00	6.62e-09	2.00e-08	3.40e-08	7.90e-05	1.58e-04	3.69e-27
 4.19022e+16	7.82e-08	2.73e-04	4.24e-02	2.15e-01	7.42e-01	5.10e-07	0.00e+00	7.80e-09	2.36e-08	4.00e-08	9.09e-05	1.82e-04	5.56e-27
 4.39175e+16	9.14e-08	3.11e-04	4.67e-02	2.26e-01	7.27e-01	5.10e-07	0.00e+00	9.12e-09	2.76e-08	4.68e-08	1.04e-04	2.07e-04	8.24e-27
 4.62342e+16	1.10e-07	3.63e-04	5.24e-02	2.40e-01	7.07e-01	5.19e-07	0.00e+00	1.10e-08	3.32e-08	5.63e-08	1.21e-04	2.42e-04	1.31e-26
 4.87284e+16	1.32e-07	4.25e-04	5.88e-02	2.55e-01	6.86e-01	5.17e-07	0.00e+00	1.32e-08	3.99e-08	6.78e-08	1.42e-04	2.83e-04	2.09e-26
 5.09586e+16	1.57e-07	4.89e-04	6.52e-02	2.68e-01	6.67e-01	5.21e-07	0.00e+00	1.57e-08	4.74e-08	8.04e-08	1.63e-04	3.26e-04	3.14e-26
 5.30095e+16	1.83e-07	5.55e-04	7.16e-02	2.80e-01	6.48e-01	5.24e-07	0.00e+00	1.83e-08	5.54e-08	9.40e-08	1.85e-04	3.70e-04	4.58e-26
 5.49201e+16	2.12e-07	6.25e-04	7.80e-02	2.92e-01	6.30e-01	5.26e-07	0.00e+00	2.12e-08	6.41e-08	1.09e-07	2.09e-04	4.17e-04	6.49e-26
 5.66396e+16	2.42e-07	6.96e-04	8.42e-02	3.02e-01	6.13e-01	5.26e-07	0.00e+00	2.42e-08	7.33e-08	1.24e-07	2.32e-04	4.64e-04	8.91e-26
 5.81872e+16	2.74e-07	7.66e-04	9.01e-02	3.12e-01	5.97e-01	5.28e-07	0.00e+00	2.74e-08	8.27e-08	1.40e-07	2.56e-04	5.11e-04	1.18e-25
 5.95800e+16	3.06e-07	8.36e-04	9.58e-02	3.20e-01	5.83e-01	5.30e-07	0.00e+00	3.06e-08	9.25e-08	1.57e-07	2.79e-04	5.57e-04	1.54e-25
 6.08335e+16	3.38e-07	9.04e-04	1.01e-01	3.28e-01	5.70e-01	5.32e-07	0.00e+00	3.39e-08	1.02e-07	1.74e-07	3.02e-04	6.02e-04	1.94e-25
 6.19616e+16	3.72e-07	9.72e-04	1.06e-01	3.35e-01	5.58e-01	5.33e-07	0.00e+00	3.72e-08	1.12e-07	1.91e-07	3.25e-04	6.47e-04	2.41e-25
 6.29770e+16	4.05e-07	1.04e-03	1.11e-01	3.41e-01	5.47e-01	5.34e-07	0.00e+00	4.05e-08	1.22e-07	2.08e-07	3.46e-04	6.90e-04	2.93e-25
 6.38908e+16	4.36e-07	1.10e-03	1.15e-01	3.47e-01	5.37e-01	5.36e-07	0.00e+00	4.37e-08	1.32e-07	2.24e-07	3.66e-04	7.30e-04	3.46e-25
 6.47133e+16	4.69e-07	1.16e-03	1.20e-01	3.52e-01	5.28e-01	5.37e-07	0.00e+00	4.69e-08	1.42e-07	2.41e-07	3.86e-04	7.70e-04	4.08e-25
 6.54634e+16	5.01e-07	1.21e-03	1.24e-01	3.56e-01	5.19e-01	5.38e-07	0.00e+00	5.02e-08	1.52e-07	2.57e-07	4.06e-04	8.09e-04	4.77e-25
 6.61846e+16	5.35e-07	1.27e-03	1.28e-01	3.60e-01	5.11e-01	5.39e-07	0.00e+00	5.36e-08	1.62e-07	2.75e-07	4.26e-04	8.48e-04	5.53e-25
 6.69057e+16	5.73e-07	1.34e-03	1.32e-01	3.65e-01	5.02e-01	5.40e-07	0.00e+00	5.74e-08	1.73e-07	2.94e-07	4.47e-04	8.90e-04	6.43e-25
 6.76269e+16	6.14e-07	1.40e-03	1.36e-01	3.69e-01	4.94e-01	5.41e-07	0.00e+00	6.15e-08	1.86e-07	3.15e-07	4.69e-04	9.34e-04	7.51e-25
 6.83480e+16	6.59e-07	1.47e-03	1.40e-01	3.73e-01	4.85e-01	5.42e-07	0.00e+00	6.61e-08	2.00e-07	3.38e-07	4.92e-04	9.81e-04	8.78e-25
 6.90692e+16	7.10e-07	1.55e-03	1.45e-01	3.78e-01	4.76e-01	5.43e-07	0.00e+00	7.11e-08	2.15e-07	3.64e-07	5.18e-04	1.03e-03	1.03e-24
 6.97903e+16	7.68e-07	1.63e-03	1.49e-01	3.82e-01	4.67e-01	5.48e-07	0.00e+00	7.70e-08	2.33e-07	3.94e-07	5.45e-04	1.09e-03	1.23e-24
 7.05115e+16	8.35e-07	1.72e-03	1.54e-01	3.86e-01	4.58e-01	5.47e-07	0.00e+00	8.37e-08	2.53e-07	4.29e-07	5.75e-04	1.15e-03	1.47e-24
 7.12326e+16	9.09e-07	1.81e-03	1.59e-01	3.90e-01	4.49e-01	5.47e-07	0.00e+00	9.11e-08	2.75e-07	4.67e-07	6.06e-04	1.21e-03	1.74e-24
 7.18542e+16	1.01e-06	1.92e-03	1.64e-01	3.94e-01	4.40e-01	5.50e-07	0.00e+00	1.01e-07	3.06e-07	5.19e-07	6.42e-04	1.28e-03	2.18e-24
