#depth	N	N+	N+2	N+3	N+4	N+5	N+6	N+7
 2.05352e+14	5.38e-10	3.83e-06	3.22e-03	1.42e-01	3.65e-01	4.90e-01	1.98e-07	0.00e+00
 1.22065e+15	6.21e-10	4.48e-06	3.62e-03	1.52e-01	3.74e-01	4.71e-01	1.86e-07	0.00e+00
 2.87295e+15	8.18e-10	5.65e-06	4.35e-03	1.69e-01	3.85e-01	4.42e-01	1.79e-07	0.00e+00
 4.59133e+15	1.07e-09	7.11e-06	5.21e-03	1.87e-01	3.96e-01	4.12e-01	1.70e-07	0.00e+00
 6.18994e+15	1.36e-09	8.67e-06	6.10e-03	2.04e-01	4.04e-01	3.86e-01	1.60e-07	0.00e+00
 7.59740e+15	1.66e-09	1.03e-05	6.97e-03	2.19e-01	4.10e-01	3.64e-01	1.56e-07	0.00e+00
 9.17267e+15	2.08e-09	1.23e-05	8.05e-03	2.36e-01	4.16e-01	3.40e-01	1.48e-07	0.00e+00
 1.10660e+16	2.67e-09	1.52e-05	9.49e-03	2.57e-01	4.21e-01	3.13e-01	1.40e-07	0.00e+00
 1.29630e+16	3.41e-09	1.86e-05	1.11e-02	2.78e-01	4.24e-01	2.87e-01	1.32e-07	0.00e+00
 1.47034e+16	4.22e-09	2.21e-05	1.26e-02	2.97e-01	4.25e-01	2.65e-01	0.00e+00	0.00e+00
 1.63441e+16	5.12e-09	2.60e-05	1.43e-02	3.15e-01	4.25e-01	2.46e-01	0.00e+00	0.00e+00
 1.81713e+16	6.34e-09	3.09e-05	1.62e-02	3.34e-01	4.24e-01	2.26e-01	0.00e+00	0.00e+00
 2.01833e+16	7.89e-09	3.69e-05	1.86e-02	3.55e-01	4.21e-01	2.05e-01	0.00e+00	0.00e+00
 2.20447e+16	9.60e-09	4.33e-05	2.09e-02	3.74e-01	4.17e-01	1.88e-01	0.00e+00	0.00e+00
 2.40736e+16	1.18e-08	5.13e-05	2.36e-02	3.94e-01	4.12e-01	1.70e-01	0.00e+00	0.00e+00
 2.63139e+16	1.47e-08	6.11e-05	2.69e-02	4.15e-01	4.05e-01	1.53e-01	0.00e+00	0.00e+00
 2.83938e+16	1.78e-08	7.14e-05	3.01e-02	4.34e-01	3.98e-01	1.38e-01	0.00e+00	0.00e+00
 3.02419e+16	2.10e-08	8.15e-05	3.31e-02	4.50e-01	3.90e-01	1.26e-01	0.00e+00	0.00e+00
 3.22239e+16	2.51e-08	9.40e-05	3.66e-02	4.67e-01	3.82e-01	1.14e-01	0.00e+00	0.00e+00
 3.43976e+16	3.01e-08	1.09e-04	4.07e-02	4.85e-01	3.72e-01	1.02e-01	0.00e+00	0.00e+00
 3.64254e+16	3.56e-08	1.24e-04	4.47e-02	5.00e-01	3.62e-01	9.27e-02	0.00e+00	0.00e+00
 3.83659e+16	4.17e-08	1.41e-04	4.87e-02	5.14e-01	3.53e-01	8.41e-02	0.00e+00	0.00e+00
 4.05882e+16	5.00e-08	1.62e-04	5.37e-02	5.29e-01	3.41e-01	7.52e-02	0.00e+00	0.00e+00
 4.30092e+16	6.01e-08	1.87e-04	5.94e-02	5.45e-01	3.29e-01	6.66e-02	0.00e+00	0.00e+00
 4.52301e+16	7.11e-08	2.13e-04	6.49e-02	5.58e-01	3.17e-01	5.96e-02	0.00e+00	0.00e+00
 4.75774e+16	8.52e-08	2.45e-04	7.13e-02	5.71e-01	3.05e-01	5.28e-02	0.00e+00	0.00e+00
 5.00312e+16	1.02e-07	2.82e-04	7.82e-02	5.83e-01	2.92e-01	4.66e-02	0.00e+00	0.00e+00
 5.22396e+16	1.20e-07	3.19e-04	8.48e-02	5.94e-01	2.80e-01	4.16e-02	0.00e+00	0.00e+00
 5.42271e+16	1.39e-07	3.57e-04	9.10e-02	6.02e-01	2.69e-01	3.75e-02	0.00e+00	0.00e+00
 5.60159e+16	1.59e-07	3.94e-04	9.70e-02	6.09e-01	2.60e-01	3.42e-02	0.00e+00	0.00e+00
 5.76259e+16	1.79e-07	4.32e-04	1.03e-01	6.14e-01	2.51e-01	3.14e-02	0.00e+00	0.00e+00
 5.90748e+16	2.00e-07	4.69e-04	1.08e-01	6.19e-01	2.44e-01	2.91e-02	0.00e+00	0.00e+00
 6.03788e+16	2.21e-07	5.06e-04	1.13e-01	6.23e-01	2.37e-01	2.71e-02	0.00e+00	0.00e+00
 6.15525e+16	2.43e-07	5.41e-04	1.17e-01	6.26e-01	2.31e-01	2.54e-02	0.00e+00	0.00e+00
 6.26087e+16	2.64e-07	5.76e-04	1.22e-01	6.28e-01	2.25e-01	2.40e-02	0.00e+00	0.00e+00
 6.35594e+16	2.84e-07	6.07e-04	1.26e-01	6.31e-01	2.21e-01	2.28e-02	0.00e+00	0.00e+00
 6.44150e+16	3.05e-07	6.40e-04	1.29e-01	6.32e-01	2.16e-01	2.17e-02	0.00e+00	0.00e+00
 6.51850e+16	3.26e-07	6.71e-04	1.33e-01	6.34e-01	2.12e-01	2.08e-02	0.00e+00	0.00e+00
 6.59103e+16	3.47e-07	7.02e-04	1.36e-01	6.35e-01	2.09e-01	1.99e-02	0.00e+00	0.00e+00
 6.66315e+16	3.70e-07	7.35e-04	1.39e-01	6.36e-01	2.05e-01	1.91e-02	0.00e+00	0.00e+00
 6.73526e+16	3.95e-07	7.69e-04	1.43e-01	6.37e-01	2.01e-01	1.83e-02	0.00e+00	0.00e+00
 6.80738e+16	4.22e-07	8.07e-04	1.46e-01	6.38e-01	1.98e-01	1.75e-02	0.00e+00	0.00e+00
 6.87949e+16	4.54e-07	8.48e-04	1.50e-01	6.38e-01	1.94e-01	1.68e-02	0.00e+00	0.00e+00
 6.95161e+16	4.88e-07	8.92e-04	1.54e-01	6.39e-01	1.90e-01	1.61e-02	0.00e+00	0.00e+00
 7.02372e+16	5.24e-07	9.37e-04	1.57e-01	6.40e-01	1.87e-01	1.54e-02	0.00e+00	0.00e+00
 7.09584e+16	5.71e-07	9.93e-04	1.62e-01	6.40e-01	1.83e-01	1.46e-02	0.00e+00	0.00e+00
 7.16795e+16	6.32e-07	1.06e-03	1.66e-01	6.40e-01	1.79e-01	1.39e-02	0.00e+00	0.00e+00
 7.20776e+16	7.20e-07	1.16e-03	1.70e-01	6.39e-01	1.77e-01	1.33e-02	0.00e+00	0.00e+00
