#depth	C	C+	C+2	C+3	C+4	C+5	C+6	C[1]	C[2]	C[3]	C+[1]	C+[2]	CO
 2.88079e+14	8.19e-10	5.37e-06	2.91e-03	5.23e-02	9.45e-01	3.00e-07	0.00e+00	8.27e-11	2.51e-10	4.27e-10	1.79e-06	3.58e-06	1.19e-32
 1.38941e+15	7.94e-10	6.22e-06	3.22e-03	5.53e-02	9.41e-01	2.59e-07	0.00e+00	8.01e-11	2.43e-10	4.14e-10	2.07e-06	4.15e-06	1.87e-32
 3.04846e+15	1.01e-09	7.65e-06	3.74e-03	6.02e-02	9.36e-01	2.62e-07	0.00e+00	1.02e-10	3.09e-10	5.27e-10	2.55e-06	5.10e-06	3.69e-32
 4.77386e+15	1.30e-09	9.44e-06	4.36e-03	6.55e-02	9.30e-01	2.66e-07	0.00e+00	1.31e-10	3.97e-10	6.77e-10	3.14e-06	6.29e-06	7.28e-32
 6.44294e+15	1.64e-09	1.15e-05	5.01e-03	7.08e-02	9.24e-01	2.65e-07	0.00e+00	1.65e-10	5.00e-10	8.53e-10	3.81e-06	7.64e-06	1.35e-31
 8.00822e+15	2.02e-09	1.37e-05	5.70e-03	7.59e-02	9.18e-01	2.72e-07	0.00e+00	2.04e-10	6.18e-10	1.05e-09	4.55e-06	9.11e-06	2.38e-31
 9.76146e+15	2.54e-09	1.65e-05	6.55e-03	8.19e-02	9.11e-01	2.74e-07	0.00e+00	2.57e-10	7.78e-10	1.33e-09	5.51e-06	1.10e-05	4.40e-31
 1.16482e+16	3.20e-09	2.01e-05	7.56e-03	8.87e-02	9.04e-01	2.76e-07	0.00e+00	3.24e-10	9.80e-10	1.67e-09	6.70e-06	1.34e-05	8.20e-31
 1.33768e+16	3.94e-09	2.39e-05	8.58e-03	9.51e-02	8.96e-01	2.80e-07	0.00e+00	3.98e-10	1.21e-09	2.05e-09	7.97e-06	1.59e-05	1.43e-30
 1.52611e+16	4.92e-09	2.88e-05	9.82e-03	1.02e-01	8.88e-01	2.82e-07	0.00e+00	4.98e-10	1.51e-09	2.57e-09	9.60e-06	1.92e-05	2.62e-30
 1.73702e+16	6.23e-09	3.51e-05	1.13e-02	1.11e-01	8.78e-01	2.87e-07	0.00e+00	6.30e-10	1.91e-09	3.25e-09	1.17e-05	2.34e-05	4.98e-30
 1.93646e+16	7.68e-09	4.20e-05	1.29e-02	1.19e-01	8.68e-01	2.88e-07	0.00e+00	7.77e-10	2.35e-09	4.01e-09	1.40e-05	2.80e-05	8.91e-30
 2.15231e+16	9.65e-09	5.08e-05	1.48e-02	1.29e-01	8.57e-01	2.93e-07	0.00e+00	9.76e-10	2.96e-09	5.03e-09	1.70e-05	3.39e-05	1.65e-29
 2.38987e+16	1.22e-08	6.19e-05	1.71e-02	1.39e-01	8.44e-01	2.93e-07	0.00e+00	1.23e-09	3.72e-09	6.34e-09	2.07e-05	4.12e-05	3.15e-29
 2.61342e+16	1.50e-08	7.42e-05	1.95e-02	1.50e-01	8.31e-01	2.95e-07	0.00e+00	1.52e-09	4.61e-09	7.85e-09	2.48e-05	4.94e-05	5.63e-29
 2.85480e+16	1.88e-08	8.97e-05	2.24e-02	1.61e-01	8.16e-01	2.96e-07	0.00e+00	1.91e-09	5.77e-09	9.83e-09	2.99e-05	5.97e-05	1.05e-28
 3.12067e+16	2.38e-08	1.09e-04	2.59e-02	1.74e-01	8.00e-01	3.00e-07	0.00e+00	2.41e-09	7.30e-09	1.24e-08	3.66e-05	7.29e-05	1.99e-28
 3.36776e+16	2.91e-08	1.30e-04	2.94e-02	1.87e-01	7.83e-01	2.99e-07	0.00e+00	2.95e-09	8.95e-09	1.52e-08	4.36e-05	8.69e-05	3.51e-28
 3.57394e+16	3.44e-08	1.51e-04	3.26e-02	1.98e-01	7.69e-01	3.01e-07	0.00e+00	3.49e-09	1.06e-08	1.80e-08	5.03e-05	1.00e-04	5.55e-28
 3.75252e+16	3.97e-08	1.70e-04	3.56e-02	2.07e-01	7.57e-01	3.03e-07	0.00e+00	4.03e-09	1.22e-08	2.07e-08	5.68e-05	1.13e-04	8.19e-28
 3.95538e+16	4.69e-08	1.95e-04	3.93e-02	2.18e-01	7.42e-01	3.02e-07	0.00e+00	4.76e-09	1.44e-08	2.45e-08	6.53e-05	1.30e-04	1.28e-27
 4.21909e+16	5.76e-08	2.32e-04	4.45e-02	2.33e-01	7.22e-01	3.02e-07	0.00e+00	5.85e-09	1.77e-08	3.01e-08	7.77e-05	1.55e-04	2.24e-27
 4.48600e+16	7.00e-08	2.74e-04	5.02e-02	2.48e-01	7.01e-01	3.02e-07	0.00e+00	7.10e-09	2.15e-08	3.66e-08	9.17e-05	1.82e-04	3.80e-27
 4.70189e+16	8.19e-08	3.13e-04	5.51e-02	2.60e-01	6.84e-01	3.00e-07	0.00e+00	8.32e-09	2.52e-08	4.28e-08	1.05e-04	2.08e-04	5.76e-27
 4.92051e+16	9.62e-08	3.58e-04	6.06e-02	2.73e-01	6.66e-01	2.99e-07	0.00e+00	9.77e-09	2.96e-08	5.03e-08	1.20e-04	2.38e-04	8.87e-27
 5.14961e+16	1.13e-07	4.10e-04	6.67e-02	2.86e-01	6.47e-01	2.98e-07	0.00e+00	1.15e-08	3.48e-08	5.91e-08	1.37e-04	2.72e-04	1.36e-26
 5.35580e+16	1.31e-07	4.62e-04	7.25e-02	2.98e-01	6.29e-01	2.98e-07	0.00e+00	1.33e-08	4.02e-08	6.83e-08	1.55e-04	3.07e-04	1.99e-26
 5.54137e+16	1.49e-07	5.14e-04	7.81e-02	3.09e-01	6.13e-01	3.00e-07	0.00e+00	1.51e-08	4.58e-08	7.78e-08	1.72e-04	3.42e-04	2.80e-26
 5.70838e+16	1.67e-07	5.65e-04	8.34e-02	3.18e-01	5.98e-01	2.99e-07	0.00e+00	1.70e-08	5.15e-08	8.75e-08	1.89e-04	3.76e-04	3.78e-26
 5.85870e+16	1.86e-07	6.15e-04	8.85e-02	3.27e-01	5.84e-01	2.99e-07	0.00e+00	1.89e-08	5.73e-08	9.73e-08	2.06e-04	4.09e-04	4.96e-26
 5.99398e+16	2.05e-07	6.64e-04	9.32e-02	3.34e-01	5.72e-01	2.98e-07	0.00e+00	2.08e-08	6.30e-08	1.07e-07	2.23e-04	4.42e-04	6.33e-26
 6.11573e+16	2.23e-07	7.11e-04	9.76e-02	3.41e-01	5.60e-01	2.97e-07	0.00e+00	2.27e-08	6.88e-08	1.17e-07	2.38e-04	4.73e-04	7.88e-26
 6.22531e+16	2.42e-07	7.57e-04	1.02e-01	3.47e-01	5.50e-01	2.96e-07	0.00e+00	2.46e-08	7.45e-08	1.27e-07	2.54e-04	5.03e-04	9.57e-26
 6.32393e+16	2.60e-07	8.00e-04	1.06e-01	3.53e-01	5.41e-01	2.95e-07	0.00e+00	2.64e-08	8.00e-08	1.36e-07	2.68e-04	5.32e-04	1.15e-25
 6.41269e+16	2.77e-07	8.41e-04	1.09e-01	3.58e-01	5.32e-01	2.95e-07	0.00e+00	2.82e-08	8.55e-08	1.45e-07	2.82e-04	5.59e-04	1.34e-25
 6.49257e+16	2.94e-07	8.80e-04	1.12e-01	3.62e-01	5.24e-01	2.95e-07	0.00e+00	3.00e-08	9.07e-08	1.54e-07	2.95e-04	5.85e-04	1.56e-25
 6.56647e+16	3.11e-07	9.17e-04	1.15e-01	3.66e-01	5.17e-01	2.95e-07	0.00e+00	3.17e-08	9.60e-08	1.63e-07	3.07e-04	6.10e-04	1.77e-25
 6.63859e+16	3.29e-07	9.55e-04	1.19e-01	3.70e-01	5.10e-01	2.96e-07	0.00e+00	3.35e-08	1.01e-07	1.72e-07	3.20e-04	6.35e-04	2.04e-25
 6.71070e+16	3.48e-07	9.95e-04	1.22e-01	3.74e-01	5.03e-01	2.95e-07	0.00e+00	3.55e-08	1.07e-07	1.82e-07	3.34e-04	6.62e-04	2.32e-25
 6.78282e+16	3.68e-07	1.04e-03	1.25e-01	3.78e-01	4.96e-01	2.94e-07	0.00e+00	3.75e-08	1.13e-07	1.93e-07	3.48e-04	6.90e-04	2.67e-25
 6.85493e+16	3.91e-07	1.08e-03	1.28e-01	3.82e-01	4.89e-01	2.94e-07	0.00e+00	3.98e-08	1.21e-07	2.05e-07	3.63e-04	7.19e-04	3.06e-25
 6.92705e+16	4.14e-07	1.13e-03	1.32e-01	3.86e-01	4.81e-01	2.93e-07	0.00e+00	4.22e-08	1.28e-07	2.17e-07	3.78e-04	7.50e-04	3.50e-25
 6.99916e+16	4.41e-07	1.18e-03	1.35e-01	3.89e-01	4.74e-01	2.93e-07	0.00e+00	4.50e-08	1.36e-07	2.31e-07	3.95e-04	7.83e-04	4.04e-25
 7.07128e+16	4.71e-07	1.23e-03	1.39e-01	3.93e-01	4.67e-01	2.94e-07	0.00e+00	4.80e-08	1.45e-07	2.47e-07	4.12e-04	8.18e-04	4.71e-25
 7.14339e+16	5.06e-07	1.29e-03	1.43e-01	3.97e-01	4.59e-01	2.93e-07	0.00e+00	5.16e-08	1.56e-07	2.65e-07	4.32e-04	8.57e-04	5.51e-25
 7.19548e+16	5.45e-07	1.35e-03	1.45e-01	4.00e-01	4.53e-01	2.92e-07	0.00e+00	5.56e-08	1.68e-07	2.86e-07	4.51e-04	8.95e-04	6.55e-25
