#depth	O	O+	O+2	O+3	O+4	O+5	O+6	O+7	O+8	O[1]	O[2]	O[3]
 2.03783e+14	8.37e-12	4.18e-07	1.66e-03	2.30e-01	6.98e-01	6.91e-02	9.49e-04	0.00e+00	0.00e+00	6.14e-12	1.51e-12	7.04e-13
 1.21745e+15	1.01e-11	4.81e-07	1.83e-03	2.40e-01	6.92e-01	6.52e-02	8.48e-04	0.00e+00	0.00e+00	7.41e-12	1.82e-12	8.50e-13
 2.86962e+15	1.33e-11	5.95e-07	2.13e-03	2.57e-01	6.81e-01	5.95e-02	7.08e-04	0.00e+00	0.00e+00	9.80e-12	2.39e-12	1.12e-12
 4.58787e+15	1.76e-11	7.33e-07	2.47e-03	2.74e-01	6.69e-01	5.41e-02	5.90e-04	0.00e+00	0.00e+00	1.29e-11	3.15e-12	1.48e-12
 6.26178e+15	2.27e-11	8.88e-07	2.84e-03	2.91e-01	6.56e-01	4.95e-02	4.96e-04	0.00e+00	0.00e+00	1.67e-11	4.05e-12	1.91e-12
 7.84722e+15	2.87e-11	1.06e-06	3.22e-03	3.07e-01	6.44e-01	4.54e-02	4.22e-04	0.00e+00	0.00e+00	2.11e-11	5.12e-12	2.41e-12
 9.60914e+15	3.69e-11	1.28e-06	3.69e-03	3.25e-01	6.30e-01	4.14e-02	3.54e-04	0.00e+00	0.00e+00	2.72e-11	6.58e-12	3.10e-12
 1.15456e+16	4.86e-11	1.57e-06	4.26e-03	3.44e-01	6.14e-01	3.74e-02	2.93e-04	0.00e+00	0.00e+00	3.58e-11	8.65e-12	4.09e-12
 1.33567e+16	6.23e-11	1.89e-06	4.85e-03	3.62e-01	5.99e-01	3.41e-02	2.47e-04	0.00e+00	0.00e+00	4.59e-11	1.11e-11	5.24e-12
 1.50515e+16	7.81e-11	2.24e-06	5.44e-03	3.79e-01	5.84e-01	3.13e-02	2.11e-04	0.00e+00	0.00e+00	5.76e-11	1.39e-11	6.58e-12
 1.69963e+16	1.01e-10	2.71e-06	6.20e-03	3.98e-01	5.68e-01	2.84e-02	1.76e-04	0.00e+00	0.00e+00	7.44e-11	1.79e-11	8.51e-12
 1.91864e+16	1.33e-10	3.32e-06	7.12e-03	4.18e-01	5.49e-01	2.55e-02	1.44e-04	0.00e+00	0.00e+00	9.80e-11	2.36e-11	1.12e-11
 2.12731e+16	1.71e-10	4.00e-06	8.10e-03	4.38e-01	5.31e-01	2.30e-02	1.20e-04	0.00e+00	0.00e+00	1.26e-10	3.03e-11	1.44e-11
 2.35159e+16	2.24e-10	4.87e-06	9.25e-03	4.58e-01	5.12e-01	2.06e-02	9.88e-05	0.00e+00	0.00e+00	1.65e-10	3.96e-11	1.89e-11
 2.59643e+16	2.96e-10	5.99e-06	1.06e-02	4.80e-01	4.91e-01	1.83e-02	8.01e-05	0.00e+00	0.00e+00	2.18e-10	5.23e-11	2.50e-11
 2.82621e+16	3.81e-10	7.21e-06	1.21e-02	5.00e-01	4.72e-01	1.64e-02	6.61e-05	0.00e+00	0.00e+00	2.81e-10	6.73e-11	3.22e-11
 3.07476e+16	5.01e-10	8.80e-06	1.38e-02	5.21e-01	4.51e-01	1.46e-02	5.38e-05	0.00e+00	0.00e+00	3.69e-10	8.84e-11	4.24e-11
 3.34750e+16	6.66e-10	1.08e-05	1.59e-02	5.43e-01	4.29e-01	1.28e-02	4.31e-05	0.00e+00	0.00e+00	4.91e-10	1.18e-10	5.65e-11
 3.60344e+16	8.63e-10	1.31e-05	1.81e-02	5.62e-01	4.08e-01	1.14e-02	3.51e-05	0.00e+00	0.00e+00	6.37e-10	1.52e-10	7.33e-11
 3.88020e+16	1.15e-09	1.61e-05	2.08e-02	5.83e-01	3.86e-01	9.98e-03	2.81e-05	0.00e+00	0.00e+00	8.45e-10	2.02e-10	9.75e-11
 4.18184e+16	1.54e-09	2.00e-05	2.41e-02	6.04e-01	3.64e-01	8.66e-03	2.22e-05	0.00e+00	0.00e+00	1.14e-09	2.71e-10	1.31e-10
 4.46110e+16	2.01e-09	2.44e-05	2.75e-02	6.22e-01	3.43e-01	7.60e-03	1.79e-05	0.00e+00	0.00e+00	1.49e-09	3.54e-10	1.72e-10
 4.69095e+16	2.49e-09	2.85e-05	3.06e-02	6.36e-01	3.27e-01	6.83e-03	1.50e-05	0.00e+00	0.00e+00	1.84e-09	4.38e-10	2.13e-10
 4.88054e+16	2.99e-09	3.26e-05	3.34e-02	6.47e-01	3.13e-01	6.24e-03	1.29e-05	0.00e+00	0.00e+00	2.20e-09	5.25e-10	2.55e-10
 5.08453e+16	3.64e-09	3.77e-05	3.67e-02	6.58e-01	2.99e-01	5.66e-03	1.11e-05	0.00e+00	0.00e+00	2.69e-09	6.40e-10	3.12e-10
 5.29723e+16	4.46e-09	4.37e-05	4.05e-02	6.69e-01	2.85e-01	5.12e-03	9.40e-06	0.00e+00	0.00e+00	3.29e-09	7.82e-10	3.81e-10
 5.48865e+16	5.35e-09	5.01e-05	4.42e-02	6.79e-01	2.72e-01	4.67e-03	8.12e-06	0.00e+00	0.00e+00	3.95e-09	9.39e-10	4.59e-10
 5.66094e+16	6.32e-09	5.66e-05	4.79e-02	6.86e-01	2.61e-01	4.29e-03	7.11e-06	0.00e+00	0.00e+00	4.66e-09	1.11e-09	5.42e-10
 5.81600e+16	7.36e-09	6.34e-05	5.14e-02	6.93e-01	2.52e-01	3.98e-03	6.31e-06	0.00e+00	0.00e+00	5.43e-09	1.29e-09	6.32e-10
 5.95555e+16	8.45e-09	7.03e-05	5.49e-02	6.99e-01	2.43e-01	3.72e-03	5.67e-06	0.00e+00	0.00e+00	6.23e-09	1.48e-09	7.26e-10
 6.08115e+16	9.59e-09	7.72e-05	5.82e-02	7.03e-01	2.35e-01	3.49e-03	5.14e-06	0.00e+00	0.00e+00	7.07e-09	1.68e-09	8.24e-10
 6.19418e+16	1.08e-08	8.41e-05	6.13e-02	7.07e-01	2.28e-01	3.30e-03	4.71e-06	0.00e+00	0.00e+00	7.94e-09	1.88e-09	9.25e-10
 6.29592e+16	1.19e-08	9.09e-05	6.44e-02	7.10e-01	2.22e-01	3.13e-03	4.35e-06	0.00e+00	0.00e+00	8.81e-09	2.09e-09	1.03e-09
 6.38748e+16	1.32e-08	9.77e-05	6.72e-02	7.13e-01	2.17e-01	2.99e-03	4.05e-06	0.00e+00	0.00e+00	9.70e-09	2.30e-09	1.13e-09
 6.46988e+16	1.44e-08	1.04e-04	6.99e-02	7.15e-01	2.12e-01	2.86e-03	3.79e-06	0.00e+00	0.00e+00	1.06e-08	2.51e-09	1.24e-09
 6.54497e+16	1.55e-08	1.11e-04	7.25e-02	7.17e-01	2.07e-01	2.75e-03	3.58e-06	0.00e+00	0.00e+00	1.14e-08	2.71e-09	1.34e-09
 6.61709e+16	1.68e-08	1.17e-04	7.51e-02	7.19e-01	2.03e-01	2.65e-03	3.38e-06	0.00e+00	0.00e+00	1.24e-08	2.94e-09	1.45e-09
 6.68920e+16	1.82e-08	1.25e-04	7.78e-02	7.21e-01	1.99e-01	2.55e-03	3.19e-06	0.00e+00	0.00e+00	1.34e-08	3.19e-09	1.57e-09
 6.76132e+16	1.98e-08	1.33e-04	8.06e-02	7.22e-01	1.95e-01	2.45e-03	3.00e-06	0.00e+00	0.00e+00	1.46e-08	3.46e-09	1.70e-09
 6.83343e+16	2.15e-08	1.41e-04	8.36e-02	7.23e-01	1.91e-01	2.36e-03	2.83e-06	0.00e+00	0.00e+00	1.59e-08	3.76e-09	1.85e-09
 6.90555e+16	2.34e-08	1.51e-04	8.67e-02	7.25e-01	1.86e-01	2.27e-03	2.67e-06	0.00e+00	0.00e+00	1.73e-08	4.09e-09	2.02e-09
 6.97766e+16	2.56e-08	1.61e-04	8.99e-02	7.25e-01	1.82e-01	2.18e-03	2.51e-06	0.00e+00	0.00e+00	1.88e-08	4.47e-09	2.20e-09
 7.04978e+16	2.80e-08	1.72e-04	9.33e-02	7.26e-01	1.78e-01	2.09e-03	2.37e-06	0.00e+00	0.00e+00	2.06e-08	4.89e-09	2.41e-09
 7.12189e+16	3.08e-08	1.85e-04	9.68e-02	7.27e-01	1.74e-01	2.01e-03	2.23e-06	0.00e+00	0.00e+00	2.27e-08	5.38e-09	2.66e-09
 7.18473e+16	3.40e-08	2.00e-04	1.00e-01	7.27e-01	1.70e-01	1.94e-03	2.11e-06	0.00e+00	0.00e+00	2.51e-08	5.95e-09	2.94e-09
