#depth	He	He+	He+2
 2.08318e+14	2.45e-07	4.08e-03	9.96e-01
 1.22670e+15	2.71e-07	4.29e-03	9.96e-01
 2.87924e+15	3.16e-07	4.64e-03	9.95e-01
 4.59787e+15	3.69e-07	5.01e-03	9.95e-01
 6.21379e+15	4.22e-07	5.37e-03	9.95e-01
 7.66085e+15	4.75e-07	5.71e-03	9.94e-01
 9.28769e+15	5.42e-07	6.12e-03	9.94e-01
 1.12131e+16	6.32e-07	6.61e-03	9.93e-01
 1.31194e+16	7.32e-07	7.12e-03	9.93e-01
 1.48881e+16	8.35e-07	7.61e-03	9.92e-01
 1.65780e+16	9.43e-07	8.09e-03	9.92e-01
 1.84676e+16	1.08e-06	8.67e-03	9.91e-01
 2.05404e+16	1.25e-06	9.32e-03	9.91e-01
 2.24429e+16	1.41e-06	9.93e-03	9.90e-01
 2.45077e+16	1.62e-06	1.07e-02	9.89e-01
 2.67933e+16	1.88e-06	1.15e-02	9.89e-01
 2.89232e+16	2.13e-06	1.23e-02	9.88e-01
 3.07889e+16	2.38e-06	1.30e-02	9.87e-01
 3.27536e+16	2.69e-06	1.38e-02	9.86e-01
 3.49269e+16	3.05e-06	1.48e-02	9.85e-01
 3.69548e+16	3.41e-06	1.57e-02	9.84e-01
 3.88776e+16	3.80e-06	1.66e-02	9.83e-01
 4.10805e+16	4.31e-06	1.78e-02	9.82e-01
 4.34738e+16	4.92e-06	1.91e-02	9.81e-01
 4.56555e+16	5.53e-06	2.04e-02	9.80e-01
 4.77218e+16	6.18e-06	2.17e-02	9.78e-01
 4.99226e+16	6.98e-06	2.32e-02	9.77e-01
 5.21418e+16	7.88e-06	2.48e-02	9.75e-01
 5.41392e+16	8.78e-06	2.64e-02	9.74e-01
 5.59368e+16	9.70e-06	2.79e-02	9.72e-01
 5.75546e+16	1.06e-05	2.94e-02	9.71e-01
 5.90107e+16	1.15e-05	3.08e-02	9.69e-01
 6.03211e+16	1.24e-05	3.22e-02	9.68e-01
 6.15005e+16	1.33e-05	3.34e-02	9.67e-01
 6.25620e+16	1.42e-05	3.47e-02	9.65e-01
 6.35173e+16	1.50e-05	3.58e-02	9.64e-01
 6.43771e+16	1.58e-05	3.69e-02	9.63e-01
 6.51509e+16	1.66e-05	3.79e-02	9.62e-01
 6.58780e+16	1.74e-05	3.90e-02	9.61e-01
 6.65992e+16	1.83e-05	4.00e-02	9.60e-01
 6.73203e+16	1.91e-05	4.11e-02	9.59e-01
 6.80415e+16	2.01e-05	4.22e-02	9.58e-01
 6.87626e+16	2.12e-05	4.34e-02	9.57e-01
 6.94838e+16	2.22e-05	4.46e-02	9.55e-01
 7.02049e+16	2.34e-05	4.59e-02	9.54e-01
 7.09261e+16	2.47e-05	4.73e-02	9.53e-01
 7.16472e+16	2.62e-05	4.87e-02	9.51e-01
 7.20615e+16	2.79e-05	4.95e-02	9.50e-01
