#depth	O	O+	O+2	O+3	O+4	O+5	O+6	O+7	O+8	O[1]	O[2]	O[3]
 2.37578e+14	2.29e-11	5.63e-07	1.50e-03	1.81e-01	6.81e-01	1.31e-01	4.93e-03	0.00e+00	0.00e+00	1.75e-11	3.58e-12	1.83e-12
 1.28639e+15	2.81e-11	6.55e-07	1.67e-03	1.91e-01	6.79e-01	1.25e-01	4.41e-03	0.00e+00	0.00e+00	2.14e-11	4.38e-12	2.24e-12
 2.94131e+15	3.75e-11	8.17e-07	1.96e-03	2.06e-01	6.74e-01	1.15e-01	3.71e-03	0.00e+00	0.00e+00	2.86e-11	5.84e-12	2.99e-12
 4.66243e+15	5.01e-11	1.02e-06	2.29e-03	2.22e-01	6.68e-01	1.06e-01	3.11e-03	0.00e+00	0.00e+00	3.83e-11	7.78e-12	3.99e-12
 6.34371e+15	6.54e-11	1.24e-06	2.66e-03	2.37e-01	6.60e-01	9.73e-02	2.63e-03	0.00e+00	0.00e+00	4.99e-11	1.01e-11	5.21e-12
 7.89278e+15	8.28e-11	1.49e-06	3.03e-03	2.51e-01	6.53e-01	9.02e-02	2.26e-03	0.00e+00	0.00e+00	6.32e-11	1.28e-11	6.61e-12
 9.60682e+15	1.07e-10	1.80e-06	3.49e-03	2.68e-01	6.44e-01	8.31e-02	1.92e-03	0.00e+00	0.00e+00	8.18e-11	1.66e-11	8.56e-12
 1.15329e+16	1.42e-10	2.22e-06	4.05e-03	2.86e-01	6.33e-01	7.58e-02	1.60e-03	0.00e+00	0.00e+00	1.08e-10	2.19e-11	1.13e-11
 1.33721e+16	1.84e-10	2.70e-06	4.66e-03	3.03e-01	6.22e-01	6.96e-02	1.35e-03	0.00e+00	0.00e+00	1.41e-10	2.84e-11	1.47e-11
 1.53409e+16	2.43e-10	3.32e-06	5.37e-03	3.21e-01	6.09e-01	6.35e-02	1.13e-03	0.00e+00	0.00e+00	1.86e-10	3.76e-11	1.95e-11
 1.73755e+16	3.19e-10	4.06e-06	6.18e-03	3.40e-01	5.95e-01	5.78e-02	9.42e-04	0.00e+00	0.00e+00	2.44e-10	4.93e-11	2.56e-11
 1.91621e+16	4.03e-10	4.82e-06	6.96e-03	3.56e-01	5.83e-01	5.33e-02	8.06e-04	0.00e+00	0.00e+00	3.08e-10	6.21e-11	3.23e-11
 2.10917e+16	5.17e-10	5.79e-06	7.89e-03	3.74e-01	5.69e-01	4.88e-02	6.82e-04	0.00e+00	0.00e+00	3.95e-10	7.97e-11	4.16e-11
 2.34276e+16	6.93e-10	7.17e-06	9.14e-03	3.95e-01	5.52e-01	4.39e-02	5.59e-04	0.00e+00	0.00e+00	5.29e-10	1.07e-10	5.57e-11
 2.57346e+16	9.09e-10	8.76e-06	1.05e-02	4.15e-01	5.34e-01	3.96e-02	4.62e-04	0.00e+00	0.00e+00	6.95e-10	1.40e-10	7.32e-11
 2.77630e+16	1.15e-09	1.04e-05	1.18e-02	4.32e-01	5.19e-01	3.61e-02	3.91e-04	0.00e+00	0.00e+00	8.76e-10	1.76e-10	9.24e-11
 2.99863e+16	1.48e-09	1.25e-05	1.34e-02	4.51e-01	5.02e-01	3.27e-02	3.26e-04	0.00e+00	0.00e+00	1.13e-09	2.28e-10	1.20e-10
 3.26696e+16	2.00e-09	1.56e-05	1.55e-02	4.73e-01	4.82e-01	2.90e-02	2.63e-04	0.00e+00	0.00e+00	1.53e-09	3.07e-10	1.61e-10
 3.53240e+16	2.63e-09	1.91e-05	1.78e-02	4.94e-01	4.62e-01	2.58e-02	2.14e-04	0.00e+00	0.00e+00	2.01e-09	4.04e-10	2.13e-10
 3.76734e+16	3.35e-09	2.28e-05	2.01e-02	5.12e-01	4.44e-01	2.33e-02	1.78e-04	0.00e+00	0.00e+00	2.56e-09	5.14e-10	2.72e-10
 3.97616e+16	4.13e-09	2.65e-05	2.23e-02	5.27e-01	4.29e-01	2.13e-02	1.52e-04	0.00e+00	0.00e+00	3.16e-09	6.33e-10	3.35e-10
 4.16868e+16	5.00e-09	3.05e-05	2.45e-02	5.41e-01	4.15e-01	1.95e-02	1.31e-04	0.00e+00	0.00e+00	3.82e-09	7.66e-10	4.06e-10
 4.38915e+16	6.24e-09	3.59e-05	2.72e-02	5.56e-01	3.99e-01	1.77e-02	1.11e-04	0.00e+00	0.00e+00	4.77e-09	9.56e-10	5.07e-10
 4.63156e+16	7.89e-09	4.26e-05	3.05e-02	5.72e-01	3.81e-01	1.59e-02	9.25e-05	0.00e+00	0.00e+00	6.03e-09	1.21e-09	6.42e-10
 4.85598e+16	9.75e-09	4.99e-05	3.38e-02	5.86e-01	3.66e-01	1.44e-02	7.83e-05	0.00e+00	0.00e+00	7.46e-09	1.49e-09	7.95e-10
 5.06884e+16	1.20e-08	5.80e-05	3.73e-02	5.99e-01	3.51e-01	1.31e-02	6.68e-05	0.00e+00	0.00e+00	9.14e-09	1.83e-09	9.75e-10
 5.27690e+16	1.46e-08	6.70e-05	4.10e-02	6.10e-01	3.36e-01	1.20e-02	5.73e-05	0.00e+00	0.00e+00	1.11e-08	2.23e-09	1.19e-09
 5.47036e+16	1.75e-08	7.67e-05	4.47e-02	6.21e-01	3.23e-01	1.10e-02	4.97e-05	0.00e+00	0.00e+00	1.34e-08	2.67e-09	1.43e-09
 5.64448e+16	2.07e-08	8.68e-05	4.83e-02	6.30e-01	3.12e-01	1.01e-02	4.37e-05	0.00e+00	0.00e+00	1.58e-08	3.16e-09	1.69e-09
 5.80118e+16	2.40e-08	9.70e-05	5.17e-02	6.37e-01	3.02e-01	9.44e-03	3.89e-05	0.00e+00	0.00e+00	1.84e-08	3.67e-09	1.97e-09
 5.94221e+16	2.76e-08	1.07e-04	5.51e-02	6.43e-01	2.93e-01	8.85e-03	3.51e-05	0.00e+00	0.00e+00	2.11e-08	4.21e-09	2.26e-09
 6.06914e+16	3.12e-08	1.18e-04	5.82e-02	6.49e-01	2.85e-01	8.35e-03	3.19e-05	0.00e+00	0.00e+00	2.39e-08	4.76e-09	2.56e-09
 6.18338e+16	3.50e-08	1.28e-04	6.13e-02	6.53e-01	2.77e-01	7.91e-03	2.93e-05	0.00e+00	0.00e+00	2.68e-08	5.34e-09	2.87e-09
 6.28620e+16	3.88e-08	1.38e-04	6.41e-02	6.57e-01	2.71e-01	7.54e-03	2.71e-05	0.00e+00	0.00e+00	2.97e-08	5.93e-09	3.19e-09
 6.37873e+16	4.27e-08	1.48e-04	6.68e-02	6.61e-01	2.65e-01	7.22e-03	2.53e-05	0.00e+00	0.00e+00	3.27e-08	6.52e-09	3.51e-09
 6.46201e+16	4.63e-08	1.58e-04	6.93e-02	6.64e-01	2.60e-01	6.94e-03	2.38e-05	0.00e+00	0.00e+00	3.54e-08	7.07e-09	3.80e-09
 6.53751e+16	5.02e-08	1.67e-04	7.17e-02	6.66e-01	2.55e-01	6.70e-03	2.25e-05	0.00e+00	0.00e+00	3.84e-08	7.66e-09	4.13e-09
 6.60963e+16	5.43e-08	1.77e-04	7.41e-02	6.68e-01	2.51e-01	6.47e-03	2.12e-05	0.00e+00	0.00e+00	4.15e-08	8.28e-09	4.46e-09
 6.68174e+16	5.88e-08	1.88e-04	7.65e-02	6.71e-01	2.46e-01	6.24e-03	2.01e-05	0.00e+00	0.00e+00	4.50e-08	8.96e-09	4.83e-09
 6.75386e+16	6.37e-08	2.00e-04	7.91e-02	6.73e-01	2.42e-01	6.03e-03	1.90e-05	0.00e+00	0.00e+00	4.87e-08	9.72e-09	5.24e-09
 6.82597e+16	6.92e-08	2.12e-04	8.17e-02	6.75e-01	2.38e-01	5.81e-03	1.80e-05	0.00e+00	0.00e+00	5.29e-08	1.05e-08	5.69e-09
 6.89809e+16	7.53e-08	2.26e-04	8.44e-02	6.76e-01	2.33e-01	5.61e-03	1.70e-05	0.00e+00	0.00e+00	5.76e-08	1.15e-08	6.19e-09
 6.97020e+16	8.21e-08	2.41e-04	8.73e-02	6.78e-01	2.29e-01	5.41e-03	1.61e-05	0.00e+00	0.00e+00	6.28e-08	1.25e-08	6.76e-09
 7.04232e+16	9.04e-08	2.58e-04	9.03e-02	6.80e-01	2.25e-01	5.21e-03	1.51e-05	0.00e+00	0.00e+00	6.91e-08	1.38e-08	7.44e-09
 7.11443e+16	9.95e-08	2.77e-04	9.34e-02	6.81e-01	2.20e-01	5.02e-03	1.43e-05	0.00e+00	0.00e+00	7.61e-08	1.52e-08	8.20e-09
 7.18100e+16	1.12e-07	3.01e-04	9.64e-02	6.82e-01	2.16e-01	4.85e-03	1.35e-05	0.00e+00	0.00e+00	8.54e-08	1.70e-08	9.20e-09
