#depth	O	O+	O+2	O+3	O+4	O+5	O+6	O+7	O+8	O[1]	O[2]	O[3]
 2.88079e+14	2.31e-11	7.00e-07	2.00e-03	2.28e-01	6.82e-01	8.61e-02	1.79e-03	0.00e+00	0.00e+00	1.82e-11	3.18e-12	1.76e-12
 1.38941e+15	2.84e-11	8.16e-07	2.22e-03	2.39e-01	6.77e-01	8.10e-02	1.58e-03	0.00e+00	0.00e+00	2.24e-11	3.90e-12	2.16e-12
 3.04846e+15	3.79e-11	1.01e-06	2.58e-03	2.55e-01	6.67e-01	7.41e-02	1.32e-03	0.00e+00	0.00e+00	2.98e-11	5.18e-12	2.88e-12
 4.77386e+15	5.06e-11	1.26e-06	3.00e-03	2.73e-01	6.55e-01	6.76e-02	1.10e-03	0.00e+00	0.00e+00	3.98e-11	6.91e-12	3.85e-12
 6.44294e+15	6.59e-11	1.53e-06	3.45e-03	2.90e-01	6.44e-01	6.19e-02	9.28e-04	0.00e+00	0.00e+00	5.19e-11	8.99e-12	5.01e-12
 8.00822e+15	8.38e-11	1.83e-06	3.91e-03	3.05e-01	6.33e-01	5.70e-02	7.92e-04	0.00e+00	0.00e+00	6.60e-11	1.14e-11	6.38e-12
 9.76146e+15	1.09e-10	2.22e-06	4.48e-03	3.23e-01	6.20e-01	5.21e-02	6.66e-04	0.00e+00	0.00e+00	8.58e-11	1.48e-11	8.30e-12
 1.16482e+16	1.42e-10	2.70e-06	5.15e-03	3.42e-01	6.05e-01	4.73e-02	5.55e-04	0.00e+00	0.00e+00	1.12e-10	1.93e-11	1.08e-11
 1.33768e+16	1.81e-10	3.22e-06	5.82e-03	3.59e-01	5.92e-01	4.34e-02	4.71e-04	0.00e+00	0.00e+00	1.43e-10	2.46e-11	1.38e-11
 1.52611e+16	2.36e-10	3.91e-06	6.62e-03	3.77e-01	5.76e-01	3.95e-02	3.95e-04	0.00e+00	0.00e+00	1.86e-10	3.20e-11	1.80e-11
 1.73702e+16	3.13e-10	4.80e-06	7.60e-03	3.97e-01	5.59e-01	3.56e-02	3.25e-04	0.00e+00	0.00e+00	2.47e-10	4.24e-11	2.39e-11
 1.93646e+16	4.05e-10	5.78e-06	8.62e-03	4.16e-01	5.43e-01	3.23e-02	2.72e-04	0.00e+00	0.00e+00	3.19e-10	5.48e-11	3.09e-11
 2.15231e+16	5.33e-10	7.05e-06	9.83e-03	4.36e-01	5.25e-01	2.91e-02	2.25e-04	0.00e+00	0.00e+00	4.20e-10	7.21e-11	4.08e-11
 2.38987e+16	7.11e-10	8.68e-06	1.13e-02	4.57e-01	5.06e-01	2.60e-02	1.83e-04	0.00e+00	0.00e+00	5.60e-10	9.60e-11	5.44e-11
 2.61342e+16	9.24e-10	1.05e-05	1.28e-02	4.76e-01	4.88e-01	2.34e-02	1.51e-04	0.00e+00	0.00e+00	7.28e-10	1.25e-10	7.08e-11
 2.85480e+16	1.22e-09	1.28e-05	1.46e-02	4.96e-01	4.68e-01	2.09e-02	1.24e-04	0.00e+00	0.00e+00	9.63e-10	1.65e-10	9.38e-11
 3.12067e+16	1.64e-09	1.58e-05	1.67e-02	5.17e-01	4.47e-01	1.85e-02	9.94e-05	0.00e+00	0.00e+00	1.29e-09	2.21e-10	1.26e-10
 3.36776e+16	2.13e-09	1.91e-05	1.90e-02	5.36e-01	4.28e-01	1.65e-02	8.15e-05	0.00e+00	0.00e+00	1.68e-09	2.87e-10	1.64e-10
 3.57394e+16	2.64e-09	2.22e-05	2.09e-02	5.51e-01	4.13e-01	1.50e-02	6.92e-05	0.00e+00	0.00e+00	2.08e-09	3.54e-10	2.03e-10
 3.75252e+16	3.16e-09	2.53e-05	2.28e-02	5.64e-01	3.99e-01	1.39e-02	6.01e-05	0.00e+00	0.00e+00	2.49e-09	4.25e-10	2.44e-10
 3.95538e+16	3.89e-09	2.93e-05	2.51e-02	5.78e-01	3.84e-01	1.26e-02	5.13e-05	0.00e+00	0.00e+00	3.07e-09	5.23e-10	3.00e-10
 4.21909e+16	5.08e-09	3.54e-05	2.83e-02	5.95e-01	3.66e-01	1.12e-02	4.18e-05	0.00e+00	0.00e+00	4.00e-09	6.82e-10	3.92e-10
 4.48600e+16	6.54e-09	4.24e-05	3.18e-02	6.11e-01	3.47e-01	9.94e-03	3.42e-05	0.00e+00	0.00e+00	5.15e-09	8.77e-10	5.05e-10
 4.70189e+16	8.00e-09	4.90e-05	3.49e-02	6.23e-01	3.33e-01	9.02e-03	2.91e-05	0.00e+00	0.00e+00	6.30e-09	1.07e-09	6.18e-10
 4.92051e+16	9.86e-09	5.69e-05	3.84e-02	6.35e-01	3.18e-01	8.17e-03	2.46e-05	0.00e+00	0.00e+00	7.77e-09	1.32e-09	7.63e-10
 5.14961e+16	1.22e-08	6.62e-05	4.22e-02	6.47e-01	3.04e-01	7.37e-03	2.08e-05	0.00e+00	0.00e+00	9.59e-09	1.63e-09	9.43e-10
 5.35580e+16	1.47e-08	7.59e-05	4.60e-02	6.56e-01	2.91e-01	6.72e-03	1.79e-05	0.00e+00	0.00e+00	1.16e-08	1.97e-09	1.14e-09
 5.54137e+16	1.74e-08	8.58e-05	4.96e-02	6.65e-01	2.80e-01	6.18e-03	1.56e-05	0.00e+00	0.00e+00	1.37e-08	2.33e-09	1.35e-09
 5.70838e+16	2.03e-08	9.58e-05	5.30e-02	6.71e-01	2.70e-01	5.73e-03	1.38e-05	0.00e+00	0.00e+00	1.60e-08	2.72e-09	1.58e-09
 5.85870e+16	2.33e-08	1.06e-04	5.63e-02	6.77e-01	2.61e-01	5.35e-03	1.24e-05	0.00e+00	0.00e+00	1.84e-08	3.12e-09	1.81e-09
 5.99398e+16	2.64e-08	1.16e-04	5.95e-02	6.82e-01	2.53e-01	5.03e-03	1.12e-05	0.00e+00	0.00e+00	2.08e-08	3.53e-09	2.05e-09
 6.11573e+16	2.96e-08	1.26e-04	6.24e-02	6.86e-01	2.46e-01	4.76e-03	1.02e-05	0.00e+00	0.00e+00	2.33e-08	3.95e-09	2.30e-09
 6.22531e+16	3.28e-08	1.36e-04	6.52e-02	6.90e-01	2.40e-01	4.53e-03	9.45e-06	0.00e+00	0.00e+00	2.58e-08	4.38e-09	2.55e-09
 6.32393e+16	3.60e-08	1.45e-04	6.78e-02	6.93e-01	2.35e-01	4.33e-03	8.79e-06	0.00e+00	0.00e+00	2.84e-08	4.81e-09	2.80e-09
 6.41269e+16	3.92e-08	1.54e-04	7.02e-02	6.95e-01	2.30e-01	4.15e-03	8.24e-06	0.00e+00	0.00e+00	3.09e-08	5.23e-09	3.05e-09
 6.49257e+16	4.23e-08	1.63e-04	7.25e-02	6.97e-01	2.26e-01	4.00e-03	7.77e-06	0.00e+00	0.00e+00	3.34e-08	5.65e-09	3.30e-09
 6.56647e+16	4.54e-08	1.72e-04	7.46e-02	6.99e-01	2.22e-01	3.87e-03	7.37e-06	0.00e+00	0.00e+00	3.57e-08	6.05e-09	3.53e-09
 6.63859e+16	4.89e-08	1.81e-04	7.69e-02	7.01e-01	2.18e-01	3.74e-03	6.98e-06	0.00e+00	0.00e+00	3.85e-08	6.52e-09	3.81e-09
 6.71070e+16	5.24e-08	1.91e-04	7.90e-02	7.03e-01	2.15e-01	3.62e-03	6.62e-06	0.00e+00	0.00e+00	4.13e-08	6.99e-09	4.08e-09
 6.78282e+16	5.66e-08	2.02e-04	8.14e-02	7.04e-01	2.11e-01	3.49e-03	6.27e-06	0.00e+00	0.00e+00	4.46e-08	7.55e-09	4.41e-09
 6.85493e+16	6.09e-08	2.13e-04	8.38e-02	7.06e-01	2.07e-01	3.38e-03	5.94e-06	0.00e+00	0.00e+00	4.80e-08	8.13e-09	4.75e-09
 6.92705e+16	6.56e-08	2.24e-04	8.62e-02	7.07e-01	2.03e-01	3.26e-03	5.63e-06	0.00e+00	0.00e+00	5.17e-08	8.74e-09	5.12e-09
 6.99916e+16	7.10e-08	2.38e-04	8.88e-02	7.08e-01	2.00e-01	3.15e-03	5.34e-06	0.00e+00	0.00e+00	5.59e-08	9.46e-09	5.54e-09
 7.07128e+16	7.73e-08	2.53e-04	9.14e-02	7.09e-01	1.96e-01	3.04e-03	5.05e-06	0.00e+00	0.00e+00	6.09e-08	1.03e-08	6.04e-09
 7.14339e+16	8.45e-08	2.70e-04	9.41e-02	7.10e-01	1.93e-01	2.94e-03	4.78e-06	0.00e+00	0.00e+00	6.66e-08	1.13e-08	6.60e-09
 7.19548e+16	9.41e-08	2.92e-04	9.64e-02	7.11e-01	1.90e-01	2.86e-03	4.57e-06	0.00e+00	0.00e+00	7.42e-08	1.25e-08	7.36e-09
