#depth	He	He+	He+2
 2.87628e+14	1.92e-07	3.87e-03	9.96e-01
 1.38849e+15	2.14e-07	4.09e-03	9.96e-01
 3.04750e+15	2.50e-07	4.42e-03	9.96e-01
 4.77287e+15	2.93e-07	4.78e-03	9.95e-01
 6.41140e+15	3.38e-07	5.14e-03	9.95e-01
 7.90239e+15	3.83e-07	5.48e-03	9.95e-01
 9.58616e+15	4.40e-07	5.88e-03	9.94e-01
 1.15503e+16	5.13e-07	6.36e-03	9.94e-01
 1.34828e+16	5.95e-07	6.85e-03	9.93e-01
 1.52041e+16	6.76e-07	7.30e-03	9.93e-01
 1.70473e+16	7.76e-07	7.82e-03	9.92e-01
 1.91221e+16	8.99e-07	8.42e-03	9.92e-01
 2.10983e+16	1.03e-06	9.01e-03	9.91e-01
 2.32676e+16	1.19e-06	9.70e-03	9.90e-01
 2.56501e+16	1.39e-06	1.05e-02	9.90e-01
 2.78422e+16	1.59e-06	1.12e-02	9.89e-01
 3.02244e+16	1.85e-06	1.21e-02	9.88e-01
 3.28703e+16	2.16e-06	1.31e-02	9.87e-01
 3.53488e+16	2.49e-06	1.41e-02	9.86e-01
 3.74607e+16	2.80e-06	1.49e-02	9.85e-01
 3.93063e+16	3.10e-06	1.57e-02	9.84e-01
 4.14058e+16	3.48e-06	1.67e-02	9.83e-01
 4.37708e+16	3.95e-06	1.79e-02	9.82e-01
 4.60391e+16	4.46e-06	1.90e-02	9.81e-01
 4.82131e+16	4.99e-06	2.02e-02	9.80e-01
 5.04383e+16	5.61e-06	2.15e-02	9.79e-01
 5.26060e+16	6.27e-06	2.28e-02	9.77e-01
 5.45569e+16	6.93e-06	2.40e-02	9.76e-01
 5.63127e+16	7.58e-06	2.52e-02	9.75e-01
 5.78930e+16	8.23e-06	2.63e-02	9.74e-01
 5.93152e+16	8.86e-06	2.74e-02	9.73e-01
 6.05952e+16	9.47e-06	2.84e-02	9.72e-01
 6.17472e+16	1.01e-05	2.93e-02	9.71e-01
 6.27840e+16	1.06e-05	3.02e-02	9.70e-01
 6.37171e+16	1.12e-05	3.10e-02	9.69e-01
 6.45569e+16	1.17e-05	3.18e-02	9.68e-01
 6.53153e+16	1.22e-05	3.25e-02	9.67e-01
 6.60364e+16	1.27e-05	3.32e-02	9.67e-01
 6.67576e+16	1.32e-05	3.39e-02	9.66e-01
 6.74787e+16	1.37e-05	3.47e-02	9.65e-01
 6.81999e+16	1.43e-05	3.54e-02	9.65e-01
 6.89210e+16	1.49e-05	3.62e-02	9.64e-01
 6.96422e+16	1.56e-05	3.70e-02	9.63e-01
 7.03633e+16	1.63e-05	3.79e-02	9.62e-01
 7.10845e+16	1.70e-05	3.87e-02	9.61e-01
 7.17801e+16	1.80e-05	3.96e-02	9.60e-01
