#depth	O	O+	O+2	O+3	O+4	O+5	O+6	O+7	O+8	O[1]	O[2]	O[3]
 2.92617e+14	9.49e-11	9.72e-07	1.54e-03	1.44e-01	6.14e-01	2.20e-01	2.06e-02	0.00e+00	0.00e+00	7.96e-11	9.17e-12	6.08e-12
 1.39867e+15	1.20e-10	1.16e-06	1.74e-03	1.53e-01	6.17e-01	2.10e-01	1.84e-02	0.00e+00	0.00e+00	1.00e-10	1.16e-11	7.67e-12
 3.05809e+15	1.66e-10	1.48e-06	2.07e-03	1.67e-01	6.20e-01	1.96e-01	1.56e-02	0.00e+00	0.00e+00	1.39e-10	1.60e-11	1.06e-11
 4.78388e+15	2.29e-10	1.88e-06	2.46e-03	1.82e-01	6.21e-01	1.82e-01	1.31e-02	0.00e+00	0.00e+00	1.92e-10	2.21e-11	1.47e-11
 6.37877e+15	3.04e-10	2.32e-06	2.86e-03	1.96e-01	6.21e-01	1.70e-01	1.13e-02	0.00e+00	0.00e+00	2.55e-10	2.93e-11	1.95e-11
 7.75505e+15	3.86e-10	2.77e-06	3.24e-03	2.08e-01	6.19e-01	1.60e-01	9.87e-03	0.00e+00	0.00e+00	3.24e-10	3.71e-11	2.48e-11
 9.27581e+15	4.99e-10	3.36e-06	3.71e-03	2.21e-01	6.17e-01	1.50e-01	8.55e-03	0.00e+00	0.00e+00	4.19e-10	4.80e-11	3.21e-11
 1.11398e+16	6.76e-10	4.20e-06	4.35e-03	2.38e-01	6.12e-01	1.38e-01	7.19e-03	0.00e+00	0.00e+00	5.68e-10	6.49e-11	4.35e-11
 1.30287e+16	9.01e-10	5.20e-06	5.07e-03	2.55e-01	6.07e-01	1.27e-01	6.05e-03	0.00e+00	0.00e+00	7.56e-10	8.63e-11	5.80e-11
 1.47320e+16	1.16e-09	6.25e-06	5.78e-03	2.70e-01	6.01e-01	1.18e-01	5.20e-03	0.00e+00	0.00e+00	9.71e-10	1.11e-10	7.46e-11
 1.63260e+16	1.46e-09	7.43e-06	6.52e-03	2.84e-01	5.94e-01	1.11e-01	4.51e-03	0.00e+00	0.00e+00	1.23e-09	1.40e-10	9.43e-11
 1.81091e+16	1.90e-09	9.00e-06	7.42e-03	3.00e-01	5.86e-01	1.02e-01	3.85e-03	0.00e+00	0.00e+00	1.60e-09	1.82e-10	1.23e-10
 2.00843e+16	2.51e-09	1.10e-05	8.52e-03	3.17e-01	5.77e-01	9.42e-02	3.25e-03	0.00e+00	0.00e+00	2.11e-09	2.40e-10	1.62e-10
 2.19229e+16	3.22e-09	1.32e-05	9.63e-03	3.33e-01	5.67e-01	8.71e-02	2.78e-03	0.00e+00	0.00e+00	2.70e-09	3.07e-10	2.08e-10
 2.35646e+16	3.99e-09	1.55e-05	1.07e-02	3.48e-01	5.58e-01	8.12e-02	2.42e-03	0.00e+00	0.00e+00	3.35e-09	3.81e-10	2.58e-10
 2.53363e+16	5.04e-09	1.83e-05	1.20e-02	3.63e-01	5.48e-01	7.53e-02	2.09e-03	0.00e+00	0.00e+00	4.23e-09	4.81e-10	3.26e-10
 2.72961e+16	6.43e-09	2.19e-05	1.35e-02	3.79e-01	5.36e-01	6.93e-02	1.78e-03	0.00e+00	0.00e+00	5.40e-09	6.13e-10	4.17e-10
 2.91281e+16	8.02e-09	2.58e-05	1.50e-02	3.94e-01	5.25e-01	6.41e-02	1.53e-03	0.00e+00	0.00e+00	6.73e-09	7.64e-10	5.20e-10
 3.11371e+16	1.02e-08	3.08e-05	1.69e-02	4.10e-01	5.13e-01	5.89e-02	1.30e-03	0.00e+00	0.00e+00	8.59e-09	9.74e-10	6.64e-10
 3.33232e+16	1.31e-08	3.69e-05	1.90e-02	4.28e-01	4.99e-01	5.37e-02	1.10e-03	0.00e+00	0.00e+00	1.10e-08	1.25e-09	8.53e-10
 3.53100e+16	1.63e-08	4.33e-05	2.11e-02	4.43e-01	4.86e-01	4.94e-02	9.40e-04	0.00e+00	0.00e+00	1.37e-08	1.55e-09	1.06e-09
 3.74632e+16	2.07e-08	5.16e-05	2.36e-02	4.59e-01	4.72e-01	4.51e-02	7.94e-04	0.00e+00	0.00e+00	1.74e-08	1.97e-09	1.35e-09
 3.98347e+16	2.66e-08	6.19e-05	2.65e-02	4.76e-01	4.56e-01	4.08e-02	6.63e-04	0.00e+00	0.00e+00	2.23e-08	2.52e-09	1.73e-09
 4.20254e+16	3.31e-08	7.28e-05	2.95e-02	4.90e-01	4.42e-01	3.73e-02	5.62e-04	0.00e+00	0.00e+00	2.78e-08	3.14e-09	2.16e-09
 4.44090e+16	4.25e-08	8.73e-05	3.30e-02	5.06e-01	4.27e-01	3.37e-02	4.69e-04	0.00e+00	0.00e+00	3.57e-08	4.03e-09	2.77e-09
 4.70219e+16	5.45e-08	1.05e-04	3.71e-02	5.22e-01	4.10e-01	3.02e-02	3.87e-04	0.00e+00	0.00e+00	4.58e-08	5.17e-09	3.56e-09
 4.93962e+16	6.81e-08	1.24e-04	4.11e-02	5.36e-01	3.95e-01	2.74e-02	3.26e-04	0.00e+00	0.00e+00	5.72e-08	6.45e-09	4.45e-09
 5.15854e+16	8.37e-08	1.44e-04	4.52e-02	5.49e-01	3.81e-01	2.50e-02	2.78e-04	0.00e+00	0.00e+00	7.02e-08	7.92e-09	5.47e-09
 5.36384e+16	1.01e-07	1.65e-04	4.92e-02	5.59e-01	3.68e-01	2.29e-02	2.40e-04	0.00e+00	0.00e+00	8.47e-08	9.55e-09	6.61e-09
 5.54861e+16	1.19e-07	1.87e-04	5.30e-02	5.69e-01	3.57e-01	2.12e-02	2.10e-04	0.00e+00	0.00e+00	1.00e-07	1.13e-08	7.82e-09
 5.71490e+16	1.39e-07	2.10e-04	5.67e-02	5.77e-01	3.47e-01	1.98e-02	1.86e-04	0.00e+00	0.00e+00	1.17e-07	1.31e-08	9.11e-09
 5.86456e+16	1.59e-07	2.32e-04	6.02e-02	5.83e-01	3.38e-01	1.86e-02	1.67e-04	0.00e+00	0.00e+00	1.34e-07	1.50e-08	1.04e-08
 5.99926e+16	1.80e-07	2.54e-04	6.34e-02	5.89e-01	3.30e-01	1.75e-02	1.52e-04	0.00e+00	0.00e+00	1.51e-07	1.70e-08	1.18e-08
 6.12048e+16	2.01e-07	2.76e-04	6.65e-02	5.94e-01	3.22e-01	1.67e-02	1.39e-04	0.00e+00	0.00e+00	1.69e-07	1.90e-08	1.32e-08
 6.22959e+16	2.22e-07	2.97e-04	6.93e-02	5.98e-01	3.16e-01	1.59e-02	1.29e-04	0.00e+00	0.00e+00	1.87e-07	2.10e-08	1.46e-08
 6.32778e+16	2.44e-07	3.17e-04	7.20e-02	6.02e-01	3.10e-01	1.53e-02	1.20e-04	0.00e+00	0.00e+00	2.05e-07	2.30e-08	1.60e-08
 6.41615e+16	2.65e-07	3.37e-04	7.45e-02	6.05e-01	3.05e-01	1.47e-02	1.13e-04	0.00e+00	0.00e+00	2.22e-07	2.50e-08	1.74e-08
 6.49569e+16	2.84e-07	3.56e-04	7.67e-02	6.08e-01	3.01e-01	1.42e-02	1.07e-04	0.00e+00	0.00e+00	2.39e-07	2.68e-08	1.87e-08
 6.56942e+16	3.05e-07	3.75e-04	7.89e-02	6.10e-01	2.97e-01	1.37e-02	1.01e-04	0.00e+00	0.00e+00	2.56e-07	2.88e-08	2.01e-08
 6.64154e+16	3.28e-07	3.95e-04	8.11e-02	6.13e-01	2.92e-01	1.33e-02	9.59e-05	0.00e+00	0.00e+00	2.75e-07	3.09e-08	2.16e-08
 6.71365e+16	3.52e-07	4.16e-04	8.34e-02	6.15e-01	2.88e-01	1.29e-02	9.09e-05	0.00e+00	0.00e+00	2.96e-07	3.32e-08	2.32e-08
 6.78577e+16	3.79e-07	4.39e-04	8.57e-02	6.17e-01	2.84e-01	1.25e-02	8.62e-05	0.00e+00	0.00e+00	3.18e-07	3.58e-08	2.49e-08
 6.85788e+16	4.09e-07	4.64e-04	8.81e-02	6.19e-01	2.80e-01	1.21e-02	8.17e-05	0.00e+00	0.00e+00	3.43e-07	3.85e-08	2.69e-08
 6.93000e+16	4.42e-07	4.91e-04	9.06e-02	6.21e-01	2.76e-01	1.17e-02	7.74e-05	0.00e+00	0.00e+00	3.71e-07	4.16e-08	2.91e-08
 7.00211e+16	4.79e-07	5.21e-04	9.31e-02	6.23e-01	2.72e-01	1.13e-02	7.33e-05	0.00e+00	0.00e+00	4.02e-07	4.52e-08	3.16e-08
 7.07423e+16	5.24e-07	5.56e-04	9.58e-02	6.24e-01	2.68e-01	1.10e-02	6.93e-05	0.00e+00	0.00e+00	4.40e-07	4.94e-08	3.45e-08
 7.14634e+16	5.96e-07	6.08e-04	9.90e-02	6.26e-01	2.64e-01	1.06e-02	6.48e-05	0.00e+00	0.00e+00	5.00e-07	5.61e-08	3.93e-08
 7.19696e+16	6.63e-07	6.55e-04	1.01e-01	6.27e-01	2.61e-01	1.03e-02	6.18e-05	0.00e+00	0.00e+00	5.56e-07	6.24e-08	4.37e-08
