#depth	He	He+	He+2
 2.20652e+14	9.12e-08	3.22e-03	9.97e-01
 1.25186e+15	1.01e-07	3.39e-03	9.97e-01
 2.90540e+15	1.18e-07	3.66e-03	9.96e-01
 4.62509e+15	1.37e-07	3.95e-03	9.96e-01
 6.30103e+15	1.58e-07	4.24e-03	9.96e-01
 7.88967e+15	1.80e-07	4.53e-03	9.95e-01
 9.65438e+15	2.08e-07	4.88e-03	9.95e-01
 1.15939e+16	2.43e-07	5.27e-03	9.95e-01
 1.34139e+16	2.78e-07	5.64e-03	9.94e-01
 1.51241e+16	3.16e-07	6.01e-03	9.94e-01
 1.70894e+16	3.66e-07	6.47e-03	9.94e-01
 1.92964e+16	4.27e-07	6.99e-03	9.93e-01
 2.13956e+16	4.93e-07	7.50e-03	9.92e-01
 2.36482e+16	5.73e-07	8.10e-03	9.92e-01
 2.61106e+16	6.72e-07	8.78e-03	9.91e-01
 2.84395e+16	7.76e-07	9.45e-03	9.91e-01
 3.09488e+16	9.09e-07	1.02e-02	9.90e-01
 3.36892e+16	1.07e-06	1.11e-02	9.89e-01
 3.62819e+16	1.24e-06	1.21e-02	9.88e-01
 3.90793e+16	1.46e-06	1.31e-02	9.87e-01
 4.21205e+16	1.73e-06	1.44e-02	9.86e-01
 4.49458e+16	2.03e-06	1.57e-02	9.84e-01
 4.72691e+16	2.30e-06	1.68e-02	9.83e-01
 4.91906e+16	2.56e-06	1.78e-02	9.82e-01
 5.12247e+16	2.87e-06	1.89e-02	9.81e-01
 5.33138e+16	3.22e-06	2.02e-02	9.80e-01
 5.51939e+16	3.57e-06	2.14e-02	9.79e-01
 5.68860e+16	3.93e-06	2.26e-02	9.77e-01
 5.84090e+16	4.29e-06	2.38e-02	9.76e-01
 5.97796e+16	4.64e-06	2.49e-02	9.75e-01
 6.10131e+16	4.99e-06	2.60e-02	9.74e-01
 6.21233e+16	5.33e-06	2.70e-02	9.73e-01
 6.31225e+16	5.65e-06	2.79e-02	9.72e-01
 6.40218e+16	5.97e-06	2.88e-02	9.71e-01
 6.48311e+16	6.27e-06	2.97e-02	9.70e-01
 6.55751e+16	6.56e-06	3.05e-02	9.70e-01
 6.62962e+16	6.87e-06	3.13e-02	9.69e-01
 6.70174e+16	7.19e-06	3.22e-02	9.68e-01
 6.77385e+16	7.54e-06	3.31e-02	9.67e-01
 6.84597e+16	7.90e-06	3.40e-02	9.66e-01
 6.91808e+16	8.30e-06	3.50e-02	9.65e-01
 6.99020e+16	8.71e-06	3.60e-02	9.64e-01
 7.06231e+16	9.16e-06	3.71e-02	9.63e-01
 7.13443e+16	9.66e-06	3.82e-02	9.62e-01
 7.19100e+16	1.01e-05	3.91e-02	9.61e-01
