#depth	He	He+	He+2
 1.81117e+14	1.61e-07	3.57e-03	9.96e-01
 1.08670e+15	1.76e-07	3.73e-03	9.96e-01
 2.64912e+15	2.04e-07	4.01e-03	9.96e-01
 4.35855e+15	2.37e-07	4.33e-03	9.96e-01
 6.02164e+15	2.72e-07	4.65e-03	9.95e-01
 7.55011e+15	3.08e-07	4.96e-03	9.95e-01
 9.24490e+15	3.53e-07	5.33e-03	9.95e-01
 1.11479e+16	4.11e-07	5.75e-03	9.94e-01
 1.29634e+16	4.72e-07	6.16e-03	9.94e-01
 1.49124e+16	5.47e-07	6.64e-03	9.93e-01
 1.69169e+16	6.32e-07	7.14e-03	9.93e-01
 1.86504e+16	7.13e-07	7.59e-03	9.92e-01
 2.05073e+16	8.12e-07	8.11e-03	9.92e-01
 2.27898e+16	9.48e-07	8.78e-03	9.91e-01
 2.50606e+16	1.10e-06	9.46e-03	9.91e-01
 2.70243e+16	1.24e-06	1.01e-02	9.90e-01
 2.91536e+16	1.42e-06	1.08e-02	9.89e-01
 3.17660e+16	1.67e-06	1.18e-02	9.88e-01
 3.43597e+16	1.94e-06	1.28e-02	9.87e-01
 3.65975e+16	2.21e-06	1.37e-02	9.86e-01
 3.85757e+16	2.47e-06	1.45e-02	9.85e-01
 4.07036e+16	2.79e-06	1.56e-02	9.84e-01
 4.30163e+16	3.19e-06	1.68e-02	9.83e-01
 4.51345e+16	3.59e-06	1.79e-02	9.82e-01
 4.71357e+16	4.02e-06	1.91e-02	9.81e-01
 4.93282e+16	4.56e-06	2.05e-02	9.79e-01
 5.16069e+16	5.20e-06	2.22e-02	9.78e-01
 5.36577e+16	5.85e-06	2.37e-02	9.76e-01
 5.55035e+16	6.52e-06	2.53e-02	9.75e-01
 5.71646e+16	7.21e-06	2.69e-02	9.73e-01
 5.86597e+16	7.90e-06	2.84e-02	9.72e-01
 6.00052e+16	8.60e-06	2.98e-02	9.70e-01
 6.12162e+16	9.29e-06	3.12e-02	9.69e-01
 6.23061e+16	9.97e-06	3.26e-02	9.67e-01
 6.32870e+16	1.06e-05	3.39e-02	9.66e-01
 6.41698e+16	1.13e-05	3.51e-02	9.65e-01
 6.49644e+16	1.19e-05	3.63e-02	9.64e-01
 6.57013e+16	1.25e-05	3.75e-02	9.62e-01
 6.64225e+16	1.32e-05	3.87e-02	9.61e-01
 6.71436e+16	1.39e-05	3.99e-02	9.60e-01
 6.78648e+16	1.47e-05	4.13e-02	9.59e-01
 6.85859e+16	1.55e-05	4.26e-02	9.57e-01
 6.93071e+16	1.64e-05	4.41e-02	9.56e-01
 7.00282e+16	1.74e-05	4.57e-02	9.54e-01
 7.07494e+16	1.85e-05	4.73e-02	9.53e-01
 7.14705e+16	1.97e-05	4.90e-02	9.51e-01
 7.19731e+16	2.09e-05	5.03e-02	9.50e-01
