#depth	O	O+	O+2	O+3	O+4	O+5	O+6	O+7	O+8	O[1]	O[2]	O[3]
 2.50537e+14	1.51e-11	5.10e-07	1.62e-03	2.06e-01	6.93e-01	9.71e-02	2.27e-03	0.00e+00	0.00e+00	1.15e-11	2.37e-12	1.21e-12
 1.31283e+15	1.85e-11	5.93e-07	1.79e-03	2.16e-01	6.88e-01	9.17e-02	2.02e-03	0.00e+00	0.00e+00	1.41e-11	2.89e-12	1.48e-12
 2.96881e+15	2.45e-11	7.36e-07	2.09e-03	2.32e-01	6.80e-01	8.41e-02	1.70e-03	0.00e+00	0.00e+00	1.87e-11	3.83e-12	1.96e-12
 4.69103e+15	3.27e-11	9.13e-07	2.44e-03	2.49e-01	6.71e-01	7.69e-02	1.42e-03	0.00e+00	0.00e+00	2.49e-11	5.09e-12	2.61e-12
 6.34412e+15	4.23e-11	1.11e-06	2.81e-03	2.65e-01	6.61e-01	7.06e-02	1.20e-03	0.00e+00	0.00e+00	3.23e-11	6.59e-12	3.38e-12
 7.87400e+15	5.34e-11	1.32e-06	3.18e-03	2.80e-01	6.51e-01	6.53e-02	1.03e-03	0.00e+00	0.00e+00	4.07e-11	8.30e-12	4.27e-12
 9.60310e+15	6.90e-11	1.60e-06	3.65e-03	2.96e-01	6.39e-01	5.99e-02	8.69e-04	0.00e+00	0.00e+00	5.27e-11	1.07e-11	5.52e-12
 1.15907e+16	9.16e-11	1.97e-06	4.24e-03	3.15e-01	6.25e-01	5.43e-02	7.19e-04	0.00e+00	0.00e+00	6.99e-11	1.42e-11	7.33e-12
 1.35339e+16	1.20e-10	2.41e-06	4.88e-03	3.34e-01	6.11e-01	4.93e-02	6.00e-04	0.00e+00	0.00e+00	9.18e-11	1.86e-11	9.64e-12
 1.52938e+16	1.53e-10	2.88e-06	5.51e-03	3.51e-01	5.98e-01	4.53e-02	5.10e-04	0.00e+00	0.00e+00	1.17e-10	2.36e-11	1.22e-11
 1.72026e+16	1.98e-10	3.48e-06	6.27e-03	3.69e-01	5.83e-01	4.13e-02	4.29e-04	0.00e+00	0.00e+00	1.51e-10	3.06e-11	1.59e-11
 1.93444e+16	2.60e-10	4.26e-06	7.20e-03	3.89e-01	5.66e-01	3.74e-02	3.55e-04	0.00e+00	0.00e+00	1.99e-10	4.02e-11	2.09e-11
 2.13701e+16	3.35e-10	5.12e-06	8.16e-03	4.07e-01	5.50e-01	3.40e-02	2.98e-04	0.00e+00	0.00e+00	2.56e-10	5.17e-11	2.69e-11
 2.35814e+16	4.39e-10	6.24e-06	9.33e-03	4.27e-01	5.33e-01	3.06e-02	2.47e-04	0.00e+00	0.00e+00	3.36e-10	6.78e-11	3.54e-11
 2.60202e+16	5.84e-10	7.69e-06	1.07e-02	4.48e-01	5.13e-01	2.74e-02	2.01e-04	0.00e+00	0.00e+00	4.46e-10	9.00e-11	4.71e-11
 2.82812e+16	7.53e-10	9.25e-06	1.22e-02	4.68e-01	4.95e-01	2.47e-02	1.67e-04	0.00e+00	0.00e+00	5.75e-10	1.16e-10	6.08e-11
 3.07405e+16	9.94e-10	1.13e-05	1.39e-02	4.88e-01	4.76e-01	2.21e-02	1.37e-04	0.00e+00	0.00e+00	7.59e-10	1.53e-10	8.03e-11
 3.34625e+16	1.33e-09	1.40e-05	1.60e-02	5.10e-01	4.55e-01	1.95e-02	1.10e-04	0.00e+00	0.00e+00	1.02e-09	2.04e-10	1.07e-10
 3.59988e+16	1.72e-09	1.69e-05	1.82e-02	5.29e-01	4.35e-01	1.74e-02	9.01e-05	0.00e+00	0.00e+00	1.32e-09	2.65e-10	1.40e-10
 3.87477e+16	2.30e-09	2.07e-05	2.09e-02	5.49e-01	4.14e-01	1.54e-02	7.27e-05	0.00e+00	0.00e+00	1.75e-09	3.52e-10	1.86e-10
 4.13840e+16	2.95e-09	2.49e-05	2.36e-02	5.68e-01	3.95e-01	1.37e-02	5.95e-05	0.00e+00	0.00e+00	2.26e-09	4.53e-10	2.40e-10
 4.33500e+16	3.57e-09	2.86e-05	2.59e-02	5.81e-01	3.81e-01	1.25e-02	5.13e-05	0.00e+00	0.00e+00	2.73e-09	5.47e-10	2.90e-10
 4.53638e+16	4.35e-09	3.30e-05	2.84e-02	5.94e-01	3.66e-01	1.15e-02	4.40e-05	0.00e+00	0.00e+00	3.33e-09	6.67e-10	3.54e-10
 4.77828e+16	5.50e-09	3.91e-05	3.17e-02	6.09e-01	3.49e-01	1.03e-02	3.67e-05	0.00e+00	0.00e+00	4.20e-09	8.42e-10	4.48e-10
 5.02160e+16	6.89e-09	4.61e-05	3.53e-02	6.23e-01	3.33e-01	9.23e-03	3.07e-05	0.00e+00	0.00e+00	5.27e-09	1.06e-09	5.62e-10
 5.24059e+16	8.46e-09	5.35e-05	3.88e-02	6.34e-01	3.18e-01	8.36e-03	2.61e-05	0.00e+00	0.00e+00	6.47e-09	1.29e-09	6.90e-10
 5.43768e+16	1.02e-08	6.12e-05	4.23e-02	6.44e-01	3.06e-01	7.65e-03	2.26e-05	0.00e+00	0.00e+00	7.77e-09	1.55e-09	8.30e-10
 5.61507e+16	1.20e-08	6.91e-05	4.56e-02	6.53e-01	2.94e-01	7.07e-03	1.98e-05	0.00e+00	0.00e+00	9.17e-09	1.83e-09	9.81e-10
 5.77471e+16	1.39e-08	7.72e-05	4.89e-02	6.60e-01	2.84e-01	6.57e-03	1.76e-05	0.00e+00	0.00e+00	1.07e-08	2.13e-09	1.14e-09
 5.91839e+16	1.60e-08	8.53e-05	5.20e-02	6.66e-01	2.75e-01	6.15e-03	1.59e-05	0.00e+00	0.00e+00	1.22e-08	2.44e-09	1.31e-09
 6.04771e+16	1.81e-08	9.34e-05	5.49e-02	6.72e-01	2.67e-01	5.80e-03	1.44e-05	0.00e+00	0.00e+00	1.38e-08	2.76e-09	1.48e-09
 6.16409e+16	2.02e-08	1.01e-04	5.77e-02	6.76e-01	2.60e-01	5.50e-03	1.32e-05	0.00e+00	0.00e+00	1.55e-08	3.09e-09	1.66e-09
 6.26883e+16	2.24e-08	1.09e-04	6.04e-02	6.80e-01	2.54e-01	5.24e-03	1.23e-05	0.00e+00	0.00e+00	1.71e-08	3.42e-09	1.84e-09
 6.36310e+16	2.46e-08	1.17e-04	6.29e-02	6.83e-01	2.49e-01	5.01e-03	1.14e-05	0.00e+00	0.00e+00	1.88e-08	3.76e-09	2.02e-09
 6.44794e+16	2.68e-08	1.25e-04	6.52e-02	6.86e-01	2.44e-01	4.81e-03	1.07e-05	0.00e+00	0.00e+00	2.05e-08	4.09e-09	2.20e-09
 6.52430e+16	2.89e-08	1.32e-04	6.73e-02	6.89e-01	2.39e-01	4.64e-03	1.01e-05	0.00e+00	0.00e+00	2.21e-08	4.40e-09	2.37e-09
 6.59653e+16	3.11e-08	1.39e-04	6.95e-02	6.91e-01	2.35e-01	4.49e-03	9.61e-06	0.00e+00	0.00e+00	2.38e-08	4.75e-09	2.55e-09
 6.66864e+16	3.35e-08	1.47e-04	7.17e-02	6.93e-01	2.31e-01	4.33e-03	9.10e-06	0.00e+00	0.00e+00	2.56e-08	5.12e-09	2.76e-09
 6.74076e+16	3.62e-08	1.56e-04	7.40e-02	6.95e-01	2.27e-01	4.19e-03	8.62e-06	0.00e+00	0.00e+00	2.77e-08	5.52e-09	2.98e-09
 6.81287e+16	3.92e-08	1.65e-04	7.64e-02	6.97e-01	2.23e-01	4.04e-03	8.16e-06	0.00e+00	0.00e+00	2.99e-08	5.97e-09	3.22e-09
 6.88499e+16	4.24e-08	1.75e-04	7.88e-02	6.98e-01	2.19e-01	3.90e-03	7.72e-06	0.00e+00	0.00e+00	3.24e-08	6.47e-09	3.49e-09
 6.95710e+16	4.60e-08	1.86e-04	8.14e-02	7.00e-01	2.15e-01	3.76e-03	7.31e-06	0.00e+00	0.00e+00	3.52e-08	7.02e-09	3.79e-09
 7.02922e+16	5.01e-08	1.98e-04	8.40e-02	7.01e-01	2.11e-01	3.63e-03	6.91e-06	0.00e+00	0.00e+00	3.83e-08	7.64e-09	4.12e-09
 7.10133e+16	5.48e-08	2.11e-04	8.67e-02	7.03e-01	2.07e-01	3.50e-03	6.54e-06	0.00e+00	0.00e+00	4.19e-08	8.35e-09	4.51e-09
 7.17345e+16	6.09e-08	2.28e-04	8.96e-02	7.04e-01	2.03e-01	3.38e-03	6.17e-06	0.00e+00	0.00e+00	4.66e-08	9.28e-09	5.02e-09
 7.21051e+16	6.85e-08	2.46e-04	9.14e-02	7.04e-01	2.01e-01	3.31e-03	5.95e-06	0.00e+00	0.00e+00	5.24e-08	1.04e-08	5.65e-09
