#depth	O	O+	O+2	O+3	O+4	O+5	O+6	O+7	O+8	O[1]	O[2]	O[3]
 1.85341e+14	3.08e-11	5.80e-07	1.34e-03	1.57e-01	6.61e-01	1.71e-01	9.74e-03	0.00e+00	0.00e+00	2.30e-11	5.27e-12	2.53e-12
 1.11204e+15	3.70e-11	6.67e-07	1.48e-03	1.65e-01	6.61e-01	1.64e-01	8.84e-03	0.00e+00	0.00e+00	2.76e-11	6.33e-12	3.04e-12
 2.69221e+15	4.89e-11	8.26e-07	1.74e-03	1.78e-01	6.60e-01	1.52e-01	7.52e-03	0.00e+00	0.00e+00	3.65e-11	8.34e-12	4.02e-12
 4.40336e+15	6.50e-11	1.03e-06	2.06e-03	1.93e-01	6.58e-01	1.41e-01	6.34e-03	0.00e+00	0.00e+00	4.85e-11	1.11e-11	5.35e-12
 6.04709e+15	8.39e-11	1.25e-06	2.39e-03	2.08e-01	6.54e-01	1.30e-01	5.40e-03	0.00e+00	0.00e+00	6.26e-11	1.43e-11	6.90e-12
 7.57028e+15	1.06e-10	1.49e-06	2.74e-03	2.21e-01	6.50e-01	1.22e-01	4.66e-03	0.00e+00	0.00e+00	7.87e-11	1.80e-11	8.70e-12
 9.29028e+15	1.37e-10	1.82e-06	3.18e-03	2.37e-01	6.44e-01	1.12e-01	3.96e-03	0.00e+00	0.00e+00	1.02e-10	2.33e-11	1.13e-11
 1.11764e+16	1.82e-10	2.25e-06	3.71e-03	2.54e-01	6.36e-01	1.03e-01	3.32e-03	0.00e+00	0.00e+00	1.35e-10	3.09e-11	1.50e-11
 1.29283e+16	2.34e-10	2.72e-06	4.26e-03	2.70e-01	6.27e-01	9.53e-02	2.83e-03	0.00e+00	0.00e+00	1.74e-10	3.97e-11	1.93e-11
 1.48392e+16	3.08e-10	3.35e-06	4.93e-03	2.88e-01	6.18e-01	8.74e-02	2.38e-03	0.00e+00	0.00e+00	2.30e-10	5.23e-11	2.55e-11
 1.69641e+16	4.12e-10	4.17e-06	5.76e-03	3.07e-01	6.06e-01	7.95e-02	1.98e-03	0.00e+00	0.00e+00	3.07e-10	6.99e-11	3.41e-11
 1.88404e+16	5.24e-10	5.00e-06	6.57e-03	3.24e-01	5.94e-01	7.32e-02	1.68e-03	0.00e+00	0.00e+00	3.91e-10	8.88e-11	4.34e-11
 2.04578e+16	6.45e-10	5.85e-06	7.34e-03	3.39e-01	5.84e-01	6.81e-02	1.46e-03	0.00e+00	0.00e+00	4.81e-10	1.09e-10	5.36e-11
 2.22726e+16	8.14e-10	6.95e-06	8.28e-03	3.55e-01	5.72e-01	6.29e-02	1.25e-03	0.00e+00	0.00e+00	6.08e-10	1.38e-10	6.77e-11
 2.45661e+16	1.08e-09	8.60e-06	9.61e-03	3.76e-01	5.57e-01	5.68e-02	1.03e-03	0.00e+00	0.00e+00	8.09e-10	1.83e-10	9.02e-11
 2.68933e+16	1.42e-09	1.05e-05	1.11e-02	3.96e-01	5.40e-01	5.13e-02	8.55e-04	0.00e+00	0.00e+00	1.06e-09	2.40e-10	1.18e-10
 2.88739e+16	1.77e-09	1.24e-05	1.25e-02	4.14e-01	5.26e-01	4.70e-02	7.28e-04	0.00e+00	0.00e+00	1.32e-09	2.99e-10	1.47e-10
 3.09925e+16	2.26e-09	1.49e-05	1.42e-02	4.32e-01	5.11e-01	4.28e-02	6.13e-04	0.00e+00	0.00e+00	1.68e-09	3.81e-10	1.89e-10
 3.32041e+16	2.85e-09	1.78e-05	1.60e-02	4.50e-01	4.94e-01	3.89e-02	5.15e-04	0.00e+00	0.00e+00	2.13e-09	4.81e-10	2.38e-10
 3.50948e+16	3.48e-09	2.06e-05	1.78e-02	4.66e-01	4.80e-01	3.58e-02	4.44e-04	0.00e+00	0.00e+00	2.59e-09	5.87e-10	2.91e-10
 3.71109e+16	4.31e-09	2.42e-05	1.99e-02	4.82e-01	4.65e-01	3.27e-02	3.79e-04	0.00e+00	0.00e+00	3.22e-09	7.28e-10	3.62e-10
 3.93369e+16	5.42e-09	2.87e-05	2.24e-02	4.99e-01	4.48e-01	2.97e-02	3.19e-04	0.00e+00	0.00e+00	4.04e-09	9.14e-10	4.55e-10
 4.14167e+16	6.65e-09	3.36e-05	2.50e-02	5.15e-01	4.33e-01	2.71e-02	2.72e-04	0.00e+00	0.00e+00	4.96e-09	1.12e-09	5.59e-10
 4.34017e+16	8.11e-09	3.90e-05	2.77e-02	5.29e-01	4.18e-01	2.48e-02	2.34e-04	0.00e+00	0.00e+00	6.05e-09	1.37e-09	6.82e-10
 4.56824e+16	1.03e-08	4.64e-05	3.11e-02	5.45e-01	4.01e-01	2.24e-02	1.96e-04	0.00e+00	0.00e+00	7.66e-09	1.73e-09	8.64e-10
 4.81349e+16	1.31e-08	5.57e-05	3.52e-02	5.62e-01	3.83e-01	2.00e-02	1.63e-04	0.00e+00	0.00e+00	9.74e-09	2.20e-09	1.10e-09
 5.03220e+16	1.61e-08	6.53e-05	3.92e-02	5.76e-01	3.67e-01	1.81e-02	1.38e-04	0.00e+00	0.00e+00	1.20e-08	2.71e-09	1.36e-09
 5.23662e+16	1.98e-08	7.61e-05	4.34e-02	5.88e-01	3.52e-01	1.65e-02	1.18e-04	0.00e+00	0.00e+00	1.47e-08	3.32e-09	1.67e-09
 5.43231e+16	2.40e-08	8.82e-05	4.78e-02	5.99e-01	3.38e-01	1.51e-02	1.02e-04	0.00e+00	0.00e+00	1.79e-08	4.04e-09	2.03e-09
 5.61023e+16	2.87e-08	1.01e-04	5.22e-02	6.09e-01	3.25e-01	1.39e-02	8.87e-05	0.00e+00	0.00e+00	2.14e-08	4.83e-09	2.43e-09
 5.77036e+16	3.38e-08	1.14e-04	5.65e-02	6.17e-01	3.13e-01	1.28e-02	7.84e-05	0.00e+00	0.00e+00	2.53e-08	5.69e-09	2.87e-09
 5.91447e+16	3.93e-08	1.28e-04	6.07e-02	6.24e-01	3.03e-01	1.20e-02	7.01e-05	0.00e+00	0.00e+00	2.94e-08	6.61e-09	3.34e-09
 6.04418e+16	4.52e-08	1.42e-04	6.47e-02	6.30e-01	2.94e-01	1.12e-02	6.33e-05	0.00e+00	0.00e+00	3.37e-08	7.59e-09	3.83e-09
 6.16091e+16	5.13e-08	1.56e-04	6.86e-02	6.35e-01	2.86e-01	1.06e-02	5.77e-05	0.00e+00	0.00e+00	3.83e-08	8.62e-09	4.36e-09
 6.26597e+16	5.76e-08	1.70e-04	7.23e-02	6.39e-01	2.78e-01	1.01e-02	5.31e-05	0.00e+00	0.00e+00	4.30e-08	9.68e-09	4.89e-09
 6.36053e+16	6.35e-08	1.84e-04	7.58e-02	6.43e-01	2.72e-01	9.59e-03	4.93e-05	0.00e+00	0.00e+00	4.74e-08	1.07e-08	5.40e-09
 6.44563e+16	7.03e-08	1.98e-04	7.92e-02	6.46e-01	2.66e-01	9.17e-03	4.60e-05	0.00e+00	0.00e+00	5.24e-08	1.18e-08	5.97e-09
 6.52222e+16	7.71e-08	2.12e-04	8.24e-02	6.48e-01	2.60e-01	8.81e-03	4.32e-05	0.00e+00	0.00e+00	5.75e-08	1.29e-08	6.56e-09
 6.59455e+16	8.43e-08	2.27e-04	8.56e-02	6.50e-01	2.55e-01	8.48e-03	4.06e-05	0.00e+00	0.00e+00	6.29e-08	1.42e-08	7.17e-09
 6.66667e+16	9.22e-08	2.42e-04	8.89e-02	6.52e-01	2.50e-01	8.16e-03	3.82e-05	0.00e+00	0.00e+00	6.88e-08	1.55e-08	7.84e-09
 6.73878e+16	1.01e-07	2.59e-04	9.23e-02	6.54e-01	2.45e-01	7.84e-03	3.60e-05	0.00e+00	0.00e+00	7.54e-08	1.70e-08	8.60e-09
 6.81090e+16	1.11e-07	2.78e-04	9.59e-02	6.56e-01	2.40e-01	7.53e-03	3.38e-05	0.00e+00	0.00e+00	8.28e-08	1.86e-08	9.45e-09
 6.88301e+16	1.23e-07	3.00e-04	9.98e-02	6.58e-01	2.35e-01	7.23e-03	3.17e-05	0.00e+00	0.00e+00	9.19e-08	2.07e-08	1.05e-08
 6.95513e+16	1.35e-07	3.22e-04	1.04e-01	6.59e-01	2.30e-01	6.95e-03	2.98e-05	0.00e+00	0.00e+00	1.01e-07	2.27e-08	1.15e-08
 7.02724e+16	1.52e-07	3.50e-04	1.08e-01	6.60e-01	2.25e-01	6.65e-03	2.79e-05	0.00e+00	0.00e+00	1.13e-07	2.54e-08	1.29e-08
 7.09936e+16	1.69e-07	3.79e-04	1.12e-01	6.61e-01	2.20e-01	6.37e-03	2.61e-05	0.00e+00	0.00e+00	1.26e-07	2.84e-08	1.44e-08
 7.17147e+16	1.91e-07	4.15e-04	1.17e-01	6.62e-01	2.15e-01	6.10e-03	2.44e-05	0.00e+00	0.00e+00	1.43e-07	3.21e-08	1.63e-08
 7.20952e+16	2.34e-07	4.69e-04	1.21e-01	6.61e-01	2.12e-01	5.91e-03	2.30e-05	0.00e+00	0.00e+00	1.75e-07	3.93e-08	2.00e-08
