#depth	C	C+	C+2	C+3	C+4	C+5	C+6	C[1]	C[2]	C[3]	C+[1]	C+[2]	CO
 2.74226e+14	4.24e-09	1.38e-05	4.00e-03	5.42e-02	9.42e-01	5.66e-07	0.00e+00	4.34e-10	1.32e-09	2.25e-09	4.61e-06	9.19e-06	8.53e-31
 1.36115e+15	3.46e-09	1.59e-05	4.43e-03	5.74e-02	9.38e-01	5.68e-07	0.00e+00	3.55e-10	1.08e-09	1.84e-09	5.32e-06	1.06e-05	1.34e-30
 3.01907e+15	4.34e-09	1.96e-05	5.16e-03	6.26e-02	9.32e-01	5.76e-07	0.00e+00	4.44e-10	1.35e-09	2.30e-09	6.54e-06	1.30e-05	2.65e-30
 4.74330e+15	5.47e-09	2.41e-05	6.01e-03	6.82e-02	9.26e-01	5.83e-07	0.00e+00	5.61e-10	1.70e-09	2.90e-09	8.06e-06	1.60e-05	5.22e-30
 6.34936e+15	6.71e-09	2.89e-05	6.89e-03	7.37e-02	9.19e-01	5.86e-07	0.00e+00	6.88e-10	2.09e-09	3.56e-09	9.68e-06	1.93e-05	9.48e-30
 7.76524e+15	8.00e-09	3.39e-05	7.75e-03	7.87e-02	9.14e-01	5.99e-07	0.00e+00	8.20e-10	2.49e-09	4.24e-09	1.13e-05	2.25e-05	1.58e-29
 9.34956e+15	9.77e-09	4.02e-05	8.81e-03	8.45e-02	9.07e-01	6.02e-07	0.00e+00	1.00e-09	3.04e-09	5.18e-09	1.35e-05	2.68e-05	2.77e-29
 1.12517e+16	1.22e-08	4.90e-05	1.02e-02	9.18e-02	8.98e-01	6.11e-07	0.00e+00	1.25e-09	3.80e-09	6.49e-09	1.64e-05	3.26e-05	5.25e-29
 1.31593e+16	1.51e-08	5.90e-05	1.18e-02	9.93e-02	8.89e-01	6.13e-07	0.00e+00	1.55e-09	4.69e-09	8.00e-09	1.97e-05	3.92e-05	9.57e-29
 1.48068e+16	1.81e-08	6.92e-05	1.32e-02	1.06e-01	8.81e-01	6.23e-07	0.00e+00	1.85e-09	5.62e-09	9.59e-09	2.32e-05	4.60e-05	1.60e-28
 1.65235e+16	2.19e-08	8.15e-05	1.49e-02	1.13e-01	8.72e-01	6.27e-07	0.00e+00	2.25e-09	6.81e-09	1.16e-08	2.73e-05	5.42e-05	2.74e-28
 1.86454e+16	2.74e-08	9.89e-05	1.72e-02	1.23e-01	8.60e-01	6.34e-07	0.00e+00	2.81e-09	8.52e-09	1.45e-08	3.31e-05	6.57e-05	5.18e-28
 2.07484e+16	3.36e-08	1.19e-04	1.97e-02	1.32e-01	8.48e-01	6.38e-07	0.00e+00	3.46e-09	1.05e-08	1.79e-08	3.97e-05	7.88e-05	9.34e-28
 2.25404e+16	4.00e-08	1.38e-04	2.20e-02	1.41e-01	8.37e-01	6.39e-07	0.00e+00	4.11e-09	1.25e-08	2.12e-08	4.62e-05	9.16e-05	1.51e-27
 2.41563e+16	4.65e-08	1.57e-04	2.42e-02	1.49e-01	8.27e-01	6.43e-07	0.00e+00	4.78e-09	1.45e-08	2.47e-08	5.27e-05	1.04e-04	2.31e-27
 2.59391e+16	5.51e-08	1.82e-04	2.69e-02	1.57e-01	8.15e-01	6.43e-07	0.00e+00	5.67e-09	1.72e-08	2.93e-08	6.09e-05	1.21e-04	3.70e-27
 2.79153e+16	6.57e-08	2.11e-04	3.01e-02	1.67e-01	8.02e-01	6.45e-07	0.00e+00	6.75e-09	2.05e-08	3.49e-08	7.09e-05	1.41e-04	6.04e-27
 2.97697e+16	7.71e-08	2.43e-04	3.33e-02	1.77e-01	7.90e-01	6.42e-07	0.00e+00	7.93e-09	2.40e-08	4.10e-08	8.15e-05	1.61e-04	9.37e-27
 3.18073e+16	9.19e-08	2.82e-04	3.72e-02	1.88e-01	7.75e-01	6.44e-07	0.00e+00	9.46e-09	2.87e-08	4.88e-08	9.47e-05	1.87e-04	1.53e-26
 3.40265e+16	1.11e-07	3.30e-04	4.17e-02	1.99e-01	7.59e-01	6.39e-07	0.00e+00	1.14e-08	3.45e-08	5.88e-08	1.11e-04	2.19e-04	2.50e-26
 3.60321e+16	1.30e-07	3.79e-04	4.60e-02	2.10e-01	7.44e-01	6.36e-07	0.00e+00	1.34e-08	4.05e-08	6.89e-08	1.27e-04	2.51e-04	3.84e-26
 3.81898e+16	1.55e-07	4.39e-04	5.12e-02	2.22e-01	7.26e-01	6.33e-07	0.00e+00	1.59e-08	4.83e-08	8.23e-08	1.47e-04	2.91e-04	6.14e-26
 4.05625e+16	1.85e-07	5.11e-04	5.71e-02	2.35e-01	7.07e-01	6.32e-07	0.00e+00	1.91e-08	5.78e-08	9.84e-08	1.72e-04	3.39e-04	9.94e-26
 4.27673e+16	2.19e-07	5.87e-04	6.31e-02	2.47e-01	6.89e-01	6.28e-07	0.00e+00	2.26e-08	6.84e-08	1.16e-07	1.97e-04	3.90e-04	1.52e-25
 4.51860e+16	2.64e-07	6.84e-04	7.03e-02	2.60e-01	6.69e-01	6.19e-07	0.00e+00	2.72e-08	8.25e-08	1.40e-07	2.30e-04	4.54e-04	2.46e-25
 4.77996e+16	3.19e-07	7.98e-04	7.85e-02	2.75e-01	6.46e-01	6.14e-07	0.00e+00	3.29e-08	9.96e-08	1.69e-07	2.68e-04	5.30e-04	3.98e-25
 5.01606e+16	3.78e-07	9.16e-04	8.64e-02	2.87e-01	6.25e-01	6.05e-07	0.00e+00	3.90e-08	1.18e-07	2.01e-07	3.08e-04	6.08e-04	6.07e-25
 5.23171e+16	4.41e-07	1.04e-03	9.41e-02	2.99e-01	6.06e-01	5.98e-07	0.00e+00	4.55e-08	1.38e-07	2.34e-07	3.49e-04	6.88e-04	8.89e-25
 5.42969e+16	5.08e-07	1.16e-03	1.02e-01	3.10e-01	5.88e-01	5.94e-07	0.00e+00	5.24e-08	1.59e-07	2.70e-07	3.90e-04	7.69e-04	1.26e-24
 5.60788e+16	5.77e-07	1.28e-03	1.09e-01	3.19e-01	5.71e-01	5.89e-07	0.00e+00	5.95e-08	1.80e-07	3.07e-07	4.30e-04	8.48e-04	1.70e-24
 5.76824e+16	6.47e-07	1.40e-03	1.15e-01	3.27e-01	5.56e-01	5.83e-07	0.00e+00	6.68e-08	2.02e-07	3.44e-07	4.70e-04	9.27e-04	2.24e-24
 5.91257e+16	7.19e-07	1.51e-03	1.22e-01	3.34e-01	5.42e-01	5.77e-07	0.00e+00	7.42e-08	2.25e-07	3.82e-07	5.09e-04	1.00e-03	2.87e-24
 6.04246e+16	7.91e-07	1.62e-03	1.27e-01	3.41e-01	5.30e-01	5.70e-07	0.00e+00	8.17e-08	2.47e-07	4.21e-07	5.46e-04	1.08e-03	3.59e-24
 6.15937e+16	8.64e-07	1.73e-03	1.33e-01	3.47e-01	5.19e-01	5.65e-07	0.00e+00	8.92e-08	2.70e-07	4.60e-07	5.83e-04	1.15e-03	4.38e-24
 6.26458e+16	9.36e-07	1.83e-03	1.38e-01	3.52e-01	5.09e-01	5.59e-07	0.00e+00	9.66e-08	2.93e-07	4.98e-07	6.17e-04	1.22e-03	5.25e-24
 6.35928e+16	1.01e-06	1.93e-03	1.43e-01	3.56e-01	4.99e-01	5.55e-07	0.00e+00	1.04e-07	3.15e-07	5.36e-07	6.50e-04	1.28e-03	6.19e-24
 6.44450e+16	1.07e-06	2.02e-03	1.47e-01	3.60e-01	4.91e-01	5.52e-07	0.00e+00	1.11e-07	3.36e-07	5.72e-07	6.80e-04	1.34e-03	7.12e-24
 6.52120e+16	1.14e-06	2.11e-03	1.51e-01	3.64e-01	4.84e-01	5.48e-07	0.00e+00	1.18e-07	3.58e-07	6.08e-07	7.09e-04	1.40e-03	8.17e-24
 6.59359e+16	1.21e-06	2.19e-03	1.55e-01	3.67e-01	4.76e-01	5.44e-07	0.00e+00	1.25e-07	3.80e-07	6.45e-07	7.38e-04	1.45e-03	9.31e-24
 6.66571e+16	1.29e-06	2.28e-03	1.59e-01	3.70e-01	4.69e-01	5.40e-07	0.00e+00	1.33e-07	4.03e-07	6.86e-07	7.68e-04	1.51e-03	1.06e-23
 6.73782e+16	1.37e-06	2.38e-03	1.62e-01	3.73e-01	4.62e-01	5.36e-07	0.00e+00	1.42e-07	4.29e-07	7.30e-07	8.00e-04	1.58e-03	1.21e-23
 6.80994e+16	1.46e-06	2.48e-03	1.67e-01	3.76e-01	4.54e-01	5.32e-07	0.00e+00	1.51e-07	4.58e-07	7.78e-07	8.34e-04	1.64e-03	1.39e-23
 6.88205e+16	1.56e-06	2.58e-03	1.71e-01	3.80e-01	4.47e-01	5.28e-07	0.00e+00	1.62e-07	4.89e-07	8.32e-07	8.69e-04	1.71e-03	1.59e-23
 6.95417e+16	1.67e-06	2.69e-03	1.75e-01	3.83e-01	4.40e-01	5.24e-07	0.00e+00	1.73e-07	5.25e-07	8.92e-07	9.07e-04	1.79e-03	1.84e-23
 7.02628e+16	1.81e-06	2.81e-03	1.79e-01	3.86e-01	4.32e-01	5.22e-07	0.00e+00	1.87e-07	5.67e-07	9.64e-07	9.47e-04	1.87e-03	2.15e-23
 7.09840e+16	1.97e-06	2.95e-03	1.84e-01	3.89e-01	4.24e-01	5.16e-07	0.00e+00	2.04e-07	6.17e-07	1.05e-06	9.92e-04	1.95e-03	2.52e-23
 7.17051e+16	2.18e-06	3.12e-03	1.89e-01	3.92e-01	4.16e-01	5.11e-07	0.00e+00	2.26e-07	6.85e-07	1.16e-06	1.05e-03	2.07e-03	3.15e-23
 7.20904e+16	2.95e-06	3.30e-03	1.92e-01	3.95e-01	4.09e-01	4.99e-07	0.00e+00	3.06e-07	9.26e-07	1.57e-06	1.11e-03	2.19e-03	4.02e-23
