#depth	C	C+	C+2	C+3	C+4	C+5	C+6	C[1]	C[2]	C[3]	C+[1]	C+[2]	CO
 1.82299e+14	3.35e-09	1.13e-05	3.48e-03	5.07e-02	9.46e-01	5.72e-07	0.00e+00	3.36e-10	1.02e-09	1.73e-09	3.76e-06	7.55e-06	4.45e-31
 1.09379e+15	2.75e-09	1.28e-05	3.80e-03	5.33e-02	9.43e-01	5.56e-07	0.00e+00	2.76e-10	8.35e-10	1.42e-09	4.24e-06	8.52e-06	6.59e-31
 2.66118e+15	3.36e-09	1.55e-05	4.38e-03	5.79e-02	9.38e-01	5.63e-07	0.00e+00	3.37e-10	1.02e-09	1.74e-09	5.15e-06	1.03e-05	1.23e-30
 4.37109e+15	4.18e-09	1.90e-05	5.11e-03	6.31e-02	9.32e-01	5.69e-07	0.00e+00	4.19e-10	1.27e-09	2.16e-09	6.31e-06	1.27e-05	2.34e-30
 6.00783e+15	5.10e-09	2.28e-05	5.88e-03	6.83e-02	9.26e-01	5.67e-07	0.00e+00	5.12e-10	1.55e-09	2.64e-09	7.59e-06	1.52e-05	4.18e-30
 7.47387e+15	6.06e-09	2.68e-05	6.64e-03	7.32e-02	9.20e-01	5.82e-07	0.00e+00	6.08e-10	1.84e-09	3.14e-09	8.91e-06	1.79e-05	6.88e-30
 9.08622e+15	7.40e-09	3.19e-05	7.58e-03	7.88e-02	9.14e-01	5.86e-07	0.00e+00	7.42e-10	2.25e-09	3.83e-09	1.06e-05	2.13e-05	1.19e-29
 1.09992e+16	9.22e-09	3.89e-05	8.80e-03	8.57e-02	9.05e-01	5.95e-07	0.00e+00	9.25e-10	2.80e-09	4.77e-09	1.29e-05	2.59e-05	2.22e-29
 1.28806e+16	1.13e-08	4.69e-05	1.01e-02	9.28e-02	8.97e-01	6.02e-07	0.00e+00	1.14e-09	3.45e-09	5.87e-09	1.56e-05	3.13e-05	4.02e-29
 1.45986e+16	1.37e-08	5.54e-05	1.15e-02	9.96e-02	8.89e-01	6.04e-07	0.00e+00	1.38e-09	4.16e-09	7.09e-09	1.84e-05	3.69e-05	6.78e-29
 1.62293e+16	1.63e-08	6.45e-05	1.29e-02	1.06e-01	8.81e-01	6.09e-07	0.00e+00	1.63e-09	4.94e-09	8.41e-09	2.15e-05	4.30e-05	1.10e-28
 1.80517e+16	1.97e-08	7.63e-05	1.46e-02	1.14e-01	8.71e-01	6.16e-07	0.00e+00	1.98e-09	5.99e-09	1.02e-08	2.54e-05	5.09e-05	1.88e-28
 2.00509e+16	2.40e-08	9.09e-05	1.66e-02	1.23e-01	8.60e-01	6.16e-07	0.00e+00	2.42e-09	7.31e-09	1.24e-08	3.03e-05	6.06e-05	3.24e-28
 2.18918e+16	2.87e-08	1.06e-04	1.87e-02	1.31e-01	8.50e-01	6.20e-07	0.00e+00	2.89e-09	8.75e-09	1.49e-08	3.54e-05	7.09e-05	5.26e-28
 2.38969e+16	3.48e-08	1.26e-04	2.12e-02	1.41e-01	8.38e-01	6.27e-07	0.00e+00	3.50e-09	1.06e-08	1.80e-08	4.19e-05	8.37e-05	9.00e-28
 2.61050e+16	4.27e-08	1.50e-04	2.42e-02	1.51e-01	8.24e-01	6.26e-07	0.00e+00	4.30e-09	1.30e-08	2.21e-08	5.00e-05	9.99e-05	1.54e-27
 2.81589e+16	5.11e-08	1.75e-04	2.72e-02	1.62e-01	8.11e-01	6.34e-07	0.00e+00	5.14e-09	1.56e-08	2.65e-08	5.85e-05	1.17e-04	2.50e-27
 3.00018e+16	5.99e-08	2.01e-04	3.01e-02	1.71e-01	7.99e-01	6.34e-07	0.00e+00	6.03e-09	1.82e-08	3.10e-08	6.72e-05	1.34e-04	3.79e-27
 3.19884e+16	7.14e-08	2.34e-04	3.37e-02	1.81e-01	7.85e-01	6.33e-07	0.00e+00	7.19e-09	2.18e-08	3.70e-08	7.80e-05	1.56e-04	5.98e-27
 3.41570e+16	8.49e-08	2.72e-04	3.77e-02	1.93e-01	7.69e-01	6.34e-07	0.00e+00	8.56e-09	2.59e-08	4.40e-08	9.08e-05	1.81e-04	9.53e-27
 3.61609e+16	1.00e-07	3.13e-04	4.18e-02	2.04e-01	7.54e-01	6.37e-07	0.00e+00	1.01e-08	3.05e-08	5.19e-08	1.04e-04	2.08e-04	1.44e-26
 3.83645e+16	1.20e-07	3.65e-04	4.68e-02	2.16e-01	7.36e-01	6.32e-07	0.00e+00	1.21e-08	3.67e-08	6.23e-08	1.22e-04	2.43e-04	2.29e-26
 4.07326e+16	1.44e-07	4.26e-04	5.26e-02	2.30e-01	7.17e-01	6.33e-07	0.00e+00	1.45e-08	4.40e-08	7.47e-08	1.42e-04	2.84e-04	3.63e-26
 4.28616e+16	1.70e-07	4.88e-04	5.81e-02	2.42e-01	6.99e-01	6.33e-07	0.00e+00	1.71e-08	5.18e-08	8.80e-08	1.63e-04	3.25e-04	5.44e-26
 4.51768e+16	2.04e-07	5.68e-04	6.49e-02	2.56e-01	6.79e-01	6.28e-07	0.00e+00	2.06e-08	6.22e-08	1.06e-07	1.90e-04	3.78e-04	8.56e-26
 4.76852e+16	2.45e-07	6.64e-04	7.27e-02	2.70e-01	6.56e-01	6.29e-07	0.00e+00	2.48e-08	7.50e-08	1.27e-07	2.22e-04	4.42e-04	1.36e-25
 4.99569e+16	2.91e-07	7.63e-04	8.04e-02	2.84e-01	6.35e-01	6.28e-07	0.00e+00	2.94e-08	8.89e-08	1.51e-07	2.55e-04	5.08e-04	2.04e-25
 5.20829e+16	3.41e-07	8.69e-04	8.83e-02	2.96e-01	6.15e-01	6.26e-07	0.00e+00	3.45e-08	1.04e-07	1.77e-07	2.90e-04	5.78e-04	3.00e-25
 5.40862e+16	3.96e-07	9.79e-04	9.62e-02	3.08e-01	5.95e-01	6.26e-07	0.00e+00	4.01e-08	1.21e-07	2.06e-07	3.28e-04	6.52e-04	4.27e-25
 5.58891e+16	4.54e-07	1.09e-03	1.04e-01	3.18e-01	5.77e-01	6.24e-07	0.00e+00	4.60e-08	1.39e-07	2.36e-07	3.65e-04	7.26e-04	5.88e-25
 5.75117e+16	5.15e-07	1.20e-03	1.11e-01	3.28e-01	5.60e-01	6.22e-07	0.00e+00	5.21e-08	1.58e-07	2.68e-07	4.02e-04	8.00e-04	7.87e-25
 5.89720e+16	5.77e-07	1.31e-03	1.18e-01	3.36e-01	5.45e-01	6.20e-07	0.00e+00	5.84e-08	1.77e-07	3.00e-07	4.39e-04	8.73e-04	1.02e-24
 6.02863e+16	6.41e-07	1.42e-03	1.25e-01	3.43e-01	5.31e-01	6.17e-07	0.00e+00	6.49e-08	1.96e-07	3.33e-07	4.76e-04	9.46e-04	1.30e-24
 6.14692e+16	7.06e-07	1.53e-03	1.31e-01	3.50e-01	5.18e-01	6.15e-07	0.00e+00	7.14e-08	2.16e-07	3.67e-07	5.11e-04	1.02e-03	1.61e-24
 6.25338e+16	7.70e-07	1.63e-03	1.36e-01	3.56e-01	5.06e-01	6.12e-07	0.00e+00	7.80e-08	2.36e-07	4.00e-07	5.46e-04	1.08e-03	1.97e-24
 6.34920e+16	8.32e-07	1.72e-03	1.42e-01	3.61e-01	4.96e-01	6.11e-07	0.00e+00	8.42e-08	2.55e-07	4.33e-07	5.77e-04	1.15e-03	2.33e-24
 6.43543e+16	8.97e-07	1.82e-03	1.47e-01	3.65e-01	4.86e-01	6.09e-07	0.00e+00	9.08e-08	2.75e-07	4.66e-07	6.09e-04	1.21e-03	2.76e-24
 6.51304e+16	9.60e-07	1.91e-03	1.51e-01	3.69e-01	4.77e-01	6.08e-07	0.00e+00	9.72e-08	2.94e-07	4.99e-07	6.39e-04	1.27e-03	3.22e-24
 6.58586e+16	1.03e-06	2.00e-03	1.56e-01	3.73e-01	4.69e-01	6.07e-07	0.00e+00	1.04e-07	3.14e-07	5.33e-07	6.69e-04	1.33e-03	3.72e-24
 6.65797e+16	1.10e-06	2.09e-03	1.61e-01	3.77e-01	4.60e-01	6.06e-07	0.00e+00	1.11e-07	3.36e-07	5.70e-07	7.01e-04	1.39e-03	4.31e-24
 6.73009e+16	1.17e-06	2.19e-03	1.65e-01	3.81e-01	4.52e-01	6.04e-07	0.00e+00	1.19e-07	3.60e-07	6.11e-07	7.34e-04	1.46e-03	5.00e-24
 6.80220e+16	1.26e-06	2.30e-03	1.70e-01	3.84e-01	4.43e-01	6.02e-07	0.00e+00	1.28e-07	3.87e-07	6.56e-07	7.70e-04	1.53e-03	5.83e-24
 6.87432e+16	1.36e-06	2.41e-03	1.75e-01	3.88e-01	4.35e-01	6.00e-07	0.00e+00	1.38e-07	4.16e-07	7.06e-07	8.07e-04	1.60e-03	6.82e-24
 6.94643e+16	1.47e-06	2.53e-03	1.80e-01	3.91e-01	4.26e-01	6.01e-07	0.00e+00	1.49e-07	4.52e-07	7.66e-07	8.49e-04	1.69e-03	8.12e-24
 7.01855e+16	1.60e-06	2.67e-03	1.86e-01	3.95e-01	4.17e-01	5.97e-07	0.00e+00	1.62e-07	4.91e-07	8.33e-07	8.93e-04	1.77e-03	9.59e-24
 7.09066e+16	1.74e-06	2.80e-03	1.91e-01	3.98e-01	4.08e-01	5.93e-07	0.00e+00	1.76e-07	5.33e-07	9.04e-07	9.39e-04	1.86e-03	1.13e-23
 7.16278e+16	1.93e-06	2.97e-03	1.97e-01	4.02e-01	3.98e-01	5.92e-07	0.00e+00	1.96e-07	5.92e-07	1.00e-06	9.93e-04	1.97e-03	1.41e-23
 7.20518e+16	2.14e-06	3.16e-03	2.01e-01	4.04e-01	3.91e-01	5.82e-07	0.00e+00	2.18e-07	6.58e-07	1.12e-06	1.06e-03	2.10e-03	1.83e-23
