#depth	He	He+	He+2
 2.17881e+14	1.37e-07	3.58e-03	9.96e-01
 1.24621e+15	1.52e-07	3.76e-03	9.96e-01
 2.89953e+15	1.77e-07	4.06e-03	9.96e-01
 4.61897e+15	2.07e-07	4.39e-03	9.96e-01
 6.27432e+15	2.38e-07	4.71e-03	9.95e-01
 7.81381e+15	2.70e-07	5.03e-03	9.95e-01
 9.54775e+15	3.11e-07	5.41e-03	9.95e-01
 1.15331e+16	3.64e-07	5.85e-03	9.94e-01
 1.34795e+16	4.23e-07	6.30e-03	9.94e-01
 1.52430e+16	4.82e-07	6.73e-03	9.93e-01
 1.71501e+16	5.55e-07	7.22e-03	9.93e-01
 1.92857e+16	6.45e-07	7.79e-03	9.92e-01
 2.13047e+16	7.40e-07	8.34e-03	9.92e-01
 2.35130e+16	8.59e-07	9.00e-03	9.91e-01
 2.59433e+16	1.01e-06	9.75e-03	9.90e-01
 2.81811e+16	1.15e-06	1.05e-02	9.90e-01
 3.06067e+16	1.34e-06	1.13e-02	9.89e-01
 3.32947e+16	1.58e-06	1.23e-02	9.88e-01
 3.58006e+16	1.82e-06	1.33e-02	9.87e-01
 3.79073e+16	2.05e-06	1.41e-02	9.86e-01
 3.97135e+16	2.27e-06	1.49e-02	9.85e-01
 4.17569e+16	2.55e-06	1.59e-02	9.84e-01
 4.40664e+16	2.90e-06	1.70e-02	9.83e-01
 4.62834e+16	3.28e-06	1.82e-02	9.82e-01
 4.83885e+16	3.68e-06	1.94e-02	9.81e-01
 5.05654e+16	4.15e-06	2.07e-02	9.79e-01
 5.27204e+16	4.68e-06	2.21e-02	9.78e-01
 5.46598e+16	5.21e-06	2.35e-02	9.76e-01
 5.64054e+16	5.74e-06	2.48e-02	9.75e-01
 5.79764e+16	6.28e-06	2.61e-02	9.74e-01
 5.93902e+16	6.81e-06	2.74e-02	9.73e-01
 6.06627e+16	7.33e-06	2.86e-02	9.71e-01
 6.18080e+16	7.84e-06	2.97e-02	9.70e-01
 6.28387e+16	8.34e-06	3.08e-02	9.69e-01
 6.37663e+16	8.82e-06	3.18e-02	9.68e-01
 6.46012e+16	9.27e-06	3.27e-02	9.67e-01
 6.53573e+16	9.72e-06	3.36e-02	9.66e-01
 6.60784e+16	1.02e-05	3.45e-02	9.65e-01
 6.67996e+16	1.07e-05	3.55e-02	9.65e-01
 6.75207e+16	1.12e-05	3.65e-02	9.64e-01
 6.82419e+16	1.17e-05	3.75e-02	9.63e-01
 6.89630e+16	1.23e-05	3.85e-02	9.61e-01
 6.96842e+16	1.29e-05	3.97e-02	9.60e-01
 7.04053e+16	1.36e-05	4.08e-02	9.59e-01
 7.11265e+16	1.43e-05	4.21e-02	9.58e-01
 7.18011e+16	1.51e-05	4.32e-02	9.57e-01
