#depth	O	O+	O+2	O+3	O+4	O+5	O+6	O+7	O+8	O[1]	O[2]	O[3]
 1.86825e+14	2.65e-11	6.26e-07	1.61e-03	1.87e-01	6.80e-01	1.27e-01	4.57e-03	0.00e+00	0.00e+00	1.97e-11	4.55e-12	2.18e-12
 1.12095e+15	3.18e-11	7.17e-07	1.77e-03	1.96e-01	6.77e-01	1.21e-01	4.13e-03	0.00e+00	0.00e+00	2.37e-11	5.44e-12	2.61e-12
 2.70734e+15	4.18e-11	8.84e-07	2.06e-03	2.11e-01	6.72e-01	1.12e-01	3.50e-03	0.00e+00	0.00e+00	3.11e-11	7.14e-12	3.44e-12
 4.41911e+15	5.53e-11	1.10e-06	2.42e-03	2.27e-01	6.65e-01	1.03e-01	2.93e-03	0.00e+00	0.00e+00	4.12e-11	9.45e-12	4.56e-12
 6.04598e+15	7.10e-11	1.32e-06	2.79e-03	2.42e-01	6.58e-01	9.47e-02	2.49e-03	0.00e+00	0.00e+00	5.29e-11	1.21e-11	5.85e-12
 7.52769e+15	8.85e-11	1.57e-06	3.17e-03	2.56e-01	6.50e-01	8.80e-02	2.15e-03	0.00e+00	0.00e+00	6.60e-11	1.51e-11	7.31e-12
 9.20096e+15	1.14e-10	1.89e-06	3.64e-03	2.72e-01	6.41e-01	8.11e-02	1.82e-03	0.00e+00	0.00e+00	8.48e-11	1.94e-11	9.39e-12
 1.11514e+16	1.52e-10	2.35e-06	4.26e-03	2.91e-01	6.29e-01	7.38e-02	1.51e-03	0.00e+00	0.00e+00	1.13e-10	2.59e-11	1.26e-11
 1.30622e+16	1.99e-10	2.88e-06	4.92e-03	3.09e-01	6.17e-01	6.73e-02	1.26e-03	0.00e+00	0.00e+00	1.49e-10	3.39e-11	1.65e-11
 1.48301e+16	2.55e-10	3.46e-06	5.60e-03	3.26e-01	6.05e-01	6.19e-02	1.07e-03	0.00e+00	0.00e+00	1.90e-10	4.33e-11	2.11e-11
 1.65287e+16	3.20e-10	4.10e-06	6.32e-03	3.43e-01	5.93e-01	5.71e-02	9.21e-04	0.00e+00	0.00e+00	2.39e-10	5.43e-11	2.65e-11
 1.84535e+16	4.14e-10	4.96e-06	7.22e-03	3.61e-01	5.79e-01	5.22e-02	7.75e-04	0.00e+00	0.00e+00	3.09e-10	7.03e-11	3.44e-11
 2.05693e+16	5.42e-10	6.06e-06	8.30e-03	3.81e-01	5.63e-01	4.73e-02	6.43e-04	0.00e+00	0.00e+00	4.04e-10	9.19e-11	4.50e-11
 2.25173e+16	6.87e-10	7.23e-06	9.40e-03	3.98e-01	5.48e-01	4.32e-02	5.44e-04	0.00e+00	0.00e+00	5.12e-10	1.16e-10	5.71e-11
 2.46331e+16	8.92e-10	8.76e-06	1.07e-02	4.18e-01	5.32e-01	3.91e-02	4.53e-04	0.00e+00	0.00e+00	6.65e-10	1.51e-10	7.43e-11
 2.69731e+16	1.17e-09	1.07e-05	1.23e-02	4.38e-01	5.14e-01	3.51e-02	3.73e-04	0.00e+00	0.00e+00	8.72e-10	1.98e-10	9.75e-11
 2.91471e+16	1.49e-09	1.28e-05	1.40e-02	4.57e-01	4.96e-01	3.18e-02	3.11e-04	0.00e+00	0.00e+00	1.11e-09	2.52e-10	1.24e-10
 3.15159e+16	1.95e-09	1.56e-05	1.60e-02	4.77e-01	4.78e-01	2.85e-02	2.56e-04	0.00e+00	0.00e+00	1.45e-09	3.29e-10	1.63e-10
 3.41236e+16	2.57e-09	1.92e-05	1.85e-02	4.99e-01	4.57e-01	2.53e-02	2.07e-04	0.00e+00	0.00e+00	1.92e-09	4.34e-10	2.15e-10
 3.65204e+16	3.29e-09	2.31e-05	2.10e-02	5.18e-01	4.38e-01	2.27e-02	1.71e-04	0.00e+00	0.00e+00	2.46e-09	5.56e-10	2.76e-10
 3.85749e+16	4.04e-09	2.69e-05	2.33e-02	5.33e-01	4.22e-01	2.07e-02	1.46e-04	0.00e+00	0.00e+00	3.01e-09	6.82e-10	3.39e-10
 4.04140e+16	4.86e-09	3.08e-05	2.56e-02	5.47e-01	4.08e-01	1.90e-02	1.26e-04	0.00e+00	0.00e+00	3.63e-09	8.20e-10	4.08e-10
 4.25130e+16	6.03e-09	3.61e-05	2.85e-02	5.62e-01	3.92e-01	1.72e-02	1.07e-04	0.00e+00	0.00e+00	4.50e-09	1.02e-09	5.07e-10
 4.48361e+16	7.58e-09	4.28e-05	3.21e-02	5.78e-01	3.75e-01	1.55e-02	8.92e-05	0.00e+00	0.00e+00	5.66e-09	1.28e-09	6.39e-10
 4.70095e+16	9.35e-09	5.01e-05	3.57e-02	5.92e-01	3.59e-01	1.40e-02	7.54e-05	0.00e+00	0.00e+00	6.98e-09	1.58e-09	7.89e-10
 4.90706e+16	1.15e-08	5.83e-05	3.95e-02	6.04e-01	3.43e-01	1.27e-02	6.42e-05	0.00e+00	0.00e+00	8.54e-09	1.93e-09	9.67e-10
 5.11961e+16	1.41e-08	6.82e-05	4.38e-02	6.17e-01	3.28e-01	1.15e-02	5.45e-05	0.00e+00	0.00e+00	1.06e-08	2.38e-09	1.20e-09
 5.32880e+16	1.74e-08	7.95e-05	4.85e-02	6.28e-01	3.13e-01	1.04e-02	4.63e-05	0.00e+00	0.00e+00	1.29e-08	2.92e-09	1.47e-09
 5.51707e+16	2.09e-08	9.15e-05	5.31e-02	6.38e-01	3.00e-01	9.48e-03	4.00e-05	0.00e+00	0.00e+00	1.56e-08	3.52e-09	1.77e-09
 5.68651e+16	2.49e-08	1.04e-04	5.76e-02	6.46e-01	2.88e-01	8.72e-03	3.50e-05	0.00e+00	0.00e+00	1.85e-08	4.18e-09	2.11e-09
 5.83902e+16	2.90e-08	1.17e-04	6.21e-02	6.52e-01	2.77e-01	8.09e-03	3.11e-05	0.00e+00	0.00e+00	2.17e-08	4.88e-09	2.46e-09
 5.97627e+16	3.35e-08	1.30e-04	6.64e-02	6.58e-01	2.68e-01	7.55e-03	2.79e-05	0.00e+00	0.00e+00	2.50e-08	5.63e-09	2.84e-09
 6.09979e+16	3.82e-08	1.44e-04	7.06e-02	6.63e-01	2.60e-01	7.09e-03	2.53e-05	0.00e+00	0.00e+00	2.85e-08	6.43e-09	3.25e-09
 6.21096e+16	4.31e-08	1.57e-04	7.46e-02	6.66e-01	2.52e-01	6.70e-03	2.31e-05	0.00e+00	0.00e+00	3.22e-08	7.24e-09	3.66e-09
 6.31102e+16	4.82e-08	1.71e-04	7.84e-02	6.70e-01	2.45e-01	6.36e-03	2.13e-05	0.00e+00	0.00e+00	3.59e-08	8.09e-09	4.09e-09
 6.40107e+16	5.29e-08	1.83e-04	8.20e-02	6.72e-01	2.40e-01	6.06e-03	1.98e-05	0.00e+00	0.00e+00	3.94e-08	8.88e-09	4.50e-09
 6.48211e+16	5.82e-08	1.97e-04	8.54e-02	6.74e-01	2.34e-01	5.80e-03	1.85e-05	0.00e+00	0.00e+00	4.34e-08	9.77e-09	4.95e-09
 6.55656e+16	6.35e-08	2.10e-04	8.88e-02	6.76e-01	2.29e-01	5.57e-03	1.74e-05	0.00e+00	0.00e+00	4.74e-08	1.07e-08	5.41e-09
 6.62868e+16	6.93e-08	2.25e-04	9.21e-02	6.78e-01	2.24e-01	5.36e-03	1.64e-05	0.00e+00	0.00e+00	5.17e-08	1.16e-08	5.90e-09
 6.70079e+16	7.57e-08	2.40e-04	9.56e-02	6.79e-01	2.20e-01	5.15e-03	1.54e-05	0.00e+00	0.00e+00	5.65e-08	1.27e-08	6.45e-09
 6.77291e+16	8.29e-08	2.57e-04	9.93e-02	6.81e-01	2.15e-01	4.94e-03	1.45e-05	0.00e+00	0.00e+00	6.19e-08	1.39e-08	7.06e-09
 6.84502e+16	9.10e-08	2.75e-04	1.03e-01	6.82e-01	2.10e-01	4.74e-03	1.36e-05	0.00e+00	0.00e+00	6.79e-08	1.53e-08	7.75e-09
 6.91714e+16	1.00e-07	2.95e-04	1.07e-01	6.83e-01	2.05e-01	4.55e-03	1.28e-05	0.00e+00	0.00e+00	7.47e-08	1.68e-08	8.53e-09
 6.98925e+16	1.10e-07	3.18e-04	1.11e-01	6.83e-01	2.01e-01	4.36e-03	1.20e-05	0.00e+00	0.00e+00	8.24e-08	1.85e-08	9.42e-09
 7.06137e+16	1.23e-07	3.45e-04	1.16e-01	6.84e-01	1.96e-01	4.17e-03	1.12e-05	0.00e+00	0.00e+00	9.20e-08	2.07e-08	1.05e-08
 7.13348e+16	1.38e-07	3.74e-04	1.21e-01	6.84e-01	1.91e-01	3.99e-03	1.05e-05	0.00e+00	0.00e+00	1.03e-07	2.31e-08	1.17e-08
 7.19053e+16	1.55e-07	4.08e-04	1.25e-01	6.84e-01	1.87e-01	3.85e-03	9.93e-06	0.00e+00	0.00e+00	1.16e-07	2.60e-08	1.32e-08
