#depth	He	He+	He+2
 3.50657e+14	1.51e-07	3.73e-03	9.96e-01
 1.51707e+15	1.69e-07	3.95e-03	9.96e-01
 3.18122e+15	1.98e-07	4.27e-03	9.96e-01
 4.91194e+15	2.32e-07	4.62e-03	9.95e-01
 6.57983e+15	2.69e-07	4.97e-03	9.95e-01
 8.13459e+15	3.07e-07	5.31e-03	9.95e-01
 9.88359e+15	3.54e-07	5.72e-03	9.94e-01
 1.18824e+16	4.15e-07	6.19e-03	9.94e-01
 1.37661e+16	4.78e-07	6.65e-03	9.93e-01
 1.54562e+16	5.43e-07	7.08e-03	9.93e-01
 1.73546e+16	6.25e-07	7.60e-03	9.92e-01
 1.95978e+16	7.33e-07	8.23e-03	9.92e-01
 2.18150e+16	8.52e-07	8.87e-03	9.91e-01
 2.38599e+16	9.75e-07	9.48e-03	9.91e-01
 2.61550e+16	1.13e-06	1.02e-02	9.90e-01
 2.87413e+16	1.33e-06	1.11e-02	9.89e-01
 3.12147e+16	1.55e-06	1.19e-02	9.88e-01
 3.35430e+16	1.77e-06	1.28e-02	9.87e-01
 3.61738e+16	2.06e-06	1.38e-02	9.86e-01
 3.91196e+16	2.43e-06	1.50e-02	9.85e-01
 4.15760e+16	2.77e-06	1.60e-02	9.84e-01
 4.34643e+16	3.06e-06	1.68e-02	9.83e-01
 4.55129e+16	3.41e-06	1.78e-02	9.82e-01
 4.79430e+16	3.87e-06	1.90e-02	9.81e-01
 5.03603e+16	4.38e-06	2.03e-02	9.80e-01
 5.25357e+16	4.88e-06	2.14e-02	9.79e-01
 5.44937e+16	5.38e-06	2.25e-02	9.77e-01
 5.62558e+16	5.88e-06	2.36e-02	9.76e-01
 5.78418e+16	6.36e-06	2.46e-02	9.75e-01
 5.92691e+16	6.82e-06	2.55e-02	9.74e-01
 6.05537e+16	7.28e-06	2.64e-02	9.74e-01
 6.17099e+16	7.70e-06	2.72e-02	9.73e-01
 6.27504e+16	8.12e-06	2.79e-02	9.72e-01
 6.36869e+16	8.51e-06	2.86e-02	9.71e-01
 6.45297e+16	8.88e-06	2.93e-02	9.71e-01
 6.52895e+16	9.23e-06	2.99e-02	9.70e-01
 6.60107e+16	9.57e-06	3.04e-02	9.70e-01
 6.67318e+16	9.95e-06	3.10e-02	9.69e-01
 6.74530e+16	1.03e-05	3.16e-02	9.68e-01
 6.81741e+16	1.07e-05	3.23e-02	9.68e-01
 6.88953e+16	1.11e-05	3.29e-02	9.67e-01
 6.96164e+16	1.16e-05	3.36e-02	9.66e-01
 7.03376e+16	1.21e-05	3.43e-02	9.66e-01
 7.10587e+16	1.26e-05	3.50e-02	9.65e-01
 7.17672e+16	1.32e-05	3.57e-02	9.64e-01
