#depth	O	O+	O+2	O+3	O+4	O+5	O+6	O+7	O+8	O[1]	O[2]	O[3]
 2.05352e+14	6.90e-11	8.92e-07	1.61e-03	1.59e-01	6.39e-01	1.88e-01	1.32e-02	0.00e+00	0.00e+00	5.43e-11	9.38e-12	5.20e-12
 1.22065e+15	8.50e-11	1.04e-06	1.79e-03	1.67e-01	6.40e-01	1.79e-01	1.18e-02	0.00e+00	0.00e+00	6.69e-11	1.15e-11	6.42e-12
 2.87295e+15	1.15e-10	1.31e-06	2.12e-03	1.82e-01	6.40e-01	1.66e-01	1.00e-02	0.00e+00	0.00e+00	9.07e-11	1.56e-11	8.70e-12
 4.59133e+15	1.56e-10	1.65e-06	2.51e-03	1.97e-01	6.38e-01	1.54e-01	8.43e-03	0.00e+00	0.00e+00	1.23e-10	2.11e-11	1.18e-11
 6.18994e+15	2.02e-10	2.01e-06	2.91e-03	2.12e-01	6.35e-01	1.43e-01	7.20e-03	0.00e+00	0.00e+00	1.59e-10	2.73e-11	1.53e-11
 7.59740e+15	2.53e-10	2.38e-06	3.30e-03	2.24e-01	6.32e-01	1.34e-01	6.29e-03	0.00e+00	0.00e+00	1.99e-10	3.42e-11	1.91e-11
 9.17267e+15	3.24e-10	2.87e-06	3.79e-03	2.39e-01	6.27e-01	1.25e-01	5.41e-03	0.00e+00	0.00e+00	2.56e-10	4.38e-11	2.46e-11
 1.10660e+16	4.31e-10	3.56e-06	4.43e-03	2.56e-01	6.20e-01	1.15e-01	4.53e-03	0.00e+00	0.00e+00	3.40e-10	5.83e-11	3.27e-11
 1.29630e+16	5.73e-10	4.40e-06	5.15e-03	2.74e-01	6.12e-01	1.05e-01	3.80e-03	0.00e+00	0.00e+00	4.52e-10	7.74e-11	4.35e-11
 1.47034e+16	7.38e-10	5.31e-06	5.89e-03	2.90e-01	6.03e-01	9.75e-02	3.25e-03	0.00e+00	0.00e+00	5.82e-10	9.96e-11	5.61e-11
 1.63441e+16	9.31e-10	6.31e-06	6.64e-03	3.05e-01	5.95e-01	9.06e-02	2.81e-03	0.00e+00	0.00e+00	7.34e-10	1.26e-10	7.09e-11
 1.81713e+16	1.21e-09	7.64e-06	7.58e-03	3.22e-01	5.85e-01	8.35e-02	2.39e-03	0.00e+00	0.00e+00	9.52e-10	1.63e-10	9.21e-11
 2.01833e+16	1.58e-09	9.31e-06	8.70e-03	3.40e-01	5.73e-01	7.64e-02	2.00e-03	0.00e+00	0.00e+00	1.24e-09	2.12e-10	1.20e-10
 2.20447e+16	2.00e-09	1.11e-05	9.83e-03	3.57e-01	5.61e-01	7.04e-02	1.71e-03	0.00e+00	0.00e+00	1.58e-09	2.70e-10	1.53e-10
 2.40736e+16	2.61e-09	1.35e-05	1.12e-02	3.75e-01	5.48e-01	6.43e-02	1.44e-03	0.00e+00	0.00e+00	2.06e-09	3.51e-10	1.99e-10
 2.63139e+16	3.43e-09	1.65e-05	1.29e-02	3.94e-01	5.33e-01	5.83e-02	1.19e-03	0.00e+00	0.00e+00	2.70e-09	4.60e-10	2.62e-10
 2.83938e+16	4.37e-09	1.97e-05	1.46e-02	4.12e-01	5.19e-01	5.32e-02	1.01e-03	0.00e+00	0.00e+00	3.44e-09	5.86e-10	3.35e-10
 3.02419e+16	5.38e-09	2.31e-05	1.62e-02	4.28e-01	5.06e-01	4.91e-02	8.67e-04	0.00e+00	0.00e+00	4.24e-09	7.22e-10	4.13e-10
 3.22239e+16	6.75e-09	2.72e-05	1.81e-02	4.44e-01	4.92e-01	4.50e-02	7.39e-04	0.00e+00	0.00e+00	5.32e-09	9.06e-10	5.19e-10
 3.43976e+16	8.56e-09	3.25e-05	2.04e-02	4.61e-01	4.77e-01	4.10e-02	6.21e-04	0.00e+00	0.00e+00	6.75e-09	1.15e-09	6.58e-10
 3.64254e+16	1.06e-08	3.80e-05	2.27e-02	4.77e-01	4.62e-01	3.75e-02	5.31e-04	0.00e+00	0.00e+00	8.34e-09	1.42e-09	8.14e-10
 3.83659e+16	1.29e-08	4.41e-05	2.51e-02	4.91e-01	4.49e-01	3.44e-02	4.56e-04	0.00e+00	0.00e+00	1.02e-08	1.73e-09	9.97e-10
 4.05882e+16	1.63e-08	5.24e-05	2.81e-02	5.08e-01	4.33e-01	3.12e-02	3.84e-04	0.00e+00	0.00e+00	1.29e-08	2.19e-09	1.26e-09
 4.30092e+16	2.08e-08	6.27e-05	3.16e-02	5.24e-01	4.16e-01	2.81e-02	3.19e-04	0.00e+00	0.00e+00	1.64e-08	2.78e-09	1.60e-09
 4.52301e+16	2.57e-08	7.35e-05	3.51e-02	5.39e-01	4.00e-01	2.55e-02	2.70e-04	0.00e+00	0.00e+00	2.03e-08	3.44e-09	1.99e-09
 4.75774e+16	3.24e-08	8.73e-05	3.93e-02	5.54e-01	3.84e-01	2.30e-02	2.26e-04	0.00e+00	0.00e+00	2.56e-08	4.34e-09	2.51e-09
 5.00312e+16	4.10e-08	1.04e-04	4.40e-02	5.68e-01	3.67e-01	2.06e-02	1.88e-04	0.00e+00	0.00e+00	3.23e-08	5.47e-09	3.17e-09
 5.22396e+16	5.05e-08	1.21e-04	4.86e-02	5.81e-01	3.52e-01	1.87e-02	1.59e-04	0.00e+00	0.00e+00	3.98e-08	6.74e-09	3.91e-09
 5.42271e+16	6.09e-08	1.40e-04	5.31e-02	5.91e-01	3.38e-01	1.71e-02	1.37e-04	0.00e+00	0.00e+00	4.80e-08	8.13e-09	4.73e-09
 5.60159e+16	7.22e-08	1.59e-04	5.75e-02	6.00e-01	3.27e-01	1.58e-02	1.20e-04	0.00e+00	0.00e+00	5.69e-08	9.63e-09	5.61e-09
 5.76259e+16	8.43e-08	1.78e-04	6.17e-02	6.07e-01	3.16e-01	1.47e-02	1.07e-04	0.00e+00	0.00e+00	6.64e-08	1.12e-08	6.55e-09
 5.90748e+16	9.70e-08	1.98e-04	6.58e-02	6.14e-01	3.07e-01	1.37e-02	9.55e-05	0.00e+00	0.00e+00	7.65e-08	1.29e-08	7.55e-09
 6.03788e+16	1.10e-07	2.18e-04	6.96e-02	6.19e-01	2.98e-01	1.29e-02	8.66e-05	0.00e+00	0.00e+00	8.70e-08	1.47e-08	8.59e-09
 6.15525e+16	1.24e-07	2.37e-04	7.32e-02	6.23e-01	2.91e-01	1.22e-02	7.92e-05	0.00e+00	0.00e+00	9.78e-08	1.65e-08	9.66e-09
 6.26087e+16	1.38e-07	2.57e-04	7.67e-02	6.27e-01	2.84e-01	1.16e-02	7.31e-05	0.00e+00	0.00e+00	1.09e-07	1.84e-08	1.08e-08
 6.35594e+16	1.51e-07	2.75e-04	7.99e-02	6.30e-01	2.78e-01	1.11e-02	6.80e-05	0.00e+00	0.00e+00	1.19e-07	2.02e-08	1.18e-08
 6.44150e+16	1.66e-07	2.94e-04	8.29e-02	6.33e-01	2.73e-01	1.07e-02	6.37e-05	0.00e+00	0.00e+00	1.31e-07	2.21e-08	1.29e-08
 6.51850e+16	1.80e-07	3.13e-04	8.58e-02	6.35e-01	2.68e-01	1.03e-02	6.00e-05	0.00e+00	0.00e+00	1.42e-07	2.40e-08	1.41e-08
 6.59103e+16	1.95e-07	3.32e-04	8.86e-02	6.38e-01	2.64e-01	9.94e-03	5.66e-05	0.00e+00	0.00e+00	1.54e-07	2.60e-08	1.52e-08
 6.66315e+16	2.12e-07	3.52e-04	9.15e-02	6.39e-01	2.59e-01	9.60e-03	5.35e-05	0.00e+00	0.00e+00	1.67e-07	2.82e-08	1.65e-08
 6.73526e+16	2.30e-07	3.74e-04	9.44e-02	6.41e-01	2.55e-01	9.26e-03	5.05e-05	0.00e+00	0.00e+00	1.81e-07	3.06e-08	1.79e-08
 6.80738e+16	2.50e-07	3.98e-04	9.75e-02	6.43e-01	2.50e-01	8.93e-03	4.77e-05	0.00e+00	0.00e+00	1.97e-07	3.32e-08	1.95e-08
 6.87949e+16	2.74e-07	4.25e-04	1.01e-01	6.45e-01	2.46e-01	8.61e-03	4.49e-05	0.00e+00	0.00e+00	2.16e-07	3.65e-08	2.14e-08
 6.95161e+16	3.00e-07	4.54e-04	1.04e-01	6.46e-01	2.41e-01	8.30e-03	4.23e-05	0.00e+00	0.00e+00	2.36e-07	3.98e-08	2.34e-08
 7.02372e+16	3.27e-07	4.85e-04	1.07e-01	6.47e-01	2.37e-01	7.99e-03	3.99e-05	0.00e+00	0.00e+00	2.58e-07	4.35e-08	2.56e-08
 7.09584e+16	3.65e-07	5.24e-04	1.11e-01	6.48e-01	2.32e-01	7.68e-03	3.74e-05	0.00e+00	0.00e+00	2.88e-07	4.85e-08	2.85e-08
 7.16795e+16	4.12e-07	5.72e-04	1.15e-01	6.49e-01	2.28e-01	7.39e-03	3.51e-05	0.00e+00	0.00e+00	3.25e-07	5.48e-08	3.23e-08
 7.20776e+16	4.89e-07	6.37e-04	1.18e-01	6.49e-01	2.25e-01	7.16e-03	3.31e-05	0.00e+00	0.00e+00	3.85e-07	6.50e-08	3.83e-08
