#depth	He	He+	He+2
 2.30832e+14	1.51e-07	3.75e-03	9.96e-01
 1.27263e+15	1.68e-07	3.96e-03	9.96e-01
 2.92700e+15	1.96e-07	4.27e-03	9.96e-01
 4.64755e+15	2.29e-07	4.61e-03	9.95e-01
 6.30954e+15	2.64e-07	4.96e-03	9.95e-01
 7.86396e+15	3.00e-07	5.29e-03	9.95e-01
 9.60792e+15	3.46e-07	5.69e-03	9.94e-01
 1.15957e+16	4.05e-07	6.16e-03	9.94e-01
 1.34547e+16	4.67e-07	6.61e-03	9.93e-01
 1.50988e+16	5.28e-07	7.03e-03	9.93e-01
 1.69353e+16	6.05e-07	7.53e-03	9.92e-01
 1.91345e+16	7.07e-07	8.15e-03	9.92e-01
 2.13224e+16	8.21e-07	8.77e-03	9.91e-01
 2.33097e+16	9.36e-07	9.37e-03	9.91e-01
 2.55193e+16	1.08e-06	1.01e-02	9.90e-01
 2.80095e+16	1.27e-06	1.09e-02	9.89e-01
 3.03875e+16	1.47e-06	1.18e-02	9.88e-01
 3.29563e+16	1.72e-06	1.28e-02	9.87e-01
 3.57501e+16	2.02e-06	1.39e-02	9.86e-01
 3.80399e+16	2.29e-06	1.48e-02	9.85e-01
 3.98146e+16	2.53e-06	1.56e-02	9.84e-01
 4.17617e+16	2.82e-06	1.66e-02	9.83e-01
 4.42929e+16	3.26e-06	1.79e-02	9.82e-01
 4.68982e+16	3.75e-06	1.93e-02	9.81e-01
 4.90686e+16	4.21e-06	2.06e-02	9.79e-01
 5.11669e+16	4.73e-06	2.19e-02	9.78e-01
 5.32617e+16	5.29e-06	2.34e-02	9.77e-01
 5.51471e+16	5.87e-06	2.47e-02	9.75e-01
 5.68439e+16	6.45e-06	2.61e-02	9.74e-01
 5.83710e+16	7.02e-06	2.73e-02	9.73e-01
 5.97454e+16	7.58e-06	2.86e-02	9.71e-01
 6.09824e+16	8.13e-06	2.97e-02	9.70e-01
 6.20957e+16	8.66e-06	3.08e-02	9.69e-01
 6.30976e+16	9.19e-06	3.19e-02	9.68e-01
 6.39994e+16	9.69e-06	3.28e-02	9.67e-01
 6.48110e+16	1.02e-05	3.37e-02	9.66e-01
 6.55560e+16	1.06e-05	3.46e-02	9.65e-01
 6.62771e+16	1.11e-05	3.55e-02	9.64e-01
 6.69983e+16	1.16e-05	3.64e-02	9.64e-01
 6.77194e+16	1.22e-05	3.74e-02	9.63e-01
 6.84406e+16	1.27e-05	3.84e-02	9.62e-01
 6.91617e+16	1.33e-05	3.94e-02	9.61e-01
 6.98829e+16	1.40e-05	4.05e-02	9.59e-01
 7.06040e+16	1.47e-05	4.16e-02	9.58e-01
 7.13252e+16	1.55e-05	4.28e-02	9.57e-01
 7.19005e+16	1.63e-05	4.37e-02	9.56e-01
