#depth	O	O+	O+2	O+3	O+4	O+5	O+6	O+7	O+8	O[1]	O[2]	O[3]
 2.68801e+14	1.81e-11	5.84e-07	1.77e-03	2.15e-01	6.89e-01	9.23e-02	2.05e-03	0.00e+00	0.00e+00	1.40e-11	2.67e-12	1.42e-12
 1.35009e+15	2.22e-11	6.79e-07	1.96e-03	2.26e-01	6.84e-01	8.70e-02	1.82e-03	0.00e+00	0.00e+00	1.72e-11	3.28e-12	1.74e-12
 3.00756e+15	2.96e-11	8.44e-07	2.29e-03	2.42e-01	6.75e-01	7.97e-02	1.53e-03	0.00e+00	0.00e+00	2.29e-11	4.34e-12	2.31e-12
 4.73133e+15	3.94e-11	1.05e-06	2.67e-03	2.59e-01	6.64e-01	7.28e-02	1.27e-03	0.00e+00	0.00e+00	3.05e-11	5.78e-12	3.08e-12
 6.39109e+15	5.12e-11	1.27e-06	3.07e-03	2.75e-01	6.54e-01	6.68e-02	1.08e-03	0.00e+00	0.00e+00	3.96e-11	7.50e-12	4.00e-12
 7.93561e+15	6.48e-11	1.52e-06	3.48e-03	2.90e-01	6.43e-01	6.17e-02	9.21e-04	0.00e+00	0.00e+00	5.01e-11	9.48e-12	5.07e-12
 9.67487e+15	8.40e-11	1.84e-06	3.98e-03	3.08e-01	6.31e-01	5.65e-02	7.77e-04	0.00e+00	0.00e+00	6.50e-11	1.23e-11	6.57e-12
 1.16653e+16	1.11e-10	2.27e-06	4.62e-03	3.27e-01	6.17e-01	5.11e-02	6.41e-04	0.00e+00	0.00e+00	8.62e-11	1.63e-11	8.72e-12
 1.35295e+16	1.44e-10	2.75e-06	5.28e-03	3.45e-01	6.03e-01	4.66e-02	5.38e-04	0.00e+00	0.00e+00	1.12e-10	2.11e-11	1.13e-11
 1.51816e+16	1.81e-10	3.25e-06	5.92e-03	3.61e-01	5.90e-01	4.30e-02	4.62e-04	0.00e+00	0.00e+00	1.40e-10	2.64e-11	1.42e-11
 1.70277e+16	2.33e-10	3.90e-06	6.69e-03	3.78e-01	5.75e-01	3.93e-02	3.91e-04	0.00e+00	0.00e+00	1.80e-10	3.39e-11	1.83e-11
 1.92344e+16	3.10e-10	4.81e-06	7.71e-03	3.99e-01	5.58e-01	3.54e-02	3.21e-04	0.00e+00	0.00e+00	2.41e-10	4.52e-11	2.44e-11
 2.14290e+16	4.08e-10	5.86e-06	8.82e-03	4.19e-01	5.40e-01	3.19e-02	2.65e-04	0.00e+00	0.00e+00	3.16e-10	5.93e-11	3.21e-11
 2.34288e+16	5.19e-10	6.99e-06	9.93e-03	4.37e-01	5.24e-01	2.90e-02	2.23e-04	0.00e+00	0.00e+00	4.02e-10	7.54e-11	4.09e-11
 2.56562e+16	6.79e-10	8.48e-06	1.13e-02	4.56e-01	5.06e-01	2.61e-02	1.85e-04	0.00e+00	0.00e+00	5.26e-10	9.85e-11	5.35e-11
 2.81665e+16	9.04e-10	1.04e-05	1.30e-02	4.78e-01	4.86e-01	2.33e-02	1.50e-04	0.00e+00	0.00e+00	7.01e-10	1.31e-10	7.13e-11
 3.05659e+16	1.18e-09	1.26e-05	1.47e-02	4.97e-01	4.67e-01	2.09e-02	1.23e-04	0.00e+00	0.00e+00	9.13e-10	1.71e-10	9.30e-11
 3.31500e+16	1.56e-09	1.55e-05	1.68e-02	5.18e-01	4.47e-01	1.85e-02	1.00e-04	0.00e+00	0.00e+00	1.21e-09	2.26e-10	1.24e-10
 3.59231e+16	2.09e-09	1.91e-05	1.93e-02	5.39e-01	4.26e-01	1.63e-02	8.04e-05	0.00e+00	0.00e+00	1.62e-09	3.02e-10	1.65e-10
 3.84979e+16	2.71e-09	2.30e-05	2.19e-02	5.57e-01	4.06e-01	1.46e-02	6.58e-05	0.00e+00	0.00e+00	2.10e-09	3.91e-10	2.15e-10
 4.07052e+16	3.35e-09	2.68e-05	2.43e-02	5.72e-01	3.90e-01	1.32e-02	5.56e-05	0.00e+00	0.00e+00	2.60e-09	4.84e-10	2.66e-10
 4.26099e+16	4.04e-09	3.07e-05	2.65e-02	5.85e-01	3.76e-01	1.21e-02	4.81e-05	0.00e+00	0.00e+00	3.13e-09	5.83e-10	3.21e-10
 4.47605e+16	4.99e-09	3.57e-05	2.92e-02	5.98e-01	3.61e-01	1.10e-02	4.08e-05	0.00e+00	0.00e+00	3.87e-09	7.20e-10	3.97e-10
 4.71837e+16	6.29e-09	4.22e-05	3.25e-02	6.13e-01	3.45e-01	9.87e-03	3.40e-05	0.00e+00	0.00e+00	4.88e-09	9.07e-10	5.01e-10
 4.95052e+16	7.82e-09	4.94e-05	3.60e-02	6.26e-01	3.29e-01	8.90e-03	2.86e-05	0.00e+00	0.00e+00	6.06e-09	1.13e-09	6.23e-10
 5.16940e+16	9.59e-09	5.72e-05	3.95e-02	6.38e-01	3.15e-01	8.07e-03	2.44e-05	0.00e+00	0.00e+00	7.43e-09	1.38e-09	7.64e-10
 5.37361e+16	1.16e-08	6.56e-05	4.31e-02	6.48e-01	3.02e-01	7.36e-03	2.10e-05	0.00e+00	0.00e+00	8.98e-09	1.67e-09	9.24e-10
 5.55740e+16	1.37e-08	7.42e-05	4.65e-02	6.56e-01	2.90e-01	6.78e-03	1.83e-05	0.00e+00	0.00e+00	1.06e-08	1.97e-09	1.10e-09
 5.72281e+16	1.60e-08	8.30e-05	4.99e-02	6.64e-01	2.80e-01	6.29e-03	1.62e-05	0.00e+00	0.00e+00	1.24e-08	2.30e-09	1.28e-09
 5.87168e+16	1.84e-08	9.18e-05	5.30e-02	6.70e-01	2.71e-01	5.88e-03	1.46e-05	0.00e+00	0.00e+00	1.42e-08	2.64e-09	1.47e-09
 6.00567e+16	2.08e-08	1.01e-04	5.61e-02	6.75e-01	2.63e-01	5.53e-03	1.32e-05	0.00e+00	0.00e+00	1.62e-08	2.99e-09	1.67e-09
 6.12625e+16	2.33e-08	1.09e-04	5.89e-02	6.80e-01	2.56e-01	5.24e-03	1.21e-05	0.00e+00	0.00e+00	1.81e-08	3.35e-09	1.87e-09
 6.23478e+16	2.59e-08	1.18e-04	6.16e-02	6.83e-01	2.50e-01	4.98e-03	1.12e-05	0.00e+00	0.00e+00	2.01e-08	3.72e-09	2.07e-09
 6.33245e+16	2.85e-08	1.26e-04	6.41e-02	6.87e-01	2.44e-01	4.76e-03	1.04e-05	0.00e+00	0.00e+00	2.21e-08	4.09e-09	2.28e-09
 6.42036e+16	3.10e-08	1.35e-04	6.65e-02	6.89e-01	2.39e-01	4.57e-03	9.74e-06	0.00e+00	0.00e+00	2.40e-08	4.45e-09	2.49e-09
 6.49947e+16	3.35e-08	1.43e-04	6.87e-02	6.92e-01	2.35e-01	4.41e-03	9.19e-06	0.00e+00	0.00e+00	2.60e-08	4.81e-09	2.69e-09
 6.57301e+16	3.60e-08	1.50e-04	7.08e-02	6.94e-01	2.31e-01	4.26e-03	8.71e-06	0.00e+00	0.00e+00	2.79e-08	5.16e-09	2.89e-09
 6.64512e+16	3.88e-08	1.59e-04	7.30e-02	6.96e-01	2.27e-01	4.11e-03	8.25e-06	0.00e+00	0.00e+00	3.01e-08	5.58e-09	3.12e-09
 6.71724e+16	4.17e-08	1.67e-04	7.52e-02	6.98e-01	2.23e-01	3.98e-03	7.83e-06	0.00e+00	0.00e+00	3.23e-08	5.98e-09	3.35e-09
 6.78935e+16	4.51e-08	1.77e-04	7.75e-02	6.99e-01	2.19e-01	3.84e-03	7.41e-06	0.00e+00	0.00e+00	3.50e-08	6.48e-09	3.63e-09
 6.86147e+16	4.87e-08	1.87e-04	7.99e-02	7.01e-01	2.15e-01	3.71e-03	7.02e-06	0.00e+00	0.00e+00	3.78e-08	6.99e-09	3.91e-09
 6.93358e+16	5.25e-08	1.98e-04	8.23e-02	7.03e-01	2.11e-01	3.58e-03	6.65e-06	0.00e+00	0.00e+00	4.07e-08	7.53e-09	4.22e-09
 7.00570e+16	5.70e-08	2.10e-04	8.49e-02	7.04e-01	2.07e-01	3.46e-03	6.30e-06	0.00e+00	0.00e+00	4.42e-08	8.17e-09	4.58e-09
 7.07781e+16	6.23e-08	2.24e-04	8.76e-02	7.05e-01	2.04e-01	3.34e-03	5.95e-06	0.00e+00	0.00e+00	4.83e-08	8.93e-09	5.01e-09
 7.14993e+16	6.81e-08	2.39e-04	9.02e-02	7.06e-01	2.00e-01	3.22e-03	5.64e-06	0.00e+00	0.00e+00	5.28e-08	9.77e-09	5.48e-09
 7.19875e+16	7.61e-08	2.59e-04	9.24e-02	7.07e-01	1.97e-01	3.14e-03	5.40e-06	0.00e+00	0.00e+00	5.90e-08	1.09e-08	6.13e-09
