#depth	O	O+	O+2	O+3	O+4	O+5	O+6	O+7	O+8	O[1]	O[2]	O[3]
 2.40541e+14	8.93e-12	4.39e-07	1.72e-03	2.34e-01	6.96e-01	6.77e-02	9.12e-04	0.00e+00	0.00e+00	6.70e-12	1.49e-12	7.32e-13
 1.29244e+15	1.08e-11	5.08e-07	1.90e-03	2.44e-01	6.89e-01	6.37e-02	8.11e-04	0.00e+00	0.00e+00	8.13e-12	1.80e-12	8.88e-13
 2.94760e+15	1.44e-11	6.29e-07	2.20e-03	2.61e-01	6.78e-01	5.81e-02	6.78e-04	0.00e+00	0.00e+00	1.08e-11	2.37e-12	1.17e-12
 4.66897e+15	1.90e-11	7.77e-07	2.56e-03	2.79e-01	6.65e-01	5.29e-02	5.65e-04	0.00e+00	0.00e+00	1.43e-11	3.14e-12	1.55e-12
 6.34744e+15	2.46e-11	9.43e-07	2.94e-03	2.96e-01	6.53e-01	4.83e-02	4.75e-04	0.00e+00	0.00e+00	1.85e-11	4.05e-12	2.01e-12
 7.93996e+15	3.12e-11	1.13e-06	3.33e-03	3.12e-01	6.40e-01	4.43e-02	4.04e-04	0.00e+00	0.00e+00	2.35e-11	5.14e-12	2.55e-12
 9.70795e+15	4.03e-11	1.36e-06	3.81e-03	3.29e-01	6.26e-01	4.04e-02	3.39e-04	0.00e+00	0.00e+00	3.04e-11	6.62e-12	3.30e-12
 1.16508e+16	5.30e-11	1.67e-06	4.39e-03	3.49e-01	6.10e-01	3.65e-02	2.81e-04	0.00e+00	0.00e+00	3.99e-11	8.68e-12	4.33e-12
 1.34802e+16	6.81e-11	2.01e-06	4.99e-03	3.67e-01	5.95e-01	3.33e-02	2.36e-04	0.00e+00	0.00e+00	5.13e-11	1.12e-11	5.58e-12
 1.54318e+16	8.88e-11	2.44e-06	5.70e-03	3.86e-01	5.78e-01	3.01e-02	1.97e-04	0.00e+00	0.00e+00	6.68e-11	1.45e-11	7.27e-12
 1.75745e+16	1.17e-10	3.00e-06	6.54e-03	4.06e-01	5.60e-01	2.71e-02	1.62e-04	0.00e+00	0.00e+00	8.82e-11	1.91e-11	9.60e-12
 1.95970e+16	1.51e-10	3.61e-06	7.42e-03	4.25e-01	5.43e-01	2.45e-02	1.35e-04	0.00e+00	0.00e+00	1.13e-10	2.46e-11	1.23e-11
 2.17784e+16	1.97e-10	4.39e-06	8.46e-03	4.45e-01	5.24e-01	2.21e-02	1.12e-04	0.00e+00	0.00e+00	1.48e-10	3.21e-11	1.62e-11
 2.41783e+16	2.61e-10	5.39e-06	9.72e-03	4.67e-01	5.04e-01	1.96e-02	9.07e-05	0.00e+00	0.00e+00	1.97e-10	4.25e-11	2.14e-11
 2.64625e+16	3.38e-10	6.51e-06	1.10e-02	4.87e-01	4.85e-01	1.76e-02	7.48e-05	0.00e+00	0.00e+00	2.55e-10	5.50e-11	2.78e-11
 2.89127e+16	4.45e-10	7.95e-06	1.26e-02	5.07e-01	4.65e-01	1.57e-02	6.10e-05	0.00e+00	0.00e+00	3.35e-10	7.23e-11	3.66e-11
 3.15885e+16	5.92e-10	9.79e-06	1.45e-02	5.29e-01	4.43e-01	1.38e-02	4.90e-05	0.00e+00	0.00e+00	4.47e-10	9.62e-11	4.88e-11
 3.41408e+16	7.71e-10	1.19e-05	1.65e-02	5.49e-01	4.23e-01	1.23e-02	4.00e-05	0.00e+00	0.00e+00	5.81e-10	1.25e-10	6.36e-11
 3.68794e+16	1.02e-09	1.45e-05	1.88e-02	5.69e-01	4.01e-01	1.08e-02	3.21e-05	0.00e+00	0.00e+00	7.71e-10	1.66e-10	8.45e-11
 3.98542e+16	1.37e-09	1.80e-05	2.17e-02	5.90e-01	3.79e-01	9.45e-03	2.55e-05	0.00e+00	0.00e+00	1.04e-09	2.22e-10	1.14e-10
 4.26788e+16	1.80e-09	2.19e-05	2.47e-02	6.09e-01	3.58e-01	8.30e-03	2.05e-05	0.00e+00	0.00e+00	1.36e-09	2.92e-10	1.49e-10
 4.50273e+16	2.24e-09	2.57e-05	2.74e-02	6.23e-01	3.42e-01	7.46e-03	1.72e-05	0.00e+00	0.00e+00	1.69e-09	3.62e-10	1.86e-10
 4.69384e+16	2.68e-09	2.92e-05	2.99e-02	6.35e-01	3.29e-01	6.84e-03	1.49e-05	0.00e+00	0.00e+00	2.02e-09	4.34e-10	2.23e-10
 4.90580e+16	3.29e-09	3.38e-05	3.28e-02	6.47e-01	3.14e-01	6.20e-03	1.27e-05	0.00e+00	0.00e+00	2.48e-09	5.31e-10	2.73e-10
 5.13490e+16	4.07e-09	3.96e-05	3.63e-02	6.59e-01	2.99e-01	5.58e-03	1.07e-05	0.00e+00	0.00e+00	3.07e-09	6.57e-10	3.39e-10
 5.34256e+16	4.93e-09	4.54e-05	3.97e-02	6.69e-01	2.86e-01	5.07e-03	9.14e-06	0.00e+00	0.00e+00	3.72e-09	7.96e-10	4.10e-10
 5.52945e+16	5.87e-09	5.16e-05	4.30e-02	6.78e-01	2.74e-01	4.65e-03	7.96e-06	0.00e+00	0.00e+00	4.42e-09	9.46e-10	4.89e-10
 5.69766e+16	6.86e-09	5.78e-05	4.62e-02	6.86e-01	2.64e-01	4.31e-03	7.02e-06	0.00e+00	0.00e+00	5.18e-09	1.11e-09	5.72e-10
 5.84905e+16	7.91e-09	6.42e-05	4.93e-02	6.92e-01	2.55e-01	4.01e-03	6.28e-06	0.00e+00	0.00e+00	5.97e-09	1.28e-09	6.60e-10
 5.98529e+16	9.00e-09	7.06e-05	5.23e-02	6.97e-01	2.47e-01	3.76e-03	5.67e-06	0.00e+00	0.00e+00	6.79e-09	1.45e-09	7.52e-10
 6.10792e+16	1.01e-08	7.69e-05	5.51e-02	7.02e-01	2.40e-01	3.55e-03	5.18e-06	0.00e+00	0.00e+00	7.64e-09	1.63e-09	8.46e-10
 6.21828e+16	1.13e-08	8.32e-05	5.78e-02	7.05e-01	2.33e-01	3.37e-03	4.77e-06	0.00e+00	0.00e+00	8.49e-09	1.81e-09	9.41e-10
 6.31760e+16	1.24e-08	8.94e-05	6.03e-02	7.09e-01	2.28e-01	3.21e-03	4.43e-06	0.00e+00	0.00e+00	9.36e-09	2.00e-09	1.04e-09
 6.40699e+16	1.36e-08	9.54e-05	6.27e-02	7.11e-01	2.23e-01	3.08e-03	4.15e-06	0.00e+00	0.00e+00	1.02e-08	2.18e-09	1.13e-09
 6.48744e+16	1.47e-08	1.01e-04	6.49e-02	7.14e-01	2.18e-01	2.96e-03	3.90e-06	0.00e+00	0.00e+00	1.11e-08	2.37e-09	1.23e-09
 6.56161e+16	1.58e-08	1.07e-04	6.70e-02	7.16e-01	2.14e-01	2.86e-03	3.69e-06	0.00e+00	0.00e+00	1.19e-08	2.54e-09	1.32e-09
 6.63373e+16	1.70e-08	1.13e-04	6.92e-02	7.18e-01	2.10e-01	2.76e-03	3.50e-06	0.00e+00	0.00e+00	1.28e-08	2.74e-09	1.42e-09
 6.70584e+16	1.84e-08	1.19e-04	7.14e-02	7.20e-01	2.06e-01	2.66e-03	3.31e-06	0.00e+00	0.00e+00	1.38e-08	2.95e-09	1.54e-09
 6.77796e+16	1.98e-08	1.26e-04	7.37e-02	7.21e-01	2.02e-01	2.57e-03	3.13e-06	0.00e+00	0.00e+00	1.49e-08	3.19e-09	1.66e-09
 6.85007e+16	2.14e-08	1.34e-04	7.61e-02	7.23e-01	1.99e-01	2.48e-03	2.96e-06	0.00e+00	0.00e+00	1.62e-08	3.44e-09	1.79e-09
 6.92219e+16	2.32e-08	1.42e-04	7.86e-02	7.24e-01	1.95e-01	2.39e-03	2.80e-06	0.00e+00	0.00e+00	1.75e-08	3.73e-09	1.94e-09
 6.99430e+16	2.52e-08	1.51e-04	8.12e-02	7.26e-01	1.91e-01	2.30e-03	2.65e-06	0.00e+00	0.00e+00	1.90e-08	4.06e-09	2.11e-09
 7.06642e+16	2.74e-08	1.60e-04	8.39e-02	7.27e-01	1.87e-01	2.22e-03	2.51e-06	0.00e+00	0.00e+00	2.06e-08	4.40e-09	2.30e-09
 7.13853e+16	3.00e-08	1.71e-04	8.67e-02	7.28e-01	1.83e-01	2.14e-03	2.37e-06	0.00e+00	0.00e+00	2.26e-08	4.82e-09	2.51e-09
 7.19305e+16	3.31e-08	1.85e-04	8.89e-02	7.28e-01	1.80e-01	2.08e-03	2.27e-06	0.00e+00	0.00e+00	2.50e-08	5.32e-09	2.78e-09
