#depth	C	C+	C+2	C+3	C+4	C+5	C+6	C[1]	C[2]	C[3]	C+[1]	C+[2]	CO
 2.34955e+14	3.82e-09	1.26e-05	3.76e-03	5.26e-02	9.44e-01	5.78e-07	0.00e+00	3.89e-10	1.18e-09	2.01e-09	4.21e-06	8.43e-06	6.35e-31
 1.28104e+15	3.15e-09	1.45e-05	4.15e-03	5.56e-02	9.40e-01	5.63e-07	0.00e+00	3.20e-10	9.70e-10	1.65e-09	4.84e-06	9.68e-06	9.96e-31
 2.93575e+15	3.92e-09	1.78e-05	4.83e-03	6.07e-02	9.34e-01	5.71e-07	0.00e+00	3.99e-10	1.21e-09	2.06e-09	5.94e-06	1.19e-05	1.95e-30
 4.65665e+15	4.92e-09	2.19e-05	5.63e-03	6.61e-02	9.28e-01	5.77e-07	0.00e+00	5.00e-10	1.52e-09	2.59e-09	7.31e-06	1.46e-05	3.79e-30
 6.25866e+15	6.01e-09	2.63e-05	6.46e-03	7.14e-02	9.22e-01	5.76e-07	0.00e+00	6.12e-10	1.85e-09	3.16e-09	8.76e-06	1.75e-05	6.80e-30
 7.66960e+15	7.14e-09	3.07e-05	7.26e-03	7.63e-02	9.16e-01	5.92e-07	0.00e+00	7.26e-10	2.20e-09	3.75e-09	1.02e-05	2.05e-05	1.12e-29
 9.24796e+15	8.70e-09	3.64e-05	8.25e-03	8.19e-02	9.10e-01	5.95e-07	0.00e+00	8.86e-10	2.68e-09	4.58e-09	1.22e-05	2.43e-05	1.94e-29
 1.11446e+16	1.09e-08	4.43e-05	9.57e-03	8.90e-02	9.01e-01	6.05e-07	0.00e+00	1.11e-09	3.35e-09	5.71e-09	1.48e-05	2.95e-05	3.64e-29
 1.30463e+16	1.34e-08	5.35e-05	1.10e-02	9.63e-02	8.93e-01	6.12e-07	0.00e+00	1.37e-09	4.14e-09	7.05e-09	1.79e-05	3.56e-05	6.64e-29
 1.47950e+16	1.62e-08	6.33e-05	1.25e-02	1.03e-01	8.84e-01	6.14e-07	0.00e+00	1.66e-09	5.01e-09	8.55e-09	2.12e-05	4.22e-05	1.15e-28
 1.64478e+16	1.94e-08	7.39e-05	1.40e-02	1.10e-01	8.76e-01	6.19e-07	0.00e+00	1.97e-09	5.98e-09	1.02e-08	2.47e-05	4.92e-05	1.88e-28
 1.82911e+16	2.36e-08	8.76e-05	1.59e-02	1.18e-01	8.66e-01	6.22e-07	0.00e+00	2.40e-09	7.27e-09	1.24e-08	2.93e-05	5.83e-05	3.28e-28
 2.03237e+16	2.89e-08	1.05e-04	1.81e-02	1.27e-01	8.54e-01	6.31e-07	0.00e+00	2.95e-09	8.93e-09	1.52e-08	3.50e-05	6.97e-05	5.80e-28
 2.22047e+16	3.46e-08	1.23e-04	2.04e-02	1.36e-01	8.43e-01	6.31e-07	0.00e+00	3.53e-09	1.07e-08	1.82e-08	4.10e-05	8.16e-05	9.59e-28
 2.38721e+16	4.05e-08	1.41e-04	2.26e-02	1.44e-01	8.33e-01	6.34e-07	0.00e+00	4.13e-09	1.25e-08	2.13e-08	4.70e-05	9.35e-05	1.48e-27
 2.56595e+16	4.80e-08	1.63e-04	2.51e-02	1.53e-01	8.22e-01	6.36e-07	0.00e+00	4.89e-09	1.48e-08	2.52e-08	5.44e-05	1.08e-04	2.36e-27
 2.76354e+16	5.71e-08	1.89e-04	2.81e-02	1.62e-01	8.09e-01	6.35e-07	0.00e+00	5.83e-09	1.76e-08	3.01e-08	6.33e-05	1.26e-04	3.83e-27
 2.94826e+16	6.71e-08	2.18e-04	3.12e-02	1.72e-01	7.97e-01	6.37e-07	0.00e+00	6.85e-09	2.08e-08	3.54e-08	7.28e-05	1.45e-04	5.92e-27
 3.15101e+16	8.00e-08	2.53e-04	3.48e-02	1.83e-01	7.82e-01	6.40e-07	0.00e+00	8.16e-09	2.47e-08	4.21e-08	8.46e-05	1.68e-04	9.60e-27
 3.37189e+16	9.63e-08	2.96e-04	3.91e-02	1.94e-01	7.67e-01	6.37e-07	0.00e+00	9.84e-09	2.98e-08	5.07e-08	9.92e-05	1.97e-04	1.56e-26
 3.57110e+16	1.13e-07	3.39e-04	4.32e-02	2.05e-01	7.52e-01	6.35e-07	0.00e+00	1.15e-08	3.49e-08	5.94e-08	1.14e-04	2.26e-04	2.37e-26
 3.78486e+16	1.35e-07	3.93e-04	4.81e-02	2.16e-01	7.35e-01	6.37e-07	0.00e+00	1.38e-08	4.17e-08	7.09e-08	1.32e-04	2.62e-04	3.77e-26
 4.01946e+16	1.60e-07	4.57e-04	5.37e-02	2.30e-01	7.16e-01	6.33e-07	0.00e+00	1.64e-08	4.96e-08	8.45e-08	1.53e-04	3.04e-04	6.06e-26
 4.23798e+16	1.90e-07	5.27e-04	5.94e-02	2.42e-01	6.99e-01	6.33e-07	0.00e+00	1.94e-08	5.88e-08	1.00e-07	1.76e-04	3.50e-04	9.23e-26
 4.44678e+16	2.22e-07	6.00e-04	6.53e-02	2.53e-01	6.81e-01	6.27e-07	0.00e+00	2.27e-08	6.89e-08	1.17e-07	2.01e-04	3.99e-04	1.38e-25
 4.68387e+16	2.67e-07	6.96e-04	7.25e-02	2.67e-01	6.60e-01	6.19e-07	0.00e+00	2.73e-08	8.26e-08	1.41e-07	2.33e-04	4.63e-04	2.17e-25
 4.93663e+16	3.19e-07	8.08e-04	8.07e-02	2.81e-01	6.38e-01	6.15e-07	0.00e+00	3.27e-08	9.90e-08	1.68e-07	2.71e-04	5.37e-04	3.44e-25
 5.16412e+16	3.77e-07	9.24e-04	8.87e-02	2.93e-01	6.17e-01	6.10e-07	0.00e+00	3.86e-08	1.17e-07	1.99e-07	3.10e-04	6.14e-04	5.14e-25
 5.36886e+16	4.37e-07	1.04e-03	9.63e-02	3.05e-01	5.98e-01	6.07e-07	0.00e+00	4.48e-08	1.36e-07	2.31e-07	3.49e-04	6.91e-04	7.34e-25
 5.55312e+16	5.00e-07	1.15e-03	1.04e-01	3.15e-01	5.81e-01	6.02e-07	0.00e+00	5.12e-08	1.55e-07	2.64e-07	3.87e-04	7.67e-04	1.01e-24
 5.71896e+16	5.64e-07	1.27e-03	1.10e-01	3.23e-01	5.65e-01	5.97e-07	0.00e+00	5.78e-08	1.75e-07	2.98e-07	4.26e-04	8.43e-04	1.35e-24
 5.86822e+16	6.30e-07	1.38e-03	1.17e-01	3.31e-01	5.50e-01	5.92e-07	0.00e+00	6.46e-08	1.96e-07	3.33e-07	4.63e-04	9.17e-04	1.74e-24
 6.00255e+16	6.97e-07	1.49e-03	1.23e-01	3.38e-01	5.37e-01	5.87e-07	0.00e+00	7.15e-08	2.16e-07	3.68e-07	5.00e-04	9.89e-04	2.20e-24
 6.12345e+16	7.65e-07	1.59e-03	1.29e-01	3.45e-01	5.25e-01	5.82e-07	0.00e+00	7.84e-08	2.37e-07	4.03e-07	5.35e-04	1.06e-03	2.72e-24
 6.23225e+16	8.32e-07	1.70e-03	1.34e-01	3.50e-01	5.14e-01	5.78e-07	0.00e+00	8.53e-08	2.58e-07	4.39e-07	5.70e-04	1.13e-03	3.29e-24
 6.33018e+16	8.99e-07	1.79e-03	1.39e-01	3.55e-01	5.04e-01	5.74e-07	0.00e+00	9.22e-08	2.79e-07	4.74e-07	6.02e-04	1.19e-03	3.92e-24
 6.41831e+16	9.63e-07	1.88e-03	1.43e-01	3.59e-01	4.95e-01	5.71e-07	0.00e+00	9.87e-08	2.99e-07	5.08e-07	6.32e-04	1.25e-03	4.55e-24
 6.49763e+16	1.03e-06	1.97e-03	1.48e-01	3.63e-01	4.87e-01	5.68e-07	0.00e+00	1.05e-07	3.19e-07	5.42e-07	6.62e-04	1.31e-03	5.25e-24
 6.57126e+16	1.09e-06	2.06e-03	1.52e-01	3.67e-01	4.80e-01	5.65e-07	0.00e+00	1.12e-07	3.39e-07	5.77e-07	6.90e-04	1.37e-03	6.03e-24
 6.64338e+16	1.16e-06	2.14e-03	1.56e-01	3.70e-01	4.72e-01	5.62e-07	0.00e+00	1.19e-07	3.61e-07	6.14e-07	7.20e-04	1.42e-03	6.91e-24
 6.71549e+16	1.24e-06	2.24e-03	1.60e-01	3.73e-01	4.64e-01	5.59e-07	0.00e+00	1.27e-07	3.85e-07	6.54e-07	7.51e-04	1.49e-03	7.93e-24
 6.78761e+16	1.32e-06	2.33e-03	1.64e-01	3.77e-01	4.57e-01	5.55e-07	0.00e+00	1.36e-07	4.11e-07	6.99e-07	7.84e-04	1.55e-03	9.11e-24
 6.85972e+16	1.42e-06	2.44e-03	1.68e-01	3.80e-01	4.49e-01	5.52e-07	0.00e+00	1.45e-07	4.40e-07	7.48e-07	8.19e-04	1.62e-03	1.05e-23
 6.93184e+16	1.52e-06	2.55e-03	1.73e-01	3.83e-01	4.41e-01	5.48e-07	0.00e+00	1.56e-07	4.73e-07	8.04e-07	8.56e-04	1.69e-03	1.22e-23
 7.00396e+16	1.65e-06	2.67e-03	1.77e-01	3.87e-01	4.33e-01	5.47e-07	0.00e+00	1.69e-07	5.12e-07	8.69e-07	8.95e-04	1.77e-03	1.44e-23
 7.07607e+16	1.79e-06	2.80e-03	1.82e-01	3.90e-01	4.25e-01	5.41e-07	0.00e+00	1.84e-07	5.56e-07	9.45e-07	9.39e-04	1.86e-03	1.69e-23
 7.14819e+16	1.97e-06	2.95e-03	1.87e-01	3.93e-01	4.17e-01	5.36e-07	0.00e+00	2.03e-07	6.14e-07	1.04e-06	9.91e-04	1.96e-03	2.04e-23
 7.19788e+16	2.18e-06	3.11e-03	1.91e-01	3.96e-01	4.10e-01	5.30e-07	0.00e+00	2.24e-07	6.79e-07	1.15e-06	1.04e-03	2.06e-03	2.58e-23
