#depth	C	C+	C+2	C+3	C+4	C+5	C+6	C[1]	C[2]	C[3]	C+[1]	C+[2]	CO
 2.13207e+14	3.91e-10	3.63e-06	2.61e-03	5.31e-02	9.44e-01	1.89e-07	0.00e+00	3.87e-11	1.17e-10	1.99e-10	1.21e-06	2.43e-06	1.93e-33
 1.23667e+15	3.99e-10	4.17e-06	2.87e-03	5.60e-02	9.41e-01	1.85e-07	0.00e+00	3.95e-11	1.20e-10	2.03e-10	1.38e-06	2.78e-06	2.95e-33
 2.88961e+15	5.11e-10	5.13e-06	3.34e-03	6.09e-02	9.36e-01	1.87e-07	0.00e+00	5.07e-11	1.53e-10	2.61e-10	1.70e-06	3.43e-06	5.77e-33
 4.60866e+15	6.60e-10	6.33e-06	3.88e-03	6.62e-02	9.30e-01	1.89e-07	0.00e+00	6.54e-11	1.98e-10	3.36e-10	2.10e-06	4.23e-06	1.13e-32
 6.30220e+15	8.36e-10	7.71e-06	4.48e-03	7.16e-02	9.24e-01	1.88e-07	0.00e+00	8.29e-11	2.51e-10	4.27e-10	2.56e-06	5.15e-06	2.11e-32
 7.93555e+15	1.05e-09	9.29e-06	5.13e-03	7.70e-02	9.18e-01	1.91e-07	0.00e+00	1.04e-10	3.14e-10	5.34e-10	3.09e-06	6.20e-06	3.78e-32
 9.72852e+15	1.32e-09	1.13e-05	5.91e-03	8.33e-02	9.11e-01	1.93e-07	0.00e+00	1.31e-10	3.97e-10	6.76e-10	3.75e-06	7.53e-06	7.03e-32
 1.16216e+16	1.68e-09	1.38e-05	6.83e-03	9.02e-02	9.03e-01	1.95e-07	0.00e+00	1.67e-10	5.05e-10	8.59e-10	4.58e-06	9.20e-06	1.33e-31
 1.33899e+16	2.09e-09	1.65e-05	7.77e-03	9.69e-02	8.95e-01	1.97e-07	0.00e+00	2.07e-10	6.28e-10	1.07e-09	5.48e-06	1.10e-05	2.37e-31
 1.53284e+16	2.64e-09	2.00e-05	8.93e-03	1.05e-01	8.86e-01	1.99e-07	0.00e+00	2.62e-10	7.92e-10	1.35e-09	6.65e-06	1.33e-05	4.36e-31
 1.74842e+16	3.36e-09	2.45e-05	1.04e-02	1.14e-01	8.76e-01	2.02e-07	0.00e+00	3.34e-10	1.01e-09	1.72e-09	8.15e-06	1.64e-05	8.37e-31
 1.95372e+16	4.19e-09	2.95e-05	1.18e-02	1.22e-01	8.66e-01	2.03e-07	0.00e+00	4.16e-10	1.26e-09	2.14e-09	9.81e-06	1.97e-05	1.52e-30
 2.17331e+16	5.29e-09	3.59e-05	1.36e-02	1.32e-01	8.54e-01	2.04e-07	0.00e+00	5.26e-10	1.59e-09	2.70e-09	1.19e-05	2.39e-05	2.83e-30
 2.41339e+16	6.69e-09	4.38e-05	1.58e-02	1.44e-01	8.41e-01	2.07e-07	0.00e+00	6.65e-10	2.01e-09	3.42e-09	1.46e-05	2.92e-05	5.41e-30
 2.64261e+16	8.37e-09	5.29e-05	1.81e-02	1.55e-01	8.27e-01	2.07e-07	0.00e+00	8.32e-10	2.52e-09	4.28e-09	1.76e-05	3.53e-05	9.74e-30
 2.88819e+16	1.05e-08	6.41e-05	2.08e-02	1.67e-01	8.12e-01	2.08e-07	0.00e+00	1.05e-09	3.16e-09	5.37e-09	2.14e-05	4.28e-05	1.82e-29
 3.15583e+16	1.33e-08	7.86e-05	2.42e-02	1.81e-01	7.95e-01	2.11e-07	0.00e+00	1.33e-09	4.02e-09	6.82e-09	2.62e-05	5.24e-05	3.46e-29
 3.41209e+16	1.66e-08	9.47e-05	2.77e-02	1.95e-01	7.77e-01	2.12e-07	0.00e+00	1.65e-09	5.00e-09	8.49e-09	3.15e-05	6.31e-05	6.24e-29
 3.68682e+16	2.09e-08	1.15e-04	3.20e-02	2.11e-01	7.57e-01	2.13e-07	0.00e+00	2.09e-09	6.31e-09	1.07e-08	3.84e-05	7.69e-05	1.17e-28
 3.98027e+16	2.65e-08	1.41e-04	3.70e-02	2.28e-01	7.35e-01	2.14e-07	0.00e+00	2.64e-09	7.98e-09	1.35e-08	4.70e-05	9.39e-05	2.20e-28
 4.21923e+16	3.16e-08	1.64e-04	4.14e-02	2.42e-01	7.17e-01	2.13e-07	0.00e+00	3.15e-09	9.53e-09	1.62e-08	5.48e-05	1.10e-04	3.57e-28
 4.40227e+16	3.63e-08	1.85e-04	4.52e-02	2.53e-01	7.02e-01	2.16e-07	0.00e+00	3.63e-09	1.10e-08	1.86e-08	6.18e-05	1.23e-04	5.17e-28
 4.60152e+16	4.25e-08	2.11e-04	4.97e-02	2.65e-01	6.85e-01	2.17e-07	0.00e+00	4.24e-09	1.28e-08	2.18e-08	7.05e-05	1.41e-04	7.82e-28
 4.83901e+16	5.07e-08	2.46e-04	5.54e-02	2.80e-01	6.64e-01	2.17e-07	0.00e+00	5.07e-09	1.53e-08	2.60e-08	8.20e-05	1.64e-04	1.27e-27
 5.07626e+16	6.07e-08	2.85e-04	6.16e-02	2.95e-01	6.43e-01	2.17e-07	0.00e+00	6.06e-09	1.83e-08	3.11e-08	9.52e-05	1.90e-04	2.00e-27
 5.28979e+16	7.09e-08	3.25e-04	6.77e-02	3.09e-01	6.23e-01	2.18e-07	0.00e+00	7.09e-09	2.14e-08	3.64e-08	1.09e-04	2.17e-04	3.01e-27
 5.48196e+16	8.16e-08	3.66e-04	7.36e-02	3.22e-01	6.04e-01	2.22e-07	0.00e+00	8.16e-09	2.47e-08	4.18e-08	1.22e-04	2.44e-04	4.35e-27
 5.65492e+16	9.27e-08	4.06e-04	7.93e-02	3.33e-01	5.87e-01	2.23e-07	0.00e+00	9.27e-09	2.80e-08	4.75e-08	1.36e-04	2.71e-04	6.04e-27
 5.81058e+16	1.04e-07	4.46e-04	8.48e-02	3.43e-01	5.72e-01	2.24e-07	0.00e+00	1.04e-08	3.14e-08	5.33e-08	1.49e-04	2.97e-04	8.13e-27
 5.95067e+16	1.15e-07	4.86e-04	8.99e-02	3.52e-01	5.58e-01	2.25e-07	0.00e+00	1.15e-08	3.49e-08	5.92e-08	1.62e-04	3.24e-04	1.06e-26
 6.07676e+16	1.27e-07	5.25e-04	9.48e-02	3.60e-01	5.44e-01	2.26e-07	0.00e+00	1.27e-08	3.84e-08	6.51e-08	1.75e-04	3.49e-04	1.35e-26
 6.19023e+16	1.38e-07	5.62e-04	9.95e-02	3.68e-01	5.32e-01	2.28e-07	0.00e+00	1.38e-08	4.18e-08	7.09e-08	1.88e-04	3.74e-04	1.68e-26
 6.29236e+16	1.50e-07	5.99e-04	1.04e-01	3.74e-01	5.22e-01	2.29e-07	0.00e+00	1.50e-08	4.53e-08	7.68e-08	2.00e-04	3.99e-04	2.04e-26
 6.38428e+16	1.60e-07	6.33e-04	1.08e-01	3.80e-01	5.12e-01	2.29e-07	0.00e+00	1.61e-08	4.86e-08	8.23e-08	2.12e-04	4.22e-04	2.44e-26
 6.46700e+16	1.71e-07	6.66e-04	1.12e-01	3.85e-01	5.03e-01	2.31e-07	0.00e+00	1.71e-08	5.18e-08	8.78e-08	2.23e-04	4.43e-04	2.87e-26
 6.54224e+16	1.81e-07	6.97e-04	1.15e-01	3.90e-01	4.94e-01	2.32e-07	0.00e+00	1.82e-08	5.50e-08	9.32e-08	2.33e-04	4.64e-04	3.30e-26
 6.61436e+16	1.92e-07	7.29e-04	1.19e-01	3.95e-01	4.86e-01	2.33e-07	0.00e+00	1.93e-08	5.82e-08	9.87e-08	2.44e-04	4.85e-04	3.82e-26
 6.68647e+16	2.04e-07	7.62e-04	1.22e-01	3.99e-01	4.78e-01	2.34e-07	0.00e+00	2.04e-08	6.17e-08	1.05e-07	2.55e-04	5.08e-04	4.41e-26
 6.75859e+16	2.16e-07	7.98e-04	1.26e-01	4.04e-01	4.70e-01	2.35e-07	0.00e+00	2.17e-08	6.55e-08	1.11e-07	2.67e-04	5.31e-04	5.11e-26
 6.83070e+16	2.29e-07	8.35e-04	1.30e-01	4.08e-01	4.61e-01	2.36e-07	0.00e+00	2.30e-08	6.95e-08	1.18e-07	2.79e-04	5.56e-04	5.92e-26
 6.90282e+16	2.44e-07	8.74e-04	1.34e-01	4.13e-01	4.53e-01	2.37e-07	0.00e+00	2.45e-08	7.39e-08	1.25e-07	2.92e-04	5.82e-04	6.89e-26
 6.97493e+16	2.60e-07	9.16e-04	1.38e-01	4.17e-01	4.44e-01	2.39e-07	0.00e+00	2.60e-08	7.87e-08	1.33e-07	3.06e-04	6.10e-04	8.04e-26
 7.04705e+16	2.77e-07	9.60e-04	1.42e-01	4.21e-01	4.36e-01	2.40e-07	0.00e+00	2.78e-08	8.40e-08	1.42e-07	3.21e-04	6.39e-04	9.40e-26
 7.11916e+16	2.96e-07	1.01e-03	1.46e-01	4.26e-01	4.27e-01	2.42e-07	0.00e+00	2.97e-08	8.99e-08	1.52e-07	3.37e-04	6.71e-04	1.11e-25
 7.18337e+16	3.18e-07	1.06e-03	1.50e-01	4.30e-01	4.19e-01	2.43e-07	0.00e+00	3.19e-08	9.65e-08	1.63e-07	3.53e-04	7.03e-04	1.31e-25
