#depth	C	C+	C+2	C+3	C+4	C+5	C+6	C[1]	C[2]	C[3]	C+[1]	C+[2]	CO
 2.15471e+14	1.37e-09	6.90e-06	3.03e-03	5.10e-02	9.46e-01	3.99e-07	0.00e+00	1.37e-10	4.14e-10	7.05e-10	2.29e-06	4.61e-06	4.41e-32
 1.24129e+15	1.25e-09	7.91e-06	3.34e-03	5.38e-02	9.43e-01	3.43e-07	0.00e+00	1.24e-10	3.76e-10	6.40e-10	2.63e-06	5.28e-06	6.71e-32
 2.89441e+15	1.57e-09	9.71e-06	3.88e-03	5.86e-02	9.37e-01	3.47e-07	0.00e+00	1.56e-10	4.73e-10	8.05e-10	3.22e-06	6.48e-06	1.29e-31
 4.61366e+15	1.98e-09	1.19e-05	4.52e-03	6.38e-02	9.32e-01	3.51e-07	0.00e+00	1.98e-10	5.98e-10	1.02e-09	3.96e-06	7.97e-06	2.48e-31
 6.25313e+15	2.45e-09	1.44e-05	5.19e-03	6.90e-02	9.26e-01	3.50e-07	0.00e+00	2.45e-10	7.40e-10	1.26e-09	4.77e-06	9.60e-06	4.48e-31
 7.75523e+15	2.97e-09	1.70e-05	5.88e-03	7.40e-02	9.20e-01	3.59e-07	0.00e+00	2.96e-10	8.95e-10	1.52e-09	5.64e-06	1.13e-05	7.55e-31
 9.45514e+15	3.68e-09	2.04e-05	6.75e-03	7.98e-02	9.13e-01	3.61e-07	0.00e+00	3.67e-10	1.11e-09	1.89e-09	6.78e-06	1.36e-05	1.35e-30
 1.14260e+16	4.67e-09	2.51e-05	7.86e-03	8.69e-02	9.05e-01	3.67e-07	0.00e+00	4.66e-10	1.41e-09	2.40e-09	8.33e-06	1.67e-05	2.59e-30
 1.33538e+16	5.83e-09	3.04e-05	9.06e-03	9.42e-02	8.97e-01	3.72e-07	0.00e+00	5.82e-10	1.76e-09	2.99e-09	1.01e-05	2.03e-05	4.79e-30
 1.50644e+16	7.05e-09	3.58e-05	1.02e-02	1.01e-01	8.89e-01	3.74e-07	0.00e+00	7.03e-10	2.13e-09	3.62e-09	1.19e-05	2.39e-05	8.06e-30
 1.68879e+16	8.63e-09	4.26e-05	1.16e-02	1.08e-01	8.80e-01	3.77e-07	0.00e+00	8.62e-10	2.61e-09	4.44e-09	1.42e-05	2.84e-05	1.41e-29
 1.89383e+16	1.07e-08	5.13e-05	1.33e-02	1.17e-01	8.70e-01	3.79e-07	0.00e+00	1.07e-09	3.23e-09	5.48e-09	1.71e-05	3.42e-05	2.54e-29
 2.08879e+16	1.30e-08	6.08e-05	1.51e-02	1.26e-01	8.59e-01	3.82e-07	0.00e+00	1.30e-09	3.93e-09	6.67e-09	2.02e-05	4.05e-05	4.34e-29
 2.30264e+16	1.61e-08	7.30e-05	1.73e-02	1.35e-01	8.47e-01	3.88e-07	0.00e+00	1.61e-09	4.87e-09	8.28e-09	2.43e-05	4.87e-05	7.80e-29
 2.53690e+16	2.01e-08	8.83e-05	1.99e-02	1.47e-01	8.33e-01	3.91e-07	0.00e+00	2.01e-09	6.07e-09	1.03e-08	2.94e-05	5.89e-05	1.42e-28
 2.75179e+16	2.43e-08	1.04e-04	2.26e-02	1.57e-01	8.20e-01	3.91e-07	0.00e+00	2.43e-09	7.35e-09	1.25e-08	3.48e-05	6.96e-05	2.39e-28
 2.98526e+16	3.00e-08	1.25e-04	2.58e-02	1.69e-01	8.05e-01	3.92e-07	0.00e+00	3.00e-09	9.08e-09	1.54e-08	4.17e-05	8.35e-05	4.26e-28
 3.24390e+16	3.75e-08	1.52e-04	2.97e-02	1.83e-01	7.87e-01	3.97e-07	0.00e+00	3.75e-09	1.13e-08	1.93e-08	5.05e-05	1.01e-04	7.70e-28
 3.48508e+16	4.55e-08	1.80e-04	3.37e-02	1.96e-01	7.70e-01	3.95e-07	0.00e+00	4.56e-09	1.38e-08	2.34e-08	5.99e-05	1.20e-04	1.30e-27
 3.69242e+16	5.37e-08	2.07e-04	3.75e-02	2.07e-01	7.55e-01	3.99e-07	0.00e+00	5.38e-09	1.63e-08	2.76e-08	6.91e-05	1.38e-04	2.01e-27
 3.87585e+16	6.20e-08	2.35e-04	4.11e-02	2.18e-01	7.41e-01	4.01e-07	0.00e+00	6.22e-09	1.88e-08	3.20e-08	7.83e-05	1.56e-04	2.95e-27
 4.08421e+16	7.36e-08	2.71e-04	4.57e-02	2.30e-01	7.24e-01	4.00e-07	0.00e+00	7.38e-09	2.23e-08	3.79e-08	9.04e-05	1.80e-04	4.57e-27
 4.31659e+16	8.78e-08	3.15e-04	5.10e-02	2.43e-01	7.05e-01	4.01e-07	0.00e+00	8.81e-09	2.66e-08	4.52e-08	1.05e-04	2.10e-04	7.28e-27
 4.53661e+16	1.04e-07	3.63e-04	5.66e-02	2.56e-01	6.87e-01	3.99e-07	0.00e+00	1.04e-08	3.14e-08	5.34e-08	1.21e-04	2.42e-04	1.11e-26
 4.74679e+16	1.22e-07	4.14e-04	6.23e-02	2.69e-01	6.68e-01	4.02e-07	0.00e+00	1.22e-08	3.69e-08	6.27e-08	1.38e-04	2.76e-04	1.66e-26
 4.96955e+16	1.44e-07	4.77e-04	6.90e-02	2.83e-01	6.48e-01	4.01e-07	0.00e+00	1.44e-08	4.37e-08	7.42e-08	1.59e-04	3.18e-04	2.55e-26
 5.19375e+16	1.69e-07	5.47e-04	7.62e-02	2.97e-01	6.27e-01	4.05e-07	0.00e+00	1.70e-08	5.15e-08	8.74e-08	1.83e-04	3.64e-04	3.87e-26
 5.39553e+16	1.97e-07	6.19e-04	8.32e-02	3.09e-01	6.07e-01	4.04e-07	0.00e+00	1.98e-08	5.99e-08	1.02e-07	2.07e-04	4.12e-04	5.61e-26
 5.57713e+16	2.26e-07	6.90e-04	8.99e-02	3.20e-01	5.89e-01	4.06e-07	0.00e+00	2.27e-08	6.86e-08	1.16e-07	2.31e-04	4.60e-04	7.82e-26
 5.74057e+16	2.55e-07	7.62e-04	9.64e-02	3.30e-01	5.73e-01	4.07e-07	0.00e+00	2.57e-08	7.76e-08	1.32e-07	2.55e-04	5.07e-04	1.06e-25
 5.88766e+16	2.86e-07	8.33e-04	1.03e-01	3.39e-01	5.58e-01	4.07e-07	0.00e+00	2.87e-08	8.69e-08	1.47e-07	2.79e-04	5.55e-04	1.38e-25
 6.02005e+16	3.16e-07	9.03e-04	1.08e-01	3.47e-01	5.44e-01	4.08e-07	0.00e+00	3.18e-08	9.62e-08	1.63e-07	3.02e-04	6.01e-04	1.77e-25
 6.13919e+16	3.47e-07	9.71e-04	1.14e-01	3.54e-01	5.31e-01	4.09e-07	0.00e+00	3.50e-08	1.06e-07	1.79e-07	3.25e-04	6.47e-04	2.21e-25
 6.24643e+16	3.79e-07	1.04e-03	1.19e-01	3.60e-01	5.19e-01	4.09e-07	0.00e+00	3.81e-08	1.15e-07	1.96e-07	3.47e-04	6.91e-04	2.70e-25
 6.34294e+16	4.09e-07	1.10e-03	1.24e-01	3.66e-01	5.09e-01	4.09e-07	0.00e+00	4.12e-08	1.25e-07	2.11e-07	3.68e-04	7.33e-04	3.25e-25
 6.42979e+16	4.39e-07	1.16e-03	1.28e-01	3.71e-01	4.99e-01	4.10e-07	0.00e+00	4.42e-08	1.34e-07	2.27e-07	3.88e-04	7.72e-04	3.80e-25
 6.50797e+16	4.69e-07	1.22e-03	1.33e-01	3.76e-01	4.91e-01	4.10e-07	0.00e+00	4.72e-08	1.43e-07	2.42e-07	4.07e-04	8.10e-04	4.43e-25
 6.58105e+16	4.99e-07	1.27e-03	1.37e-01	3.80e-01	4.82e-01	4.11e-07	0.00e+00	5.02e-08	1.52e-07	2.58e-07	4.26e-04	8.49e-04	5.14e-25
 6.65317e+16	5.31e-07	1.33e-03	1.41e-01	3.84e-01	4.74e-01	4.12e-07	0.00e+00	5.35e-08	1.62e-07	2.74e-07	4.46e-04	8.88e-04	5.94e-25
 6.72528e+16	5.66e-07	1.40e-03	1.45e-01	3.88e-01	4.66e-01	4.12e-07	0.00e+00	5.71e-08	1.72e-07	2.93e-07	4.67e-04	9.30e-04	6.88e-25
 6.79740e+16	6.05e-07	1.46e-03	1.49e-01	3.92e-01	4.57e-01	4.13e-07	0.00e+00	6.09e-08	1.84e-07	3.13e-07	4.90e-04	9.74e-04	7.99e-25
 6.86951e+16	6.47e-07	1.53e-03	1.54e-01	3.96e-01	4.49e-01	4.13e-07	0.00e+00	6.52e-08	1.97e-07	3.34e-07	5.13e-04	1.02e-03	9.30e-25
 6.94163e+16	6.94e-07	1.61e-03	1.58e-01	4.00e-01	4.40e-01	4.14e-07	0.00e+00	7.00e-08	2.11e-07	3.59e-07	5.38e-04	1.07e-03	1.09e-24
 7.01374e+16	7.48e-07	1.69e-03	1.63e-01	4.04e-01	4.31e-01	4.17e-07	0.00e+00	7.54e-08	2.28e-07	3.87e-07	5.66e-04	1.13e-03	1.29e-24
 7.08586e+16	8.07e-07	1.78e-03	1.68e-01	4.08e-01	4.23e-01	4.16e-07	0.00e+00	8.14e-08	2.46e-07	4.17e-07	5.94e-04	1.18e-03	1.51e-24
 7.15797e+16	8.77e-07	1.87e-03	1.73e-01	4.12e-01	4.13e-01	4.17e-07	0.00e+00	8.85e-08	2.68e-07	4.54e-07	6.26e-04	1.25e-03	1.84e-24
 7.20277e+16	9.64e-07	1.97e-03	1.77e-01	4.14e-01	4.07e-01	4.16e-07	0.00e+00	9.74e-08	2.94e-07	4.99e-07	6.60e-04	1.31e-03	2.23e-24
