#depth	O	O+	O+2	O+3	O+4	O+5	O+6	O+7	O+8	O[1]	O[2]	O[3]
 2.43900e+14	2.60e-11	7.62e-07	2.11e-03	2.33e-01	6.80e-01	8.35e-02	1.68e-03	0.00e+00	0.00e+00	2.01e-11	3.83e-12	2.03e-12
 1.29929e+15	3.17e-11	8.83e-07	2.33e-03	2.44e-01	6.74e-01	7.86e-02	1.49e-03	0.00e+00	0.00e+00	2.45e-11	4.67e-12	2.48e-12
 2.95473e+15	4.21e-11	1.09e-06	2.72e-03	2.61e-01	6.63e-01	7.19e-02	1.24e-03	0.00e+00	0.00e+00	3.26e-11	6.18e-12	3.29e-12
 4.67638e+15	5.60e-11	1.36e-06	3.16e-03	2.79e-01	6.52e-01	6.55e-02	1.04e-03	0.00e+00	0.00e+00	4.34e-11	8.21e-12	4.38e-12
 6.34708e+15	7.28e-11	1.65e-06	3.63e-03	2.96e-01	6.40e-01	5.99e-02	8.70e-04	0.00e+00	0.00e+00	5.64e-11	1.06e-11	5.70e-12
 7.92171e+15	9.24e-11	1.97e-06	4.12e-03	3.12e-01	6.28e-01	5.51e-02	7.41e-04	0.00e+00	0.00e+00	7.15e-11	1.35e-11	7.23e-12
 9.67915e+15	1.20e-10	2.38e-06	4.72e-03	3.30e-01	6.14e-01	5.03e-02	6.22e-04	0.00e+00	0.00e+00	9.28e-11	1.75e-11	9.39e-12
 1.15569e+16	1.56e-10	2.90e-06	5.43e-03	3.49e-01	6.00e-01	4.56e-02	5.17e-04	0.00e+00	0.00e+00	1.21e-10	2.28e-11	1.23e-11
 1.32715e+16	1.99e-10	3.46e-06	6.13e-03	3.66e-01	5.86e-01	4.18e-02	4.39e-04	0.00e+00	0.00e+00	1.54e-10	2.90e-11	1.56e-11
 1.51404e+16	2.59e-10	4.19e-06	6.98e-03	3.84e-01	5.70e-01	3.80e-02	3.68e-04	0.00e+00	0.00e+00	2.01e-10	3.77e-11	2.03e-11
 1.72347e+16	3.42e-10	5.14e-06	8.01e-03	4.05e-01	5.53e-01	3.43e-02	3.03e-04	0.00e+00	0.00e+00	2.65e-10	4.98e-11	2.69e-11
 1.92183e+16	4.42e-10	6.18e-06	9.09e-03	4.23e-01	5.36e-01	3.11e-02	2.53e-04	0.00e+00	0.00e+00	3.42e-10	6.42e-11	3.47e-11
 2.13691e+16	5.81e-10	7.54e-06	1.04e-02	4.43e-01	5.18e-01	2.80e-02	2.09e-04	0.00e+00	0.00e+00	4.51e-10	8.44e-11	4.58e-11
 2.37328e+16	7.73e-10	9.27e-06	1.19e-02	4.65e-01	4.98e-01	2.49e-02	1.70e-04	0.00e+00	0.00e+00	5.99e-10	1.12e-10	6.10e-11
 2.59479e+16	1.00e-09	1.12e-05	1.35e-02	4.84e-01	4.80e-01	2.24e-02	1.40e-04	0.00e+00	0.00e+00	7.77e-10	1.45e-10	7.91e-11
 2.83462e+16	1.32e-09	1.36e-05	1.54e-02	5.04e-01	4.60e-01	2.00e-02	1.14e-04	0.00e+00	0.00e+00	1.03e-09	1.92e-10	1.05e-10
 3.09910e+16	1.77e-09	1.68e-05	1.77e-02	5.26e-01	4.39e-01	1.76e-02	9.18e-05	0.00e+00	0.00e+00	1.37e-09	2.56e-10	1.40e-10
 3.34608e+16	2.30e-09	2.03e-05	2.01e-02	5.45e-01	4.19e-01	1.57e-02	7.50e-05	0.00e+00	0.00e+00	1.79e-09	3.33e-10	1.82e-10
 3.55274e+16	2.84e-09	2.37e-05	2.23e-02	5.60e-01	4.03e-01	1.43e-02	6.35e-05	0.00e+00	0.00e+00	2.20e-09	4.11e-10	2.25e-10
 3.73040e+16	3.41e-09	2.70e-05	2.43e-02	5.73e-01	3.90e-01	1.31e-02	5.51e-05	0.00e+00	0.00e+00	2.65e-09	4.93e-10	2.71e-10
 3.93207e+16	4.20e-09	3.13e-05	2.67e-02	5.86e-01	3.75e-01	1.19e-02	4.69e-05	0.00e+00	0.00e+00	3.26e-09	6.07e-10	3.34e-10
 4.19423e+16	5.48e-09	3.79e-05	3.02e-02	6.03e-01	3.56e-01	1.06e-02	3.81e-05	0.00e+00	0.00e+00	4.25e-09	7.91e-10	4.36e-10
 4.45829e+16	7.04e-09	4.54e-05	3.41e-02	6.19e-01	3.37e-01	9.36e-03	3.11e-05	0.00e+00	0.00e+00	5.46e-09	1.01e-09	5.61e-10
 4.67061e+16	8.60e-09	5.25e-05	3.74e-02	6.31e-01	3.23e-01	8.48e-03	2.64e-05	0.00e+00	0.00e+00	6.67e-09	1.24e-09	6.86e-10
 4.88928e+16	1.06e-08	6.11e-05	4.12e-02	6.43e-01	3.08e-01	7.66e-03	2.23e-05	0.00e+00	0.00e+00	8.24e-09	1.53e-09	8.48e-10
 5.12150e+16	1.32e-08	7.16e-05	4.56e-02	6.55e-01	2.93e-01	6.87e-03	1.87e-05	0.00e+00	0.00e+00	1.02e-08	1.90e-09	1.06e-09
 5.33050e+16	1.61e-08	8.24e-05	4.99e-02	6.64e-01	2.79e-01	6.23e-03	1.59e-05	0.00e+00	0.00e+00	1.24e-08	2.31e-09	1.28e-09
 5.51860e+16	1.91e-08	9.37e-05	5.41e-02	6.72e-01	2.68e-01	5.71e-03	1.38e-05	0.00e+00	0.00e+00	1.48e-08	2.75e-09	1.53e-09
 5.68790e+16	2.24e-08	1.05e-04	5.81e-02	6.79e-01	2.58e-01	5.27e-03	1.22e-05	0.00e+00	0.00e+00	1.74e-08	3.22e-09	1.80e-09
 5.84026e+16	2.59e-08	1.17e-04	6.19e-02	6.84e-01	2.49e-01	4.90e-03	1.08e-05	0.00e+00	0.00e+00	2.01e-08	3.72e-09	2.07e-09
 5.97738e+16	2.95e-08	1.29e-04	6.56e-02	6.89e-01	2.41e-01	4.59e-03	9.78e-06	0.00e+00	0.00e+00	2.29e-08	4.24e-09	2.37e-09
 6.10080e+16	3.33e-08	1.40e-04	6.91e-02	6.93e-01	2.33e-01	4.33e-03	8.90e-06	0.00e+00	0.00e+00	2.58e-08	4.77e-09	2.67e-09
 6.21187e+16	3.70e-08	1.52e-04	7.24e-02	6.96e-01	2.27e-01	4.10e-03	8.19e-06	0.00e+00	0.00e+00	2.87e-08	5.32e-09	2.97e-09
 6.31183e+16	4.09e-08	1.63e-04	7.56e-02	6.99e-01	2.22e-01	3.91e-03	7.59e-06	0.00e+00	0.00e+00	3.17e-08	5.87e-09	3.28e-09
 6.40180e+16	4.47e-08	1.74e-04	7.85e-02	7.01e-01	2.17e-01	3.74e-03	7.08e-06	0.00e+00	0.00e+00	3.47e-08	6.42e-09	3.59e-09
 6.48277e+16	4.83e-08	1.85e-04	8.12e-02	7.03e-01	2.12e-01	3.59e-03	6.66e-06	0.00e+00	0.00e+00	3.75e-08	6.93e-09	3.88e-09
 6.55719e+16	5.22e-08	1.95e-04	8.38e-02	7.04e-01	2.08e-01	3.46e-03	6.29e-06	0.00e+00	0.00e+00	4.05e-08	7.49e-09	4.20e-09
 6.62930e+16	5.63e-08	2.07e-04	8.65e-02	7.06e-01	2.04e-01	3.34e-03	5.94e-06	0.00e+00	0.00e+00	4.37e-08	8.08e-09	4.53e-09
 6.70142e+16	6.08e-08	2.18e-04	8.92e-02	7.07e-01	2.00e-01	3.22e-03	5.62e-06	0.00e+00	0.00e+00	4.71e-08	8.71e-09	4.89e-09
 6.77353e+16	6.57e-08	2.31e-04	9.20e-02	7.08e-01	1.97e-01	3.10e-03	5.31e-06	0.00e+00	0.00e+00	5.09e-08	9.42e-09	5.28e-09
 6.84565e+16	7.11e-08	2.45e-04	9.49e-02	7.09e-01	1.93e-01	2.99e-03	5.02e-06	0.00e+00	0.00e+00	5.51e-08	1.02e-08	5.72e-09
 6.91776e+16	7.71e-08	2.60e-04	9.79e-02	7.10e-01	1.89e-01	2.88e-03	4.74e-06	0.00e+00	0.00e+00	5.97e-08	1.10e-08	6.20e-09
 6.98988e+16	8.37e-08	2.77e-04	1.01e-01	7.11e-01	1.85e-01	2.78e-03	4.48e-06	0.00e+00	0.00e+00	6.49e-08	1.20e-08	6.75e-09
 7.06199e+16	9.13e-08	2.95e-04	1.04e-01	7.11e-01	1.81e-01	2.67e-03	4.22e-06	0.00e+00	0.00e+00	7.08e-08	1.31e-08	7.36e-09
 7.13411e+16	1.01e-07	3.16e-04	1.08e-01	7.12e-01	1.78e-01	2.57e-03	3.98e-06	0.00e+00	0.00e+00	7.81e-08	1.44e-08	8.12e-09
 7.19084e+16	1.12e-07	3.42e-04	1.11e-01	7.12e-01	1.75e-01	2.49e-03	3.79e-06	0.00e+00	0.00e+00	8.68e-08	1.60e-08	9.03e-09
