#depth	O	O+	O+2	O+3	O+4	O+5	O+6	O+7	O+8	O[1]	O[2]	O[3]
 3.81634e+14	2.88e-11	8.26e-07	2.23e-03	2.40e-01	6.76e-01	8.06e-02	1.57e-03	0.00e+00	0.00e+00	2.36e-11	3.26e-12	2.01e-12
 1.58027e+15	3.61e-11	9.74e-07	2.49e-03	2.52e-01	6.69e-01	7.54e-02	1.38e-03	0.00e+00	0.00e+00	2.95e-11	4.07e-12	2.51e-12
 3.24694e+15	4.84e-11	1.21e-06	2.90e-03	2.69e-01	6.58e-01	6.88e-02	1.15e-03	0.00e+00	0.00e+00	3.95e-11	5.43e-12	3.36e-12
 4.98029e+15	6.49e-11	1.51e-06	3.36e-03	2.87e-01	6.46e-01	6.27e-02	9.55e-04	0.00e+00	0.00e+00	5.31e-11	7.28e-12	4.51e-12
 6.66305e+15	8.52e-11	1.84e-06	3.86e-03	3.04e-01	6.34e-01	5.73e-02	8.02e-04	0.00e+00	0.00e+00	6.97e-11	9.53e-12	5.93e-12
 8.25116e+15	1.09e-10	2.21e-06	4.37e-03	3.21e-01	6.22e-01	5.27e-02	6.83e-04	0.00e+00	0.00e+00	8.93e-11	1.22e-11	7.60e-12
 1.00227e+16	1.43e-10	2.69e-06	5.00e-03	3.38e-01	6.08e-01	4.81e-02	5.73e-04	0.00e+00	0.00e+00	1.17e-10	1.60e-11	9.95e-12
 1.19300e+16	1.88e-10	3.28e-06	5.74e-03	3.58e-01	5.93e-01	4.36e-02	4.76e-04	0.00e+00	0.00e+00	1.54e-10	2.10e-11	1.31e-11
 1.36976e+16	2.40e-10	3.92e-06	6.49e-03	3.75e-01	5.78e-01	3.99e-02	4.02e-04	0.00e+00	0.00e+00	1.97e-10	2.68e-11	1.67e-11
 1.56330e+16	3.14e-10	4.75e-06	7.38e-03	3.94e-01	5.63e-01	3.62e-02	3.35e-04	0.00e+00	0.00e+00	2.57e-10	3.50e-11	2.19e-11
 1.77952e+16	4.20e-10	5.86e-06	8.48e-03	4.14e-01	5.45e-01	3.25e-02	2.75e-04	0.00e+00	0.00e+00	3.44e-10	4.67e-11	2.93e-11
 1.98411e+16	5.48e-10	7.08e-06	9.61e-03	4.33e-01	5.28e-01	2.94e-02	2.29e-04	0.00e+00	0.00e+00	4.49e-10	6.08e-11	3.82e-11
 2.20355e+16	7.25e-10	8.64e-06	1.09e-02	4.52e-01	5.10e-01	2.65e-02	1.89e-04	0.00e+00	0.00e+00	5.93e-10	8.04e-11	5.06e-11
 2.44516e+16	9.73e-10	1.07e-05	1.25e-02	4.73e-01	4.90e-01	2.36e-02	1.53e-04	0.00e+00	0.00e+00	7.97e-10	1.08e-10	6.80e-11
 2.67646e+16	1.28e-09	1.29e-05	1.42e-02	4.93e-01	4.72e-01	2.12e-02	1.26e-04	0.00e+00	0.00e+00	1.05e-09	1.41e-10	8.94e-11
 2.92389e+16	1.70e-09	1.58e-05	1.62e-02	5.13e-01	4.52e-01	1.89e-02	1.02e-04	0.00e+00	0.00e+00	1.39e-09	1.88e-10	1.19e-10
 3.18748e+16	2.28e-09	1.94e-05	1.84e-02	5.33e-01	4.32e-01	1.67e-02	8.26e-05	0.00e+00	0.00e+00	1.86e-09	2.51e-10	1.60e-10
 3.43073e+16	2.95e-09	2.33e-05	2.07e-02	5.51e-01	4.14e-01	1.49e-02	6.79e-05	0.00e+00	0.00e+00	2.42e-09	3.25e-10	2.07e-10
 3.63906e+16	3.66e-09	2.71e-05	2.28e-02	5.65e-01	3.98e-01	1.36e-02	5.76e-05	0.00e+00	0.00e+00	3.00e-09	4.03e-10	2.57e-10
 3.82319e+16	4.42e-09	3.10e-05	2.48e-02	5.78e-01	3.85e-01	1.25e-02	4.99e-05	0.00e+00	0.00e+00	3.62e-09	4.86e-10	3.10e-10
 4.03340e+16	5.47e-09	3.60e-05	2.73e-02	5.91e-01	3.70e-01	1.14e-02	4.24e-05	0.00e+00	0.00e+00	4.48e-09	6.02e-10	3.85e-10
 4.30517e+16	7.17e-09	4.35e-05	3.07e-02	6.07e-01	3.52e-01	1.01e-02	3.44e-05	0.00e+00	0.00e+00	5.88e-09	7.89e-10	5.05e-10
 4.57899e+16	9.28e-09	5.21e-05	3.44e-02	6.23e-01	3.34e-01	8.92e-03	2.80e-05	0.00e+00	0.00e+00	7.60e-09	1.02e-09	6.54e-10
 4.80080e+16	1.14e-08	6.02e-05	3.76e-02	6.34e-01	3.20e-01	8.09e-03	2.38e-05	0.00e+00	0.00e+00	9.33e-09	1.25e-09	8.03e-10
 5.01724e+16	1.39e-08	6.94e-05	4.10e-02	6.45e-01	3.06e-01	7.35e-03	2.03e-05	0.00e+00	0.00e+00	1.14e-08	1.53e-09	9.83e-10
 5.23667e+16	1.70e-08	7.99e-05	4.47e-02	6.55e-01	2.93e-01	6.67e-03	1.73e-05	0.00e+00	0.00e+00	1.39e-08	1.86e-09	1.20e-09
 5.43415e+16	2.03e-08	9.05e-05	4.82e-02	6.64e-01	2.82e-01	6.12e-03	1.50e-05	0.00e+00	0.00e+00	1.66e-08	2.22e-09	1.43e-09
 5.61189e+16	2.38e-08	1.01e-04	5.16e-02	6.71e-01	2.72e-01	5.66e-03	1.32e-05	0.00e+00	0.00e+00	1.95e-08	2.60e-09	1.68e-09
 5.77185e+16	2.74e-08	1.12e-04	5.47e-02	6.77e-01	2.63e-01	5.28e-03	1.18e-05	0.00e+00	0.00e+00	2.24e-08	3.00e-09	1.94e-09
 5.91582e+16	3.11e-08	1.23e-04	5.77e-02	6.82e-01	2.55e-01	4.96e-03	1.06e-05	0.00e+00	0.00e+00	2.55e-08	3.40e-09	2.20e-09
 6.04539e+16	3.49e-08	1.33e-04	6.05e-02	6.86e-01	2.48e-01	4.68e-03	9.68e-06	0.00e+00	0.00e+00	2.86e-08	3.82e-09	2.47e-09
 6.16200e+16	3.87e-08	1.43e-04	6.32e-02	6.90e-01	2.42e-01	4.45e-03	8.91e-06	0.00e+00	0.00e+00	3.17e-08	4.23e-09	2.74e-09
 6.26695e+16	4.25e-08	1.53e-04	6.56e-02	6.93e-01	2.37e-01	4.25e-03	8.28e-06	0.00e+00	0.00e+00	3.48e-08	4.65e-09	3.01e-09
 6.36141e+16	4.62e-08	1.63e-04	6.79e-02	6.96e-01	2.32e-01	4.08e-03	7.74e-06	0.00e+00	0.00e+00	3.79e-08	5.06e-09	3.28e-09
 6.44642e+16	4.99e-08	1.72e-04	7.00e-02	6.98e-01	2.28e-01	3.93e-03	7.29e-06	0.00e+00	0.00e+00	4.09e-08	5.46e-09	3.54e-09
 6.52293e+16	5.35e-08	1.81e-04	7.19e-02	7.00e-01	2.24e-01	3.80e-03	6.90e-06	0.00e+00	0.00e+00	4.38e-08	5.85e-09	3.80e-09
 6.59523e+16	5.71e-08	1.89e-04	7.38e-02	7.02e-01	2.21e-01	3.68e-03	6.56e-06	0.00e+00	0.00e+00	4.67e-08	6.24e-09	4.05e-09
 6.66734e+16	6.12e-08	1.99e-04	7.57e-02	7.03e-01	2.17e-01	3.56e-03	6.23e-06	0.00e+00	0.00e+00	5.01e-08	6.68e-09	4.34e-09
 6.73946e+16	6.53e-08	2.08e-04	7.77e-02	7.05e-01	2.14e-01	3.45e-03	5.93e-06	0.00e+00	0.00e+00	5.35e-08	7.13e-09	4.63e-09
 6.81157e+16	7.01e-08	2.19e-04	7.97e-02	7.06e-01	2.10e-01	3.34e-03	5.62e-06	0.00e+00	0.00e+00	5.74e-08	7.66e-09	4.98e-09
 6.88369e+16	7.49e-08	2.30e-04	8.18e-02	7.08e-01	2.07e-01	3.24e-03	5.35e-06	0.00e+00	0.00e+00	6.14e-08	8.18e-09	5.32e-09
 6.95580e+16	8.08e-08	2.43e-04	8.40e-02	7.09e-01	2.04e-01	3.13e-03	5.07e-06	0.00e+00	0.00e+00	6.62e-08	8.82e-09	5.74e-09
 7.02792e+16	8.69e-08	2.56e-04	8.61e-02	7.10e-01	2.00e-01	3.03e-03	4.82e-06	0.00e+00	0.00e+00	7.12e-08	9.49e-09	6.18e-09
 7.10003e+16	9.41e-08	2.71e-04	8.84e-02	7.11e-01	1.97e-01	2.93e-03	4.58e-06	0.00e+00	0.00e+00	7.71e-08	1.03e-08	6.69e-09
 7.17215e+16	1.04e-07	2.92e-04	9.08e-02	7.12e-01	1.94e-01	2.84e-03	4.33e-06	0.00e+00	0.00e+00	8.55e-08	1.14e-08	7.43e-09
 7.20986e+16	1.13e-07	3.08e-04	9.22e-02	7.13e-01	1.92e-01	2.78e-03	4.19e-06	0.00e+00	0.00e+00	9.29e-08	1.24e-08	8.08e-09
