#depth	O	O+	O+2	O+3	O+4	O+5	O+6	O+7	O+8	O[1]	O[2]	O[3]
 2.35376e+14	4.25e-11	7.37e-07	1.58e-03	1.71e-01	6.61e-01	1.59e-01	8.26e-03	0.00e+00	0.00e+00	3.29e-11	6.23e-12	3.30e-12
 1.28190e+15	5.24e-11	8.62e-07	1.77e-03	1.80e-01	6.60e-01	1.51e-01	7.40e-03	0.00e+00	0.00e+00	4.06e-11	7.67e-12	4.08e-12
 2.93664e+15	7.03e-11	1.08e-06	2.08e-03	1.95e-01	6.58e-01	1.39e-01	6.24e-03	0.00e+00	0.00e+00	5.45e-11	1.03e-11	5.47e-12
 4.65758e+15	9.43e-11	1.35e-06	2.45e-03	2.11e-01	6.53e-01	1.28e-01	5.24e-03	0.00e+00	0.00e+00	7.31e-11	1.38e-11	7.35e-12
 6.27370e+15	1.22e-10	1.64e-06	2.84e-03	2.25e-01	6.48e-01	1.19e-01	4.46e-03	0.00e+00	0.00e+00	9.47e-11	1.78e-11	9.52e-12
 7.71785e+15	1.53e-10	1.94e-06	3.22e-03	2.39e-01	6.43e-01	1.11e-01	3.88e-03	0.00e+00	0.00e+00	1.19e-10	2.23e-11	1.19e-11
 9.34020e+15	1.96e-10	2.34e-06	3.69e-03	2.54e-01	6.36e-01	1.03e-01	3.32e-03	0.00e+00	0.00e+00	1.52e-10	2.86e-11	1.53e-11
 1.12641e+16	2.61e-10	2.90e-06	4.31e-03	2.72e-01	6.27e-01	9.42e-02	2.77e-03	0.00e+00	0.00e+00	2.03e-10	3.80e-11	2.04e-11
 1.31739e+16	3.46e-10	3.57e-06	4.99e-03	2.90e-01	6.17e-01	8.63e-02	2.32e-03	0.00e+00	0.00e+00	2.68e-10	5.02e-11	2.70e-11
 1.49457e+16	4.45e-10	4.30e-06	5.69e-03	3.06e-01	6.07e-01	7.96e-02	1.98e-03	0.00e+00	0.00e+00	3.45e-10	6.45e-11	3.48e-11
 1.66398e+16	5.62e-10	5.12e-06	6.43e-03	3.22e-01	5.96e-01	7.37e-02	1.70e-03	0.00e+00	0.00e+00	4.36e-10	8.15e-11	4.40e-11
 1.85380e+16	7.31e-10	6.21e-06	7.34e-03	3.39e-01	5.84e-01	6.76e-02	1.44e-03	0.00e+00	0.00e+00	5.67e-10	1.06e-10	5.73e-11
 2.06228e+16	9.59e-10	7.59e-06	8.43e-03	3.58e-01	5.71e-01	6.16e-02	1.20e-03	0.00e+00	0.00e+00	7.44e-10	1.39e-10	7.53e-11
 2.25404e+16	1.22e-09	9.06e-06	9.53e-03	3.75e-01	5.58e-01	5.65e-02	1.02e-03	0.00e+00	0.00e+00	9.45e-10	1.76e-10	9.58e-11
 2.46231e+16	1.59e-09	1.10e-05	1.09e-02	3.94e-01	5.43e-01	5.15e-02	8.53e-04	0.00e+00	0.00e+00	1.23e-09	2.30e-10	1.25e-10
 2.69299e+16	2.08e-09	1.34e-05	1.25e-02	4.14e-01	5.26e-01	4.65e-02	7.05e-04	0.00e+00	0.00e+00	1.62e-09	3.01e-10	1.64e-10
 2.90815e+16	2.67e-09	1.61e-05	1.41e-02	4.32e-01	5.11e-01	4.22e-02	5.91e-04	0.00e+00	0.00e+00	2.07e-09	3.85e-10	2.10e-10
 3.09600e+16	3.28e-09	1.88e-05	1.57e-02	4.48e-01	4.97e-01	3.89e-02	5.09e-04	0.00e+00	0.00e+00	2.54e-09	4.74e-10	2.59e-10
 3.29298e+16	4.10e-09	2.21e-05	1.75e-02	4.64e-01	4.82e-01	3.56e-02	4.34e-04	0.00e+00	0.00e+00	3.18e-09	5.91e-10	3.24e-10
 3.51130e+16	5.18e-09	2.62e-05	1.97e-02	4.81e-01	4.66e-01	3.24e-02	3.65e-04	0.00e+00	0.00e+00	4.02e-09	7.47e-10	4.10e-10
 3.71593e+16	6.40e-09	3.07e-05	2.19e-02	4.97e-01	4.51e-01	2.96e-02	3.11e-04	0.00e+00	0.00e+00	4.96e-09	9.22e-10	5.07e-10
 3.90995e+16	7.80e-09	3.55e-05	2.41e-02	5.11e-01	4.37e-01	2.72e-02	2.68e-04	0.00e+00	0.00e+00	6.05e-09	1.12e-09	6.19e-10
 4.13160e+16	9.81e-09	4.20e-05	2.70e-02	5.27e-01	4.21e-01	2.46e-02	2.26e-04	0.00e+00	0.00e+00	7.61e-09	1.41e-09	7.79e-10
 4.37317e+16	1.25e-08	5.01e-05	3.03e-02	5.44e-01	4.03e-01	2.21e-02	1.88e-04	0.00e+00	0.00e+00	9.66e-09	1.79e-09	9.90e-10
 4.59467e+16	1.54e-08	5.86e-05	3.37e-02	5.58e-01	3.88e-01	2.01e-02	1.59e-04	0.00e+00	0.00e+00	1.20e-08	2.22e-09	1.23e-09
 4.80464e+16	1.89e-08	6.81e-05	3.71e-02	5.71e-01	3.73e-01	1.83e-02	1.36e-04	0.00e+00	0.00e+00	1.46e-08	2.71e-09	1.50e-09
 5.02450e+16	2.33e-08	7.96e-05	4.11e-02	5.84e-01	3.58e-01	1.66e-02	1.15e-04	0.00e+00	0.00e+00	1.81e-08	3.35e-09	1.86e-09
 5.24320e+16	2.87e-08	9.30e-05	4.54e-02	5.97e-01	3.43e-01	1.50e-02	9.77e-05	0.00e+00	0.00e+00	2.23e-08	4.13e-09	2.29e-09
 5.44003e+16	3.46e-08	1.07e-04	4.96e-02	6.07e-01	3.29e-01	1.38e-02	8.44e-05	0.00e+00	0.00e+00	2.69e-08	4.97e-09	2.77e-09
 5.61718e+16	4.10e-08	1.21e-04	5.37e-02	6.16e-01	3.18e-01	1.27e-02	7.39e-05	0.00e+00	0.00e+00	3.18e-08	5.88e-09	3.28e-09
 5.77662e+16	4.78e-08	1.36e-04	5.76e-02	6.23e-01	3.07e-01	1.18e-02	6.56e-05	0.00e+00	0.00e+00	3.71e-08	6.86e-09	3.83e-09
 5.92011e+16	5.50e-08	1.51e-04	6.14e-02	6.29e-01	2.98e-01	1.11e-02	5.90e-05	0.00e+00	0.00e+00	4.27e-08	7.89e-09	4.41e-09
 6.04925e+16	6.25e-08	1.66e-04	6.50e-02	6.35e-01	2.90e-01	1.04e-02	5.35e-05	0.00e+00	0.00e+00	4.85e-08	8.97e-09	5.01e-09
 6.16547e+16	7.02e-08	1.81e-04	6.84e-02	6.39e-01	2.82e-01	9.86e-03	4.90e-05	0.00e+00	0.00e+00	5.45e-08	1.01e-08	5.63e-09
 6.27008e+16	7.81e-08	1.95e-04	7.17e-02	6.43e-01	2.76e-01	9.39e-03	4.53e-05	0.00e+00	0.00e+00	6.06e-08	1.12e-08	6.27e-09
 6.36422e+16	8.62e-08	2.10e-04	7.47e-02	6.46e-01	2.70e-01	8.97e-03	4.21e-05	0.00e+00	0.00e+00	6.69e-08	1.24e-08	6.91e-09
 6.44895e+16	9.36e-08	2.24e-04	7.76e-02	6.49e-01	2.64e-01	8.62e-03	3.95e-05	0.00e+00	0.00e+00	7.26e-08	1.34e-08	7.51e-09
 6.52521e+16	1.02e-07	2.38e-04	8.02e-02	6.52e-01	2.60e-01	8.31e-03	3.73e-05	0.00e+00	0.00e+00	7.89e-08	1.46e-08	8.17e-09
 6.59739e+16	1.10e-07	2.52e-04	8.29e-02	6.54e-01	2.55e-01	8.02e-03	3.52e-05	0.00e+00	0.00e+00	8.54e-08	1.58e-08	8.84e-09
 6.66950e+16	1.19e-07	2.67e-04	8.56e-02	6.56e-01	2.51e-01	7.74e-03	3.33e-05	0.00e+00	0.00e+00	9.26e-08	1.71e-08	9.59e-09
 6.74162e+16	1.30e-07	2.84e-04	8.85e-02	6.58e-01	2.46e-01	7.47e-03	3.14e-05	0.00e+00	0.00e+00	1.00e-07	1.86e-08	1.04e-08
 6.81373e+16	1.41e-07	3.02e-04	9.14e-02	6.59e-01	2.42e-01	7.20e-03	2.97e-05	0.00e+00	0.00e+00	1.09e-07	2.02e-08	1.13e-08
 6.88585e+16	1.54e-07	3.22e-04	9.44e-02	6.61e-01	2.37e-01	6.94e-03	2.80e-05	0.00e+00	0.00e+00	1.19e-07	2.20e-08	1.23e-08
 6.95796e+16	1.68e-07	3.43e-04	9.76e-02	6.62e-01	2.33e-01	6.69e-03	2.64e-05	0.00e+00	0.00e+00	1.30e-07	2.40e-08	1.35e-08
 7.03008e+16	1.84e-07	3.68e-04	1.01e-01	6.64e-01	2.29e-01	6.45e-03	2.49e-05	0.00e+00	0.00e+00	1.43e-07	2.64e-08	1.48e-08
 7.10219e+16	2.05e-07	3.97e-04	1.04e-01	6.65e-01	2.24e-01	6.20e-03	2.34e-05	0.00e+00	0.00e+00	1.59e-07	2.93e-08	1.65e-08
 7.17431e+16	2.31e-07	4.32e-04	1.08e-01	6.66e-01	2.20e-01	5.96e-03	2.20e-05	0.00e+00	0.00e+00	1.79e-07	3.30e-08	1.86e-08
 7.21094e+16	2.65e-07	4.73e-04	1.11e-01	6.66e-01	2.17e-01	5.82e-03	2.10e-05	0.00e+00	0.00e+00	2.06e-07	3.79e-08	2.14e-08
