#depth	He	He+	He+2
 2.95256e+14	2.49e-07	4.40e-03	9.96e-01
 1.40406e+15	2.78e-07	4.65e-03	9.95e-01
 3.06369e+15	3.26e-07	5.03e-03	9.95e-01
 4.78970e+15	3.82e-07	5.45e-03	9.95e-01
 6.44371e+15	4.41e-07	5.86e-03	9.94e-01
 7.97197e+15	5.01e-07	6.25e-03	9.94e-01
 9.70240e+15	5.79e-07	6.72e-03	9.93e-01
 1.15677e+16	6.70e-07	7.25e-03	9.93e-01
 1.32394e+16	7.61e-07	7.73e-03	9.92e-01
 1.50398e+16	8.74e-07	8.28e-03	9.92e-01
 1.70650e+16	1.02e-06	8.92e-03	9.91e-01
 1.89935e+16	1.16e-06	9.55e-03	9.90e-01
 2.11113e+16	1.35e-06	1.03e-02	9.90e-01
 2.34407e+16	1.58e-06	1.11e-02	9.89e-01
 2.55626e+16	1.81e-06	1.19e-02	9.88e-01
 2.78386e+16	2.09e-06	1.28e-02	9.87e-01
 3.04076e+16	2.44e-06	1.39e-02	9.86e-01
 3.28705e+16	2.83e-06	1.49e-02	9.85e-01
 3.49656e+16	3.18e-06	1.58e-02	9.84e-01
 3.67653e+16	3.52e-06	1.67e-02	9.83e-01
 3.88006e+16	3.95e-06	1.77e-02	9.82e-01
 4.14464e+16	4.58e-06	1.91e-02	9.81e-01
 4.41229e+16	5.27e-06	2.06e-02	9.79e-01
 4.62903e+16	5.90e-06	2.18e-02	9.78e-01
 4.85184e+16	6.64e-06	2.32e-02	9.77e-01
 5.08781e+16	7.50e-06	2.47e-02	9.75e-01
 5.30018e+16	8.35e-06	2.62e-02	9.74e-01
 5.49131e+16	9.21e-06	2.76e-02	9.72e-01
 5.66334e+16	1.01e-05	2.89e-02	9.71e-01
 5.81815e+16	1.09e-05	3.01e-02	9.70e-01
 5.95749e+16	1.17e-05	3.13e-02	9.69e-01
 6.08289e+16	1.25e-05	3.24e-02	9.68e-01
 6.19575e+16	1.32e-05	3.34e-02	9.67e-01
 6.29733e+16	1.40e-05	3.44e-02	9.66e-01
 6.38875e+16	1.47e-05	3.53e-02	9.65e-01
 6.47103e+16	1.53e-05	3.62e-02	9.64e-01
 6.54606e+16	1.59e-05	3.69e-02	9.63e-01
 6.61817e+16	1.66e-05	3.77e-02	9.62e-01
 6.69029e+16	1.72e-05	3.85e-02	9.61e-01
 6.76240e+16	1.79e-05	3.93e-02	9.61e-01
 6.83452e+16	1.87e-05	4.02e-02	9.60e-01
 6.90663e+16	1.95e-05	4.11e-02	9.59e-01
 6.97875e+16	2.03e-05	4.20e-02	9.58e-01
 7.05086e+16	2.12e-05	4.29e-02	9.57e-01
 7.12298e+16	2.22e-05	4.39e-02	9.56e-01
 7.18528e+16	2.34e-05	4.47e-02	9.55e-01
