#depth	O	O+	O+2	O+3	O+4	O+5	O+6	O+7	O+8	O[1]	O[2]	O[3]
 1.84999e+14	3.79e-11	5.72e-07	1.19e-03	1.36e-01	6.33e-01	2.13e-01	1.76e-02	0.00e+00	0.00e+00	2.90e-11	5.89e-12	3.01e-12
 1.10999e+15	4.58e-11	6.60e-07	1.31e-03	1.43e-01	6.35e-01	2.04e-01	1.60e-02	0.00e+00	0.00e+00	3.50e-11	7.11e-12	3.64e-12
 2.68872e+15	6.11e-11	8.25e-07	1.55e-03	1.56e-01	6.38e-01	1.91e-01	1.37e-02	0.00e+00	0.00e+00	4.67e-11	9.47e-12	4.85e-12
 4.39974e+15	8.23e-11	1.04e-06	1.84e-03	1.69e-01	6.40e-01	1.78e-01	1.16e-02	0.00e+00	0.00e+00	6.29e-11	1.27e-11	6.54e-12
 6.02194e+15	1.07e-10	1.27e-06	2.15e-03	1.83e-01	6.39e-01	1.66e-01	9.95e-03	0.00e+00	0.00e+00	8.18e-11	1.65e-11	8.51e-12
 7.49389e+15	1.35e-10	1.52e-06	2.46e-03	1.95e-01	6.38e-01	1.56e-01	8.67e-03	0.00e+00	0.00e+00	1.03e-10	2.08e-11	1.07e-11
 9.15454e+15	1.75e-10	1.84e-06	2.85e-03	2.09e-01	6.35e-01	1.45e-01	7.44e-03	0.00e+00	0.00e+00	1.34e-10	2.70e-11	1.39e-11
 1.09909e+16	2.30e-10	2.27e-06	3.33e-03	2.25e-01	6.31e-01	1.34e-01	6.30e-03	0.00e+00	0.00e+00	1.76e-10	3.55e-11	1.83e-11
 1.27021e+16	2.96e-10	2.75e-06	3.83e-03	2.40e-01	6.26e-01	1.25e-01	5.40e-03	0.00e+00	0.00e+00	2.26e-10	4.56e-11	2.36e-11
 1.45729e+16	3.91e-10	3.39e-06	4.43e-03	2.56e-01	6.20e-01	1.15e-01	4.58e-03	0.00e+00	0.00e+00	2.99e-10	6.03e-11	3.13e-11
 1.66505e+16	5.24e-10	4.23e-06	5.19e-03	2.75e-01	6.11e-01	1.05e-01	3.83e-03	0.00e+00	0.00e+00	4.01e-10	8.07e-11	4.20e-11
 1.86042e+16	6.81e-10	5.15e-06	5.97e-03	2.92e-01	6.02e-01	9.72e-02	3.24e-03	0.00e+00	0.00e+00	5.21e-10	1.05e-10	5.46e-11
 2.03588e+16	8.58e-10	6.12e-06	6.75e-03	3.07e-01	5.93e-01	9.03e-02	2.80e-03	0.00e+00	0.00e+00	6.56e-10	1.32e-10	6.88e-11
 2.22472e+16	1.10e-09	7.36e-06	7.68e-03	3.23e-01	5.83e-01	8.34e-02	2.39e-03	0.00e+00	0.00e+00	8.40e-10	1.69e-10	8.83e-11
 2.43546e+16	1.43e-09	8.95e-06	8.81e-03	3.42e-01	5.71e-01	7.63e-02	2.01e-03	0.00e+00	0.00e+00	1.09e-09	2.19e-10	1.15e-10
 2.63339e+16	1.81e-09	1.07e-05	9.98e-03	3.59e-01	5.59e-01	7.03e-02	1.72e-03	0.00e+00	0.00e+00	1.38e-09	2.77e-10	1.45e-10
 2.84944e+16	2.35e-09	1.30e-05	1.14e-02	3.77e-01	5.46e-01	6.42e-02	1.44e-03	0.00e+00	0.00e+00	1.80e-09	3.60e-10	1.89e-10
 3.08569e+16	3.06e-09	1.58e-05	1.31e-02	3.97e-01	5.31e-01	5.82e-02	1.20e-03	0.00e+00	0.00e+00	2.34e-09	4.69e-10	2.47e-10
 3.30224e+16	3.87e-09	1.89e-05	1.48e-02	4.15e-01	5.16e-01	5.31e-02	1.02e-03	0.00e+00	0.00e+00	2.96e-09	5.93e-10	3.13e-10
 3.49479e+16	4.74e-09	2.20e-05	1.65e-02	4.30e-01	5.03e-01	4.90e-02	8.77e-04	0.00e+00	0.00e+00	3.63e-09	7.27e-10	3.84e-10
 3.70212e+16	5.95e-09	2.61e-05	1.85e-02	4.47e-01	4.89e-01	4.49e-02	7.48e-04	0.00e+00	0.00e+00	4.55e-09	9.11e-10	4.82e-10
 3.92926e+16	7.52e-09	3.11e-05	2.09e-02	4.64e-01	4.73e-01	4.09e-02	6.30e-04	0.00e+00	0.00e+00	5.75e-09	1.15e-09	6.10e-10
 4.14004e+16	9.27e-09	3.64e-05	2.33e-02	4.80e-01	4.59e-01	3.74e-02	5.39e-04	0.00e+00	0.00e+00	7.09e-09	1.42e-09	7.52e-10
 4.34137e+16	1.13e-08	4.23e-05	2.58e-02	4.95e-01	4.45e-01	3.44e-02	4.64e-04	0.00e+00	0.00e+00	8.67e-09	1.73e-09	9.21e-10
 4.57252e+16	1.43e-08	5.04e-05	2.90e-02	5.11e-01	4.28e-01	3.11e-02	3.90e-04	0.00e+00	0.00e+00	1.10e-08	2.19e-09	1.17e-09
 4.82224e+16	1.82e-08	6.05e-05	3.27e-02	5.28e-01	4.11e-01	2.80e-02	3.25e-04	0.00e+00	0.00e+00	1.40e-08	2.79e-09	1.49e-09
 5.04716e+16	2.26e-08	7.11e-05	3.64e-02	5.42e-01	3.95e-01	2.54e-02	2.76e-04	0.00e+00	0.00e+00	1.73e-08	3.45e-09	1.84e-09
 5.25594e+16	2.77e-08	8.28e-05	4.03e-02	5.55e-01	3.81e-01	2.32e-02	2.37e-04	0.00e+00	0.00e+00	2.12e-08	4.23e-09	2.26e-09
 5.45150e+16	3.35e-08	9.55e-05	4.42e-02	5.67e-01	3.67e-01	2.13e-02	2.05e-04	0.00e+00	0.00e+00	2.56e-08	5.11e-09	2.73e-09
 5.62750e+16	3.98e-08	1.09e-04	4.80e-02	5.77e-01	3.55e-01	1.97e-02	1.80e-04	0.00e+00	0.00e+00	3.04e-08	6.07e-09	3.25e-09
 5.78590e+16	4.65e-08	1.22e-04	5.17e-02	5.85e-01	3.44e-01	1.84e-02	1.60e-04	0.00e+00	0.00e+00	3.56e-08	7.10e-09	3.81e-09
 5.92846e+16	5.37e-08	1.36e-04	5.52e-02	5.93e-01	3.35e-01	1.73e-02	1.44e-04	0.00e+00	0.00e+00	4.11e-08	8.19e-09	4.40e-09
 6.05677e+16	6.13e-08	1.50e-04	5.86e-02	5.99e-01	3.26e-01	1.63e-02	1.31e-04	0.00e+00	0.00e+00	4.68e-08	9.34e-09	5.02e-09
 6.17224e+16	6.91e-08	1.64e-04	6.19e-02	6.04e-01	3.18e-01	1.54e-02	1.20e-04	0.00e+00	0.00e+00	5.28e-08	1.05e-08	5.66e-09
 6.27617e+16	7.71e-08	1.78e-04	6.49e-02	6.09e-01	3.11e-01	1.47e-02	1.11e-04	0.00e+00	0.00e+00	5.90e-08	1.18e-08	6.32e-09
 6.36971e+16	8.46e-08	1.91e-04	6.78e-02	6.13e-01	3.05e-01	1.41e-02	1.04e-04	0.00e+00	0.00e+00	6.47e-08	1.29e-08	6.94e-09
 6.45389e+16	9.30e-08	2.05e-04	7.05e-02	6.16e-01	2.99e-01	1.35e-02	9.71e-05	0.00e+00	0.00e+00	7.11e-08	1.42e-08	7.63e-09
 6.52982e+16	1.01e-07	2.19e-04	7.31e-02	6.19e-01	2.94e-01	1.31e-02	9.15e-05	0.00e+00	0.00e+00	7.75e-08	1.54e-08	8.32e-09
 6.60193e+16	1.10e-07	2.33e-04	7.57e-02	6.22e-01	2.89e-01	1.26e-02	8.65e-05	0.00e+00	0.00e+00	8.43e-08	1.68e-08	9.05e-09
 6.67405e+16	1.20e-07	2.48e-04	7.84e-02	6.25e-01	2.84e-01	1.22e-02	8.17e-05	0.00e+00	0.00e+00	9.18e-08	1.83e-08	9.86e-09
 6.74616e+16	1.31e-07	2.64e-04	8.11e-02	6.27e-01	2.80e-01	1.18e-02	7.72e-05	0.00e+00	0.00e+00	1.00e-07	1.99e-08	1.07e-08
 6.81828e+16	1.43e-07	2.82e-04	8.40e-02	6.30e-01	2.75e-01	1.13e-02	7.29e-05	0.00e+00	0.00e+00	1.09e-07	2.18e-08	1.17e-08
 6.89040e+16	1.58e-07	3.03e-04	8.71e-02	6.32e-01	2.70e-01	1.09e-02	6.86e-05	0.00e+00	0.00e+00	1.21e-07	2.40e-08	1.30e-08
 6.96251e+16	1.73e-07	3.24e-04	9.02e-02	6.34e-01	2.65e-01	1.05e-02	6.47e-05	0.00e+00	0.00e+00	1.33e-07	2.64e-08	1.43e-08
 7.03463e+16	1.90e-07	3.47e-04	9.34e-02	6.36e-01	2.60e-01	1.02e-02	6.10e-05	0.00e+00	0.00e+00	1.45e-07	2.90e-08	1.57e-08
 7.10674e+16	2.14e-07	3.78e-04	9.70e-02	6.38e-01	2.55e-01	9.76e-03	5.72e-05	0.00e+00	0.00e+00	1.63e-07	3.25e-08	1.76e-08
 7.17716e+16	2.43e-07	4.14e-04	1.01e-01	6.39e-01	2.51e-01	9.39e-03	5.37e-05	0.00e+00	0.00e+00	1.86e-07	3.70e-08	2.00e-08
