#depth	O	O+	O+2	O+3	O+4	O+5	O+6	O+7	O+8	O[1]	O[2]	O[3]
 1.94277e+14	9.97e-12	4.76e-07	1.81e-03	2.39e-01	6.93e-01	6.56e-02	8.58e-04	0.00e+00	0.00e+00	7.32e-12	1.80e-12	8.39e-13
 1.16566e+15	1.19e-11	5.45e-07	1.98e-03	2.49e-01	6.86e-01	6.20e-02	7.69e-04	0.00e+00	0.00e+00	8.76e-12	2.15e-12	1.00e-12
 2.78336e+15	1.57e-11	6.70e-07	2.30e-03	2.66e-01	6.75e-01	5.66e-02	6.44e-04	0.00e+00	0.00e+00	1.15e-11	2.81e-12	1.32e-12
 4.49816e+15	2.06e-11	8.25e-07	2.67e-03	2.83e-01	6.62e-01	5.15e-02	5.36e-04	0.00e+00	0.00e+00	1.52e-11	3.69e-12	1.73e-12
 6.17525e+15	2.66e-11	9.99e-07	3.07e-03	3.01e-01	6.49e-01	4.70e-02	4.49e-04	0.00e+00	0.00e+00	1.96e-11	4.75e-12	2.24e-12
 7.77331e+15	3.37e-11	1.19e-06	3.48e-03	3.17e-01	6.36e-01	4.31e-02	3.82e-04	0.00e+00	0.00e+00	2.48e-11	6.00e-12	2.83e-12
 9.54160e+15	4.34e-11	1.44e-06	3.99e-03	3.35e-01	6.21e-01	3.92e-02	3.19e-04	0.00e+00	0.00e+00	3.20e-11	7.74e-12	3.65e-12
 1.14716e+16	5.71e-11	1.77e-06	4.60e-03	3.55e-01	6.05e-01	3.54e-02	2.64e-04	0.00e+00	0.00e+00	4.21e-11	1.02e-11	4.80e-12
 1.32786e+16	7.32e-11	2.13e-06	5.23e-03	3.73e-01	5.89e-01	3.22e-02	2.22e-04	0.00e+00	0.00e+00	5.39e-11	1.30e-11	6.16e-12
 1.52131e+16	9.53e-11	2.58e-06	5.97e-03	3.92e-01	5.73e-01	2.91e-02	1.85e-04	0.00e+00	0.00e+00	7.02e-11	1.69e-11	8.02e-12
 1.73476e+16	1.25e-10	3.17e-06	6.87e-03	4.13e-01	5.54e-01	2.62e-02	1.52e-04	0.00e+00	0.00e+00	9.23e-11	2.22e-11	1.06e-11
 1.93477e+16	1.61e-10	3.81e-06	7.80e-03	4.32e-01	5.36e-01	2.37e-02	1.27e-04	0.00e+00	0.00e+00	1.18e-10	2.85e-11	1.35e-11
 2.15052e+16	2.10e-10	4.63e-06	8.90e-03	4.52e-01	5.17e-01	2.13e-02	1.04e-04	0.00e+00	0.00e+00	1.55e-10	3.71e-11	1.77e-11
 2.38846e+16	2.77e-10	5.68e-06	1.02e-02	4.74e-01	4.96e-01	1.89e-02	8.47e-05	0.00e+00	0.00e+00	2.04e-10	4.90e-11	2.34e-11
 2.61261e+16	3.57e-10	6.85e-06	1.16e-02	4.94e-01	4.77e-01	1.69e-02	6.99e-05	0.00e+00	0.00e+00	2.63e-10	6.31e-11	3.02e-11
 2.85415e+16	4.69e-10	8.35e-06	1.33e-02	5.15e-01	4.57e-01	1.51e-02	5.69e-05	0.00e+00	0.00e+00	3.45e-10	8.27e-11	3.97e-11
 3.11848e+16	6.22e-10	1.03e-05	1.53e-02	5.37e-01	4.35e-01	1.33e-02	4.56e-05	0.00e+00	0.00e+00	4.59e-10	1.10e-10	5.28e-11
 3.36705e+16	8.05e-10	1.24e-05	1.74e-02	5.57e-01	4.14e-01	1.18e-02	3.72e-05	0.00e+00	0.00e+00	5.94e-10	1.42e-10	6.83e-11
 3.63575e+16	1.07e-09	1.52e-05	2.00e-02	5.77e-01	3.93e-01	1.03e-02	2.99e-05	0.00e+00	0.00e+00	7.87e-10	1.88e-10	9.07e-11
 3.92868e+16	1.43e-09	1.89e-05	2.31e-02	5.98e-01	3.70e-01	9.00e-03	2.36e-05	0.00e+00	0.00e+00	1.05e-09	2.52e-10	1.22e-10
 4.20117e+16	1.86e-09	2.29e-05	2.64e-02	6.16e-01	3.49e-01	7.90e-03	1.90e-05	0.00e+00	0.00e+00	1.37e-09	3.28e-10	1.59e-10
 4.42632e+16	2.30e-09	2.68e-05	2.93e-02	6.31e-01	3.33e-01	7.10e-03	1.60e-05	0.00e+00	0.00e+00	1.70e-09	4.05e-10	1.96e-10
 4.61246e+16	2.76e-09	3.06e-05	3.20e-02	6.42e-01	3.19e-01	6.49e-03	1.38e-05	0.00e+00	0.00e+00	2.03e-09	4.85e-10	2.36e-10
 4.82043e+16	3.39e-09	3.55e-05	3.53e-02	6.54e-01	3.05e-01	5.87e-03	1.17e-05	0.00e+00	0.00e+00	2.50e-09	5.95e-10	2.90e-10
 5.05166e+16	4.23e-09	4.18e-05	3.94e-02	6.67e-01	2.89e-01	5.25e-03	9.76e-06	0.00e+00	0.00e+00	3.12e-09	7.42e-10	3.62e-10
 5.26765e+16	5.20e-09	4.87e-05	4.35e-02	6.77e-01	2.74e-01	4.72e-03	8.26e-06	0.00e+00	0.00e+00	3.83e-09	9.12e-10	4.45e-10
 5.46203e+16	6.26e-09	5.59e-05	4.76e-02	6.86e-01	2.62e-01	4.29e-03	7.10e-06	0.00e+00	0.00e+00	4.62e-09	1.10e-09	5.37e-10
 5.63698e+16	7.43e-09	6.35e-05	5.17e-02	6.94e-01	2.50e-01	3.94e-03	6.19e-06	0.00e+00	0.00e+00	5.48e-09	1.30e-09	6.37e-10
 5.79444e+16	8.68e-09	7.13e-05	5.56e-02	7.00e-01	2.41e-01	3.64e-03	5.48e-06	0.00e+00	0.00e+00	6.40e-09	1.52e-09	7.45e-10
 5.93614e+16	1.00e-08	7.92e-05	5.95e-02	7.05e-01	2.32e-01	3.39e-03	4.90e-06	0.00e+00	0.00e+00	7.38e-09	1.75e-09	8.60e-10
 6.06368e+16	1.14e-08	8.73e-05	6.32e-02	7.10e-01	2.24e-01	3.17e-03	4.43e-06	0.00e+00	0.00e+00	8.40e-09	2.00e-09	9.80e-10
 6.17847e+16	1.28e-08	9.54e-05	6.68e-02	7.13e-01	2.17e-01	2.99e-03	4.04e-06	0.00e+00	0.00e+00	9.46e-09	2.25e-09	1.10e-09
 6.28177e+16	1.43e-08	1.03e-04	7.02e-02	7.16e-01	2.11e-01	2.83e-03	3.72e-06	0.00e+00	0.00e+00	1.06e-08	2.50e-09	1.23e-09
 6.37475e+16	1.58e-08	1.11e-04	7.35e-02	7.18e-01	2.05e-01	2.69e-03	3.45e-06	0.00e+00	0.00e+00	1.17e-08	2.77e-09	1.36e-09
 6.45842e+16	1.73e-08	1.19e-04	7.65e-02	7.20e-01	2.00e-01	2.58e-03	3.23e-06	0.00e+00	0.00e+00	1.28e-08	3.03e-09	1.49e-09
 6.53412e+16	1.87e-08	1.27e-04	7.94e-02	7.22e-01	1.96e-01	2.47e-03	3.03e-06	0.00e+00	0.00e+00	1.38e-08	3.27e-09	1.61e-09
 6.60623e+16	2.03e-08	1.35e-04	8.24e-02	7.23e-01	1.92e-01	2.38e-03	2.86e-06	0.00e+00	0.00e+00	1.50e-08	3.55e-09	1.75e-09
 6.67835e+16	2.20e-08	1.43e-04	8.54e-02	7.25e-01	1.88e-01	2.28e-03	2.69e-06	0.00e+00	0.00e+00	1.63e-08	3.86e-09	1.90e-09
 6.75046e+16	2.40e-08	1.53e-04	8.86e-02	7.26e-01	1.83e-01	2.19e-03	2.54e-06	0.00e+00	0.00e+00	1.77e-08	4.19e-09	2.07e-09
 6.82258e+16	2.61e-08	1.63e-04	9.20e-02	7.27e-01	1.79e-01	2.11e-03	2.39e-06	0.00e+00	0.00e+00	1.93e-08	4.57e-09	2.25e-09
 6.89469e+16	2.85e-08	1.74e-04	9.55e-02	7.27e-01	1.75e-01	2.02e-03	2.24e-06	0.00e+00	0.00e+00	2.10e-08	4.98e-09	2.46e-09
 6.96681e+16	3.12e-08	1.86e-04	9.91e-02	7.28e-01	1.71e-01	1.94e-03	2.11e-06	0.00e+00	0.00e+00	2.30e-08	5.45e-09	2.69e-09
 7.03892e+16	3.42e-08	1.99e-04	1.03e-01	7.28e-01	1.67e-01	1.86e-03	1.98e-06	0.00e+00	0.00e+00	2.52e-08	5.97e-09	2.95e-09
 7.11104e+16	3.76e-08	2.14e-04	1.07e-01	7.28e-01	1.63e-01	1.78e-03	1.86e-06	0.00e+00	0.00e+00	2.78e-08	6.58e-09	3.25e-09
 7.17931e+16	4.17e-08	2.32e-04	1.11e-01	7.28e-01	1.59e-01	1.71e-03	1.75e-06	0.00e+00	0.00e+00	3.07e-08	7.28e-09	3.60e-09
