#depth	O	O+	O+2	O+3	O+4	O+5	O+6	O+7	O+8	O[1]	O[2]	O[3]
 1.92428e+14	1.90e-11	6.03e-07	1.81e-03	2.17e-01	6.88e-01	9.14e-02	2.00e-03	0.00e+00	0.00e+00	1.41e-11	3.27e-12	1.57e-12
 1.15457e+15	2.28e-11	6.92e-07	1.98e-03	2.26e-01	6.83e-01	8.66e-02	1.80e-03	0.00e+00	0.00e+00	1.70e-11	3.93e-12	1.89e-12
 2.76450e+15	3.00e-11	8.52e-07	2.31e-03	2.42e-01	6.75e-01	7.95e-02	1.51e-03	0.00e+00	0.00e+00	2.23e-11	5.14e-12	2.48e-12
 4.47855e+15	3.96e-11	1.05e-06	2.69e-03	2.59e-01	6.64e-01	7.25e-02	1.26e-03	0.00e+00	0.00e+00	2.95e-11	6.78e-12	3.27e-12
 6.13299e+15	5.10e-11	1.27e-06	3.10e-03	2.76e-01	6.53e-01	6.65e-02	1.06e-03	0.00e+00	0.00e+00	3.80e-11	8.72e-12	4.21e-12
 7.67772e+15	6.41e-11	1.51e-06	3.52e-03	2.91e-01	6.43e-01	6.14e-02	9.10e-04	0.00e+00	0.00e+00	4.77e-11	1.09e-11	5.30e-12
 9.41243e+15	8.27e-11	1.83e-06	4.04e-03	3.09e-01	6.30e-01	5.61e-02	7.66e-04	0.00e+00	0.00e+00	6.16e-11	1.41e-11	6.84e-12
 1.13511e+16	1.10e-10	2.26e-06	4.68e-03	3.28e-01	6.16e-01	5.08e-02	6.34e-04	0.00e+00	0.00e+00	8.17e-11	1.87e-11	9.08e-12
 1.31350e+16	1.40e-10	2.71e-06	5.33e-03	3.46e-01	6.02e-01	4.65e-02	5.35e-04	0.00e+00	0.00e+00	1.05e-10	2.39e-11	1.16e-11
 1.47415e+16	1.75e-10	3.19e-06	5.98e-03	3.62e-01	5.89e-01	4.29e-02	4.60e-04	0.00e+00	0.00e+00	1.30e-10	2.98e-11	1.45e-11
 1.65603e+16	2.24e-10	3.83e-06	6.77e-03	3.79e-01	5.74e-01	3.92e-02	3.89e-04	0.00e+00	0.00e+00	1.67e-10	3.81e-11	1.86e-11
 1.87418e+16	2.97e-10	4.72e-06	7.82e-03	4.00e-01	5.56e-01	3.52e-02	3.19e-04	0.00e+00	0.00e+00	2.22e-10	5.05e-11	2.47e-11
 2.08993e+16	3.88e-10	5.75e-06	8.97e-03	4.21e-01	5.38e-01	3.17e-02	2.63e-04	0.00e+00	0.00e+00	2.89e-10	6.59e-11	3.23e-11
 2.28334e+16	4.89e-10	6.82e-06	1.01e-02	4.38e-01	5.22e-01	2.89e-02	2.22e-04	0.00e+00	0.00e+00	3.65e-10	8.30e-11	4.08e-11
 2.49728e+16	6.34e-10	8.24e-06	1.15e-02	4.58e-01	5.04e-01	2.61e-02	1.84e-04	0.00e+00	0.00e+00	4.73e-10	1.07e-10	5.28e-11
 2.73875e+16	8.34e-10	1.01e-05	1.32e-02	4.79e-01	4.84e-01	2.33e-02	1.50e-04	0.00e+00	0.00e+00	6.22e-10	1.41e-10	6.97e-11
 2.96980e+16	1.08e-09	1.22e-05	1.50e-02	4.99e-01	4.65e-01	2.08e-02	1.24e-04	0.00e+00	0.00e+00	8.02e-10	1.82e-10	8.99e-11
 3.22209e+16	1.42e-09	1.49e-05	1.72e-02	5.20e-01	4.45e-01	1.85e-02	1.00e-04	0.00e+00	0.00e+00	1.06e-09	2.41e-10	1.19e-10
 3.49619e+16	1.90e-09	1.84e-05	1.99e-02	5.41e-01	4.23e-01	1.63e-02	8.03e-05	0.00e+00	0.00e+00	1.41e-09	3.21e-10	1.59e-10
 3.74666e+16	2.44e-09	2.22e-05	2.26e-02	5.60e-01	4.03e-01	1.44e-02	6.57e-05	0.00e+00	0.00e+00	1.82e-09	4.13e-10	2.05e-10
 3.95743e+16	3.00e-09	2.58e-05	2.51e-02	5.75e-01	3.86e-01	1.31e-02	5.56e-05	0.00e+00	0.00e+00	2.24e-09	5.07e-10	2.52e-10
 4.14057e+16	3.61e-09	2.95e-05	2.75e-02	5.88e-01	3.72e-01	1.20e-02	4.80e-05	0.00e+00	0.00e+00	2.69e-09	6.09e-10	3.03e-10
 4.34877e+16	4.45e-09	3.44e-05	3.04e-02	6.02e-01	3.57e-01	1.09e-02	4.07e-05	0.00e+00	0.00e+00	3.32e-09	7.51e-10	3.75e-10
 4.58157e+16	5.59e-09	4.07e-05	3.41e-02	6.17e-01	3.40e-01	9.74e-03	3.39e-05	0.00e+00	0.00e+00	4.17e-09	9.43e-10	4.71e-10
 4.80200e+16	6.90e-09	4.76e-05	3.78e-02	6.30e-01	3.24e-01	8.77e-03	2.86e-05	0.00e+00	0.00e+00	5.15e-09	1.16e-09	5.83e-10
 5.01071e+16	8.46e-09	5.53e-05	4.18e-02	6.41e-01	3.09e-01	7.94e-03	2.43e-05	0.00e+00	0.00e+00	6.31e-09	1.42e-09	7.14e-10
 5.21900e+16	1.04e-08	6.43e-05	4.61e-02	6.52e-01	2.94e-01	7.18e-03	2.06e-05	0.00e+00	0.00e+00	7.73e-09	1.75e-09	8.77e-10
 5.41825e+16	1.26e-08	7.42e-05	5.06e-02	6.62e-01	2.81e-01	6.51e-03	1.77e-05	0.00e+00	0.00e+00	9.38e-09	2.12e-09	1.06e-09
 5.59758e+16	1.50e-08	8.46e-05	5.51e-02	6.70e-01	2.69e-01	5.96e-03	1.54e-05	0.00e+00	0.00e+00	1.12e-08	2.53e-09	1.27e-09
 5.75897e+16	1.76e-08	9.54e-05	5.95e-02	6.77e-01	2.58e-01	5.50e-03	1.35e-05	0.00e+00	0.00e+00	1.32e-08	2.97e-09	1.50e-09
 5.90423e+16	2.04e-08	1.06e-04	6.37e-02	6.82e-01	2.49e-01	5.11e-03	1.21e-05	0.00e+00	0.00e+00	1.52e-08	3.44e-09	1.73e-09
 6.03496e+16	2.34e-08	1.18e-04	6.78e-02	6.87e-01	2.41e-01	4.78e-03	1.09e-05	0.00e+00	0.00e+00	1.74e-08	3.93e-09	1.99e-09
 6.15261e+16	2.65e-08	1.29e-04	7.18e-02	6.91e-01	2.33e-01	4.50e-03	9.90e-06	0.00e+00	0.00e+00	1.97e-08	4.45e-09	2.25e-09
 6.25850e+16	2.96e-08	1.40e-04	7.55e-02	6.94e-01	2.26e-01	4.26e-03	9.10e-06	0.00e+00	0.00e+00	2.21e-08	4.97e-09	2.52e-09
 6.35380e+16	3.28e-08	1.52e-04	7.91e-02	6.96e-01	2.20e-01	4.05e-03	8.42e-06	0.00e+00	0.00e+00	2.45e-08	5.52e-09	2.79e-09
 6.43958e+16	3.58e-08	1.62e-04	8.25e-02	6.98e-01	2.15e-01	3.87e-03	7.86e-06	0.00e+00	0.00e+00	2.67e-08	6.02e-09	3.05e-09
 6.51677e+16	3.91e-08	1.73e-04	8.57e-02	7.00e-01	2.10e-01	3.71e-03	7.37e-06	0.00e+00	0.00e+00	2.92e-08	6.58e-09	3.33e-09
 6.58939e+16	4.26e-08	1.84e-04	8.89e-02	7.01e-01	2.06e-01	3.57e-03	6.94e-06	0.00e+00	0.00e+00	3.17e-08	7.15e-09	3.62e-09
 6.66151e+16	4.63e-08	1.96e-04	9.22e-02	7.03e-01	2.02e-01	3.43e-03	6.54e-06	0.00e+00	0.00e+00	3.45e-08	7.78e-09	3.94e-09
 6.73362e+16	5.05e-08	2.09e-04	9.56e-02	7.04e-01	1.97e-01	3.29e-03	6.15e-06	0.00e+00	0.00e+00	3.76e-08	8.47e-09	4.30e-09
 6.80574e+16	5.51e-08	2.24e-04	9.92e-02	7.05e-01	1.93e-01	3.16e-03	5.78e-06	0.00e+00	0.00e+00	4.11e-08	9.25e-09	4.69e-09
 6.87785e+16	6.02e-08	2.39e-04	1.03e-01	7.05e-01	1.88e-01	3.03e-03	5.44e-06	0.00e+00	0.00e+00	4.49e-08	1.01e-08	5.14e-09
 6.94997e+16	6.60e-08	2.56e-04	1.07e-01	7.06e-01	1.84e-01	2.91e-03	5.11e-06	0.00e+00	0.00e+00	4.93e-08	1.11e-08	5.63e-09
 7.02208e+16	7.26e-08	2.75e-04	1.11e-01	7.06e-01	1.80e-01	2.79e-03	4.79e-06	0.00e+00	0.00e+00	5.42e-08	1.22e-08	6.20e-09
 7.09420e+16	8.07e-08	2.97e-04	1.15e-01	7.06e-01	1.75e-01	2.67e-03	4.49e-06	0.00e+00	0.00e+00	6.01e-08	1.35e-08	6.89e-09
 7.16631e+16	8.98e-08	3.22e-04	1.20e-01	7.06e-01	1.71e-01	2.56e-03	4.21e-06	0.00e+00	0.00e+00	6.70e-08	1.51e-08	7.67e-09
 7.20694e+16	1.01e-07	3.51e-04	1.23e-01	7.06e-01	1.69e-01	2.49e-03	4.05e-06	0.00e+00	0.00e+00	7.55e-08	1.70e-08	8.65e-09
