#depth	O	O+	O+2	O+3	O+4	O+5	O+6	O+7	O+8	O[1]	O[2]	O[3]
 3.58076e+14	4.64e-11	9.49e-07	2.13e-03	2.15e-01	6.70e-01	1.09e-01	3.36e-03	0.00e+00	0.00e+00	3.79e-11	5.21e-12	3.21e-12
 1.53221e+15	5.80e-11	1.12e-06	2.39e-03	2.26e-01	6.66e-01	1.03e-01	2.96e-03	0.00e+00	0.00e+00	4.74e-11	6.50e-12	4.02e-12
 3.19696e+15	7.83e-11	1.40e-06	2.79e-03	2.43e-01	6.58e-01	9.41e-02	2.48e-03	0.00e+00	0.00e+00	6.41e-11	8.76e-12	5.43e-12
 4.92831e+15	1.06e-10	1.75e-06	3.25e-03	2.60e-01	6.48e-01	8.61e-02	2.06e-03	0.00e+00	0.00e+00	8.65e-11	1.18e-11	7.33e-12
 6.58477e+15	1.39e-10	2.14e-06	3.75e-03	2.77e-01	6.39e-01	7.91e-02	1.74e-03	0.00e+00	0.00e+00	1.14e-10	1.55e-11	9.63e-12
 8.11161e+15	1.77e-10	2.56e-06	4.24e-03	2.92e-01	6.29e-01	7.32e-02	1.49e-03	0.00e+00	0.00e+00	1.45e-10	1.97e-11	1.23e-11
 9.84355e+15	2.32e-10	3.11e-06	4.86e-03	3.09e-01	6.18e-01	6.71e-02	1.26e-03	0.00e+00	0.00e+00	1.90e-10	2.58e-11	1.61e-11
 1.17196e+16	3.05e-10	3.81e-06	5.60e-03	3.28e-01	6.05e-01	6.11e-02	1.05e-03	0.00e+00	0.00e+00	2.50e-10	3.39e-11	2.12e-11
 1.34075e+16	3.87e-10	4.52e-06	6.32e-03	3.44e-01	5.93e-01	5.63e-02	8.95e-04	0.00e+00	0.00e+00	3.17e-10	4.30e-11	2.69e-11
 1.52263e+16	5.03e-10	5.46e-06	7.18e-03	3.61e-01	5.79e-01	5.15e-02	7.55e-04	0.00e+00	0.00e+00	4.12e-10	5.58e-11	3.50e-11
 1.72714e+16	6.68e-10	6.70e-06	8.23e-03	3.81e-01	5.64e-01	4.67e-02	6.26e-04	0.00e+00	0.00e+00	5.47e-10	7.40e-11	4.65e-11
 1.92178e+16	8.66e-10	8.08e-06	9.33e-03	3.99e-01	5.49e-01	4.25e-02	5.26e-04	0.00e+00	0.00e+00	7.09e-10	9.59e-11	6.04e-11
 2.13518e+16	1.15e-09	9.88e-06	1.06e-02	4.18e-01	5.32e-01	3.84e-02	4.35e-04	0.00e+00	0.00e+00	9.40e-10	1.27e-10	8.01e-11
 2.37016e+16	1.54e-09	1.22e-05	1.22e-02	4.39e-01	5.14e-01	3.44e-02	3.55e-04	0.00e+00	0.00e+00	1.26e-09	1.70e-10	1.08e-10
 2.58339e+16	1.99e-09	1.47e-05	1.38e-02	4.57e-01	4.97e-01	3.12e-02	2.96e-04	0.00e+00	0.00e+00	1.63e-09	2.20e-10	1.39e-10
 2.81042e+16	2.62e-09	1.78e-05	1.57e-02	4.76e-01	4.80e-01	2.81e-02	2.44e-04	0.00e+00	0.00e+00	2.15e-09	2.89e-10	1.83e-10
 3.03745e+16	3.38e-09	2.14e-05	1.76e-02	4.94e-01	4.63e-01	2.53e-02	2.03e-04	0.00e+00	0.00e+00	2.77e-09	3.73e-10	2.37e-10
 3.21755e+16	4.12e-09	2.46e-05	1.93e-02	5.08e-01	4.49e-01	2.33e-02	1.75e-04	0.00e+00	0.00e+00	3.38e-09	4.54e-10	2.89e-10
 3.40479e+16	5.08e-09	2.85e-05	2.13e-02	5.22e-01	4.35e-01	2.14e-02	1.50e-04	0.00e+00	0.00e+00	4.16e-09	5.59e-10	3.56e-10
 3.64820e+16	6.61e-09	3.44e-05	2.39e-02	5.40e-01	4.17e-01	1.92e-02	1.24e-04	0.00e+00	0.00e+00	5.41e-09	7.27e-10	4.64e-10
 3.89741e+16	8.51e-09	4.12e-05	2.69e-02	5.57e-01	3.99e-01	1.72e-02	1.02e-04	0.00e+00	0.00e+00	6.97e-09	9.35e-10	5.98e-10
 4.10366e+16	1.04e-08	4.76e-05	2.95e-02	5.70e-01	3.85e-01	1.57e-02	8.70e-05	0.00e+00	0.00e+00	8.56e-09	1.15e-09	7.35e-10
 4.32127e+16	1.30e-08	5.56e-05	3.25e-02	5.84e-01	3.70e-01	1.42e-02	7.36e-05	0.00e+00	0.00e+00	1.06e-08	1.43e-09	9.15e-10
 4.58262e+16	1.68e-08	6.67e-05	3.64e-02	5.99e-01	3.52e-01	1.26e-02	6.03e-05	0.00e+00	0.00e+00	1.37e-08	1.84e-09	1.18e-09
 4.84026e+16	2.13e-08	7.92e-05	4.06e-02	6.13e-01	3.35e-01	1.13e-02	4.98e-05	0.00e+00	0.00e+00	1.75e-08	2.34e-09	1.50e-09
 5.06928e+16	2.64e-08	9.22e-05	4.45e-02	6.24e-01	3.21e-01	1.02e-02	4.20e-05	0.00e+00	0.00e+00	2.16e-08	2.89e-09	1.86e-09
 5.28066e+16	3.20e-08	1.06e-04	4.85e-02	6.34e-01	3.08e-01	9.30e-03	3.60e-05	0.00e+00	0.00e+00	2.62e-08	3.50e-09	2.26e-09
 5.47374e+16	3.81e-08	1.20e-04	5.23e-02	6.43e-01	2.96e-01	8.54e-03	3.12e-05	0.00e+00	0.00e+00	3.12e-08	4.17e-09	2.69e-09
 5.64752e+16	4.45e-08	1.34e-04	5.60e-02	6.50e-01	2.86e-01	7.91e-03	2.75e-05	0.00e+00	0.00e+00	3.65e-08	4.87e-09	3.15e-09
 5.80392e+16	5.12e-08	1.49e-04	5.94e-02	6.56e-01	2.77e-01	7.39e-03	2.46e-05	0.00e+00	0.00e+00	4.20e-08	5.60e-09	3.63e-09
 5.94468e+16	5.82e-08	1.63e-04	6.27e-02	6.61e-01	2.69e-01	6.94e-03	2.22e-05	0.00e+00	0.00e+00	4.77e-08	6.36e-09	4.12e-09
 6.07136e+16	6.52e-08	1.77e-04	6.58e-02	6.65e-01	2.62e-01	6.56e-03	2.03e-05	0.00e+00	0.00e+00	5.34e-08	7.13e-09	4.62e-09
 6.18538e+16	7.23e-08	1.91e-04	6.86e-02	6.69e-01	2.56e-01	6.24e-03	1.87e-05	0.00e+00	0.00e+00	5.92e-08	7.90e-09	5.12e-09
 6.28799e+16	7.94e-08	2.04e-04	7.13e-02	6.72e-01	2.50e-01	5.96e-03	1.73e-05	0.00e+00	0.00e+00	6.50e-08	8.67e-09	5.63e-09
 6.38035e+16	8.64e-08	2.17e-04	7.38e-02	6.75e-01	2.45e-01	5.72e-03	1.62e-05	0.00e+00	0.00e+00	7.08e-08	9.44e-09	6.13e-09
 6.46346e+16	9.34e-08	2.29e-04	7.61e-02	6.77e-01	2.41e-01	5.51e-03	1.53e-05	0.00e+00	0.00e+00	7.65e-08	1.02e-08	6.63e-09
 6.53889e+16	9.99e-08	2.41e-04	7.83e-02	6.79e-01	2.37e-01	5.33e-03	1.45e-05	0.00e+00	0.00e+00	8.19e-08	1.09e-08	7.09e-09
 6.61101e+16	1.07e-07	2.53e-04	8.04e-02	6.81e-01	2.33e-01	5.16e-03	1.37e-05	0.00e+00	0.00e+00	8.77e-08	1.17e-08	7.60e-09
 6.68312e+16	1.15e-07	2.66e-04	8.26e-02	6.82e-01	2.30e-01	4.99e-03	1.30e-05	0.00e+00	0.00e+00	9.40e-08	1.25e-08	8.15e-09
 6.75524e+16	1.23e-07	2.80e-04	8.48e-02	6.84e-01	2.26e-01	4.83e-03	1.24e-05	0.00e+00	0.00e+00	1.01e-07	1.34e-08	8.75e-09
 6.82735e+16	1.32e-07	2.95e-04	8.71e-02	6.85e-01	2.22e-01	4.68e-03	1.17e-05	0.00e+00	0.00e+00	1.08e-07	1.44e-08	9.40e-09
 6.89947e+16	1.42e-07	3.11e-04	8.95e-02	6.87e-01	2.19e-01	4.52e-03	1.11e-05	0.00e+00	0.00e+00	1.17e-07	1.55e-08	1.01e-08
 6.97158e+16	1.53e-07	3.29e-04	9.19e-02	6.88e-01	2.15e-01	4.38e-03	1.06e-05	0.00e+00	0.00e+00	1.26e-07	1.67e-08	1.09e-08
 7.04370e+16	1.66e-07	3.48e-04	9.44e-02	6.89e-01	2.12e-01	4.23e-03	1.00e-05	0.00e+00	0.00e+00	1.36e-07	1.81e-08	1.18e-08
 7.11581e+16	1.82e-07	3.71e-04	9.70e-02	6.90e-01	2.08e-01	4.09e-03	9.47e-06	0.00e+00	0.00e+00	1.49e-07	1.98e-08	1.29e-08
 7.18169e+16	2.03e-07	4.01e-04	9.97e-02	6.91e-01	2.05e-01	3.96e-03	8.97e-06	0.00e+00	0.00e+00	1.66e-07	2.21e-08	1.45e-08
