#depth	N	N+	N+2	N+3	N+4	N+5	N+6	N+7
 3.28396e+14	7.94e-10	5.23e-06	4.07e-03	1.62e-01	3.79e-01	4.55e-01	1.86e-07	0.00e+00
 1.47166e+15	8.91e-10	6.20e-06	4.63e-03	1.74e-01	3.87e-01	4.34e-01	1.79e-07	0.00e+00
 3.13399e+15	1.18e-09	7.85e-06	5.55e-03	1.92e-01	3.98e-01	4.05e-01	1.71e-07	0.00e+00
 4.86282e+15	1.57e-09	9.90e-06	6.62e-03	2.12e-01	4.07e-01	3.75e-01	1.62e-07	0.00e+00
 6.47570e+15	2.01e-09	1.21e-05	7.74e-03	2.30e-01	4.13e-01	3.49e-01	1.53e-07	0.00e+00
 7.90134e+15	2.47e-09	1.44e-05	8.83e-03	2.46e-01	4.18e-01	3.27e-01	1.48e-07	0.00e+00
 9.49780e+15	3.11e-09	1.74e-05	1.02e-02	2.65e-01	4.22e-01	3.04e-01	1.40e-07	0.00e+00
 1.14099e+16	4.02e-09	2.15e-05	1.19e-02	2.86e-01	4.24e-01	2.77e-01	1.31e-07	0.00e+00
 1.33265e+16	5.10e-09	2.61e-05	1.39e-02	3.08e-01	4.25e-01	2.53e-01	0.00e+00	0.00e+00
 1.49890e+16	6.23e-09	3.07e-05	1.57e-02	3.26e-01	4.25e-01	2.33e-01	0.00e+00	0.00e+00
 1.67269e+16	7.70e-09	3.65e-05	1.78e-02	3.45e-01	4.23e-01	2.14e-01	0.00e+00	0.00e+00
 1.88652e+16	9.86e-09	4.45e-05	2.05e-02	3.68e-01	4.19e-01	1.92e-01	0.00e+00	0.00e+00
 2.09829e+16	1.24e-08	5.35e-05	2.35e-02	3.89e-01	4.14e-01	1.73e-01	0.00e+00	0.00e+00
 2.28012e+16	1.50e-08	6.23e-05	2.62e-02	4.07e-01	4.09e-01	1.58e-01	0.00e+00	0.00e+00
 2.44379e+16	1.76e-08	7.11e-05	2.88e-02	4.22e-01	4.04e-01	1.45e-01	0.00e+00	0.00e+00
 2.62323e+16	2.11e-08	8.21e-05	3.18e-02	4.39e-01	3.97e-01	1.33e-01	0.00e+00	0.00e+00
 2.82213e+16	2.55e-08	9.53e-05	3.53e-02	4.56e-01	3.89e-01	1.20e-01	0.00e+00	0.00e+00
 3.00865e+16	3.03e-08	1.09e-04	3.88e-02	4.72e-01	3.81e-01	1.09e-01	0.00e+00	0.00e+00
 3.21348e+16	3.64e-08	1.26e-04	4.29e-02	4.88e-01	3.71e-01	9.79e-02	0.00e+00	0.00e+00
 3.43697e+16	4.42e-08	1.47e-04	4.76e-02	5.05e-01	3.60e-01	8.74e-02	0.00e+00	0.00e+00
 3.63933e+16	5.23e-08	1.68e-04	5.20e-02	5.19e-01	3.50e-01	7.89e-02	0.00e+00	0.00e+00
 3.85699e+16	6.28e-08	1.93e-04	5.71e-02	5.33e-01	3.39e-01	7.05e-02	0.00e+00	0.00e+00
 4.09680e+16	7.58e-08	2.24e-04	6.30e-02	5.47e-01	3.27e-01	6.23e-02	0.00e+00	0.00e+00
 4.32038e+16	9.02e-08	2.56e-04	6.87e-02	5.60e-01	3.15e-01	5.57e-02	0.00e+00	0.00e+00
 4.53393e+16	1.06e-07	2.90e-04	7.44e-02	5.71e-01	3.04e-01	5.00e-02	0.00e+00	0.00e+00
 4.76922e+16	1.27e-07	3.32e-04	8.12e-02	5.82e-01	2.92e-01	4.42e-02	0.00e+00	0.00e+00
 5.01345e+16	1.52e-07	3.80e-04	8.83e-02	5.92e-01	2.80e-01	3.91e-02	0.00e+00	0.00e+00
 5.23326e+16	1.78e-07	4.29e-04	9.51e-02	6.01e-01	2.69e-01	3.50e-02	0.00e+00	0.00e+00
 5.43108e+16	2.05e-07	4.76e-04	1.01e-01	6.08e-01	2.59e-01	3.16e-02	0.00e+00	0.00e+00
 5.60913e+16	2.32e-07	5.24e-04	1.07e-01	6.13e-01	2.50e-01	2.89e-02	0.00e+00	0.00e+00
 5.76937e+16	2.60e-07	5.70e-04	1.13e-01	6.18e-01	2.42e-01	2.66e-02	0.00e+00	0.00e+00
 5.91358e+16	2.89e-07	6.15e-04	1.18e-01	6.21e-01	2.35e-01	2.47e-02	0.00e+00	0.00e+00
 6.04337e+16	3.17e-07	6.59e-04	1.23e-01	6.24e-01	2.29e-01	2.32e-02	0.00e+00	0.00e+00
 6.16019e+16	3.46e-07	7.01e-04	1.27e-01	6.27e-01	2.24e-01	2.18e-02	0.00e+00	0.00e+00
 6.26532e+16	3.73e-07	7.41e-04	1.31e-01	6.29e-01	2.19e-01	2.06e-02	0.00e+00	0.00e+00
 6.35994e+16	4.01e-07	7.80e-04	1.35e-01	6.30e-01	2.15e-01	1.97e-02	0.00e+00	0.00e+00
 6.44510e+16	4.27e-07	8.17e-04	1.38e-01	6.32e-01	2.11e-01	1.88e-02	0.00e+00	0.00e+00
 6.52174e+16	4.52e-07	8.50e-04	1.41e-01	6.33e-01	2.07e-01	1.81e-02	0.00e+00	0.00e+00
 6.59410e+16	4.78e-07	8.85e-04	1.44e-01	6.34e-01	2.04e-01	1.74e-02	0.00e+00	0.00e+00
 6.66622e+16	5.06e-07	9.21e-04	1.47e-01	6.34e-01	2.01e-01	1.67e-02	0.00e+00	0.00e+00
 6.73833e+16	5.36e-07	9.59e-04	1.50e-01	6.35e-01	1.98e-01	1.61e-02	0.00e+00	0.00e+00
 6.81045e+16	5.68e-07	1.00e-03	1.53e-01	6.36e-01	1.94e-01	1.55e-02	0.00e+00	0.00e+00
 6.88256e+16	6.04e-07	1.04e-03	1.56e-01	6.36e-01	1.91e-01	1.49e-02	0.00e+00	0.00e+00
 6.95468e+16	6.43e-07	1.09e-03	1.60e-01	6.37e-01	1.88e-01	1.43e-02	0.00e+00	0.00e+00
 7.02679e+16	6.88e-07	1.14e-03	1.63e-01	6.37e-01	1.85e-01	1.37e-02	0.00e+00	0.00e+00
 7.09891e+16	7.43e-07	1.20e-03	1.67e-01	6.37e-01	1.82e-01	1.32e-02	0.00e+00	0.00e+00
 7.17102e+16	8.21e-07	1.28e-03	1.71e-01	6.37e-01	1.78e-01	1.25e-02	0.00e+00	0.00e+00
 7.20930e+16	9.37e-07	1.36e-03	1.74e-01	6.37e-01	1.76e-01	1.21e-02	0.00e+00	0.00e+00
