#depth	He	He+	He+2
 1.92428e+14	1.45e-07	3.68e-03	9.96e-01
 1.15457e+15	1.59e-07	3.86e-03	9.96e-01
 2.76450e+15	1.85e-07	4.16e-03	9.96e-01
 4.47855e+15	2.15e-07	4.49e-03	9.96e-01
 6.13299e+15	2.48e-07	4.82e-03	9.95e-01
 7.67772e+15	2.81e-07	5.14e-03	9.95e-01
 9.41243e+15	3.24e-07	5.53e-03	9.94e-01
 1.13511e+16	3.78e-07	5.97e-03	9.94e-01
 1.31350e+16	4.33e-07	6.39e-03	9.94e-01
 1.47415e+16	4.88e-07	6.78e-03	9.93e-01
 1.65603e+16	5.59e-07	7.26e-03	9.93e-01
 1.87418e+16	6.54e-07	7.86e-03	9.92e-01
 2.08993e+16	7.57e-07	8.47e-03	9.92e-01
 2.28334e+16	8.61e-07	9.03e-03	9.91e-01
 2.49728e+16	9.94e-07	9.73e-03	9.90e-01
 2.73875e+16	1.16e-06	1.05e-02	9.89e-01
 2.96980e+16	1.34e-06	1.13e-02	9.89e-01
 3.22209e+16	1.56e-06	1.23e-02	9.88e-01
 3.49619e+16	1.84e-06	1.34e-02	9.87e-01
 3.74666e+16	2.12e-06	1.45e-02	9.86e-01
 3.95743e+16	2.39e-06	1.54e-02	9.85e-01
 4.14057e+16	2.65e-06	1.63e-02	9.84e-01
 4.34877e+16	2.99e-06	1.74e-02	9.83e-01
 4.58157e+16	3.41e-06	1.88e-02	9.81e-01
 4.80200e+16	3.86e-06	2.01e-02	9.80e-01
 5.01071e+16	4.35e-06	2.15e-02	9.78e-01
 5.21900e+16	4.90e-06	2.31e-02	9.77e-01
 5.41825e+16	5.50e-06	2.47e-02	9.75e-01
 5.59758e+16	6.10e-06	2.62e-02	9.74e-01
 5.75897e+16	6.72e-06	2.77e-02	9.72e-01
 5.90423e+16	7.34e-06	2.92e-02	9.71e-01
 6.03496e+16	7.95e-06	3.06e-02	9.69e-01
 6.15261e+16	8.56e-06	3.20e-02	9.68e-01
 6.25850e+16	9.15e-06	3.33e-02	9.67e-01
 6.35380e+16	9.74e-06	3.46e-02	9.65e-01
 6.43958e+16	1.03e-05	3.58e-02	9.64e-01
 6.51677e+16	1.08e-05	3.69e-02	9.63e-01
 6.58939e+16	1.14e-05	3.80e-02	9.62e-01
 6.66151e+16	1.20e-05	3.92e-02	9.61e-01
 6.73362e+16	1.26e-05	4.04e-02	9.60e-01
 6.80574e+16	1.33e-05	4.17e-02	9.58e-01
 6.87785e+16	1.40e-05	4.30e-02	9.57e-01
 6.94997e+16	1.48e-05	4.45e-02	9.56e-01
 7.02208e+16	1.56e-05	4.59e-02	9.54e-01
 7.09420e+16	1.65e-05	4.75e-02	9.52e-01
 7.16631e+16	1.75e-05	4.92e-02	9.51e-01
 7.20694e+16	1.85e-05	5.01e-02	9.50e-01
