#depth	C	C+	C+2	C+3	C+4	C+5	C+6	C[1]	C[2]	C[3]	C+[1]	C+[2]	CO
 2.17881e+14	6.03e-10	4.24e-06	2.47e-03	4.83e-02	9.49e-01	2.58e-07	0.00e+00	5.97e-11	1.81e-10	3.07e-10	1.41e-06	2.83e-06	5.64e-33
 1.24621e+15	5.89e-10	4.88e-06	2.72e-03	5.10e-02	9.46e-01	2.53e-07	0.00e+00	5.83e-11	1.76e-10	3.00e-10	1.62e-06	3.26e-06	8.63e-33
 2.89953e+15	7.45e-10	5.98e-06	3.16e-03	5.55e-02	9.41e-01	2.56e-07	0.00e+00	7.38e-11	2.23e-10	3.80e-10	1.99e-06	4.00e-06	1.68e-32
 4.61897e+15	9.53e-10	7.38e-06	3.68e-03	6.04e-02	9.36e-01	2.59e-07	0.00e+00	9.44e-11	2.86e-10	4.86e-10	2.45e-06	4.93e-06	3.26e-32
 6.27432e+15	1.19e-09	8.93e-06	4.24e-03	6.53e-02	9.30e-01	2.58e-07	0.00e+00	1.18e-10	3.58e-10	6.08e-10	2.96e-06	5.96e-06	5.94e-32
 7.81381e+15	1.46e-09	1.06e-05	4.82e-03	7.01e-02	9.25e-01	2.64e-07	0.00e+00	1.45e-10	4.38e-10	7.45e-10	3.52e-06	7.09e-06	1.02e-31
 9.54775e+15	1.83e-09	1.28e-05	5.54e-03	7.57e-02	9.19e-01	2.66e-07	0.00e+00	1.82e-10	5.50e-10	9.36e-10	4.26e-06	8.57e-06	1.86e-31
 1.15331e+16	2.35e-09	1.58e-05	6.45e-03	8.24e-02	9.11e-01	2.70e-07	0.00e+00	2.33e-10	7.05e-10	1.20e-09	5.25e-06	1.06e-05	3.61e-31
 1.34795e+16	2.96e-09	1.92e-05	7.45e-03	8.93e-02	9.03e-01	2.74e-07	0.00e+00	2.94e-10	8.88e-10	1.51e-09	6.39e-06	1.29e-05	6.74e-31
 1.52430e+16	3.62e-09	2.28e-05	8.45e-03	9.58e-02	8.96e-01	2.75e-07	0.00e+00	3.59e-10	1.09e-09	1.85e-09	7.59e-06	1.53e-05	1.16e-30
 1.71501e+16	4.49e-09	2.74e-05	9.65e-03	1.03e-01	8.87e-01	2.77e-07	0.00e+00	4.46e-10	1.35e-09	2.29e-09	9.11e-06	1.83e-05	2.08e-30
 1.92857e+16	5.64e-09	3.33e-05	1.11e-02	1.12e-01	8.77e-01	2.79e-07	0.00e+00	5.60e-10	1.69e-09	2.88e-09	1.11e-05	2.22e-05	3.87e-30
 2.13047e+16	6.92e-09	3.97e-05	1.27e-02	1.20e-01	8.67e-01	2.84e-07	0.00e+00	6.88e-10	2.08e-09	3.54e-09	1.32e-05	2.65e-05	6.75e-30
 2.35130e+16	8.68e-09	4.80e-05	1.46e-02	1.30e-01	8.56e-01	2.85e-07	0.00e+00	8.63e-10	2.61e-09	4.43e-09	1.60e-05	3.21e-05	1.24e-29
 2.59433e+16	1.09e-08	5.84e-05	1.68e-02	1.41e-01	8.42e-01	2.88e-07	0.00e+00	1.08e-09	3.27e-09	5.55e-09	1.94e-05	3.90e-05	2.32e-29
 2.81811e+16	1.34e-08	6.98e-05	1.92e-02	1.51e-01	8.29e-01	2.90e-07	0.00e+00	1.33e-09	4.03e-09	6.85e-09	2.32e-05	4.66e-05	4.02e-29
 3.06067e+16	1.67e-08	8.41e-05	2.20e-02	1.63e-01	8.15e-01	2.90e-07	0.00e+00	1.66e-09	5.02e-09	8.53e-09	2.80e-05	5.61e-05	7.29e-29
 3.32947e+16	2.10e-08	1.03e-04	2.55e-02	1.77e-01	7.97e-01	2.95e-07	0.00e+00	2.09e-09	6.33e-09	1.08e-08	3.42e-05	6.84e-05	1.36e-28
 3.58006e+16	2.58e-08	1.23e-04	2.91e-02	1.90e-01	7.81e-01	2.96e-07	0.00e+00	2.57e-09	7.78e-09	1.32e-08	4.08e-05	8.17e-05	2.36e-28
 3.79073e+16	3.05e-08	1.42e-04	3.23e-02	2.01e-01	7.66e-01	2.97e-07	0.00e+00	3.04e-09	9.19e-09	1.56e-08	4.72e-05	9.44e-05	3.66e-28
 3.97135e+16	3.51e-08	1.60e-04	3.54e-02	2.12e-01	7.53e-01	2.99e-07	0.00e+00	3.50e-09	1.06e-08	1.80e-08	5.33e-05	1.07e-04	5.37e-28
 4.17569e+16	4.15e-08	1.84e-04	3.92e-02	2.23e-01	7.37e-01	3.00e-07	0.00e+00	4.14e-09	1.25e-08	2.12e-08	6.13e-05	1.23e-04	8.30e-28
 4.40664e+16	4.95e-08	2.14e-04	4.38e-02	2.37e-01	7.19e-01	2.99e-07	0.00e+00	4.94e-09	1.49e-08	2.53e-08	7.13e-05	1.43e-04	1.32e-27
 4.62834e+16	5.85e-08	2.47e-04	4.86e-02	2.50e-01	7.01e-01	3.03e-07	0.00e+00	5.84e-09	1.76e-08	3.00e-08	8.23e-05	1.64e-04	2.05e-27
 4.83885e+16	6.87e-08	2.82e-04	5.36e-02	2.62e-01	6.84e-01	3.03e-07	0.00e+00	6.86e-09	2.07e-08	3.52e-08	9.42e-05	1.88e-04	3.09e-27
 5.05654e+16	8.08e-08	3.24e-04	5.92e-02	2.76e-01	6.65e-01	3.03e-07	0.00e+00	8.07e-09	2.44e-08	4.14e-08	1.08e-04	2.16e-04	4.72e-27
 5.27204e+16	9.47e-08	3.70e-04	6.51e-02	2.89e-01	6.45e-01	3.04e-07	0.00e+00	9.46e-09	2.86e-08	4.85e-08	1.23e-04	2.46e-04	7.09e-27
 5.46598e+16	1.09e-07	4.17e-04	7.10e-02	3.01e-01	6.27e-01	3.10e-07	0.00e+00	1.09e-08	3.31e-08	5.61e-08	1.39e-04	2.78e-04	1.02e-26
 5.64054e+16	1.24e-07	4.63e-04	7.66e-02	3.12e-01	6.11e-01	3.10e-07	0.00e+00	1.24e-08	3.76e-08	6.38e-08	1.55e-04	3.09e-04	1.42e-26
 5.79764e+16	1.40e-07	5.10e-04	8.19e-02	3.22e-01	5.95e-01	3.12e-07	0.00e+00	1.40e-08	4.23e-08	7.18e-08	1.70e-04	3.40e-04	1.90e-26
 5.93902e+16	1.56e-07	5.56e-04	8.70e-02	3.31e-01	5.81e-01	3.13e-07	0.00e+00	1.56e-08	4.71e-08	7.99e-08	1.86e-04	3.70e-04	2.47e-26
 6.06627e+16	1.72e-07	6.01e-04	9.19e-02	3.39e-01	5.68e-01	3.15e-07	0.00e+00	1.72e-08	5.20e-08	8.81e-08	2.01e-04	4.00e-04	3.15e-26
 6.18080e+16	1.88e-07	6.45e-04	9.65e-02	3.46e-01	5.56e-01	3.16e-07	0.00e+00	1.88e-08	5.68e-08	9.63e-08	2.15e-04	4.29e-04	3.91e-26
 6.28387e+16	2.04e-07	6.87e-04	1.01e-01	3.53e-01	5.46e-01	3.17e-07	0.00e+00	2.04e-08	6.16e-08	1.05e-07	2.30e-04	4.58e-04	4.76e-26
 6.37663e+16	2.19e-07	7.28e-04	1.05e-01	3.59e-01	5.36e-01	3.18e-07	0.00e+00	2.19e-08	6.63e-08	1.12e-07	2.43e-04	4.85e-04	5.69e-26
 6.46012e+16	2.34e-07	7.66e-04	1.09e-01	3.64e-01	5.27e-01	3.20e-07	0.00e+00	2.34e-08	7.09e-08	1.20e-07	2.56e-04	5.10e-04	6.64e-26
 6.53573e+16	2.49e-07	8.03e-04	1.12e-01	3.69e-01	5.19e-01	3.21e-07	0.00e+00	2.49e-08	7.54e-08	1.28e-07	2.68e-04	5.35e-04	7.71e-26
 6.60784e+16	2.64e-07	8.40e-04	1.15e-01	3.73e-01	5.11e-01	3.22e-07	0.00e+00	2.65e-08	8.00e-08	1.36e-07	2.81e-04	5.59e-04	8.93e-26
 6.67996e+16	2.81e-07	8.79e-04	1.19e-01	3.78e-01	5.02e-01	3.23e-07	0.00e+00	2.81e-08	8.51e-08	1.44e-07	2.94e-04	5.86e-04	1.03e-25
 6.75207e+16	2.99e-07	9.21e-04	1.23e-01	3.82e-01	4.94e-01	3.24e-07	0.00e+00	2.99e-08	9.05e-08	1.53e-07	3.08e-04	6.13e-04	1.20e-25
 6.82419e+16	3.18e-07	9.65e-04	1.26e-01	3.87e-01	4.86e-01	3.25e-07	0.00e+00	3.19e-08	9.64e-08	1.64e-07	3.22e-04	6.42e-04	1.39e-25
 6.89630e+16	3.40e-07	1.01e-03	1.30e-01	3.91e-01	4.78e-01	3.27e-07	0.00e+00	3.41e-08	1.03e-07	1.74e-07	3.38e-04	6.73e-04	1.61e-25
 6.96842e+16	3.63e-07	1.06e-03	1.34e-01	3.95e-01	4.69e-01	3.28e-07	0.00e+00	3.64e-08	1.10e-07	1.87e-07	3.54e-04	7.06e-04	1.89e-25
 7.04053e+16	3.89e-07	1.11e-03	1.38e-01	4.00e-01	4.61e-01	3.30e-07	0.00e+00	3.90e-08	1.18e-07	2.00e-07	3.72e-04	7.41e-04	2.21e-25
 7.11265e+16	4.19e-07	1.17e-03	1.43e-01	4.04e-01	4.52e-01	3.33e-07	0.00e+00	4.21e-08	1.27e-07	2.15e-07	3.91e-04	7.79e-04	2.63e-25
 7.18011e+16	4.55e-07	1.23e-03	1.47e-01	4.08e-01	4.44e-01	3.34e-07	0.00e+00	4.57e-08	1.38e-07	2.34e-07	4.12e-04	8.21e-04	3.14e-25
