#depth	He	He+	He+2
 1.98048e+14	1.13e-07	3.58e-03	9.96e-01
 1.18829e+15	1.24e-07	3.77e-03	9.96e-01
 2.82182e+15	1.45e-07	4.06e-03	9.96e-01
 4.53816e+15	1.69e-07	4.38e-03	9.96e-01
 6.22620e+15	1.95e-07	4.71e-03	9.95e-01
 7.84951e+15	2.22e-07	5.04e-03	9.95e-01
 9.63471e+15	2.57e-07	5.43e-03	9.95e-01
 1.15193e+16	2.99e-07	5.84e-03	9.94e-01
 1.32707e+16	3.42e-07	6.25e-03	9.94e-01
 1.51963e+16	3.95e-07	6.73e-03	9.93e-01
 1.73423e+16	4.62e-07	7.27e-03	9.93e-01
 1.93745e+16	5.33e-07	7.81e-03	9.92e-01
 2.15532e+16	6.20e-07	8.43e-03	9.92e-01
 2.39403e+16	7.28e-07	9.14e-03	9.91e-01
 2.62034e+16	8.39e-07	9.83e-03	9.90e-01
 2.86354e+16	9.82e-07	1.07e-02	9.89e-01
 3.12928e+16	1.16e-06	1.16e-02	9.88e-01
 3.38153e+16	1.34e-06	1.25e-02	9.87e-01
 3.65302e+16	1.58e-06	1.37e-02	9.86e-01
 3.94774e+16	1.87e-06	1.50e-02	9.85e-01
 4.18806e+16	2.14e-06	1.61e-02	9.84e-01
 4.36860e+16	2.37e-06	1.70e-02	9.83e-01
 4.56341e+16	2.66e-06	1.81e-02	9.82e-01
 4.80042e+16	3.05e-06	1.96e-02	9.80e-01
 5.04153e+16	3.49e-06	2.11e-02	9.79e-01
 5.25853e+16	3.95e-06	2.27e-02	9.77e-01
 5.45383e+16	4.41e-06	2.42e-02	9.76e-01
 5.62960e+16	4.90e-06	2.57e-02	9.74e-01
 5.78779e+16	5.38e-06	2.72e-02	9.73e-01
 5.93016e+16	5.86e-06	2.86e-02	9.71e-01
 6.05830e+16	6.34e-06	2.99e-02	9.70e-01
 6.17362e+16	6.81e-06	3.13e-02	9.69e-01
 6.27741e+16	7.27e-06	3.25e-02	9.67e-01
 6.37082e+16	7.72e-06	3.37e-02	9.66e-01
 6.45489e+16	8.16e-06	3.49e-02	9.65e-01
 6.53077e+16	8.56e-06	3.59e-02	9.64e-01
 6.60288e+16	8.99e-06	3.70e-02	9.63e-01
 6.67500e+16	9.45e-06	3.81e-02	9.62e-01
 6.74711e+16	9.93e-06	3.93e-02	9.61e-01
 6.81923e+16	1.05e-05	4.06e-02	9.59e-01
 6.89134e+16	1.10e-05	4.19e-02	9.58e-01
 6.96346e+16	1.16e-05	4.33e-02	9.57e-01
 7.03558e+16	1.22e-05	4.47e-02	9.55e-01
 7.10769e+16	1.29e-05	4.62e-02	9.54e-01
 7.17763e+16	1.37e-05	4.78e-02	9.52e-01
