#depth	O	O+	O+2	O+3	O+4	O+5	O+6	O+7	O+8	O[1]	O[2]	O[3]
 3.06459e+14	3.27e-11	9.05e-07	2.37e-03	2.46e-01	6.72e-01	7.79e-02	1.46e-03	0.00e+00	0.00e+00	2.62e-11	4.12e-12	2.40e-12
 1.42691e+15	4.04e-11	1.06e-06	2.63e-03	2.58e-01	6.65e-01	7.31e-02	1.29e-03	0.00e+00	0.00e+00	3.24e-11	5.08e-12	2.96e-12
 3.08745e+15	5.40e-11	1.31e-06	3.05e-03	2.75e-01	6.54e-01	6.67e-02	1.08e-03	0.00e+00	0.00e+00	4.32e-11	6.75e-12	3.95e-12
 4.81442e+15	7.22e-11	1.63e-06	3.54e-03	2.93e-01	6.42e-01	6.07e-02	8.95e-04	0.00e+00	0.00e+00	5.78e-11	9.02e-12	5.28e-12
 6.49698e+15	9.44e-11	1.98e-06	4.07e-03	3.11e-01	6.29e-01	5.54e-02	7.50e-04	0.00e+00	0.00e+00	7.56e-11	1.18e-11	6.91e-12
 8.09361e+15	1.21e-10	2.38e-06	4.62e-03	3.27e-01	6.16e-01	5.09e-02	6.37e-04	0.00e+00	0.00e+00	9.68e-11	1.51e-11	8.85e-12
 9.86759e+15	1.58e-10	2.89e-06	5.28e-03	3.46e-01	6.02e-01	4.63e-02	5.33e-04	0.00e+00	0.00e+00	1.26e-10	1.96e-11	1.16e-11
 1.17626e+16	2.06e-10	3.51e-06	6.06e-03	3.65e-01	5.87e-01	4.20e-02	4.42e-04	0.00e+00	0.00e+00	1.65e-10	2.56e-11	1.51e-11
 1.35138e+16	2.64e-10	4.20e-06	6.85e-03	3.82e-01	5.72e-01	3.84e-02	3.74e-04	0.00e+00	0.00e+00	2.11e-10	3.27e-11	1.94e-11
 1.54358e+16	3.45e-10	5.10e-06	7.80e-03	4.01e-01	5.56e-01	3.48e-02	3.11e-04	0.00e+00	0.00e+00	2.77e-10	4.29e-11	2.54e-11
 1.75844e+16	4.61e-10	6.28e-06	8.95e-03	4.22e-01	5.38e-01	3.12e-02	2.55e-04	0.00e+00	0.00e+00	3.69e-10	5.71e-11	3.39e-11
 1.96148e+16	5.99e-10	7.58e-06	1.01e-02	4.41e-01	5.21e-01	2.82e-02	2.12e-04	0.00e+00	0.00e+00	4.80e-10	7.41e-11	4.41e-11
 2.17963e+16	7.91e-10	9.25e-06	1.16e-02	4.61e-01	5.02e-01	2.54e-02	1.75e-04	0.00e+00	0.00e+00	6.34e-10	9.78e-11	5.83e-11
 2.41977e+16	1.06e-09	1.14e-05	1.33e-02	4.82e-01	4.82e-01	2.26e-02	1.41e-04	0.00e+00	0.00e+00	8.50e-10	1.31e-10	7.81e-11
 2.64878e+16	1.39e-09	1.38e-05	1.50e-02	5.01e-01	4.63e-01	2.02e-02	1.16e-04	0.00e+00	0.00e+00	1.11e-09	1.71e-10	1.02e-10
 2.89434e+16	1.84e-09	1.69e-05	1.71e-02	5.21e-01	4.44e-01	1.80e-02	9.43e-05	0.00e+00	0.00e+00	1.48e-09	2.27e-10	1.36e-10
 3.15690e+16	2.46e-09	2.07e-05	1.96e-02	5.41e-01	4.23e-01	1.59e-02	7.58e-05	0.00e+00	0.00e+00	1.97e-09	3.03e-10	1.82e-10
 3.40169e+16	3.19e-09	2.49e-05	2.21e-02	5.60e-01	4.04e-01	1.42e-02	6.21e-05	0.00e+00	0.00e+00	2.56e-09	3.93e-10	2.36e-10
 3.61297e+16	3.97e-09	2.91e-05	2.44e-02	5.74e-01	3.88e-01	1.28e-02	5.24e-05	0.00e+00	0.00e+00	3.18e-09	4.88e-10	2.94e-10
 3.79660e+16	4.79e-09	3.32e-05	2.65e-02	5.87e-01	3.75e-01	1.18e-02	4.53e-05	0.00e+00	0.00e+00	3.84e-09	5.88e-10	3.55e-10
 4.00339e+16	5.91e-09	3.85e-05	2.92e-02	6.00e-01	3.60e-01	1.07e-02	3.85e-05	0.00e+00	0.00e+00	4.74e-09	7.26e-10	4.39e-10
 4.27223e+16	7.75e-09	4.66e-05	3.29e-02	6.16e-01	3.41e-01	9.46e-03	3.12e-05	0.00e+00	0.00e+00	6.21e-09	9.51e-10	5.75e-10
 4.54417e+16	1.00e-08	5.60e-05	3.69e-02	6.31e-01	3.23e-01	8.35e-03	2.53e-05	0.00e+00	0.00e+00	8.03e-09	1.23e-09	7.44e-10
 4.76404e+16	1.23e-08	6.47e-05	4.05e-02	6.43e-01	3.09e-01	7.56e-03	2.14e-05	0.00e+00	0.00e+00	9.84e-09	1.50e-09	9.13e-10
 4.98131e+16	1.51e-08	7.49e-05	4.43e-02	6.53e-01	2.95e-01	6.84e-03	1.82e-05	0.00e+00	0.00e+00	1.21e-08	1.85e-09	1.12e-09
 5.20433e+16	1.85e-08	8.66e-05	4.85e-02	6.64e-01	2.82e-01	6.18e-03	1.54e-05	0.00e+00	0.00e+00	1.48e-08	2.26e-09	1.38e-09
 5.40505e+16	2.22e-08	9.87e-05	5.25e-02	6.72e-01	2.70e-01	5.64e-03	1.33e-05	0.00e+00	0.00e+00	1.78e-08	2.71e-09	1.65e-09
 5.58569e+16	2.61e-08	1.11e-04	5.64e-02	6.79e-01	2.59e-01	5.19e-03	1.16e-05	0.00e+00	0.00e+00	2.10e-08	3.20e-09	1.95e-09
 5.74828e+16	3.03e-08	1.23e-04	6.01e-02	6.85e-01	2.50e-01	4.82e-03	1.03e-05	0.00e+00	0.00e+00	2.43e-08	3.70e-09	2.26e-09
 5.89460e+16	3.46e-08	1.36e-04	6.36e-02	6.89e-01	2.42e-01	4.51e-03	9.23e-06	0.00e+00	0.00e+00	2.77e-08	4.23e-09	2.59e-09
 6.02629e+16	3.90e-08	1.48e-04	6.69e-02	6.94e-01	2.35e-01	4.25e-03	8.38e-06	0.00e+00	0.00e+00	3.13e-08	4.77e-09	2.92e-09
 6.14481e+16	4.35e-08	1.60e-04	7.01e-02	6.97e-01	2.29e-01	4.02e-03	7.68e-06	0.00e+00	0.00e+00	3.49e-08	5.31e-09	3.25e-09
 6.25149e+16	4.80e-08	1.72e-04	7.30e-02	7.00e-01	2.23e-01	3.83e-03	7.10e-06	0.00e+00	0.00e+00	3.85e-08	5.86e-09	3.59e-09
 6.34749e+16	5.25e-08	1.83e-04	7.57e-02	7.02e-01	2.18e-01	3.66e-03	6.62e-06	0.00e+00	0.00e+00	4.21e-08	6.41e-09	3.93e-09
 6.43389e+16	5.69e-08	1.94e-04	7.82e-02	7.04e-01	2.14e-01	3.52e-03	6.21e-06	0.00e+00	0.00e+00	4.57e-08	6.95e-09	4.26e-09
 6.51165e+16	6.13e-08	2.05e-04	8.06e-02	7.06e-01	2.10e-01	3.39e-03	5.86e-06	0.00e+00	0.00e+00	4.92e-08	7.48e-09	4.59e-09
 6.58455e+16	6.55e-08	2.15e-04	8.28e-02	7.07e-01	2.06e-01	3.28e-03	5.56e-06	0.00e+00	0.00e+00	5.26e-08	7.99e-09	4.91e-09
 6.65666e+16	7.05e-08	2.27e-04	8.52e-02	7.09e-01	2.03e-01	3.17e-03	5.27e-06	0.00e+00	0.00e+00	5.66e-08	8.60e-09	5.29e-09
 6.72878e+16	7.54e-08	2.38e-04	8.75e-02	7.10e-01	1.99e-01	3.06e-03	5.00e-06	0.00e+00	0.00e+00	6.05e-08	9.20e-09	5.66e-09
 6.80089e+16	8.14e-08	2.52e-04	9.01e-02	7.11e-01	1.96e-01	2.96e-03	4.73e-06	0.00e+00	0.00e+00	6.53e-08	9.93e-09	6.11e-09
 6.87301e+16	8.75e-08	2.66e-04	9.25e-02	7.12e-01	1.92e-01	2.86e-03	4.48e-06	0.00e+00	0.00e+00	7.02e-08	1.07e-08	6.57e-09
 6.94512e+16	9.41e-08	2.80e-04	9.51e-02	7.13e-01	1.89e-01	2.76e-03	4.25e-06	0.00e+00	0.00e+00	7.55e-08	1.15e-08	7.07e-09
 7.01724e+16	1.02e-07	2.96e-04	9.78e-02	7.14e-01	1.86e-01	2.67e-03	4.02e-06	0.00e+00	0.00e+00	8.16e-08	1.24e-08	7.64e-09
 7.08935e+16	1.11e-07	3.15e-04	1.01e-01	7.14e-01	1.82e-01	2.57e-03	3.80e-06	0.00e+00	0.00e+00	8.89e-08	1.35e-08	8.33e-09
 7.16147e+16	1.22e-07	3.38e-04	1.04e-01	7.15e-01	1.79e-01	2.48e-03	3.60e-06	0.00e+00	0.00e+00	9.81e-08	1.49e-08	9.20e-09
 7.20452e+16	1.34e-07	3.61e-04	1.05e-01	7.15e-01	1.77e-01	2.43e-03	3.47e-06	0.00e+00	0.00e+00	1.08e-07	1.63e-08	1.01e-08
