#depth	C	C+	C+2	C+3	C+4	C+5	C+6	C[1]	C[2]	C[3]	C+[1]	C+[2]	CO
 1.82972e+14	3.84e-09	1.16e-05	3.26e-03	4.74e-02	9.49e-01	7.11e-07	0.00e+00	3.87e-10	1.17e-09	2.00e-09	3.86e-06	7.75e-06	6.22e-31
 1.09783e+15	3.00e-09	1.31e-05	3.56e-03	4.99e-02	9.47e-01	6.91e-07	0.00e+00	3.03e-10	9.18e-10	1.56e-09	4.36e-06	8.76e-06	9.26e-31
 2.66805e+15	3.67e-09	1.60e-05	4.12e-03	5.42e-02	9.42e-01	6.98e-07	0.00e+00	3.70e-10	1.12e-09	1.91e-09	5.31e-06	1.06e-05	1.75e-30
 4.37823e+15	4.56e-09	1.96e-05	4.80e-03	5.91e-02	9.36e-01	7.03e-07	0.00e+00	4.60e-10	1.39e-09	2.37e-09	6.52e-06	1.31e-05	3.36e-30
 5.97347e+15	5.53e-09	2.35e-05	5.51e-03	6.39e-02	9.31e-01	7.00e-07	0.00e+00	5.58e-10	1.69e-09	2.88e-09	7.81e-06	1.57e-05	5.97e-30
 7.38374e+15	6.52e-09	2.74e-05	6.20e-03	6.83e-02	9.25e-01	7.17e-07	0.00e+00	6.59e-10	2.00e-09	3.40e-09	9.13e-06	1.83e-05	9.74e-30
 8.96360e+15	7.93e-09	3.26e-05	7.06e-03	7.35e-02	9.19e-01	7.20e-07	0.00e+00	8.01e-10	2.43e-09	4.14e-09	1.08e-05	2.17e-05	1.68e-29
 1.07423e+16	9.66e-09	3.90e-05	8.12e-03	7.95e-02	9.12e-01	7.23e-07	0.00e+00	9.77e-10	2.96e-09	5.04e-09	1.30e-05	2.60e-05	2.98e-29
 1.24427e+16	1.17e-08	4.63e-05	9.24e-03	8.55e-02	9.05e-01	7.31e-07	0.00e+00	1.18e-09	3.58e-09	6.10e-09	1.54e-05	3.09e-05	5.10e-29
 1.43164e+16	1.44e-08	5.57e-05	1.06e-02	9.25e-02	8.97e-01	7.42e-07	0.00e+00	1.46e-09	4.41e-09	7.52e-09	1.86e-05	3.71e-05	9.32e-29
 1.63699e+16	1.80e-08	6.77e-05	1.23e-02	1.00e-01	8.87e-01	7.55e-07	0.00e+00	1.82e-09	5.50e-09	9.37e-09	2.26e-05	4.51e-05	1.72e-28
 1.82727e+16	2.18e-08	8.04e-05	1.40e-02	1.08e-01	8.78e-01	7.53e-07	0.00e+00	2.20e-09	6.68e-09	1.14e-08	2.68e-05	5.36e-05	2.95e-28
 1.99858e+16	2.58e-08	9.34e-05	1.56e-02	1.15e-01	8.69e-01	7.57e-07	0.00e+00	2.61e-09	7.90e-09	1.35e-08	3.11e-05	6.22e-05	4.72e-28
 2.18368e+16	3.11e-08	1.10e-04	1.76e-02	1.23e-01	8.59e-01	7.59e-07	0.00e+00	3.15e-09	9.54e-09	1.62e-08	3.66e-05	7.31e-05	7.88e-28
 2.39021e+16	3.77e-08	1.30e-04	2.00e-02	1.32e-01	8.48e-01	7.59e-07	0.00e+00	3.82e-09	1.16e-08	1.97e-08	4.34e-05	8.66e-05	1.34e-27
 2.58427e+16	4.51e-08	1.52e-04	2.25e-02	1.41e-01	8.36e-01	7.64e-07	0.00e+00	4.57e-09	1.38e-08	2.36e-08	5.07e-05	1.01e-04	2.16e-27
 2.75874e+16	5.27e-08	1.74e-04	2.48e-02	1.49e-01	8.26e-01	7.67e-07	0.00e+00	5.33e-09	1.61e-08	2.75e-08	5.80e-05	1.16e-04	3.27e-27
 2.94805e+16	6.26e-08	2.01e-04	2.77e-02	1.58e-01	8.14e-01	7.69e-07	0.00e+00	6.34e-09	1.92e-08	3.27e-08	6.72e-05	1.34e-04	5.16e-27
 3.15656e+16	7.44e-08	2.34e-04	3.10e-02	1.69e-01	8.00e-01	7.72e-07	0.00e+00	7.54e-09	2.28e-08	3.88e-08	7.81e-05	1.56e-04	8.26e-27
 3.35179e+16	8.78e-08	2.69e-04	3.44e-02	1.78e-01	7.87e-01	7.76e-07	0.00e+00	8.90e-09	2.70e-08	4.59e-08	9.00e-05	1.79e-04	1.25e-26
 3.53849e+16	1.02e-07	3.07e-04	3.79e-02	1.88e-01	7.74e-01	7.74e-07	0.00e+00	1.04e-08	3.14e-08	5.35e-08	1.03e-04	2.04e-04	1.86e-26
 3.75238e+16	1.22e-07	3.56e-04	4.23e-02	1.99e-01	7.58e-01	7.68e-07	0.00e+00	1.24e-08	3.76e-08	6.39e-08	1.19e-04	2.37e-04	2.94e-26
 3.98567e+16	1.47e-07	4.16e-04	4.74e-02	2.12e-01	7.41e-01	7.74e-07	0.00e+00	1.49e-08	4.51e-08	7.67e-08	1.39e-04	2.77e-04	4.66e-26
 4.19951e+16	1.73e-07	4.77e-04	5.25e-02	2.23e-01	7.24e-01	7.65e-07	0.00e+00	1.76e-08	5.31e-08	9.04e-08	1.60e-04	3.18e-04	6.98e-26
 4.43282e+16	2.08e-07	5.55e-04	5.86e-02	2.36e-01	7.05e-01	7.64e-07	0.00e+00	2.11e-08	6.39e-08	1.09e-07	1.86e-04	3.69e-04	1.11e-25
 4.68563e+16	2.51e-07	6.49e-04	6.57e-02	2.50e-01	6.84e-01	7.55e-07	0.00e+00	2.55e-08	7.72e-08	1.31e-07	2.17e-04	4.32e-04	1.75e-25
 4.91369e+16	2.97e-07	7.45e-04	7.26e-02	2.62e-01	6.64e-01	7.50e-07	0.00e+00	3.02e-08	9.13e-08	1.55e-07	2.49e-04	4.96e-04	2.64e-25
 5.13035e+16	3.51e-07	8.50e-04	7.98e-02	2.74e-01	6.45e-01	7.52e-07	0.00e+00	3.56e-08	1.08e-07	1.83e-07	2.85e-04	5.66e-04	3.90e-25
 5.33847e+16	4.07e-07	9.61e-04	8.71e-02	2.86e-01	6.26e-01	7.44e-07	0.00e+00	4.14e-08	1.25e-07	2.13e-07	3.22e-04	6.39e-04	5.59e-25
 5.52578e+16	4.68e-07	1.07e-03	9.41e-02	2.96e-01	6.08e-01	7.40e-07	0.00e+00	4.76e-08	1.44e-07	2.45e-07	3.59e-04	7.13e-04	7.77e-25
 5.69435e+16	5.32e-07	1.18e-03	1.01e-01	3.06e-01	5.92e-01	7.38e-07	0.00e+00	5.41e-08	1.64e-07	2.78e-07	3.96e-04	7.87e-04	1.04e-24
 5.84607e+16	5.97e-07	1.29e-03	1.07e-01	3.14e-01	5.78e-01	7.36e-07	0.00e+00	6.08e-08	1.84e-07	3.12e-07	4.33e-04	8.59e-04	1.36e-24
 5.98261e+16	6.64e-07	1.40e-03	1.13e-01	3.21e-01	5.64e-01	7.32e-07	0.00e+00	6.76e-08	2.05e-07	3.48e-07	4.69e-04	9.31e-04	1.73e-24
 6.10550e+16	7.32e-07	1.50e-03	1.19e-01	3.28e-01	5.52e-01	7.27e-07	0.00e+00	7.45e-08	2.26e-07	3.83e-07	5.04e-04	1.00e-03	2.16e-24
 6.21610e+16	8.01e-07	1.61e-03	1.24e-01	3.34e-01	5.40e-01	7.22e-07	0.00e+00	8.15e-08	2.47e-07	4.19e-07	5.38e-04	1.07e-03	2.63e-24
 6.31564e+16	8.68e-07	1.70e-03	1.29e-01	3.39e-01	5.30e-01	7.18e-07	0.00e+00	8.84e-08	2.68e-07	4.55e-07	5.71e-04	1.13e-03	3.16e-24
 6.40523e+16	9.33e-07	1.79e-03	1.34e-01	3.44e-01	5.21e-01	7.15e-07	0.00e+00	9.51e-08	2.88e-07	4.89e-07	6.01e-04	1.19e-03	3.69e-24
 6.48586e+16	1.00e-06	1.88e-03	1.38e-01	3.48e-01	5.12e-01	7.12e-07	0.00e+00	1.02e-07	3.09e-07	5.24e-07	6.31e-04	1.25e-03	4.30e-24
 6.56011e+16	1.07e-06	1.97e-03	1.42e-01	3.52e-01	5.04e-01	7.09e-07	0.00e+00	1.09e-07	3.29e-07	5.60e-07	6.60e-04	1.31e-03	4.96e-24
 6.63223e+16	1.14e-06	2.06e-03	1.46e-01	3.55e-01	4.97e-01	7.06e-07	0.00e+00	1.16e-07	3.52e-07	5.98e-07	6.90e-04	1.37e-03	5.72e-24
 6.70434e+16	1.22e-06	2.15e-03	1.50e-01	3.59e-01	4.89e-01	7.02e-07	0.00e+00	1.24e-07	3.76e-07	6.39e-07	7.22e-04	1.43e-03	6.60e-24
 6.77646e+16	1.31e-06	2.25e-03	1.54e-01	3.63e-01	4.81e-01	6.99e-07	0.00e+00	1.33e-07	4.03e-07	6.85e-07	7.55e-04	1.50e-03	7.64e-24
 6.84857e+16	1.41e-06	2.36e-03	1.59e-01	3.66e-01	4.73e-01	6.95e-07	0.00e+00	1.43e-07	4.34e-07	7.37e-07	7.91e-04	1.57e-03	8.87e-24
 6.92069e+16	1.52e-06	2.47e-03	1.63e-01	3.70e-01	4.65e-01	6.91e-07	0.00e+00	1.55e-07	4.68e-07	7.95e-07	8.28e-04	1.64e-03	1.04e-23
 6.99280e+16	1.65e-06	2.59e-03	1.68e-01	3.74e-01	4.56e-01	6.90e-07	0.00e+00	1.69e-07	5.10e-07	8.66e-07	8.70e-04	1.72e-03	1.23e-23
 7.06492e+16	1.81e-06	2.73e-03	1.73e-01	3.77e-01	4.48e-01	6.83e-07	0.00e+00	1.84e-07	5.58e-07	9.47e-07	9.15e-04	1.81e-03	1.47e-23
 7.13703e+16	2.00e-06	2.88e-03	1.78e-01	3.81e-01	4.39e-01	6.78e-07	0.00e+00	2.04e-07	6.18e-07	1.05e-06	9.66e-04	1.92e-03	1.78e-23
 7.19230e+16	2.28e-06	3.06e-03	1.82e-01	3.84e-01	4.30e-01	6.71e-07	0.00e+00	2.33e-07	7.04e-07	1.20e-06	1.03e-03	2.04e-03	2.33e-23
