#depth	He	He+	He+2
 1.84999e+14	2.43e-07	3.81e-03	9.96e-01
 1.10999e+15	2.67e-07	4.00e-03	9.96e-01
 2.68872e+15	3.10e-07	4.31e-03	9.96e-01
 4.39974e+15	3.61e-07	4.66e-03	9.95e-01
 6.02194e+15	4.14e-07	5.00e-03	9.95e-01
 7.49389e+15	4.67e-07	5.32e-03	9.95e-01
 9.15454e+15	5.34e-07	5.71e-03	9.94e-01
 1.09909e+16	6.16e-07	6.14e-03	9.94e-01
 1.27021e+16	7.03e-07	6.57e-03	9.93e-01
 1.45729e+16	8.11e-07	7.06e-03	9.93e-01
 1.66505e+16	9.43e-07	7.62e-03	9.92e-01
 1.86042e+16	1.08e-06	8.16e-03	9.92e-01
 2.03588e+16	1.22e-06	8.67e-03	9.91e-01
 2.22472e+16	1.38e-06	9.26e-03	9.91e-01
 2.43546e+16	1.59e-06	9.92e-03	9.90e-01
 2.63339e+16	1.79e-06	1.06e-02	9.89e-01
 2.84944e+16	2.06e-06	1.13e-02	9.89e-01
 3.08569e+16	2.37e-06	1.22e-02	9.88e-01
 3.30224e+16	2.68e-06	1.30e-02	9.87e-01
 3.49479e+16	2.99e-06	1.38e-02	9.86e-01
 3.70212e+16	3.37e-06	1.47e-02	9.85e-01
 3.92926e+16	3.82e-06	1.57e-02	9.84e-01
 4.14004e+16	4.28e-06	1.67e-02	9.83e-01
 4.34137e+16	4.77e-06	1.77e-02	9.82e-01
 4.57252e+16	5.41e-06	1.89e-02	9.81e-01
 4.82224e+16	6.18e-06	2.04e-02	9.80e-01
 5.04716e+16	6.94e-06	2.17e-02	9.78e-01
 5.25594e+16	7.77e-06	2.31e-02	9.77e-01
 5.45150e+16	8.62e-06	2.45e-02	9.76e-01
 5.62750e+16	9.48e-06	2.58e-02	9.74e-01
 5.78590e+16	1.03e-05	2.71e-02	9.73e-01
 5.92846e+16	1.12e-05	2.83e-02	9.72e-01
 6.05677e+16	1.20e-05	2.94e-02	9.71e-01
 6.17224e+16	1.28e-05	3.05e-02	9.69e-01
 6.27617e+16	1.36e-05	3.16e-02	9.68e-01
 6.36971e+16	1.44e-05	3.25e-02	9.67e-01
 6.45389e+16	1.51e-05	3.34e-02	9.67e-01
 6.52982e+16	1.58e-05	3.43e-02	9.66e-01
 6.60193e+16	1.66e-05	3.52e-02	9.65e-01
 6.67405e+16	1.73e-05	3.60e-02	9.64e-01
 6.74616e+16	1.81e-05	3.70e-02	9.63e-01
 6.81828e+16	1.90e-05	3.79e-02	9.62e-01
 6.89040e+16	2.00e-05	3.89e-02	9.61e-01
 6.96251e+16	2.10e-05	3.99e-02	9.60e-01
 7.03463e+16	2.20e-05	4.10e-02	9.59e-01
 7.10674e+16	2.33e-05	4.21e-02	9.58e-01
 7.17716e+16	2.47e-05	4.32e-02	9.57e-01
