#depth	He	He+	He+2
 2.71924e+14	1.15e-07	3.60e-03	9.96e-01
 1.35646e+15	1.28e-07	3.80e-03	9.96e-01
 3.01418e+15	1.49e-07	4.11e-03	9.96e-01
 4.73822e+15	1.74e-07	4.44e-03	9.96e-01
 6.43274e+15	2.02e-07	4.78e-03	9.95e-01
 8.06183e+15	2.31e-07	5.11e-03	9.95e-01
 9.85456e+15	2.68e-07	5.51e-03	9.94e-01
 1.17634e+16	3.11e-07	5.94e-03	9.94e-01
 1.35616e+16	3.57e-07	6.36e-03	9.94e-01
 1.55205e+16	4.14e-07	6.85e-03	9.93e-01
 1.76898e+16	4.84e-07	7.41e-03	9.93e-01
 1.97720e+16	5.60e-07	7.96e-03	9.92e-01
 2.19924e+16	6.53e-07	8.60e-03	9.91e-01
 2.44141e+16	7.66e-07	9.31e-03	9.91e-01
 2.67574e+16	8.89e-07	1.00e-02	9.90e-01
 2.92560e+16	1.04e-06	1.09e-02	9.89e-01
 3.19650e+16	1.22e-06	1.18e-02	9.88e-01
 3.46002e+16	1.43e-06	1.28e-02	9.87e-01
 3.74057e+16	1.68e-06	1.39e-02	9.86e-01
 4.03338e+16	1.98e-06	1.51e-02	9.85e-01
 4.27206e+16	2.25e-06	1.61e-02	9.84e-01
 4.45971e+16	2.49e-06	1.70e-02	9.83e-01
 4.66633e+16	2.79e-06	1.80e-02	9.82e-01
 4.90453e+16	3.17e-06	1.93e-02	9.81e-01
 5.13523e+16	3.58e-06	2.06e-02	9.79e-01
 5.34286e+16	3.99e-06	2.19e-02	9.78e-01
 5.52972e+16	4.40e-06	2.30e-02	9.77e-01
 5.69790e+16	4.81e-06	2.42e-02	9.76e-01
 5.84926e+16	5.21e-06	2.53e-02	9.75e-01
 5.98549e+16	5.60e-06	2.63e-02	9.74e-01
 6.10809e+16	5.98e-06	2.73e-02	9.73e-01
 6.21843e+16	6.34e-06	2.82e-02	9.72e-01
 6.31774e+16	6.70e-06	2.90e-02	9.71e-01
 6.40712e+16	7.03e-06	2.98e-02	9.70e-01
 6.48756e+16	7.36e-06	3.06e-02	9.69e-01
 6.56172e+16	7.66e-06	3.13e-02	9.69e-01
 6.63384e+16	7.99e-06	3.20e-02	9.68e-01
 6.70595e+16	8.31e-06	3.27e-02	9.67e-01
 6.77807e+16	8.68e-06	3.35e-02	9.66e-01
 6.85018e+16	9.05e-06	3.43e-02	9.66e-01
 6.92230e+16	9.43e-06	3.51e-02	9.65e-01
 6.99441e+16	9.85e-06	3.60e-02	9.64e-01
 7.06653e+16	1.03e-05	3.69e-02	9.63e-01
 7.13864e+16	1.08e-05	3.77e-02	9.62e-01
 7.19311e+16	1.13e-05	3.85e-02	9.61e-01
