#depth	He	He+	He+2
 2.13298e+14	8.19e-08	3.05e-03	9.97e-01
 1.23686e+15	9.05e-08	3.21e-03	9.97e-01
 2.88980e+15	1.05e-07	3.46e-03	9.97e-01
 4.60886e+15	1.23e-07	3.74e-03	9.96e-01
 6.32554e+15	1.42e-07	4.03e-03	9.96e-01
 7.96565e+15	1.62e-07	4.31e-03	9.96e-01
 9.74252e+15	1.88e-07	4.64e-03	9.95e-01
 1.16772e+16	2.19e-07	5.00e-03	9.95e-01
 1.35659e+16	2.52e-07	5.37e-03	9.95e-01
 1.53815e+16	2.88e-07	5.75e-03	9.94e-01
 1.73934e+16	3.34e-07	6.19e-03	9.94e-01
 1.96011e+16	3.90e-07	6.68e-03	9.93e-01
 2.16651e+16	4.48e-07	7.17e-03	9.93e-01
 2.39030e+16	5.21e-07	7.74e-03	9.92e-01
 2.63732e+16	6.10e-07	8.39e-03	9.92e-01
 2.86938e+16	7.04e-07	9.02e-03	9.91e-01
 3.11966e+16	8.23e-07	9.78e-03	9.90e-01
 3.39396e+16	9.69e-07	1.06e-02	9.89e-01
 3.65101e+16	1.12e-06	1.15e-02	9.88e-01
 3.92916e+16	1.32e-06	1.25e-02	9.87e-01
 4.23272e+16	1.57e-06	1.37e-02	9.86e-01
 4.51372e+16	1.83e-06	1.50e-02	9.85e-01
 4.74483e+16	2.08e-06	1.60e-02	9.84e-01
 4.93528e+16	2.31e-06	1.70e-02	9.83e-01
 5.13689e+16	2.59e-06	1.81e-02	9.82e-01
 5.34435e+16	2.91e-06	1.93e-02	9.81e-01
 5.53107e+16	3.23e-06	2.05e-02	9.79e-01
 5.69911e+16	3.56e-06	2.17e-02	9.78e-01
 5.85035e+16	3.89e-06	2.28e-02	9.77e-01
 5.98647e+16	4.21e-06	2.39e-02	9.76e-01
 6.10898e+16	4.53e-06	2.49e-02	9.75e-01
 6.21923e+16	4.84e-06	2.59e-02	9.74e-01
 6.31846e+16	5.14e-06	2.69e-02	9.73e-01
 6.40776e+16	5.43e-06	2.78e-02	9.72e-01
 6.48814e+16	5.71e-06	2.86e-02	9.71e-01
 6.56227e+16	5.98e-06	2.94e-02	9.71e-01
 6.63438e+16	6.27e-06	3.02e-02	9.70e-01
 6.70650e+16	6.57e-06	3.11e-02	9.69e-01
 6.77862e+16	6.89e-06	3.20e-02	9.68e-01
 6.85073e+16	7.24e-06	3.30e-02	9.67e-01
 6.92285e+16	7.60e-06	3.39e-02	9.66e-01
 6.99496e+16	8.00e-06	3.50e-02	9.65e-01
 7.06708e+16	8.42e-06	3.61e-02	9.64e-01
 7.13919e+16	8.89e-06	3.72e-02	9.63e-01
 7.19338e+16	9.34e-06	3.81e-02	9.62e-01
