#depth	O	O+	O+2	O+3	O+4	O+5	O+6	O+7	O+8	O[1]	O[2]	O[3]
 2.33861e+14	1.31e-11	4.59e-07	1.51e-03	1.99e-01	6.96e-01	1.01e-01	2.45e-03	0.00e+00	0.00e+00	9.87e-12	2.17e-12	1.07e-12
 1.27881e+15	1.60e-11	5.33e-07	1.67e-03	2.09e-01	6.92e-01	9.54e-02	2.19e-03	0.00e+00	0.00e+00	1.21e-11	2.64e-12	1.30e-12
 2.93343e+15	2.13e-11	6.62e-07	1.95e-03	2.25e-01	6.84e-01	8.76e-02	1.84e-03	0.00e+00	0.00e+00	1.60e-11	3.49e-12	1.73e-12
 4.65423e+15	2.82e-11	8.20e-07	2.28e-03	2.41e-01	6.75e-01	8.02e-02	1.54e-03	0.00e+00	0.00e+00	2.13e-11	4.63e-12	2.30e-12
 6.35578e+15	3.68e-11	1.00e-06	2.64e-03	2.57e-01	6.65e-01	7.35e-02	1.30e-03	0.00e+00	0.00e+00	2.77e-11	6.03e-12	3.00e-12
 7.95181e+15	4.68e-11	1.20e-06	3.00e-03	2.72e-01	6.56e-01	6.78e-02	1.11e-03	0.00e+00	0.00e+00	3.53e-11	7.66e-12	3.81e-12
 9.69976e+15	6.05e-11	1.45e-06	3.45e-03	2.89e-01	6.44e-01	6.22e-02	9.34e-04	0.00e+00	0.00e+00	4.56e-11	9.89e-12	4.93e-12
 1.16460e+16	7.99e-11	1.79e-06	4.00e-03	3.08e-01	6.31e-01	5.65e-02	7.76e-04	0.00e+00	0.00e+00	6.02e-11	1.30e-11	6.52e-12
 1.35243e+16	1.04e-10	2.18e-06	4.59e-03	3.26e-01	6.18e-01	5.16e-02	6.52e-04	0.00e+00	0.00e+00	7.83e-11	1.69e-11	8.47e-12
 1.52668e+16	1.32e-10	2.59e-06	5.18e-03	3.42e-01	6.05e-01	4.74e-02	5.56e-04	0.00e+00	0.00e+00	9.92e-11	2.15e-11	1.08e-11
 1.71853e+16	1.70e-10	3.14e-06	5.90e-03	3.60e-01	5.90e-01	4.33e-02	4.68e-04	0.00e+00	0.00e+00	1.28e-10	2.78e-11	1.39e-11
 1.93198e+16	2.24e-10	3.84e-06	6.79e-03	3.80e-01	5.74e-01	3.92e-02	3.87e-04	0.00e+00	0.00e+00	1.69e-10	3.64e-11	1.83e-11
 2.13194e+16	2.87e-10	4.61e-06	7.69e-03	3.98e-01	5.58e-01	3.57e-02	3.26e-04	0.00e+00	0.00e+00	2.16e-10	4.66e-11	2.35e-11
 2.35034e+16	3.75e-10	5.61e-06	8.79e-03	4.18e-01	5.41e-01	3.22e-02	2.71e-04	0.00e+00	0.00e+00	2.83e-10	6.09e-11	3.07e-11
 2.59144e+16	4.97e-10	6.90e-06	1.01e-02	4.39e-01	5.22e-01	2.88e-02	2.21e-04	0.00e+00	0.00e+00	3.75e-10	8.06e-11	4.08e-11
 2.81477e+16	6.39e-10	8.29e-06	1.15e-02	4.58e-01	5.04e-01	2.61e-02	1.84e-04	0.00e+00	0.00e+00	4.82e-10	1.04e-10	5.25e-11
 3.05784e+16	8.39e-10	1.01e-05	1.31e-02	4.78e-01	4.85e-01	2.33e-02	1.51e-04	0.00e+00	0.00e+00	6.33e-10	1.36e-10	6.90e-11
 3.32683e+16	1.12e-09	1.25e-05	1.51e-02	5.00e-01	4.64e-01	2.07e-02	1.22e-04	0.00e+00	0.00e+00	8.44e-10	1.81e-10	9.21e-11
 3.57656e+16	1.45e-09	1.51e-05	1.72e-02	5.20e-01	4.45e-01	1.85e-02	1.00e-04	0.00e+00	0.00e+00	1.09e-09	2.34e-10	1.19e-10
 3.84825e+16	1.92e-09	1.85e-05	1.97e-02	5.40e-01	4.24e-01	1.64e-02	8.11e-05	0.00e+00	0.00e+00	1.45e-09	3.11e-10	1.59e-10
 4.10969e+16	2.47e-09	2.22e-05	2.23e-02	5.59e-01	4.04e-01	1.46e-02	6.65e-05	0.00e+00	0.00e+00	1.86e-09	3.99e-10	2.04e-10
 4.30394e+16	2.97e-09	2.55e-05	2.45e-02	5.72e-01	3.90e-01	1.34e-02	5.74e-05	0.00e+00	0.00e+00	2.24e-09	4.80e-10	2.46e-10
 4.50257e+16	3.62e-09	2.94e-05	2.69e-02	5.85e-01	3.75e-01	1.22e-02	4.94e-05	0.00e+00	0.00e+00	2.73e-09	5.85e-10	3.00e-10
 4.74468e+16	4.58e-09	3.49e-05	3.01e-02	6.01e-01	3.58e-01	1.10e-02	4.11e-05	0.00e+00	0.00e+00	3.46e-09	7.39e-10	3.80e-10
 4.98945e+16	5.76e-09	4.13e-05	3.36e-02	6.15e-01	3.41e-01	9.83e-03	3.43e-05	0.00e+00	0.00e+00	4.35e-09	9.29e-10	4.78e-10
 5.20937e+16	7.09e-09	4.81e-05	3.71e-02	6.28e-01	3.26e-01	8.90e-03	2.91e-05	0.00e+00	0.00e+00	5.35e-09	1.14e-09	5.89e-10
 5.40923e+16	8.56e-09	5.53e-05	4.06e-02	6.38e-01	3.13e-01	8.13e-03	2.51e-05	0.00e+00	0.00e+00	6.46e-09	1.38e-09	7.12e-10
 5.58946e+16	1.01e-08	6.26e-05	4.39e-02	6.48e-01	3.01e-01	7.49e-03	2.20e-05	0.00e+00	0.00e+00	7.66e-09	1.63e-09	8.45e-10
 5.75166e+16	1.18e-08	7.02e-05	4.72e-02	6.55e-01	2.90e-01	6.96e-03	1.95e-05	0.00e+00	0.00e+00	8.94e-09	1.91e-09	9.87e-10
 5.89765e+16	1.36e-08	7.79e-05	5.04e-02	6.62e-01	2.81e-01	6.50e-03	1.75e-05	0.00e+00	0.00e+00	1.03e-08	2.19e-09	1.14e-09
 6.02903e+16	1.55e-08	8.56e-05	5.34e-02	6.67e-01	2.73e-01	6.12e-03	1.59e-05	0.00e+00	0.00e+00	1.17e-08	2.49e-09	1.29e-09
 6.14728e+16	1.74e-08	9.33e-05	5.62e-02	6.72e-01	2.66e-01	5.79e-03	1.46e-05	0.00e+00	0.00e+00	1.31e-08	2.80e-09	1.45e-09
 6.25371e+16	1.93e-08	1.01e-04	5.89e-02	6.76e-01	2.59e-01	5.51e-03	1.35e-05	0.00e+00	0.00e+00	1.46e-08	3.11e-09	1.62e-09
 6.34949e+16	2.13e-08	1.08e-04	6.15e-02	6.80e-01	2.53e-01	5.26e-03	1.25e-05	0.00e+00	0.00e+00	1.61e-08	3.43e-09	1.78e-09
 6.43569e+16	2.33e-08	1.16e-04	6.39e-02	6.83e-01	2.48e-01	5.05e-03	1.17e-05	0.00e+00	0.00e+00	1.76e-08	3.75e-09	1.95e-09
 6.51327e+16	2.51e-08	1.22e-04	6.62e-02	6.85e-01	2.43e-01	4.87e-03	1.11e-05	0.00e+00	0.00e+00	1.90e-08	4.04e-09	2.10e-09
 6.58608e+16	2.72e-08	1.30e-04	6.84e-02	6.88e-01	2.39e-01	4.70e-03	1.05e-05	0.00e+00	0.00e+00	2.05e-08	4.37e-09	2.27e-09
 6.65820e+16	2.94e-08	1.37e-04	7.07e-02	6.90e-01	2.35e-01	4.54e-03	9.92e-06	0.00e+00	0.00e+00	2.21e-08	4.72e-09	2.46e-09
 6.73031e+16	3.18e-08	1.46e-04	7.30e-02	6.92e-01	2.30e-01	4.38e-03	9.39e-06	0.00e+00	0.00e+00	2.40e-08	5.10e-09	2.66e-09
 6.80243e+16	3.44e-08	1.54e-04	7.55e-02	6.94e-01	2.26e-01	4.22e-03	8.88e-06	0.00e+00	0.00e+00	2.60e-08	5.53e-09	2.88e-09
 6.87454e+16	3.73e-08	1.64e-04	7.80e-02	6.96e-01	2.22e-01	4.08e-03	8.40e-06	0.00e+00	0.00e+00	2.82e-08	6.00e-09	3.13e-09
 6.94666e+16	4.06e-08	1.75e-04	8.06e-02	6.98e-01	2.18e-01	3.93e-03	7.94e-06	0.00e+00	0.00e+00	3.06e-08	6.52e-09	3.40e-09
 7.01877e+16	4.43e-08	1.86e-04	8.34e-02	6.99e-01	2.13e-01	3.79e-03	7.50e-06	0.00e+00	0.00e+00	3.34e-08	7.11e-09	3.71e-09
 7.09089e+16	4.85e-08	1.99e-04	8.63e-02	7.01e-01	2.09e-01	3.65e-03	7.09e-06	0.00e+00	0.00e+00	3.66e-08	7.79e-09	4.07e-09
 7.16300e+16	5.36e-08	2.15e-04	8.93e-02	7.02e-01	2.05e-01	3.52e-03	6.69e-06	0.00e+00	0.00e+00	4.05e-08	8.61e-09	4.50e-09
 7.20529e+16	6.00e-08	2.33e-04	9.11e-02	7.02e-01	2.03e-01	3.44e-03	6.45e-06	0.00e+00	0.00e+00	4.53e-08	9.64e-09	5.04e-09
