#depth	N	N+	N+2	N+3	N+4	N+5	N+6	N+7
 2.92617e+14	7.39e-10	4.36e-06	3.18e-03	1.29e-01	3.48e-01	5.20e-01	2.51e-07	0.00e+00
 1.39867e+15	8.20e-10	5.19e-06	3.64e-03	1.39e-01	3.57e-01	4.99e-01	2.44e-07	0.00e+00
 3.05809e+15	1.10e-09	6.63e-06	4.39e-03	1.56e-01	3.71e-01	4.70e-01	2.35e-07	0.00e+00
 4.78388e+15	1.47e-09	8.44e-06	5.30e-03	1.73e-01	3.83e-01	4.39e-01	2.25e-07	0.00e+00
 6.37877e+15	1.88e-09	1.04e-05	6.24e-03	1.89e-01	3.92e-01	4.12e-01	2.15e-07	0.00e+00
 7.75505e+15	2.32e-09	1.24e-05	7.14e-03	2.04e-01	3.99e-01	3.90e-01	2.09e-07	0.00e+00
 9.27581e+15	2.91e-09	1.49e-05	8.24e-03	2.20e-01	4.06e-01	3.66e-01	1.99e-07	0.00e+00
 1.11398e+16	3.77e-09	1.85e-05	9.74e-03	2.40e-01	4.13e-01	3.38e-01	1.89e-07	0.00e+00
 1.30287e+16	4.81e-09	2.27e-05	1.14e-02	2.60e-01	4.17e-01	3.11e-01	1.77e-07	0.00e+00
 1.47320e+16	5.95e-09	2.71e-05	1.30e-02	2.78e-01	4.20e-01	2.88e-01	1.69e-07	0.00e+00
 1.63260e+16	7.23e-09	3.18e-05	1.47e-02	2.95e-01	4.22e-01	2.68e-01	1.61e-07	0.00e+00
 1.81091e+16	8.97e-09	3.79e-05	1.68e-02	3.14e-01	4.22e-01	2.47e-01	1.52e-07	0.00e+00
 2.00843e+16	1.12e-08	4.56e-05	1.92e-02	3.34e-01	4.21e-01	2.25e-01	1.41e-07	0.00e+00
 2.19229e+16	1.37e-08	5.37e-05	2.17e-02	3.53e-01	4.19e-01	2.07e-01	1.31e-07	0.00e+00
 2.35646e+16	1.63e-08	6.18e-05	2.40e-02	3.69e-01	4.16e-01	1.91e-01	0.00e+00	0.00e+00
 2.53363e+16	1.97e-08	7.18e-05	2.67e-02	3.86e-01	4.12e-01	1.76e-01	0.00e+00	0.00e+00
 2.72961e+16	2.39e-08	8.39e-05	2.99e-02	4.04e-01	4.06e-01	1.60e-01	0.00e+00	0.00e+00
 2.91281e+16	2.85e-08	9.66e-05	3.30e-02	4.20e-01	4.00e-01	1.46e-01	0.00e+00	0.00e+00
 3.11371e+16	3.45e-08	1.13e-04	3.67e-02	4.37e-01	3.93e-01	1.33e-01	0.00e+00	0.00e+00
 3.33232e+16	4.19e-08	1.31e-04	4.09e-02	4.55e-01	3.85e-01	1.19e-01	0.00e+00	0.00e+00
 3.53100e+16	4.98e-08	1.51e-04	4.49e-02	4.70e-01	3.76e-01	1.08e-01	0.00e+00	0.00e+00
 3.74632e+16	6.00e-08	1.75e-04	4.96e-02	4.86e-01	3.67e-01	9.74e-02	0.00e+00	0.00e+00
 3.98347e+16	7.29e-08	2.03e-04	5.50e-02	5.02e-01	3.56e-01	8.67e-02	0.00e+00	0.00e+00
 4.20254e+16	8.69e-08	2.33e-04	6.02e-02	5.17e-01	3.45e-01	7.80e-02	0.00e+00	0.00e+00
 4.44090e+16	1.05e-07	2.70e-04	6.64e-02	5.31e-01	3.33e-01	6.92e-02	0.00e+00	0.00e+00
 4.70219e+16	1.28e-07	3.15e-04	7.34e-02	5.45e-01	3.20e-01	6.09e-02	0.00e+00	0.00e+00
 4.93962e+16	1.53e-07	3.61e-04	8.00e-02	5.57e-01	3.08e-01	5.43e-02	0.00e+00	0.00e+00
 5.15854e+16	1.80e-07	4.09e-04	8.65e-02	5.67e-01	2.97e-01	4.87e-02	0.00e+00	0.00e+00
 5.36384e+16	2.09e-07	4.57e-04	9.27e-02	5.76e-01	2.87e-01	4.40e-02	0.00e+00	0.00e+00
 5.54861e+16	2.39e-07	5.06e-04	9.86e-02	5.83e-01	2.78e-01	4.02e-02	0.00e+00	0.00e+00
 5.71490e+16	2.70e-07	5.53e-04	1.04e-01	5.89e-01	2.70e-01	3.70e-02	0.00e+00	0.00e+00
 5.86456e+16	3.01e-07	6.00e-04	1.09e-01	5.93e-01	2.62e-01	3.44e-02	0.00e+00	0.00e+00
 5.99926e+16	3.33e-07	6.45e-04	1.14e-01	5.98e-01	2.56e-01	3.21e-02	0.00e+00	0.00e+00
 6.12048e+16	3.64e-07	6.89e-04	1.18e-01	6.01e-01	2.50e-01	3.02e-02	0.00e+00	0.00e+00
 6.22959e+16	3.95e-07	7.31e-04	1.22e-01	6.04e-01	2.45e-01	2.86e-02	0.00e+00	0.00e+00
 6.32778e+16	4.25e-07	7.71e-04	1.26e-01	6.06e-01	2.40e-01	2.72e-02	0.00e+00	0.00e+00
 6.41615e+16	4.55e-07	8.10e-04	1.29e-01	6.08e-01	2.36e-01	2.60e-02	0.00e+00	0.00e+00
 6.49569e+16	4.83e-07	8.45e-04	1.32e-01	6.10e-01	2.32e-01	2.50e-02	0.00e+00	0.00e+00
 6.56942e+16	5.12e-07	8.81e-04	1.35e-01	6.11e-01	2.29e-01	2.40e-02	0.00e+00	0.00e+00
 6.64154e+16	5.42e-07	9.18e-04	1.38e-01	6.12e-01	2.25e-01	2.32e-02	0.00e+00	0.00e+00
 6.71365e+16	5.75e-07	9.57e-04	1.41e-01	6.14e-01	2.22e-01	2.23e-02	0.00e+00	0.00e+00
 6.78577e+16	6.11e-07	9.98e-04	1.44e-01	6.15e-01	2.18e-01	2.14e-02	0.00e+00	0.00e+00
 6.85788e+16	6.50e-07	1.04e-03	1.48e-01	6.16e-01	2.15e-01	2.06e-02	0.00e+00	0.00e+00
 6.93000e+16	6.94e-07	1.09e-03	1.51e-01	6.17e-01	2.12e-01	1.98e-02	0.00e+00	0.00e+00
 7.00211e+16	7.43e-07	1.14e-03	1.54e-01	6.17e-01	2.08e-01	1.91e-02	0.00e+00	0.00e+00
 7.07423e+16	8.01e-07	1.20e-03	1.57e-01	6.18e-01	2.05e-01	1.83e-02	0.00e+00	0.00e+00
 7.14634e+16	8.86e-07	1.28e-03	1.62e-01	6.18e-01	2.01e-01	1.74e-02	0.00e+00	0.00e+00
 7.19696e+16	9.72e-07	1.36e-03	1.64e-01	6.19e-01	1.99e-01	1.68e-02	0.00e+00	0.00e+00
