#depth	O	O+	O+2	O+3	O+4	O+5	O+6	O+7	O+8	O[1]	O[2]	O[3]
 2.30832e+14	2.05e-11	6.39e-07	1.88e-03	2.21e-01	6.86e-01	8.93e-02	1.92e-03	0.00e+00	0.00e+00	1.56e-11	3.21e-12	1.64e-12
 1.27263e+15	2.49e-11	7.40e-07	2.08e-03	2.31e-01	6.81e-01	8.43e-02	1.71e-03	0.00e+00	0.00e+00	1.90e-11	3.90e-12	1.99e-12
 2.92700e+15	3.31e-11	9.18e-07	2.42e-03	2.48e-01	6.71e-01	7.71e-02	1.43e-03	0.00e+00	0.00e+00	2.53e-11	5.17e-12	2.65e-12
 4.64755e+15	4.40e-11	1.14e-06	2.82e-03	2.65e-01	6.61e-01	7.04e-02	1.19e-03	0.00e+00	0.00e+00	3.36e-11	6.85e-12	3.52e-12
 6.30954e+15	5.70e-11	1.38e-06	3.24e-03	2.82e-01	6.49e-01	6.45e-02	1.00e-03	0.00e+00	0.00e+00	4.35e-11	8.86e-12	4.56e-12
 7.86396e+15	7.20e-11	1.64e-06	3.68e-03	2.97e-01	6.39e-01	5.95e-02	8.58e-04	0.00e+00	0.00e+00	5.50e-11	1.12e-11	5.76e-12
 9.60792e+15	9.31e-11	1.99e-06	4.22e-03	3.15e-01	6.26e-01	5.44e-02	7.22e-04	0.00e+00	0.00e+00	7.11e-11	1.44e-11	7.46e-12
 1.15957e+16	1.24e-10	2.46e-06	4.90e-03	3.35e-01	6.11e-01	4.91e-02	5.95e-04	0.00e+00	0.00e+00	9.46e-11	1.92e-11	9.93e-12
 1.34547e+16	1.60e-10	2.97e-06	5.60e-03	3.53e-01	5.96e-01	4.48e-02	4.99e-04	0.00e+00	0.00e+00	1.23e-10	2.48e-11	1.29e-11
 1.50988e+16	2.01e-10	3.51e-06	6.27e-03	3.69e-01	5.83e-01	4.13e-02	4.28e-04	0.00e+00	0.00e+00	1.54e-10	3.11e-11	1.61e-11
 1.69353e+16	2.58e-10	4.21e-06	7.10e-03	3.87e-01	5.68e-01	3.77e-02	3.61e-04	0.00e+00	0.00e+00	1.97e-10	3.99e-11	2.07e-11
 1.91345e+16	3.43e-10	5.19e-06	8.18e-03	4.07e-01	5.50e-01	3.39e-02	2.96e-04	0.00e+00	0.00e+00	2.62e-10	5.30e-11	2.76e-11
 2.13224e+16	4.50e-10	6.33e-06	9.37e-03	4.28e-01	5.32e-01	3.05e-02	2.44e-04	0.00e+00	0.00e+00	3.44e-10	6.95e-11	3.62e-11
 2.33097e+16	5.72e-10	7.53e-06	1.05e-02	4.46e-01	5.16e-01	2.77e-02	2.05e-04	0.00e+00	0.00e+00	4.37e-10	8.82e-11	4.61e-11
 2.55193e+16	7.46e-10	9.13e-06	1.20e-02	4.65e-01	4.98e-01	2.49e-02	1.70e-04	0.00e+00	0.00e+00	5.70e-10	1.15e-10	6.02e-11
 2.80095e+16	9.91e-10	1.12e-05	1.38e-02	4.87e-01	4.77e-01	2.22e-02	1.38e-04	0.00e+00	0.00e+00	7.58e-10	1.53e-10	8.01e-11
 3.03875e+16	1.29e-09	1.36e-05	1.57e-02	5.06e-01	4.58e-01	1.99e-02	1.13e-04	0.00e+00	0.00e+00	9.83e-10	1.98e-10	1.04e-10
 3.29563e+16	1.71e-09	1.66e-05	1.79e-02	5.27e-01	4.38e-01	1.76e-02	9.17e-05	0.00e+00	0.00e+00	1.30e-09	2.62e-10	1.38e-10
 3.57501e+16	2.28e-09	2.05e-05	2.07e-02	5.48e-01	4.16e-01	1.55e-02	7.33e-05	0.00e+00	0.00e+00	1.75e-09	3.51e-10	1.85e-10
 3.80399e+16	2.86e-09	2.42e-05	2.31e-02	5.65e-01	3.98e-01	1.39e-02	6.12e-05	0.00e+00	0.00e+00	2.19e-09	4.39e-10	2.32e-10
 3.98146e+16	3.41e-09	2.75e-05	2.51e-02	5.77e-01	3.85e-01	1.28e-02	5.32e-05	0.00e+00	0.00e+00	2.61e-09	5.23e-10	2.77e-10
 4.17617e+16	4.16e-09	3.17e-05	2.76e-02	5.90e-01	3.71e-01	1.17e-02	4.57e-05	0.00e+00	0.00e+00	3.18e-09	6.37e-10	3.38e-10
 4.42929e+16	5.35e-09	3.81e-05	3.11e-02	6.06e-01	3.52e-01	1.04e-02	3.75e-05	0.00e+00	0.00e+00	4.09e-09	8.20e-10	4.36e-10
 4.68982e+16	6.84e-09	4.55e-05	3.50e-02	6.22e-01	3.34e-01	9.25e-03	3.07e-05	0.00e+00	0.00e+00	5.23e-09	1.05e-09	5.58e-10
 4.90686e+16	8.38e-09	5.28e-05	3.85e-02	6.34e-01	3.19e-01	8.37e-03	2.61e-05	0.00e+00	0.00e+00	6.40e-09	1.28e-09	6.84e-10
 5.11669e+16	1.02e-08	6.11e-05	4.23e-02	6.45e-01	3.05e-01	7.59e-03	2.22e-05	0.00e+00	0.00e+00	7.83e-09	1.57e-09	8.37e-10
 5.32617e+16	1.25e-08	7.06e-05	4.64e-02	6.55e-01	2.91e-01	6.89e-03	1.90e-05	0.00e+00	0.00e+00	9.54e-09	1.91e-09	1.02e-09
 5.51471e+16	1.49e-08	8.04e-05	5.04e-02	6.64e-01	2.79e-01	6.30e-03	1.64e-05	0.00e+00	0.00e+00	1.14e-08	2.28e-09	1.22e-09
 5.68439e+16	1.75e-08	9.05e-05	5.43e-02	6.71e-01	2.69e-01	5.82e-03	1.45e-05	0.00e+00	0.00e+00	1.34e-08	2.68e-09	1.44e-09
 5.83710e+16	2.03e-08	1.01e-04	5.81e-02	6.77e-01	2.59e-01	5.41e-03	1.29e-05	0.00e+00	0.00e+00	1.55e-08	3.10e-09	1.66e-09
 5.97454e+16	2.32e-08	1.11e-04	6.16e-02	6.82e-01	2.51e-01	5.07e-03	1.16e-05	0.00e+00	0.00e+00	1.77e-08	3.54e-09	1.90e-09
 6.09824e+16	2.62e-08	1.22e-04	6.51e-02	6.87e-01	2.43e-01	4.78e-03	1.06e-05	0.00e+00	0.00e+00	2.00e-08	4.00e-09	2.15e-09
 6.20957e+16	2.92e-08	1.32e-04	6.83e-02	6.90e-01	2.37e-01	4.53e-03	9.72e-06	0.00e+00	0.00e+00	2.23e-08	4.46e-09	2.40e-09
 6.30976e+16	3.23e-08	1.42e-04	7.14e-02	6.93e-01	2.31e-01	4.31e-03	9.00e-06	0.00e+00	0.00e+00	2.47e-08	4.93e-09	2.65e-09
 6.39994e+16	3.54e-08	1.52e-04	7.43e-02	6.96e-01	2.26e-01	4.12e-03	8.40e-06	0.00e+00	0.00e+00	2.71e-08	5.41e-09	2.91e-09
 6.48110e+16	3.83e-08	1.61e-04	7.69e-02	6.98e-01	2.21e-01	3.96e-03	7.89e-06	0.00e+00	0.00e+00	2.93e-08	5.85e-09	3.15e-09
 6.55560e+16	4.15e-08	1.71e-04	7.95e-02	7.00e-01	2.17e-01	3.82e-03	7.45e-06	0.00e+00	0.00e+00	3.17e-08	6.33e-09	3.41e-09
 6.62771e+16	4.48e-08	1.81e-04	8.21e-02	7.01e-01	2.13e-01	3.68e-03	7.04e-06	0.00e+00	0.00e+00	3.43e-08	6.84e-09	3.69e-09
 6.69983e+16	4.85e-08	1.92e-04	8.48e-02	7.03e-01	2.09e-01	3.55e-03	6.66e-06	0.00e+00	0.00e+00	3.71e-08	7.39e-09	3.99e-09
 6.77194e+16	5.25e-08	2.03e-04	8.76e-02	7.04e-01	2.05e-01	3.42e-03	6.29e-06	0.00e+00	0.00e+00	4.01e-08	8.00e-09	4.32e-09
 6.84406e+16	5.69e-08	2.16e-04	9.05e-02	7.05e-01	2.01e-01	3.29e-03	5.94e-06	0.00e+00	0.00e+00	4.35e-08	8.68e-09	4.69e-09
 6.91617e+16	6.18e-08	2.29e-04	9.35e-02	7.06e-01	1.97e-01	3.17e-03	5.61e-06	0.00e+00	0.00e+00	4.73e-08	9.42e-09	5.09e-09
 6.98829e+16	6.74e-08	2.44e-04	9.67e-02	7.07e-01	1.93e-01	3.06e-03	5.29e-06	0.00e+00	0.00e+00	5.15e-08	1.03e-08	5.55e-09
 7.06040e+16	7.36e-08	2.61e-04	9.99e-02	7.08e-01	1.89e-01	2.94e-03	4.99e-06	0.00e+00	0.00e+00	5.63e-08	1.12e-08	6.07e-09
 7.13252e+16	8.10e-08	2.80e-04	1.03e-01	7.09e-01	1.85e-01	2.83e-03	4.70e-06	0.00e+00	0.00e+00	6.19e-08	1.23e-08	6.68e-09
 7.19005e+16	9.03e-08	3.03e-04	1.06e-01	7.09e-01	1.82e-01	2.74e-03	4.48e-06	0.00e+00	0.00e+00	6.90e-08	1.37e-08	7.45e-09
