#depth	O	O+	O+2	O+3	O+4	O+5	O+6	O+7	O+8	O[1]	O[2]	O[3]
 1.93587e+14	1.65e-11	4.40e-07	1.27e-03	1.67e-01	6.83e-01	1.43e-01	5.86e-03	0.00e+00	0.00e+00	1.22e-11	2.95e-12	1.38e-12
 1.16152e+15	1.99e-11	5.08e-07	1.40e-03	1.75e-01	6.82e-01	1.36e-01	5.29e-03	0.00e+00	0.00e+00	1.47e-11	3.56e-12	1.66e-12
 2.77632e+15	2.64e-11	6.29e-07	1.64e-03	1.89e-01	6.79e-01	1.26e-01	4.48e-03	0.00e+00	0.00e+00	1.94e-11	4.69e-12	2.20e-12
 4.49084e+15	3.50e-11	7.82e-07	1.93e-03	2.04e-01	6.74e-01	1.16e-01	3.77e-03	0.00e+00	0.00e+00	2.58e-11	6.21e-12	2.91e-12
 6.15230e+15	4.52e-11	9.51e-07	2.24e-03	2.19e-01	6.68e-01	1.07e-01	3.20e-03	0.00e+00	0.00e+00	3.33e-11	8.01e-12	3.77e-12
 7.71280e+15	5.71e-11	1.14e-06	2.57e-03	2.33e-01	6.62e-01	9.95e-02	2.75e-03	0.00e+00	0.00e+00	4.21e-11	1.01e-11	4.76e-12
 9.45737e+15	7.39e-11	1.38e-06	2.97e-03	2.49e-01	6.54e-01	9.16e-02	2.33e-03	0.00e+00	0.00e+00	5.45e-11	1.31e-11	6.17e-12
 1.13540e+16	9.76e-11	1.71e-06	3.46e-03	2.66e-01	6.45e-01	8.39e-02	1.95e-03	0.00e+00	0.00e+00	7.20e-11	1.73e-11	8.16e-12
 1.31310e+16	1.25e-10	2.06e-06	3.96e-03	2.82e-01	6.35e-01	7.73e-02	1.66e-03	0.00e+00	0.00e+00	9.26e-11	2.22e-11	1.05e-11
 1.50643e+16	1.65e-10	2.53e-06	4.58e-03	3.00e-01	6.23e-01	7.07e-02	1.39e-03	0.00e+00	0.00e+00	1.22e-10	2.92e-11	1.38e-11
 1.72065e+16	2.19e-10	3.14e-06	5.33e-03	3.20e-01	6.10e-01	6.42e-02	1.15e-03	0.00e+00	0.00e+00	1.62e-10	3.88e-11	1.84e-11
 1.91269e+16	2.80e-10	3.77e-06	6.08e-03	3.37e-01	5.97e-01	5.89e-02	9.76e-04	0.00e+00	0.00e+00	2.07e-10	4.95e-11	2.35e-11
 2.08114e+16	3.46e-10	4.42e-06	6.80e-03	3.52e-01	5.85e-01	5.46e-02	8.45e-04	0.00e+00	0.00e+00	2.56e-10	6.11e-11	2.91e-11
 2.27088e+16	4.40e-10	5.28e-06	7.69e-03	3.70e-01	5.72e-01	5.01e-02	7.20e-04	0.00e+00	0.00e+00	3.25e-10	7.76e-11	3.70e-11
 2.50586e+16	5.85e-10	6.52e-06	8.92e-03	3.90e-01	5.55e-01	4.51e-02	5.92e-04	0.00e+00	0.00e+00	4.32e-10	1.03e-10	4.93e-11
 2.74165e+16	7.64e-10	7.97e-06	1.03e-02	4.11e-01	5.37e-01	4.07e-02	4.88e-04	0.00e+00	0.00e+00	5.64e-10	1.35e-10	6.45e-11
 2.94556e+16	9.57e-10	9.43e-06	1.16e-02	4.29e-01	5.22e-01	3.72e-02	4.14e-04	0.00e+00	0.00e+00	7.06e-10	1.68e-10	8.08e-11
 3.16603e+16	1.23e-09	1.13e-05	1.31e-02	4.47e-01	5.05e-01	3.37e-02	3.47e-04	0.00e+00	0.00e+00	9.07e-10	2.16e-10	1.04e-10
 3.43663e+16	1.65e-09	1.41e-05	1.53e-02	4.70e-01	4.85e-01	2.99e-02	2.80e-04	0.00e+00	0.00e+00	1.22e-09	2.90e-10	1.40e-10
 3.70481e+16	2.16e-09	1.73e-05	1.76e-02	4.91e-01	4.64e-01	2.66e-02	2.28e-04	0.00e+00	0.00e+00	1.60e-09	3.80e-10	1.84e-10
 3.93520e+16	2.73e-09	2.06e-05	1.99e-02	5.09e-01	4.47e-01	2.40e-02	1.91e-04	0.00e+00	0.00e+00	2.01e-09	4.79e-10	2.32e-10
 4.13824e+16	3.34e-09	2.39e-05	2.21e-02	5.24e-01	4.31e-01	2.20e-02	1.63e-04	0.00e+00	0.00e+00	2.46e-09	5.85e-10	2.83e-10
 4.35635e+16	4.16e-09	2.82e-05	2.47e-02	5.40e-01	4.15e-01	1.99e-02	1.38e-04	0.00e+00	0.00e+00	3.07e-09	7.31e-10	3.54e-10
 4.59329e+16	5.26e-09	3.36e-05	2.78e-02	5.57e-01	3.97e-01	1.80e-02	1.16e-04	0.00e+00	0.00e+00	3.88e-09	9.22e-10	4.48e-10
 4.80981e+16	6.48e-09	3.92e-05	3.09e-02	5.72e-01	3.81e-01	1.63e-02	9.82e-05	0.00e+00	0.00e+00	4.78e-09	1.14e-09	5.52e-10
 5.01369e+16	7.91e-09	4.56e-05	3.42e-02	5.85e-01	3.66e-01	1.49e-02	8.43e-05	0.00e+00	0.00e+00	5.84e-09	1.39e-09	6.75e-10
 5.21953e+16	9.69e-09	5.31e-05	3.78e-02	5.97e-01	3.51e-01	1.35e-02	7.21e-05	0.00e+00	0.00e+00	7.15e-09	1.70e-09	8.28e-10
 5.41873e+16	1.18e-08	6.14e-05	4.17e-02	6.09e-01	3.37e-01	1.23e-02	6.21e-05	0.00e+00	0.00e+00	8.68e-09	2.06e-09	1.01e-09
 5.59801e+16	1.41e-08	7.02e-05	4.55e-02	6.19e-01	3.24e-01	1.14e-02	5.42e-05	0.00e+00	0.00e+00	1.04e-08	2.46e-09	1.20e-09
 5.75936e+16	1.65e-08	7.93e-05	4.92e-02	6.28e-01	3.13e-01	1.05e-02	4.80e-05	0.00e+00	0.00e+00	1.22e-08	2.90e-09	1.42e-09
 5.90458e+16	1.92e-08	8.88e-05	5.29e-02	6.35e-01	3.02e-01	9.82e-03	4.29e-05	0.00e+00	0.00e+00	1.42e-08	3.36e-09	1.65e-09
 6.03527e+16	2.20e-08	9.84e-05	5.64e-02	6.41e-01	2.93e-01	9.22e-03	3.88e-05	0.00e+00	0.00e+00	1.63e-08	3.86e-09	1.89e-09
 6.15289e+16	2.50e-08	1.08e-04	5.98e-02	6.46e-01	2.85e-01	8.70e-03	3.55e-05	0.00e+00	0.00e+00	1.84e-08	4.37e-09	2.14e-09
 6.25876e+16	2.80e-08	1.18e-04	6.30e-02	6.51e-01	2.78e-01	8.26e-03	3.27e-05	0.00e+00	0.00e+00	2.07e-08	4.90e-09	2.40e-09
 6.35403e+16	3.11e-08	1.27e-04	6.61e-02	6.55e-01	2.71e-01	7.88e-03	3.03e-05	0.00e+00	0.00e+00	2.30e-08	5.44e-09	2.67e-09
 6.43978e+16	3.40e-08	1.36e-04	6.89e-02	6.58e-01	2.65e-01	7.55e-03	2.83e-05	0.00e+00	0.00e+00	2.51e-08	5.95e-09	2.92e-09
 6.51696e+16	3.72e-08	1.46e-04	7.17e-02	6.61e-01	2.60e-01	7.25e-03	2.67e-05	0.00e+00	0.00e+00	2.75e-08	6.51e-09	3.20e-09
 6.58957e+16	4.06e-08	1.56e-04	7.44e-02	6.63e-01	2.55e-01	6.99e-03	2.51e-05	0.00e+00	0.00e+00	2.99e-08	7.09e-09	3.49e-09
 6.66168e+16	4.43e-08	1.66e-04	7.73e-02	6.66e-01	2.50e-01	6.73e-03	2.37e-05	0.00e+00	0.00e+00	3.27e-08	7.73e-09	3.81e-09
 6.73380e+16	4.83e-08	1.77e-04	8.02e-02	6.68e-01	2.45e-01	6.48e-03	2.23e-05	0.00e+00	0.00e+00	3.57e-08	8.45e-09	4.16e-09
 6.80591e+16	5.29e-08	1.90e-04	8.33e-02	6.70e-01	2.40e-01	6.23e-03	2.11e-05	0.00e+00	0.00e+00	3.90e-08	9.24e-09	4.56e-09
 6.87803e+16	5.81e-08	2.03e-04	8.66e-02	6.72e-01	2.35e-01	5.99e-03	1.98e-05	0.00e+00	0.00e+00	4.28e-08	1.01e-08	5.00e-09
 6.95014e+16	6.39e-08	2.18e-04	9.00e-02	6.74e-01	2.30e-01	5.76e-03	1.87e-05	0.00e+00	0.00e+00	4.71e-08	1.12e-08	5.50e-09
 7.02226e+16	7.05e-08	2.35e-04	9.35e-02	6.75e-01	2.25e-01	5.53e-03	1.75e-05	0.00e+00	0.00e+00	5.20e-08	1.23e-08	6.08e-09
 7.09437e+16	7.88e-08	2.55e-04	9.74e-02	6.77e-01	2.20e-01	5.31e-03	1.64e-05	0.00e+00	0.00e+00	5.82e-08	1.38e-08	6.80e-09
 7.16649e+16	8.84e-08	2.78e-04	1.01e-01	6.78e-01	2.15e-01	5.09e-03	1.54e-05	0.00e+00	0.00e+00	6.52e-08	1.54e-08	7.63e-09
 7.20703e+16	1.01e-07	3.05e-04	1.04e-01	6.78e-01	2.13e-01	4.96e-03	1.48e-05	0.00e+00	0.00e+00	7.49e-08	1.77e-08	8.76e-09
