#depth	C	C+	C+2	C+3	C+4	C+5	C+6	C[1]	C[2]	C[3]	C+[1]	C+[2]	CO
 2.26865e+14	3.15e-10	3.07e-06	2.33e-03	5.00e-02	9.48e-01	1.86e-07	0.00e+00	3.12e-11	9.45e-11	1.61e-10	1.02e-06	2.05e-06	1.12e-33
 1.26454e+15	3.23e-10	3.53e-06	2.57e-03	5.28e-02	9.45e-01	1.82e-07	0.00e+00	3.20e-11	9.68e-11	1.65e-10	1.17e-06	2.36e-06	1.72e-33
 2.91859e+15	4.15e-10	4.36e-06	2.98e-03	5.74e-02	9.40e-01	1.84e-07	0.00e+00	4.11e-11	1.24e-10	2.12e-10	1.45e-06	2.91e-06	3.38e-33
 4.63880e+15	5.36e-10	5.38e-06	3.47e-03	6.24e-02	9.34e-01	1.87e-07	0.00e+00	5.32e-11	1.61e-10	2.74e-10	1.79e-06	3.60e-06	6.65e-33
 6.32430e+15	6.81e-10	6.56e-06	4.00e-03	6.75e-02	9.29e-01	1.86e-07	0.00e+00	6.75e-11	2.04e-10	3.47e-10	2.18e-06	4.38e-06	1.24e-32
 7.93613e+15	8.52e-10	7.88e-06	4.57e-03	7.25e-02	9.23e-01	1.89e-07	0.00e+00	8.45e-11	2.56e-10	4.35e-10	2.62e-06	5.26e-06	2.21e-32
 9.71595e+15	1.08e-09	9.57e-06	5.26e-03	7.84e-02	9.16e-01	1.90e-07	0.00e+00	1.07e-10	3.23e-10	5.50e-10	3.18e-06	6.39e-06	4.11e-32
 1.16100e+16	1.37e-09	1.17e-05	6.08e-03	8.49e-02	9.09e-01	1.92e-07	0.00e+00	1.36e-10	4.12e-10	7.00e-10	3.88e-06	7.80e-06	7.78e-32
 1.33750e+16	1.70e-09	1.40e-05	6.93e-03	9.12e-02	9.02e-01	1.95e-07	0.00e+00	1.69e-10	5.12e-10	8.70e-10	4.65e-06	9.35e-06	1.38e-31
 1.53086e+16	2.15e-09	1.70e-05	7.96e-03	9.84e-02	8.94e-01	1.97e-07	0.00e+00	2.14e-10	6.47e-10	1.10e-09	5.64e-06	1.13e-05	2.56e-31
 1.74605e+16	2.75e-09	2.08e-05	9.22e-03	1.07e-01	8.84e-01	2.00e-07	0.00e+00	2.73e-10	8.26e-10	1.40e-09	6.92e-06	1.39e-05	4.91e-31
 1.95025e+16	3.43e-09	2.50e-05	1.06e-02	1.15e-01	8.74e-01	2.00e-07	0.00e+00	3.40e-10	1.03e-09	1.75e-09	8.33e-06	1.67e-05	8.89e-31
 2.16902e+16	4.33e-09	3.04e-05	1.21e-02	1.24e-01	8.64e-01	2.02e-07	0.00e+00	4.31e-10	1.30e-09	2.21e-09	1.01e-05	2.03e-05	1.66e-30
 2.40875e+16	5.50e-09	3.73e-05	1.41e-02	1.35e-01	8.51e-01	2.05e-07	0.00e+00	5.47e-10	1.65e-09	2.81e-09	1.24e-05	2.49e-05	3.17e-30
 2.63723e+16	6.86e-09	4.49e-05	1.61e-02	1.45e-01	8.38e-01	2.05e-07	0.00e+00	6.83e-10	2.06e-09	3.51e-09	1.49e-05	3.00e-05	5.72e-30
 2.88224e+16	8.64e-09	5.45e-05	1.86e-02	1.57e-01	8.24e-01	2.06e-07	0.00e+00	8.60e-10	2.60e-09	4.42e-09	1.82e-05	3.64e-05	1.07e-29
 3.14955e+16	1.10e-08	6.68e-05	2.15e-02	1.70e-01	8.08e-01	2.09e-07	0.00e+00	1.09e-09	3.31e-09	5.62e-09	2.22e-05	4.46e-05	2.04e-29
 3.40501e+16	1.36e-08	8.04e-05	2.47e-02	1.84e-01	7.92e-01	2.09e-07	0.00e+00	1.36e-09	4.10e-09	6.97e-09	2.68e-05	5.36e-05	3.68e-29
 3.67901e+16	1.72e-08	9.79e-05	2.85e-02	1.98e-01	7.73e-01	2.10e-07	0.00e+00	1.71e-09	5.18e-09	8.80e-09	3.26e-05	6.53e-05	6.89e-29
 3.97617e+16	2.19e-08	1.20e-04	3.30e-02	2.15e-01	7.52e-01	2.13e-07	0.00e+00	2.18e-09	6.60e-09	1.12e-08	4.01e-05	8.01e-05	1.31e-28
 4.25352e+16	2.71e-08	1.44e-04	3.78e-02	2.31e-01	7.31e-01	2.14e-07	0.00e+00	2.71e-09	8.18e-09	1.39e-08	4.81e-05	9.63e-05	2.34e-28
 4.48194e+16	3.22e-08	1.67e-04	4.20e-02	2.44e-01	7.14e-01	2.14e-07	0.00e+00	3.21e-09	9.70e-09	1.65e-08	5.57e-05	1.11e-04	3.68e-28
 4.67255e+16	3.71e-08	1.89e-04	4.59e-02	2.55e-01	6.99e-01	2.16e-07	0.00e+00	3.70e-09	1.12e-08	1.90e-08	6.29e-05	1.26e-04	5.41e-28
 4.88675e+16	4.38e-08	2.17e-04	5.07e-02	2.69e-01	6.81e-01	2.17e-07	0.00e+00	4.37e-09	1.32e-08	2.24e-08	7.23e-05	1.44e-04	8.36e-28
 5.11800e+16	5.17e-08	2.50e-04	5.61e-02	2.83e-01	6.61e-01	2.18e-07	0.00e+00	5.16e-09	1.56e-08	2.65e-08	8.33e-05	1.66e-04	1.31e-27
 5.32735e+16	6.04e-08	2.84e-04	6.16e-02	2.96e-01	6.42e-01	2.19e-07	0.00e+00	6.03e-09	1.82e-08	3.09e-08	9.48e-05	1.89e-04	1.95e-27
 5.51577e+16	6.93e-08	3.19e-04	6.68e-02	3.08e-01	6.25e-01	2.20e-07	0.00e+00	6.92e-09	2.09e-08	3.55e-08	1.06e-04	2.12e-04	2.79e-27
 5.68534e+16	7.84e-08	3.53e-04	7.18e-02	3.19e-01	6.09e-01	2.22e-07	0.00e+00	7.83e-09	2.37e-08	4.02e-08	1.18e-04	2.35e-04	3.86e-27
 5.83796e+16	8.76e-08	3.87e-04	7.66e-02	3.28e-01	5.95e-01	2.23e-07	0.00e+00	8.76e-09	2.65e-08	4.49e-08	1.29e-04	2.58e-04	5.14e-27
 5.97532e+16	9.70e-08	4.20e-04	8.12e-02	3.37e-01	5.81e-01	2.24e-07	0.00e+00	9.70e-09	2.93e-08	4.97e-08	1.40e-04	2.80e-04	6.66e-27
 6.09894e+16	1.06e-07	4.53e-04	8.55e-02	3.45e-01	5.69e-01	2.25e-07	0.00e+00	1.06e-08	3.21e-08	5.45e-08	1.51e-04	3.02e-04	8.43e-27
 6.21020e+16	1.16e-07	4.85e-04	8.95e-02	3.52e-01	5.58e-01	2.26e-07	0.00e+00	1.16e-08	3.50e-08	5.93e-08	1.62e-04	3.23e-04	1.04e-26
 6.31033e+16	1.25e-07	5.15e-04	9.33e-02	3.59e-01	5.48e-01	2.27e-07	0.00e+00	1.25e-08	3.77e-08	6.39e-08	1.72e-04	3.43e-04	1.26e-26
 6.40045e+16	1.33e-07	5.43e-04	9.69e-02	3.64e-01	5.38e-01	2.28e-07	0.00e+00	1.34e-08	4.04e-08	6.85e-08	1.82e-04	3.62e-04	1.50e-26
 6.48155e+16	1.42e-07	5.71e-04	1.00e-01	3.70e-01	5.30e-01	2.29e-07	0.00e+00	1.42e-08	4.30e-08	7.29e-08	1.91e-04	3.80e-04	1.75e-26
 6.55603e+16	1.51e-07	5.97e-04	1.03e-01	3.74e-01	5.22e-01	2.30e-07	0.00e+00	1.51e-08	4.56e-08	7.73e-08	1.99e-04	3.98e-04	2.01e-26
 6.62815e+16	1.59e-07	6.24e-04	1.06e-01	3.79e-01	5.14e-01	2.31e-07	0.00e+00	1.60e-08	4.82e-08	8.18e-08	2.08e-04	4.16e-04	2.33e-26
 6.70026e+16	1.69e-07	6.52e-04	1.10e-01	3.83e-01	5.06e-01	2.32e-07	0.00e+00	1.69e-08	5.11e-08	8.66e-08	2.18e-04	4.34e-04	2.68e-26
 6.77238e+16	1.79e-07	6.82e-04	1.13e-01	3.88e-01	4.98e-01	2.33e-07	0.00e+00	1.79e-08	5.41e-08	9.18e-08	2.28e-04	4.54e-04	3.10e-26
 6.84449e+16	1.90e-07	7.14e-04	1.16e-01	3.93e-01	4.90e-01	2.34e-07	0.00e+00	1.90e-08	5.74e-08	9.74e-08	2.38e-04	4.75e-04	3.59e-26
 6.91661e+16	2.01e-07	7.47e-04	1.20e-01	3.97e-01	4.82e-01	2.35e-07	0.00e+00	2.02e-08	6.10e-08	1.03e-07	2.50e-04	4.97e-04	4.17e-26
 6.98872e+16	2.14e-07	7.82e-04	1.23e-01	4.02e-01	4.74e-01	2.36e-07	0.00e+00	2.15e-08	6.49e-08	1.10e-07	2.61e-04	5.21e-04	4.85e-26
 7.06084e+16	2.29e-07	8.19e-04	1.27e-01	4.06e-01	4.66e-01	2.37e-07	0.00e+00	2.29e-08	6.92e-08	1.17e-07	2.74e-04	5.45e-04	5.67e-26
 7.13295e+16	2.45e-07	8.60e-04	1.31e-01	4.11e-01	4.58e-01	2.39e-07	0.00e+00	2.45e-08	7.42e-08	1.26e-07	2.87e-04	5.73e-04	6.67e-26
 7.19026e+16	2.62e-07	9.00e-04	1.34e-01	4.14e-01	4.51e-01	2.40e-07	0.00e+00	2.63e-08	7.95e-08	1.35e-07	3.01e-04	5.99e-04	7.90e-26
