#depth	He	He+	He+2
 2.34955e+14	3.44e-07	4.51e-03	9.95e-01
 1.28104e+15	3.83e-07	4.76e-03	9.95e-01
 2.93575e+15	4.48e-07	5.15e-03	9.95e-01
 4.65665e+15	5.25e-07	5.58e-03	9.94e-01
 6.25866e+15	6.02e-07	5.98e-03	9.94e-01
 7.66960e+15	6.78e-07	6.36e-03	9.94e-01
 9.24796e+15	7.72e-07	6.80e-03	9.93e-01
 1.11446e+16	8.98e-07	7.35e-03	9.93e-01
 1.30463e+16	1.04e-06	7.91e-03	9.92e-01
 1.47950e+16	1.18e-06	8.45e-03	9.92e-01
 1.64478e+16	1.34e-06	8.98e-03	9.91e-01
 1.82911e+16	1.53e-06	9.61e-03	9.90e-01
 2.03237e+16	1.76e-06	1.03e-02	9.90e-01
 2.22047e+16	1.99e-06	1.10e-02	9.89e-01
 2.38721e+16	2.22e-06	1.16e-02	9.88e-01
 2.56595e+16	2.50e-06	1.23e-02	9.88e-01
 2.76354e+16	2.82e-06	1.31e-02	9.87e-01
 2.94826e+16	3.15e-06	1.39e-02	9.86e-01
 3.15101e+16	3.57e-06	1.48e-02	9.85e-01
 3.37189e+16	4.05e-06	1.57e-02	9.84e-01
 3.57110e+16	4.53e-06	1.67e-02	9.83e-01
 3.78486e+16	5.11e-06	1.78e-02	9.82e-01
 4.01946e+16	5.82e-06	1.90e-02	9.81e-01
 4.23798e+16	6.52e-06	2.01e-02	9.80e-01
 4.44678e+16	7.27e-06	2.13e-02	9.79e-01
 4.68387e+16	8.25e-06	2.28e-02	9.77e-01
 4.93663e+16	9.39e-06	2.44e-02	9.76e-01
 5.16412e+16	1.05e-05	2.59e-02	9.74e-01
 5.36886e+16	1.17e-05	2.74e-02	9.73e-01
 5.55312e+16	1.28e-05	2.88e-02	9.71e-01
 5.71896e+16	1.39e-05	3.01e-02	9.70e-01
 5.86822e+16	1.50e-05	3.14e-02	9.69e-01
 6.00255e+16	1.61e-05	3.25e-02	9.67e-01
 6.12345e+16	1.72e-05	3.36e-02	9.66e-01
 6.23225e+16	1.82e-05	3.46e-02	9.65e-01
 6.33018e+16	1.91e-05	3.56e-02	9.64e-01
 6.41831e+16	2.00e-05	3.65e-02	9.63e-01
 6.49763e+16	2.09e-05	3.73e-02	9.63e-01
 6.57126e+16	2.18e-05	3.81e-02	9.62e-01
 6.64338e+16	2.27e-05	3.89e-02	9.61e-01
 6.71549e+16	2.36e-05	3.98e-02	9.60e-01
 6.78761e+16	2.46e-05	4.06e-02	9.59e-01
 6.85972e+16	2.57e-05	4.15e-02	9.58e-01
 6.93184e+16	2.68e-05	4.24e-02	9.58e-01
 7.00396e+16	2.80e-05	4.33e-02	9.57e-01
 7.07607e+16	2.94e-05	4.43e-02	9.56e-01
 7.14819e+16	3.09e-05	4.53e-02	9.55e-01
 7.19788e+16	3.27e-05	4.61e-02	9.54e-01
