#depth	C	C+	C+2	C+3	C+4	C+5	C+6	C[1]	C[2]	C[3]	C+[1]	C+[2]	CO
 1.68323e+14	1.54e-09	6.73e-06	2.66e-03	4.58e-02	9.52e-01	4.39e-07	0.00e+00	1.51e-10	4.56e-10	7.75e-10	2.23e-06	4.50e-06	5.85e-32
 1.00994e+15	1.33e-09	7.53e-06	2.88e-03	4.80e-02	9.49e-01	4.27e-07	0.00e+00	1.30e-10	3.93e-10	6.67e-10	2.49e-06	5.03e-06	8.41e-32
 2.51862e+15	1.61e-09	9.07e-06	3.31e-03	5.19e-02	9.45e-01	4.32e-07	0.00e+00	1.58e-10	4.78e-10	8.12e-10	3.00e-06	6.07e-06	1.52e-31
 4.22284e+15	2.00e-09	1.11e-05	3.86e-03	5.66e-02	9.39e-01	4.38e-07	0.00e+00	1.96e-10	5.93e-10	1.01e-09	3.68e-06	7.43e-06	2.83e-31
 5.85941e+15	2.44e-09	1.33e-05	4.44e-03	6.14e-02	9.34e-01	4.35e-07	0.00e+00	2.40e-10	7.25e-10	1.23e-09	4.42e-06	8.92e-06	4.98e-31
 7.37461e+15	2.93e-09	1.58e-05	5.05e-03	6.59e-02	9.29e-01	4.47e-07	0.00e+00	2.87e-10	8.68e-10	1.47e-09	5.22e-06	1.05e-05	8.23e-31
 9.08622e+15	3.62e-09	1.90e-05	5.81e-03	7.13e-02	9.23e-01	4.49e-07	0.00e+00	3.55e-10	1.07e-09	1.82e-09	6.29e-06	1.27e-05	1.47e-30
 1.09648e+16	4.50e-09	2.31e-05	6.73e-03	7.76e-02	9.16e-01	4.56e-07	0.00e+00	4.41e-10	1.33e-09	2.27e-09	7.65e-06	1.54e-05	2.70e-30
 1.27106e+16	5.47e-09	2.75e-05	7.67e-03	8.36e-02	9.09e-01	4.59e-07	0.00e+00	5.37e-10	1.62e-09	2.76e-09	9.11e-06	1.84e-05	4.63e-30
 1.46145e+16	6.80e-09	3.32e-05	8.84e-03	9.06e-02	9.01e-01	4.64e-07	0.00e+00	6.68e-10	2.02e-09	3.43e-09	1.10e-05	2.22e-05	8.37e-30
 1.67315e+16	8.51e-09	4.05e-05	1.03e-02	9.87e-02	8.91e-01	4.74e-07	0.00e+00	8.36e-10	2.53e-09	4.29e-09	1.34e-05	2.71e-05	1.55e-29
 1.85946e+16	1.03e-08	4.79e-05	1.16e-02	1.06e-01	8.82e-01	4.75e-07	0.00e+00	1.01e-09	3.05e-09	5.17e-09	1.59e-05	3.20e-05	2.56e-29
 2.01933e+16	1.20e-08	5.51e-05	1.29e-02	1.13e-01	8.74e-01	4.80e-07	0.00e+00	1.18e-09	3.57e-09	6.07e-09	1.83e-05	3.68e-05	3.93e-29
 2.19870e+16	1.44e-08	6.45e-05	1.46e-02	1.20e-01	8.65e-01	4.83e-07	0.00e+00	1.42e-09	4.30e-09	7.29e-09	2.14e-05	4.31e-05	6.38e-29
 2.42627e+16	1.81e-08	7.82e-05	1.68e-02	1.31e-01	8.52e-01	4.88e-07	0.00e+00	1.78e-09	5.37e-09	9.12e-09	2.60e-05	5.22e-05	1.16e-28
 2.65740e+16	2.22e-08	9.38e-05	1.94e-02	1.41e-01	8.39e-01	4.92e-07	0.00e+00	2.19e-09	6.61e-09	1.12e-08	3.12e-05	6.26e-05	1.99e-28
 2.85310e+16	2.64e-08	1.09e-04	2.17e-02	1.51e-01	8.27e-01	4.93e-07	0.00e+00	2.60e-09	7.85e-09	1.33e-08	3.63e-05	7.29e-05	3.11e-28
 3.06181e+16	3.18e-08	1.28e-04	2.45e-02	1.61e-01	8.14e-01	5.01e-07	0.00e+00	3.14e-09	9.48e-09	1.61e-08	4.27e-05	8.56e-05	5.09e-28
 3.28042e+16	3.82e-08	1.51e-04	2.77e-02	1.73e-01	8.00e-01	5.00e-07	0.00e+00	3.77e-09	1.14e-08	1.93e-08	5.01e-05	1.00e-04	8.11e-28
 3.46826e+16	4.48e-08	1.72e-04	3.07e-02	1.83e-01	7.87e-01	5.05e-07	0.00e+00	4.42e-09	1.33e-08	2.26e-08	5.74e-05	1.15e-04	1.20e-27
 3.66878e+16	5.30e-08	1.99e-04	3.43e-02	1.94e-01	7.72e-01	5.06e-07	0.00e+00	5.23e-09	1.58e-08	2.68e-08	6.63e-05	1.33e-04	1.85e-27
 3.89090e+16	6.33e-08	2.32e-04	3.86e-02	2.06e-01	7.55e-01	5.12e-07	0.00e+00	6.25e-09	1.89e-08	3.20e-08	7.74e-05	1.55e-04	2.91e-27
 4.09803e+16	7.48e-08	2.68e-04	4.29e-02	2.18e-01	7.38e-01	5.14e-07	0.00e+00	7.38e-09	2.23e-08	3.78e-08	8.92e-05	1.79e-04	4.36e-27
 4.29326e+16	8.73e-08	3.06e-04	4.74e-02	2.30e-01	7.22e-01	5.18e-07	0.00e+00	8.63e-09	2.61e-08	4.42e-08	1.02e-04	2.04e-04	6.39e-27
 4.51611e+16	1.05e-07	3.56e-04	5.32e-02	2.44e-01	7.03e-01	5.19e-07	0.00e+00	1.04e-08	3.13e-08	5.31e-08	1.19e-04	2.38e-04	9.98e-27
 4.75611e+16	1.26e-07	4.17e-04	5.99e-02	2.59e-01	6.81e-01	5.24e-07	0.00e+00	1.25e-08	3.77e-08	6.40e-08	1.39e-04	2.78e-04	1.57e-26
 4.97090e+16	1.50e-07	4.80e-04	6.65e-02	2.72e-01	6.61e-01	5.30e-07	0.00e+00	1.48e-08	4.47e-08	7.58e-08	1.60e-04	3.20e-04	2.34e-26
 5.17164e+16	1.76e-07	5.47e-04	7.33e-02	2.85e-01	6.41e-01	5.35e-07	0.00e+00	1.74e-08	5.25e-08	8.90e-08	1.82e-04	3.65e-04	3.43e-26
 5.36862e+16	2.06e-07	6.23e-04	8.06e-02	2.98e-01	6.20e-01	5.41e-07	0.00e+00	2.04e-08	6.15e-08	1.04e-07	2.08e-04	4.15e-04	4.98e-26
 5.55291e+16	2.39e-07	7.03e-04	8.80e-02	3.10e-01	6.01e-01	5.44e-07	0.00e+00	2.36e-08	7.14e-08	1.21e-07	2.34e-04	4.68e-04	7.01e-26
 5.71877e+16	2.73e-07	7.83e-04	9.53e-02	3.21e-01	5.83e-01	5.48e-07	0.00e+00	2.71e-08	8.18e-08	1.39e-07	2.61e-04	5.22e-04	9.63e-26
 5.86805e+16	3.10e-07	8.65e-04	1.02e-01	3.31e-01	5.66e-01	5.54e-07	0.00e+00	3.07e-08	9.27e-08	1.57e-07	2.89e-04	5.76e-04	1.29e-25
 6.00239e+16	3.47e-07	9.46e-04	1.09e-01	3.40e-01	5.50e-01	5.59e-07	0.00e+00	3.44e-08	1.04e-07	1.76e-07	3.16e-04	6.31e-04	1.68e-25
 6.12331e+16	3.86e-07	1.03e-03	1.15e-01	3.48e-01	5.36e-01	5.64e-07	0.00e+00	3.83e-08	1.16e-07	1.96e-07	3.43e-04	6.84e-04	2.14e-25
 6.23213e+16	4.25e-07	1.11e-03	1.22e-01	3.55e-01	5.22e-01	5.69e-07	0.00e+00	4.22e-08	1.27e-07	2.16e-07	3.69e-04	7.37e-04	2.67e-25
 6.33007e+16	4.63e-07	1.18e-03	1.27e-01	3.61e-01	5.10e-01	5.75e-07	0.00e+00	4.59e-08	1.39e-07	2.35e-07	3.93e-04	7.86e-04	3.22e-25
 6.41821e+16	5.03e-07	1.25e-03	1.33e-01	3.67e-01	4.99e-01	5.78e-07	0.00e+00	4.99e-08	1.51e-07	2.55e-07	4.19e-04	8.36e-04	3.89e-25
 6.49754e+16	5.42e-07	1.33e-03	1.38e-01	3.72e-01	4.89e-01	5.82e-07	0.00e+00	5.38e-08	1.63e-07	2.75e-07	4.43e-04	8.84e-04	4.63e-25
 6.57118e+16	5.83e-07	1.40e-03	1.43e-01	3.77e-01	4.79e-01	5.86e-07	0.00e+00	5.79e-08	1.75e-07	2.96e-07	4.67e-04	9.32e-04	5.45e-25
 6.64329e+16	6.26e-07	1.47e-03	1.48e-01	3.82e-01	4.69e-01	5.89e-07	0.00e+00	6.22e-08	1.88e-07	3.18e-07	4.92e-04	9.81e-04	6.42e-25
 6.71541e+16	6.74e-07	1.55e-03	1.53e-01	3.86e-01	4.59e-01	5.93e-07	0.00e+00	6.70e-08	2.02e-07	3.43e-07	5.18e-04	1.03e-03	7.59e-25
 6.78752e+16	7.28e-07	1.64e-03	1.58e-01	3.91e-01	4.49e-01	5.96e-07	0.00e+00	7.23e-08	2.18e-07	3.70e-07	5.47e-04	1.09e-03	8.99e-25
 6.85964e+16	7.87e-07	1.73e-03	1.64e-01	3.95e-01	4.39e-01	6.00e-07	0.00e+00	7.81e-08	2.36e-07	4.00e-07	5.77e-04	1.15e-03	1.07e-24
 6.93175e+16	8.56e-07	1.83e-03	1.70e-01	4.00e-01	4.29e-01	6.08e-07	0.00e+00	8.50e-08	2.57e-07	4.35e-07	6.11e-04	1.22e-03	1.30e-24
 7.00387e+16	9.33e-07	1.94e-03	1.76e-01	4.04e-01	4.18e-01	6.10e-07	0.00e+00	9.27e-08	2.80e-07	4.74e-07	6.47e-04	1.29e-03	1.56e-24
 7.07598e+16	1.01e-06	2.05e-03	1.82e-01	4.08e-01	4.08e-01	6.12e-07	0.00e+00	1.01e-07	3.05e-07	5.16e-07	6.83e-04	1.36e-03	1.87e-24
 7.14810e+16	1.12e-06	2.18e-03	1.88e-01	4.13e-01	3.97e-01	6.19e-07	0.00e+00	1.12e-07	3.37e-07	5.70e-07	7.27e-04	1.45e-03	2.34e-24
 7.19784e+16	1.25e-06	2.31e-03	1.93e-01	4.15e-01	3.89e-01	6.19e-07	0.00e+00	1.25e-07	3.76e-07	6.37e-07	7.70e-04	1.54e-03	2.89e-24
