#depth	O	O+	O+2	O+3	O+4	O+5	O+6	O+7	O+8	O[1]	O[2]	O[3]
 2.26865e+14	1.11e-11	5.15e-07	1.91e-03	2.45e-01	6.89e-01	6.35e-02	8.06e-04	0.00e+00	0.00e+00	8.30e-12	1.84e-12	9.06e-13
 1.26454e+15	1.34e-11	5.94e-07	2.10e-03	2.56e-01	6.82e-01	5.98e-02	7.17e-04	0.00e+00	0.00e+00	1.01e-11	2.22e-12	1.10e-12
 2.91859e+15	1.77e-11	7.34e-07	2.44e-03	2.73e-01	6.70e-01	5.45e-02	5.98e-04	0.00e+00	0.00e+00	1.33e-11	2.93e-12	1.45e-12
 4.63880e+15	2.34e-11	9.05e-07	2.83e-03	2.91e-01	6.56e-01	4.95e-02	4.97e-04	0.00e+00	0.00e+00	1.76e-11	3.86e-12	1.91e-12
 6.32430e+15	3.03e-11	1.10e-06	3.25e-03	3.08e-01	6.43e-01	4.51e-02	4.17e-04	0.00e+00	0.00e+00	2.28e-11	4.99e-12	2.48e-12
 7.93613e+15	3.85e-11	1.31e-06	3.68e-03	3.25e-01	6.30e-01	4.13e-02	3.54e-04	0.00e+00	0.00e+00	2.90e-11	6.33e-12	3.15e-12
 9.71595e+15	4.98e-11	1.59e-06	4.22e-03	3.43e-01	6.15e-01	3.76e-02	2.96e-04	0.00e+00	0.00e+00	3.75e-11	8.17e-12	4.07e-12
 1.16100e+16	6.50e-11	1.94e-06	4.84e-03	3.62e-01	5.99e-01	3.40e-02	2.46e-04	0.00e+00	0.00e+00	4.89e-11	1.06e-11	5.32e-12
 1.33750e+16	8.29e-11	2.32e-06	5.47e-03	3.80e-01	5.83e-01	3.10e-02	2.07e-04	0.00e+00	0.00e+00	6.24e-11	1.36e-11	6.79e-12
 1.53086e+16	1.08e-10	2.81e-06	6.24e-03	3.99e-01	5.66e-01	2.81e-02	1.73e-04	0.00e+00	0.00e+00	8.12e-11	1.76e-11	8.83e-12
 1.74605e+16	1.42e-10	3.45e-06	7.17e-03	4.20e-01	5.48e-01	2.52e-02	1.42e-04	0.00e+00	0.00e+00	1.07e-10	2.33e-11	1.17e-11
 1.95025e+16	1.84e-10	4.16e-06	8.14e-03	4.39e-01	5.30e-01	2.27e-02	1.18e-04	0.00e+00	0.00e+00	1.38e-10	2.99e-11	1.51e-11
 2.16902e+16	2.41e-10	5.06e-06	9.28e-03	4.59e-01	5.11e-01	2.04e-02	9.70e-05	0.00e+00	0.00e+00	1.81e-10	3.92e-11	1.98e-11
 2.40875e+16	3.19e-10	6.22e-06	1.07e-02	4.81e-01	4.90e-01	1.81e-02	7.87e-05	0.00e+00	0.00e+00	2.40e-10	5.19e-11	2.62e-11
 2.63723e+16	4.13e-10	7.51e-06	1.21e-02	5.01e-01	4.71e-01	1.62e-02	6.47e-05	0.00e+00	0.00e+00	3.11e-10	6.71e-11	3.40e-11
 2.88224e+16	5.44e-10	9.16e-06	1.38e-02	5.22e-01	4.50e-01	1.44e-02	5.26e-05	0.00e+00	0.00e+00	4.10e-10	8.83e-11	4.48e-11
 3.14955e+16	7.25e-10	1.13e-05	1.59e-02	5.43e-01	4.28e-01	1.27e-02	4.22e-05	0.00e+00	0.00e+00	5.46e-10	1.18e-10	5.98e-11
 3.40501e+16	9.44e-10	1.37e-05	1.80e-02	5.63e-01	4.08e-01	1.13e-02	3.43e-05	0.00e+00	0.00e+00	7.12e-10	1.53e-10	7.80e-11
 3.67901e+16	1.25e-09	1.68e-05	2.06e-02	5.83e-01	3.87e-01	9.88e-03	2.75e-05	0.00e+00	0.00e+00	9.46e-10	2.03e-10	1.04e-10
 3.97617e+16	1.69e-09	2.07e-05	2.38e-02	6.03e-01	3.64e-01	8.60e-03	2.17e-05	0.00e+00	0.00e+00	1.27e-09	2.73e-10	1.40e-10
 4.25352e+16	2.20e-09	2.52e-05	2.70e-02	6.21e-01	3.44e-01	7.55e-03	1.75e-05	0.00e+00	0.00e+00	1.66e-09	3.56e-10	1.83e-10
 4.48194e+16	2.72e-09	2.94e-05	3.00e-02	6.35e-01	3.28e-01	6.79e-03	1.47e-05	0.00e+00	0.00e+00	2.06e-09	4.40e-10	2.26e-10
 4.67255e+16	3.27e-09	3.35e-05	3.27e-02	6.46e-01	3.15e-01	6.21e-03	1.27e-05	0.00e+00	0.00e+00	2.46e-09	5.28e-10	2.71e-10
 4.88675e+16	4.02e-09	3.89e-05	3.59e-02	6.58e-01	3.00e-01	5.61e-03	1.07e-05	0.00e+00	0.00e+00	3.03e-09	6.49e-10	3.34e-10
 5.11800e+16	4.99e-09	4.56e-05	3.98e-02	6.70e-01	2.85e-01	5.04e-03	9.01e-06	0.00e+00	0.00e+00	3.76e-09	8.05e-10	4.15e-10
 5.32735e+16	6.07e-09	5.25e-05	4.36e-02	6.80e-01	2.72e-01	4.56e-03	7.69e-06	0.00e+00	0.00e+00	4.58e-09	9.78e-10	5.05e-10
 5.51577e+16	7.24e-09	5.98e-05	4.73e-02	6.88e-01	2.60e-01	4.17e-03	6.67e-06	0.00e+00	0.00e+00	5.46e-09	1.17e-09	6.03e-10
 5.68534e+16	8.49e-09	6.72e-05	5.10e-02	6.95e-01	2.50e-01	3.85e-03	5.87e-06	0.00e+00	0.00e+00	6.40e-09	1.37e-09	7.08e-10
 5.83796e+16	9.82e-09	7.47e-05	5.45e-02	7.01e-01	2.41e-01	3.58e-03	5.23e-06	0.00e+00	0.00e+00	7.41e-09	1.58e-09	8.20e-10
 5.97532e+16	1.12e-08	8.23e-05	5.78e-02	7.06e-01	2.33e-01	3.35e-03	4.71e-06	0.00e+00	0.00e+00	8.45e-09	1.80e-09	9.36e-10
 6.09894e+16	1.26e-08	8.99e-05	6.10e-02	7.10e-01	2.26e-01	3.15e-03	4.29e-06	0.00e+00	0.00e+00	9.53e-09	2.03e-09	1.06e-09
 6.21020e+16	1.41e-08	9.74e-05	6.41e-02	7.13e-01	2.20e-01	2.98e-03	3.94e-06	0.00e+00	0.00e+00	1.06e-08	2.27e-09	1.18e-09
 6.31033e+16	1.56e-08	1.05e-04	6.69e-02	7.16e-01	2.14e-01	2.84e-03	3.65e-06	0.00e+00	0.00e+00	1.17e-08	2.51e-09	1.30e-09
 6.40045e+16	1.70e-08	1.12e-04	6.97e-02	7.19e-01	2.09e-01	2.71e-03	3.40e-06	0.00e+00	0.00e+00	1.29e-08	2.74e-09	1.43e-09
 6.48155e+16	1.85e-08	1.19e-04	7.22e-02	7.21e-01	2.04e-01	2.61e-03	3.20e-06	0.00e+00	0.00e+00	1.40e-08	2.98e-09	1.55e-09
 6.55603e+16	1.99e-08	1.26e-04	7.46e-02	7.22e-01	2.00e-01	2.51e-03	3.02e-06	0.00e+00	0.00e+00	1.50e-08	3.21e-09	1.67e-09
 6.62815e+16	2.15e-08	1.33e-04	7.71e-02	7.24e-01	1.97e-01	2.42e-03	2.86e-06	0.00e+00	0.00e+00	1.62e-08	3.46e-09	1.80e-09
 6.70026e+16	2.32e-08	1.41e-04	7.96e-02	7.25e-01	1.93e-01	2.33e-03	2.70e-06	0.00e+00	0.00e+00	1.75e-08	3.73e-09	1.95e-09
 6.77238e+16	2.51e-08	1.49e-04	8.23e-02	7.27e-01	1.89e-01	2.25e-03	2.55e-06	0.00e+00	0.00e+00	1.89e-08	4.04e-09	2.11e-09
 6.84449e+16	2.72e-08	1.59e-04	8.51e-02	7.28e-01	1.85e-01	2.16e-03	2.41e-06	0.00e+00	0.00e+00	2.05e-08	4.37e-09	2.28e-09
 6.91661e+16	2.95e-08	1.68e-04	8.79e-02	7.29e-01	1.81e-01	2.08e-03	2.28e-06	0.00e+00	0.00e+00	2.22e-08	4.74e-09	2.47e-09
 6.98872e+16	3.20e-08	1.79e-04	9.09e-02	7.30e-01	1.77e-01	2.01e-03	2.15e-06	0.00e+00	0.00e+00	2.42e-08	5.15e-09	2.69e-09
 7.06084e+16	3.49e-08	1.91e-04	9.40e-02	7.30e-01	1.74e-01	1.93e-03	2.03e-06	0.00e+00	0.00e+00	2.64e-08	5.61e-09	2.93e-09
 7.13295e+16	3.83e-08	2.04e-04	9.72e-02	7.31e-01	1.70e-01	1.86e-03	1.91e-06	0.00e+00	0.00e+00	2.89e-08	6.15e-09	3.22e-09
 7.19026e+16	4.23e-08	2.20e-04	9.99e-02	7.31e-01	1.67e-01	1.80e-03	1.82e-06	0.00e+00	0.00e+00	3.19e-08	6.80e-09	3.56e-09
