#depth	C	C+	C+2	C+3	C+4	C+5	C+6	C[1]	C[2]	C[3]	C+[1]	C+[2]	CO
 2.46453e+14	1.31e-09	6.68e-06	2.96e-03	5.02e-02	9.47e-01	3.97e-07	0.00e+00	1.32e-10	3.98e-10	6.79e-10	2.22e-06	4.46e-06	3.90e-32
 1.30450e+15	1.19e-09	7.67e-06	3.27e-03	5.31e-02	9.44e-01	3.41e-07	0.00e+00	1.20e-10	3.62e-10	6.17e-10	2.55e-06	5.12e-06	6.01e-32
 2.96014e+15	1.51e-09	9.43e-06	3.80e-03	5.78e-02	9.38e-01	3.46e-07	0.00e+00	1.51e-10	4.58e-10	7.80e-10	3.14e-06	6.30e-06	1.17e-31
 4.68202e+15	1.92e-09	1.16e-05	4.42e-03	6.29e-02	9.33e-01	3.51e-07	0.00e+00	1.92e-10	5.82e-10	9.91e-10	3.86e-06	7.75e-06	2.27e-31
 6.32093e+15	2.38e-09	1.40e-05	5.08e-03	6.80e-02	9.27e-01	3.49e-07	0.00e+00	2.39e-10	7.22e-10	1.23e-09	4.66e-06	9.35e-06	4.13e-31
 7.81774e+15	2.88e-09	1.65e-05	5.75e-03	7.29e-02	9.21e-01	3.59e-07	0.00e+00	2.89e-10	8.75e-10	1.49e-09	5.50e-06	1.10e-05	7.00e-31
 9.50987e+15	3.58e-09	1.99e-05	6.59e-03	7.86e-02	9.15e-01	3.61e-07	0.00e+00	3.59e-10	1.09e-09	1.85e-09	6.62e-06	1.33e-05	1.26e-30
 1.14774e+16	4.54e-09	2.44e-05	7.67e-03	8.55e-02	9.07e-01	3.67e-07	0.00e+00	4.56e-10	1.38e-09	2.35e-09	8.12e-06	1.63e-05	2.40e-30
 1.34075e+16	5.68e-09	2.96e-05	8.85e-03	9.26e-02	8.99e-01	3.72e-07	0.00e+00	5.70e-10	1.73e-09	2.94e-09	9.85e-06	1.97e-05	4.46e-30
 1.51235e+16	6.88e-09	3.49e-05	9.99e-03	9.91e-02	8.91e-01	3.74e-07	0.00e+00	6.91e-10	2.09e-09	3.56e-09	1.16e-05	2.33e-05	7.56e-30
 1.69565e+16	8.44e-09	4.16e-05	1.14e-02	1.06e-01	8.82e-01	3.77e-07	0.00e+00	8.48e-10	2.57e-09	4.37e-09	1.38e-05	2.77e-05	1.33e-29
 1.90189e+16	1.05e-08	5.01e-05	1.30e-02	1.15e-01	8.72e-01	3.79e-07	0.00e+00	1.05e-09	3.18e-09	5.42e-09	1.67e-05	3.34e-05	2.42e-29
 2.09819e+16	1.28e-08	5.94e-05	1.48e-02	1.23e-01	8.62e-01	3.83e-07	0.00e+00	1.28e-09	3.88e-09	6.61e-09	1.98e-05	3.96e-05	4.17e-29
 2.31359e+16	1.59e-08	7.15e-05	1.69e-02	1.33e-01	8.50e-01	3.89e-07	0.00e+00	1.59e-09	4.83e-09	8.21e-09	2.38e-05	4.77e-05	7.57e-29
 2.54983e+16	1.98e-08	8.66e-05	1.95e-02	1.44e-01	8.36e-01	3.92e-07	0.00e+00	1.99e-09	6.03e-09	1.03e-08	2.89e-05	5.77e-05	1.39e-28
 2.76682e+16	2.40e-08	1.02e-04	2.21e-02	1.54e-01	8.24e-01	3.92e-07	0.00e+00	2.42e-09	7.31e-09	1.24e-08	3.42e-05	6.83e-05	2.37e-28
 3.00259e+16	2.97e-08	1.23e-04	2.52e-02	1.66e-01	8.09e-01	3.93e-07	0.00e+00	2.99e-09	9.05e-09	1.54e-08	4.10e-05	8.19e-05	4.25e-28
 3.26418e+16	3.72e-08	1.49e-04	2.91e-02	1.79e-01	7.91e-01	3.98e-07	0.00e+00	3.75e-09	1.13e-08	1.93e-08	4.97e-05	9.93e-05	7.77e-28
 3.50873e+16	4.52e-08	1.77e-04	3.30e-02	1.92e-01	7.75e-01	3.96e-07	0.00e+00	4.56e-09	1.38e-08	2.35e-08	5.90e-05	1.18e-04	1.33e-27
 3.71839e+16	5.34e-08	2.04e-04	3.67e-02	2.03e-01	7.60e-01	3.99e-07	0.00e+00	5.39e-09	1.63e-08	2.77e-08	6.81e-05	1.36e-04	2.07e-27
 3.90270e+16	6.18e-08	2.31e-04	4.01e-02	2.14e-01	7.46e-01	4.02e-07	0.00e+00	6.23e-09	1.88e-08	3.20e-08	7.71e-05	1.54e-04	3.05e-27
 4.11170e+16	7.32e-08	2.66e-04	4.45e-02	2.25e-01	7.30e-01	4.00e-07	0.00e+00	7.38e-09	2.23e-08	3.80e-08	8.89e-05	1.77e-04	4.74e-27
 4.34598e+16	8.73e-08	3.09e-04	4.97e-02	2.39e-01	7.11e-01	4.00e-07	0.00e+00	8.80e-09	2.66e-08	4.53e-08	1.03e-04	2.06e-04	7.58e-27
 4.56940e+16	1.03e-07	3.56e-04	5.50e-02	2.51e-01	6.93e-01	4.02e-07	0.00e+00	1.04e-08	3.14e-08	5.34e-08	1.19e-04	2.37e-04	1.17e-26
 4.78357e+16	1.21e-07	4.07e-04	6.06e-02	2.64e-01	6.75e-01	4.01e-07	0.00e+00	1.22e-08	3.69e-08	6.27e-08	1.36e-04	2.71e-04	1.76e-26
 5.00651e+16	1.43e-07	4.67e-04	6.68e-02	2.77e-01	6.56e-01	3.99e-07	0.00e+00	1.44e-08	4.36e-08	7.41e-08	1.56e-04	3.11e-04	2.69e-26
 5.22701e+16	1.67e-07	5.33e-04	7.35e-02	2.90e-01	6.36e-01	4.02e-07	0.00e+00	1.69e-08	5.11e-08	8.68e-08	1.78e-04	3.55e-04	4.03e-26
 5.42546e+16	1.93e-07	6.00e-04	7.99e-02	3.02e-01	6.18e-01	4.00e-07	0.00e+00	1.95e-08	5.90e-08	1.00e-07	2.01e-04	3.99e-04	5.79e-26
 5.60407e+16	2.20e-07	6.67e-04	8.60e-02	3.12e-01	6.01e-01	4.01e-07	0.00e+00	2.22e-08	6.72e-08	1.14e-07	2.23e-04	4.44e-04	8.00e-26
 5.76481e+16	2.47e-07	7.33e-04	9.19e-02	3.22e-01	5.86e-01	4.00e-07	0.00e+00	2.50e-08	7.57e-08	1.29e-07	2.45e-04	4.88e-04	1.07e-25
 5.90948e+16	2.76e-07	7.98e-04	9.74e-02	3.30e-01	5.72e-01	3.99e-07	0.00e+00	2.79e-08	8.43e-08	1.43e-07	2.67e-04	5.31e-04	1.39e-25
 6.03969e+16	3.04e-07	8.61e-04	1.03e-01	3.38e-01	5.59e-01	3.99e-07	0.00e+00	3.07e-08	9.30e-08	1.58e-07	2.88e-04	5.73e-04	1.76e-25
 6.15687e+16	3.32e-07	9.23e-04	1.08e-01	3.44e-01	5.47e-01	3.99e-07	0.00e+00	3.36e-08	1.02e-07	1.73e-07	3.09e-04	6.14e-04	2.18e-25
 6.26233e+16	3.61e-07	9.82e-04	1.12e-01	3.50e-01	5.36e-01	3.99e-07	0.00e+00	3.65e-08	1.10e-07	1.87e-07	3.29e-04	6.54e-04	2.64e-25
 6.35725e+16	3.88e-07	1.04e-03	1.16e-01	3.56e-01	5.27e-01	3.98e-07	0.00e+00	3.93e-08	1.19e-07	2.02e-07	3.48e-04	6.91e-04	3.15e-25
 6.44268e+16	4.15e-07	1.09e-03	1.20e-01	3.61e-01	5.18e-01	3.98e-07	0.00e+00	4.20e-08	1.27e-07	2.16e-07	3.65e-04	7.26e-04	3.67e-25
 6.51956e+16	4.41e-07	1.14e-03	1.24e-01	3.65e-01	5.10e-01	3.98e-07	0.00e+00	4.47e-08	1.35e-07	2.29e-07	3.83e-04	7.60e-04	4.25e-25
 6.59204e+16	4.68e-07	1.19e-03	1.28e-01	3.69e-01	5.02e-01	3.98e-07	0.00e+00	4.74e-08	1.43e-07	2.44e-07	4.00e-04	7.94e-04	4.88e-25
 6.66415e+16	4.98e-07	1.25e-03	1.31e-01	3.73e-01	4.94e-01	3.98e-07	0.00e+00	5.04e-08	1.52e-07	2.59e-07	4.18e-04	8.30e-04	5.62e-25
 6.73627e+16	5.29e-07	1.30e-03	1.35e-01	3.77e-01	4.87e-01	3.98e-07	0.00e+00	5.36e-08	1.62e-07	2.75e-07	4.36e-04	8.67e-04	6.47e-25
 6.80838e+16	5.64e-07	1.36e-03	1.39e-01	3.81e-01	4.79e-01	3.97e-07	0.00e+00	5.71e-08	1.73e-07	2.93e-07	4.56e-04	9.07e-04	7.47e-25
 6.88050e+16	6.02e-07	1.43e-03	1.43e-01	3.85e-01	4.71e-01	3.97e-07	0.00e+00	6.10e-08	1.84e-07	3.13e-07	4.77e-04	9.48e-04	8.63e-25
 6.95261e+16	6.44e-07	1.49e-03	1.47e-01	3.89e-01	4.63e-01	3.97e-07	0.00e+00	6.52e-08	1.97e-07	3.35e-07	5.00e-04	9.92e-04	1.00e-24
 7.02473e+16	6.91e-07	1.56e-03	1.51e-01	3.93e-01	4.55e-01	3.99e-07	0.00e+00	7.01e-08	2.12e-07	3.60e-07	5.23e-04	1.04e-03	1.18e-24
 7.09684e+16	7.47e-07	1.64e-03	1.55e-01	3.96e-01	4.47e-01	3.98e-07	0.00e+00	7.57e-08	2.29e-07	3.89e-07	5.50e-04	1.09e-03	1.39e-24
 7.16896e+16	8.13e-07	1.73e-03	1.60e-01	4.00e-01	4.38e-01	3.96e-07	0.00e+00	8.24e-08	2.49e-07	4.23e-07	5.79e-04	1.15e-03	1.66e-24
 7.20827e+16	8.87e-07	1.82e-03	1.63e-01	4.03e-01	4.32e-01	3.94e-07	0.00e+00	9.00e-08	2.72e-07	4.62e-07	6.11e-04	1.21e-03	2.09e-24
