#depth	He	He+	He+2
 2.06148e+14	2.02e-07	3.71e-03	9.96e-01
 1.22228e+15	2.23e-07	3.90e-03	9.96e-01
 2.87463e+15	2.61e-07	4.21e-03	9.96e-01
 4.59309e+15	3.04e-07	4.55e-03	9.95e-01
 6.24431e+15	3.49e-07	4.89e-03	9.95e-01
 7.77549e+15	3.95e-07	5.22e-03	9.95e-01
 9.50388e+15	4.54e-07	5.61e-03	9.94e-01
 1.13975e+16	5.27e-07	6.05e-03	9.94e-01
 1.31552e+16	6.03e-07	6.47e-03	9.94e-01
 1.50733e+16	6.97e-07	6.97e-03	9.93e-01
 1.72088e+16	8.13e-07	7.53e-03	9.92e-01
 1.90992e+16	9.25e-07	8.03e-03	9.92e-01
 2.07352e+16	1.03e-06	8.50e-03	9.91e-01
 2.25741e+16	1.17e-06	9.06e-03	9.91e-01
 2.48874e+16	1.37e-06	9.80e-03	9.90e-01
 2.72305e+16	1.58e-06	1.06e-02	9.89e-01
 2.92345e+16	1.78e-06	1.12e-02	9.89e-01
 3.13847e+16	2.03e-06	1.20e-02	9.88e-01
 3.36208e+16	2.31e-06	1.29e-02	9.87e-01
 3.55230e+16	2.58e-06	1.36e-02	9.86e-01
 3.75502e+16	2.90e-06	1.45e-02	9.85e-01
 3.97950e+16	3.29e-06	1.55e-02	9.84e-01
 4.19022e+16	3.68e-06	1.65e-02	9.83e-01
 4.39175e+16	4.12e-06	1.76e-02	9.82e-01
 4.62342e+16	4.69e-06	1.89e-02	9.81e-01
 4.87284e+16	5.37e-06	2.03e-02	9.80e-01
 5.09586e+16	6.05e-06	2.17e-02	9.78e-01
 5.30095e+16	6.77e-06	2.32e-02	9.77e-01
 5.49201e+16	7.52e-06	2.46e-02	9.75e-01
 5.66396e+16	8.28e-06	2.60e-02	9.74e-01
 5.81872e+16	9.04e-06	2.73e-02	9.73e-01
 5.95800e+16	9.80e-06	2.86e-02	9.71e-01
 6.08335e+16	1.05e-05	2.98e-02	9.70e-01
 6.19616e+16	1.13e-05	3.09e-02	9.69e-01
 6.29770e+16	1.20e-05	3.20e-02	9.68e-01
 6.38908e+16	1.26e-05	3.31e-02	9.67e-01
 6.47133e+16	1.33e-05	3.41e-02	9.66e-01
 6.54634e+16	1.40e-05	3.50e-02	9.65e-01
 6.61846e+16	1.46e-05	3.59e-02	9.64e-01
 6.69057e+16	1.54e-05	3.69e-02	9.63e-01
 6.76269e+16	1.61e-05	3.79e-02	9.62e-01
 6.83480e+16	1.69e-05	3.90e-02	9.61e-01
 6.90692e+16	1.78e-05	4.01e-02	9.60e-01
 6.97903e+16	1.88e-05	4.13e-02	9.59e-01
 7.05115e+16	1.98e-05	4.25e-02	9.57e-01
 7.12326e+16	2.09e-05	4.37e-02	9.56e-01
 7.18542e+16	2.22e-05	4.49e-02	9.55e-01
