#depth	He	He+	He+2
 1.93587e+14	1.41e-07	3.34e-03	9.97e-01
 1.16152e+15	1.55e-07	3.51e-03	9.96e-01
 2.77632e+15	1.80e-07	3.78e-03	9.96e-01
 4.49084e+15	2.10e-07	4.08e-03	9.96e-01
 6.15230e+15	2.41e-07	4.38e-03	9.96e-01
 7.71280e+15	2.74e-07	4.68e-03	9.95e-01
 9.45737e+15	3.15e-07	5.03e-03	9.95e-01
 1.13540e+16	3.66e-07	5.42e-03	9.95e-01
 1.31310e+16	4.19e-07	5.80e-03	9.94e-01
 1.50643e+16	4.85e-07	6.25e-03	9.94e-01
 1.72065e+16	5.66e-07	6.75e-03	9.93e-01
 1.91269e+16	6.46e-07	7.22e-03	9.93e-01
 2.08114e+16	7.24e-07	7.65e-03	9.92e-01
 2.27088e+16	8.24e-07	8.17e-03	9.92e-01
 2.50586e+16	9.62e-07	8.85e-03	9.91e-01
 2.74165e+16	1.11e-06	9.54e-03	9.90e-01
 2.94556e+16	1.26e-06	1.02e-02	9.90e-01
 3.16603e+16	1.45e-06	1.09e-02	9.89e-01
 3.43663e+16	1.70e-06	1.19e-02	9.88e-01
 3.70481e+16	1.98e-06	1.29e-02	9.87e-01
 3.93520e+16	2.25e-06	1.39e-02	9.86e-01
 4.13824e+16	2.52e-06	1.47e-02	9.85e-01
 4.35635e+16	2.86e-06	1.58e-02	9.84e-01
 4.59329e+16	3.27e-06	1.70e-02	9.83e-01
 4.80981e+16	3.68e-06	1.82e-02	9.82e-01
 5.01369e+16	4.12e-06	1.94e-02	9.81e-01
 5.21953e+16	4.63e-06	2.07e-02	9.79e-01
 5.41873e+16	5.18e-06	2.21e-02	9.78e-01
 5.59801e+16	5.75e-06	2.35e-02	9.77e-01
 5.75936e+16	6.32e-06	2.48e-02	9.75e-01
 5.90458e+16	6.90e-06	2.61e-02	9.74e-01
 6.03527e+16	7.47e-06	2.74e-02	9.73e-01
 6.15289e+16	8.03e-06	2.85e-02	9.71e-01
 6.25876e+16	8.58e-06	2.97e-02	9.70e-01
 6.35403e+16	9.12e-06	3.08e-02	9.69e-01
 6.43978e+16	9.62e-06	3.18e-02	9.68e-01
 6.51696e+16	1.01e-05	3.28e-02	9.67e-01
 6.58957e+16	1.07e-05	3.38e-02	9.66e-01
 6.66168e+16	1.12e-05	3.48e-02	9.65e-01
 6.73380e+16	1.18e-05	3.58e-02	9.64e-01
 6.80591e+16	1.24e-05	3.69e-02	9.63e-01
 6.87803e+16	1.31e-05	3.81e-02	9.62e-01
 6.95014e+16	1.38e-05	3.93e-02	9.61e-01
 7.02226e+16	1.46e-05	4.06e-02	9.59e-01
 7.09437e+16	1.55e-05	4.19e-02	9.58e-01
 7.16649e+16	1.64e-05	4.33e-02	9.57e-01
 7.20703e+16	1.74e-05	4.41e-02	9.56e-01
