#depth	O	O+	O+2	O+3	O+4	O+5	O+6	O+7	O+8	O[1]	O[2]	O[3]
 2.34955e+14	7.50e-11	9.50e-07	1.68e-03	1.62e-01	6.39e-01	1.84e-01	1.26e-02	0.00e+00	0.00e+00	6.02e-11	9.35e-12	5.45e-12
 1.28104e+15	9.30e-11	1.11e-06	1.88e-03	1.71e-01	6.40e-01	1.75e-01	1.13e-02	0.00e+00	0.00e+00	7.46e-11	1.16e-11	6.76e-12
 2.93575e+15	1.26e-10	1.41e-06	2.22e-03	1.86e-01	6.40e-01	1.63e-01	9.55e-03	0.00e+00	0.00e+00	1.01e-10	1.57e-11	9.20e-12
 4.65665e+15	1.72e-10	1.77e-06	2.62e-03	2.02e-01	6.37e-01	1.50e-01	8.03e-03	0.00e+00	0.00e+00	1.38e-10	2.13e-11	1.25e-11
 6.25866e+15	2.24e-10	2.17e-06	3.04e-03	2.16e-01	6.34e-01	1.40e-01	6.86e-03	0.00e+00	0.00e+00	1.80e-10	2.78e-11	1.64e-11
 7.66960e+15	2.82e-10	2.57e-06	3.45e-03	2.29e-01	6.30e-01	1.31e-01	5.98e-03	0.00e+00	0.00e+00	2.26e-10	3.50e-11	2.06e-11
 9.24796e+15	3.64e-10	3.10e-06	3.95e-03	2.44e-01	6.25e-01	1.22e-01	5.14e-03	0.00e+00	0.00e+00	2.92e-10	4.50e-11	2.65e-11
 1.11446e+16	4.86e-10	3.85e-06	4.62e-03	2.61e-01	6.18e-01	1.12e-01	4.30e-03	0.00e+00	0.00e+00	3.90e-10	6.01e-11	3.55e-11
 1.30463e+16	6.43e-10	4.74e-06	5.37e-03	2.79e-01	6.09e-01	1.03e-01	3.61e-03	0.00e+00	0.00e+00	5.16e-10	7.95e-11	4.70e-11
 1.47950e+16	8.31e-10	5.73e-06	6.13e-03	2.95e-01	6.01e-01	9.49e-02	3.08e-03	0.00e+00	0.00e+00	6.67e-10	1.03e-10	6.08e-11
 1.64478e+16	1.05e-09	6.82e-06	6.92e-03	3.10e-01	5.92e-01	8.82e-02	2.65e-03	0.00e+00	0.00e+00	8.44e-10	1.30e-10	7.71e-11
 1.82911e+16	1.37e-09	8.27e-06	7.89e-03	3.27e-01	5.81e-01	8.12e-02	2.25e-03	0.00e+00	0.00e+00	1.10e-09	1.69e-10	1.00e-10
 2.03237e+16	1.80e-09	1.01e-05	9.05e-03	3.46e-01	5.69e-01	7.42e-02	1.89e-03	0.00e+00	0.00e+00	1.44e-09	2.22e-10	1.32e-10
 2.22047e+16	2.29e-09	1.21e-05	1.02e-02	3.62e-01	5.57e-01	6.83e-02	1.61e-03	0.00e+00	0.00e+00	1.84e-09	2.83e-10	1.69e-10
 2.38721e+16	2.83e-09	1.41e-05	1.14e-02	3.77e-01	5.47e-01	6.34e-02	1.39e-03	0.00e+00	0.00e+00	2.27e-09	3.48e-10	2.08e-10
 2.56595e+16	3.55e-09	1.67e-05	1.27e-02	3.93e-01	5.35e-01	5.86e-02	1.20e-03	0.00e+00	0.00e+00	2.85e-09	4.37e-10	2.61e-10
 2.76354e+16	4.50e-09	1.98e-05	1.43e-02	4.10e-01	5.21e-01	5.37e-02	1.02e-03	0.00e+00	0.00e+00	3.61e-09	5.53e-10	3.31e-10
 2.94826e+16	5.57e-09	2.32e-05	1.59e-02	4.25e-01	5.09e-01	4.96e-02	8.77e-04	0.00e+00	0.00e+00	4.47e-09	6.84e-10	4.11e-10
 3.15101e+16	7.08e-09	2.76e-05	1.78e-02	4.42e-01	4.94e-01	4.53e-02	7.43e-04	0.00e+00	0.00e+00	5.68e-09	8.69e-10	5.23e-10
 3.37189e+16	8.99e-09	3.29e-05	2.01e-02	4.59e-01	4.79e-01	4.12e-02	6.24e-04	0.00e+00	0.00e+00	7.22e-09	1.10e-09	6.65e-10
 3.57110e+16	1.11e-08	3.85e-05	2.23e-02	4.74e-01	4.65e-01	3.78e-02	5.33e-04	0.00e+00	0.00e+00	8.92e-09	1.36e-09	8.22e-10
 3.78486e+16	1.40e-08	4.56e-05	2.49e-02	4.90e-01	4.50e-01	3.44e-02	4.51e-04	0.00e+00	0.00e+00	1.13e-08	1.72e-09	1.04e-09
 4.01946e+16	1.78e-08	5.45e-05	2.80e-02	5.07e-01	4.33e-01	3.10e-02	3.76e-04	0.00e+00	0.00e+00	1.43e-08	2.18e-09	1.32e-09
 4.23798e+16	2.21e-08	6.39e-05	3.11e-02	5.22e-01	4.18e-01	2.82e-02	3.18e-04	0.00e+00	0.00e+00	1.77e-08	2.71e-09	1.64e-09
 4.44678e+16	2.72e-08	7.44e-05	3.43e-02	5.36e-01	4.04e-01	2.58e-02	2.72e-04	0.00e+00	0.00e+00	2.18e-08	3.32e-09	2.02e-09
 4.68387e+16	3.44e-08	8.84e-05	3.83e-02	5.51e-01	3.87e-01	2.32e-02	2.27e-04	0.00e+00	0.00e+00	2.76e-08	4.20e-09	2.55e-09
 4.93663e+16	4.37e-08	1.06e-04	4.29e-02	5.66e-01	3.70e-01	2.08e-02	1.88e-04	0.00e+00	0.00e+00	3.50e-08	5.34e-09	3.25e-09
 5.16412e+16	5.40e-08	1.24e-04	4.74e-02	5.78e-01	3.55e-01	1.88e-02	1.59e-04	0.00e+00	0.00e+00	4.33e-08	6.60e-09	4.02e-09
 5.36886e+16	6.53e-08	1.42e-04	5.18e-02	5.89e-01	3.42e-01	1.72e-02	1.37e-04	0.00e+00	0.00e+00	5.24e-08	7.97e-09	4.87e-09
 5.55312e+16	7.75e-08	1.62e-04	5.61e-02	5.98e-01	3.30e-01	1.59e-02	1.19e-04	0.00e+00	0.00e+00	6.22e-08	9.46e-09	5.79e-09
 5.71896e+16	9.05e-08	1.81e-04	6.02e-02	6.05e-01	3.19e-01	1.47e-02	1.05e-04	0.00e+00	0.00e+00	7.27e-08	1.11e-08	6.76e-09
 5.86822e+16	1.04e-07	2.01e-04	6.41e-02	6.12e-01	3.10e-01	1.38e-02	9.44e-05	0.00e+00	0.00e+00	8.37e-08	1.27e-08	7.79e-09
 6.00255e+16	1.19e-07	2.21e-04	6.78e-02	6.17e-01	3.02e-01	1.30e-02	8.55e-05	0.00e+00	0.00e+00	9.51e-08	1.45e-08	8.86e-09
 6.12345e+16	1.33e-07	2.41e-04	7.13e-02	6.22e-01	2.94e-01	1.23e-02	7.81e-05	0.00e+00	0.00e+00	1.07e-07	1.62e-08	9.97e-09
 6.23225e+16	1.48e-07	2.61e-04	7.45e-02	6.26e-01	2.87e-01	1.17e-02	7.21e-05	0.00e+00	0.00e+00	1.19e-07	1.80e-08	1.11e-08
 6.33018e+16	1.63e-07	2.80e-04	7.76e-02	6.29e-01	2.82e-01	1.12e-02	6.69e-05	0.00e+00	0.00e+00	1.31e-07	1.99e-08	1.22e-08
 6.41831e+16	1.77e-07	2.98e-04	8.05e-02	6.32e-01	2.76e-01	1.07e-02	6.27e-05	0.00e+00	0.00e+00	1.42e-07	2.16e-08	1.33e-08
 6.49763e+16	1.92e-07	3.17e-04	8.32e-02	6.35e-01	2.71e-01	1.03e-02	5.91e-05	0.00e+00	0.00e+00	1.54e-07	2.34e-08	1.44e-08
 6.57126e+16	2.08e-07	3.35e-04	8.58e-02	6.37e-01	2.67e-01	9.99e-03	5.58e-05	0.00e+00	0.00e+00	1.67e-07	2.53e-08	1.56e-08
 6.64338e+16	2.24e-07	3.55e-04	8.84e-02	6.39e-01	2.63e-01	9.66e-03	5.28e-05	0.00e+00	0.00e+00	1.80e-07	2.73e-08	1.68e-08
 6.71549e+16	2.42e-07	3.75e-04	9.11e-02	6.41e-01	2.58e-01	9.33e-03	4.99e-05	0.00e+00	0.00e+00	1.95e-07	2.95e-08	1.82e-08
 6.78761e+16	2.62e-07	3.98e-04	9.39e-02	6.42e-01	2.54e-01	9.01e-03	4.72e-05	0.00e+00	0.00e+00	2.11e-07	3.20e-08	1.97e-08
 6.85972e+16	2.85e-07	4.22e-04	9.68e-02	6.44e-01	2.50e-01	8.71e-03	4.46e-05	0.00e+00	0.00e+00	2.28e-07	3.47e-08	2.14e-08
 6.93184e+16	3.10e-07	4.49e-04	9.97e-02	6.46e-01	2.46e-01	8.40e-03	4.22e-05	0.00e+00	0.00e+00	2.48e-07	3.77e-08	2.33e-08
 7.00396e+16	3.40e-07	4.80e-04	1.03e-01	6.47e-01	2.41e-01	8.10e-03	3.97e-05	0.00e+00	0.00e+00	2.73e-07	4.14e-08	2.56e-08
 7.07607e+16	3.73e-07	5.14e-04	1.06e-01	6.48e-01	2.37e-01	7.81e-03	3.75e-05	0.00e+00	0.00e+00	3.00e-07	4.54e-08	2.81e-08
 7.14819e+16	4.18e-07	5.57e-04	1.10e-01	6.49e-01	2.33e-01	7.52e-03	3.52e-05	0.00e+00	0.00e+00	3.35e-07	5.08e-08	3.14e-08
 7.19788e+16	4.79e-07	6.13e-04	1.13e-01	6.50e-01	2.30e-01	7.30e-03	3.33e-05	0.00e+00	0.00e+00	3.85e-07	5.83e-08	3.61e-08
