#depth	He	He+	He+2
 2.35376e+14	2.44e-07	4.06e-03	9.96e-01
 1.28190e+15	2.70e-07	4.28e-03	9.96e-01
 2.93664e+15	3.17e-07	4.63e-03	9.95e-01
 4.65758e+15	3.70e-07	5.01e-03	9.95e-01
 6.27370e+15	4.24e-07	5.37e-03	9.95e-01
 7.71785e+15	4.78e-07	5.71e-03	9.94e-01
 9.34020e+15	5.45e-07	6.12e-03	9.94e-01
 1.12641e+16	6.35e-07	6.61e-03	9.93e-01
 1.31739e+16	7.35e-07	7.12e-03	9.93e-01
 1.49457e+16	8.39e-07	7.61e-03	9.92e-01
 1.66398e+16	9.49e-07	8.09e-03	9.92e-01
 1.85380e+16	1.09e-06	8.68e-03	9.91e-01
 2.06228e+16	1.26e-06	9.32e-03	9.91e-01
 2.25404e+16	1.43e-06	9.94e-03	9.90e-01
 2.46231e+16	1.64e-06	1.07e-02	9.89e-01
 2.69299e+16	1.90e-06	1.15e-02	9.89e-01
 2.90815e+16	2.16e-06	1.23e-02	9.88e-01
 3.09600e+16	2.41e-06	1.30e-02	9.87e-01
 3.29298e+16	2.72e-06	1.38e-02	9.86e-01
 3.51130e+16	3.09e-06	1.48e-02	9.85e-01
 3.71593e+16	3.46e-06	1.57e-02	9.84e-01
 3.90995e+16	3.85e-06	1.66e-02	9.83e-01
 4.13160e+16	4.36e-06	1.77e-02	9.82e-01
 4.37317e+16	4.97e-06	1.90e-02	9.81e-01
 4.59467e+16	5.59e-06	2.02e-02	9.80e-01
 4.80464e+16	6.25e-06	2.15e-02	9.79e-01
 5.02450e+16	7.03e-06	2.29e-02	9.77e-01
 5.24320e+16	7.89e-06	2.44e-02	9.76e-01
 5.44003e+16	8.76e-06	2.58e-02	9.74e-01
 5.61718e+16	9.63e-06	2.72e-02	9.73e-01
 5.77662e+16	1.05e-05	2.86e-02	9.71e-01
 5.92011e+16	1.13e-05	2.98e-02	9.70e-01
 6.04925e+16	1.22e-05	3.10e-02	9.69e-01
 6.16547e+16	1.30e-05	3.21e-02	9.68e-01
 6.27008e+16	1.38e-05	3.32e-02	9.67e-01
 6.36422e+16	1.46e-05	3.42e-02	9.66e-01
 6.44895e+16	1.52e-05	3.51e-02	9.65e-01
 6.52521e+16	1.60e-05	3.60e-02	9.64e-01
 6.59739e+16	1.67e-05	3.69e-02	9.63e-01
 6.66950e+16	1.74e-05	3.78e-02	9.62e-01
 6.74162e+16	1.82e-05	3.87e-02	9.61e-01
 6.81373e+16	1.90e-05	3.97e-02	9.60e-01
 6.88585e+16	1.99e-05	4.07e-02	9.59e-01
 6.95796e+16	2.09e-05	4.17e-02	9.58e-01
 7.03008e+16	2.19e-05	4.28e-02	9.57e-01
 7.10219e+16	2.31e-05	4.39e-02	9.56e-01
 7.17431e+16	2.45e-05	4.51e-02	9.55e-01
 7.21094e+16	2.59e-05	4.57e-02	9.54e-01
