#depth	O	O+	O+2	O+3	O+4	O+5	O+6	O+7	O+8	O[1]	O[2]	O[3]
 1.94276e+14	1.32e-11	4.61e-07	1.51e-03	1.99e-01	6.96e-01	1.01e-01	2.45e-03	0.00e+00	0.00e+00	9.71e-12	2.37e-12	1.10e-12
 1.16566e+15	1.59e-11	5.29e-07	1.66e-03	2.08e-01	6.92e-01	9.59e-02	2.20e-03	0.00e+00	0.00e+00	1.17e-11	2.84e-12	1.33e-12
 2.78335e+15	2.09e-11	6.53e-07	1.94e-03	2.24e-01	6.85e-01	8.81e-02	1.86e-03	0.00e+00	0.00e+00	1.54e-11	3.73e-12	1.75e-12
 4.49815e+15	2.76e-11	8.08e-07	2.26e-03	2.40e-01	6.76e-01	8.06e-02	1.55e-03	0.00e+00	0.00e+00	2.04e-11	4.92e-12	2.31e-12
 6.19053e+15	3.58e-11	9.84e-07	2.62e-03	2.56e-01	6.66e-01	7.39e-02	1.31e-03	0.00e+00	0.00e+00	2.64e-11	6.37e-12	3.00e-12
 7.77708e+15	4.53e-11	1.17e-06	2.99e-03	2.71e-01	6.56e-01	6.82e-02	1.12e-03	0.00e+00	0.00e+00	3.34e-11	8.05e-12	3.79e-12
 9.51811e+15	5.84e-11	1.42e-06	3.44e-03	2.88e-01	6.45e-01	6.25e-02	9.41e-04	0.00e+00	0.00e+00	4.31e-11	1.04e-11	4.89e-12
 1.14558e+16	7.74e-11	1.76e-06	3.99e-03	3.07e-01	6.31e-01	5.67e-02	7.82e-04	0.00e+00	0.00e+00	5.70e-11	1.37e-11	6.48e-12
 1.33240e+16	1.00e-10	2.13e-06	4.58e-03	3.25e-01	6.18e-01	5.18e-02	6.56e-04	0.00e+00	0.00e+00	7.39e-11	1.78e-11	8.41e-12
 1.50494e+16	1.27e-10	2.54e-06	5.17e-03	3.41e-01	6.05e-01	4.76e-02	5.60e-04	0.00e+00	0.00e+00	9.34e-11	2.24e-11	1.06e-11
 1.69406e+16	1.63e-10	3.07e-06	5.90e-03	3.60e-01	5.91e-01	4.35e-02	4.71e-04	0.00e+00	0.00e+00	1.21e-10	2.89e-11	1.37e-11
 1.90428e+16	2.14e-10	3.75e-06	6.78e-03	3.79e-01	5.74e-01	3.94e-02	3.91e-04	0.00e+00	0.00e+00	1.58e-10	3.78e-11	1.80e-11
 2.10083e+16	2.72e-10	4.49e-06	7.69e-03	3.98e-01	5.59e-01	3.59e-02	3.29e-04	0.00e+00	0.00e+00	2.01e-10	4.81e-11	2.29e-11
 2.31526e+16	3.54e-10	5.45e-06	8.79e-03	4.17e-01	5.41e-01	3.24e-02	2.74e-04	0.00e+00	0.00e+00	2.61e-10	6.26e-11	2.99e-11
 2.55161e+16	4.67e-10	6.68e-06	1.01e-02	4.38e-01	5.22e-01	2.90e-02	2.24e-04	0.00e+00	0.00e+00	3.44e-10	8.23e-11	3.94e-11
 2.76996e+16	5.96e-10	8.01e-06	1.15e-02	4.58e-01	5.05e-01	2.62e-02	1.87e-04	0.00e+00	0.00e+00	4.40e-10	1.05e-10	5.04e-11
 3.00730e+16	7.80e-10	9.75e-06	1.31e-02	4.78e-01	4.85e-01	2.35e-02	1.54e-04	0.00e+00	0.00e+00	5.75e-10	1.37e-10	6.59e-11
 3.26938e+16	1.03e-09	1.20e-05	1.51e-02	5.00e-01	4.64e-01	2.08e-02	1.24e-04	0.00e+00	0.00e+00	7.62e-10	1.82e-10	8.74e-11
 3.51171e+16	1.32e-09	1.44e-05	1.72e-02	5.19e-01	4.45e-01	1.87e-02	1.02e-04	0.00e+00	0.00e+00	9.77e-10	2.33e-10	1.12e-10
 3.77480e+16	1.75e-09	1.77e-05	1.98e-02	5.40e-01	4.24e-01	1.65e-02	8.30e-05	0.00e+00	0.00e+00	1.29e-09	3.08e-10	1.49e-10
 4.06345e+16	2.33e-09	2.19e-05	2.29e-02	5.61e-01	4.02e-01	1.45e-02	6.63e-05	0.00e+00	0.00e+00	1.72e-09	4.10e-10	1.98e-10
 4.32748e+16	3.02e-09	2.65e-05	2.60e-02	5.79e-01	3.82e-01	1.28e-02	5.40e-05	0.00e+00	0.00e+00	2.23e-09	5.30e-10	2.57e-10
 4.54799e+16	3.72e-09	3.09e-05	2.90e-02	5.94e-01	3.65e-01	1.16e-02	4.56e-05	0.00e+00	0.00e+00	2.74e-09	6.52e-10	3.17e-10
 4.73792e+16	4.48e-09	3.55e-05	3.18e-02	6.06e-01	3.51e-01	1.06e-02	3.94e-05	0.00e+00	0.00e+00	3.30e-09	7.85e-10	3.82e-10
 4.95042e+16	5.53e-09	4.15e-05	3.52e-02	6.19e-01	3.36e-01	9.60e-03	3.34e-05	0.00e+00	0.00e+00	4.08e-09	9.70e-10	4.73e-10
 5.17653e+16	6.88e-09	4.88e-05	3.92e-02	6.33e-01	3.20e-01	8.64e-03	2.81e-05	0.00e+00	0.00e+00	5.07e-09	1.21e-09	5.88e-10
 5.38003e+16	8.38e-09	5.65e-05	4.32e-02	6.44e-01	3.05e-01	7.84e-03	2.41e-05	0.00e+00	0.00e+00	6.18e-09	1.47e-09	7.17e-10
 5.56318e+16	1.00e-08	6.46e-05	4.72e-02	6.53e-01	2.93e-01	7.19e-03	2.09e-05	0.00e+00	0.00e+00	7.40e-09	1.76e-09	8.59e-10
 5.72801e+16	1.18e-08	7.30e-05	5.11e-02	6.61e-01	2.81e-01	6.63e-03	1.84e-05	0.00e+00	0.00e+00	8.71e-09	2.07e-09	1.01e-09
 5.87636e+16	1.37e-08	8.16e-05	5.48e-02	6.67e-01	2.71e-01	6.17e-03	1.64e-05	0.00e+00	0.00e+00	1.01e-08	2.40e-09	1.18e-09
 6.00988e+16	1.57e-08	9.05e-05	5.85e-02	6.73e-01	2.63e-01	5.78e-03	1.48e-05	0.00e+00	0.00e+00	1.16e-08	2.75e-09	1.35e-09
 6.13004e+16	1.78e-08	9.94e-05	6.20e-02	6.78e-01	2.55e-01	5.44e-03	1.35e-05	0.00e+00	0.00e+00	1.32e-08	3.12e-09	1.53e-09
 6.23819e+16	2.00e-08	1.08e-04	6.53e-02	6.82e-01	2.48e-01	5.15e-03	1.24e-05	0.00e+00	0.00e+00	1.47e-08	3.50e-09	1.72e-09
 6.33552e+16	2.22e-08	1.17e-04	6.86e-02	6.85e-01	2.41e-01	4.90e-03	1.15e-05	0.00e+00	0.00e+00	1.64e-08	3.89e-09	1.91e-09
 6.42312e+16	2.45e-08	1.26e-04	7.16e-02	6.88e-01	2.36e-01	4.68e-03	1.07e-05	0.00e+00	0.00e+00	1.81e-08	4.28e-09	2.11e-09
 6.50196e+16	2.66e-08	1.34e-04	7.44e-02	6.90e-01	2.31e-01	4.49e-03	1.00e-05	0.00e+00	0.00e+00	1.96e-08	4.64e-09	2.29e-09
 6.57536e+16	2.89e-08	1.43e-04	7.73e-02	6.92e-01	2.26e-01	4.32e-03	9.46e-06	0.00e+00	0.00e+00	2.13e-08	5.05e-09	2.49e-09
 6.64748e+16	3.14e-08	1.52e-04	8.01e-02	6.94e-01	2.21e-01	4.16e-03	8.92e-06	0.00e+00	0.00e+00	2.32e-08	5.50e-09	2.71e-09
 6.71960e+16	3.43e-08	1.62e-04	8.32e-02	6.96e-01	2.17e-01	4.00e-03	8.41e-06	0.00e+00	0.00e+00	2.53e-08	5.99e-09	2.95e-09
 6.79171e+16	3.74e-08	1.73e-04	8.63e-02	6.98e-01	2.12e-01	3.84e-03	7.92e-06	0.00e+00	0.00e+00	2.76e-08	6.53e-09	3.22e-09
 6.86383e+16	4.09e-08	1.85e-04	8.96e-02	6.99e-01	2.07e-01	3.69e-03	7.45e-06	0.00e+00	0.00e+00	3.02e-08	7.14e-09	3.52e-09
 6.93594e+16	4.48e-08	1.98e-04	9.31e-02	7.00e-01	2.03e-01	3.55e-03	7.01e-06	0.00e+00	0.00e+00	3.30e-08	7.83e-09	3.86e-09
 7.00806e+16	4.92e-08	2.13e-04	9.68e-02	7.01e-01	1.98e-01	3.40e-03	6.59e-06	0.00e+00	0.00e+00	3.63e-08	8.60e-09	4.25e-09
 7.08017e+16	5.44e-08	2.29e-04	1.01e-01	7.02e-01	1.94e-01	3.27e-03	6.19e-06	0.00e+00	0.00e+00	4.01e-08	9.50e-09	4.69e-09
 7.15229e+16	6.04e-08	2.48e-04	1.05e-01	7.03e-01	1.89e-01	3.13e-03	5.81e-06	0.00e+00	0.00e+00	4.46e-08	1.06e-08	5.22e-09
 7.19993e+16	6.79e-08	2.70e-04	1.07e-01	7.03e-01	1.86e-01	3.04e-03	5.57e-06	0.00e+00	0.00e+00	5.01e-08	1.19e-08	5.86e-09
