#depth	C	C+	C+2	C+3	C+4	C+5	C+6	C[1]	C[2]	C[3]	C+[1]	C+[2]	CO
 3.50657e+14	7.14e-10	4.86e-06	2.72e-03	5.03e-02	9.47e-01	2.61e-07	0.00e+00	7.26e-11	2.20e-10	3.75e-10	1.62e-06	3.24e-06	8.50e-33
 1.51707e+15	7.04e-10	5.68e-06	3.02e-03	5.34e-02	9.44e-01	2.56e-07	0.00e+00	7.16e-11	2.17e-10	3.70e-10	1.90e-06	3.79e-06	1.38e-32
 3.18122e+15	9.01e-10	7.00e-06	3.51e-03	5.81e-02	9.38e-01	2.60e-07	0.00e+00	9.17e-11	2.78e-10	4.74e-10	2.34e-06	4.67e-06	2.73e-32
 4.91194e+15	1.16e-09	8.66e-06	4.09e-03	6.31e-02	9.33e-01	2.64e-07	0.00e+00	1.18e-10	3.59e-10	6.12e-10	2.89e-06	5.77e-06	5.44e-32
 6.57983e+15	1.47e-09	1.05e-05	4.71e-03	6.82e-02	9.27e-01	2.63e-07	0.00e+00	1.50e-10	4.53e-10	7.73e-10	3.51e-06	7.01e-06	1.02e-31
 8.13459e+15	1.82e-09	1.25e-05	5.35e-03	7.31e-02	9.22e-01	2.69e-07	0.00e+00	1.85e-10	5.60e-10	9.56e-10	4.19e-06	8.36e-06	1.79e-31
 9.88359e+15	2.29e-09	1.52e-05	6.14e-03	7.88e-02	9.15e-01	2.72e-07	0.00e+00	2.33e-10	7.08e-10	1.21e-09	5.07e-06	1.01e-05	3.34e-31
 1.18824e+16	2.95e-09	1.87e-05	7.15e-03	8.57e-02	9.07e-01	2.77e-07	0.00e+00	3.00e-10	9.10e-10	1.55e-09	6.25e-06	1.25e-05	6.54e-31
 1.37661e+16	3.68e-09	2.25e-05	8.20e-03	9.24e-02	8.99e-01	2.79e-07	0.00e+00	3.75e-10	1.13e-09	1.93e-09	7.53e-06	1.50e-05	1.19e-30
 1.54562e+16	4.49e-09	2.66e-05	9.23e-03	9.86e-02	8.92e-01	2.83e-07	0.00e+00	4.57e-10	1.39e-09	2.36e-09	8.89e-06	1.77e-05	2.03e-30
 1.73546e+16	5.57e-09	3.18e-05	1.05e-02	1.06e-01	8.84e-01	2.85e-07	0.00e+00	5.67e-10	1.72e-09	2.93e-09	1.06e-05	2.12e-05	3.66e-30
 1.95978e+16	7.11e-09	3.90e-05	1.22e-02	1.15e-01	8.73e-01	2.90e-07	0.00e+00	7.25e-10	2.20e-09	3.74e-09	1.30e-05	2.60e-05	7.13e-30
 2.18150e+16	8.92e-09	4.73e-05	1.40e-02	1.24e-01	8.62e-01	2.93e-07	0.00e+00	9.09e-10	2.75e-09	4.69e-09	1.58e-05	3.15e-05	1.33e-29
 2.38599e+16	1.09e-08	5.61e-05	1.58e-02	1.33e-01	8.51e-01	2.94e-07	0.00e+00	1.11e-09	3.38e-09	5.75e-09	1.88e-05	3.74e-05	2.33e-29
 2.61550e+16	1.37e-08	6.77e-05	1.81e-02	1.43e-01	8.39e-01	2.95e-07	0.00e+00	1.39e-09	4.22e-09	7.19e-09	2.26e-05	4.50e-05	4.31e-29
 2.87413e+16	1.73e-08	8.28e-05	2.10e-02	1.55e-01	8.24e-01	2.99e-07	0.00e+00	1.77e-09	5.36e-09	9.12e-09	2.77e-05	5.51e-05	8.32e-29
 3.12147e+16	2.15e-08	9.94e-05	2.39e-02	1.66e-01	8.10e-01	2.99e-07	0.00e+00	2.19e-09	6.64e-09	1.13e-08	3.33e-05	6.61e-05	1.52e-28
 3.35430e+16	2.62e-08	1.18e-04	2.70e-02	1.78e-01	7.95e-01	3.00e-07	0.00e+00	2.68e-09	8.11e-09	1.38e-08	3.94e-05	7.83e-05	2.62e-28
 3.61738e+16	3.27e-08	1.42e-04	3.09e-02	1.91e-01	7.78e-01	3.00e-07	0.00e+00	3.34e-09	1.01e-08	1.72e-08	4.74e-05	9.42e-05	4.83e-28
 3.91196e+16	4.13e-08	1.73e-04	3.56e-02	2.06e-01	7.58e-01	3.03e-07	0.00e+00	4.22e-09	1.28e-08	2.18e-08	5.78e-05	1.15e-04	9.20e-28
 4.15760e+16	4.95e-08	2.02e-04	3.98e-02	2.19e-01	7.41e-01	3.01e-07	0.00e+00	5.05e-09	1.53e-08	2.61e-08	6.76e-05	1.34e-04	1.52e-27
 4.34643e+16	5.70e-08	2.27e-04	4.33e-02	2.28e-01	7.28e-01	3.04e-07	0.00e+00	5.82e-09	1.76e-08	3.00e-08	7.62e-05	1.51e-04	2.24e-27
 4.55129e+16	6.66e-08	2.59e-04	4.75e-02	2.40e-01	7.13e-01	3.04e-07	0.00e+00	6.81e-09	2.06e-08	3.51e-08	8.67e-05	1.72e-04	3.41e-27
 4.79430e+16	7.95e-08	3.00e-04	5.27e-02	2.53e-01	6.94e-01	3.00e-07	0.00e+00	8.12e-09	2.46e-08	4.19e-08	1.01e-04	1.99e-04	5.51e-27
 5.03603e+16	9.41e-08	3.46e-04	5.83e-02	2.66e-01	6.76e-01	2.98e-07	0.00e+00	9.62e-09	2.91e-08	4.96e-08	1.16e-04	2.30e-04	8.74e-27
 5.25357e+16	1.10e-07	3.92e-04	6.36e-02	2.78e-01	6.58e-01	2.99e-07	0.00e+00	1.12e-08	3.40e-08	5.78e-08	1.31e-04	2.61e-04	1.31e-26
 5.44937e+16	1.26e-07	4.38e-04	6.87e-02	2.88e-01	6.42e-01	3.00e-07	0.00e+00	1.28e-08	3.89e-08	6.62e-08	1.47e-04	2.91e-04	1.87e-26
 5.62558e+16	1.42e-07	4.84e-04	7.36e-02	2.98e-01	6.28e-01	2.99e-07	0.00e+00	1.45e-08	4.39e-08	7.47e-08	1.62e-04	3.21e-04	2.58e-26
 5.78418e+16	1.58e-07	5.28e-04	7.82e-02	3.07e-01	6.15e-01	2.97e-07	0.00e+00	1.62e-08	4.90e-08	8.34e-08	1.77e-04	3.51e-04	3.43e-26
 5.92691e+16	1.74e-07	5.71e-04	8.25e-02	3.14e-01	6.02e-01	2.96e-07	0.00e+00	1.79e-08	5.41e-08	9.20e-08	1.92e-04	3.80e-04	4.42e-26
 6.05537e+16	1.91e-07	6.13e-04	8.65e-02	3.21e-01	5.91e-01	2.95e-07	0.00e+00	1.95e-08	5.91e-08	1.01e-07	2.06e-04	4.07e-04	5.55e-26
 6.17099e+16	2.07e-07	6.53e-04	9.02e-02	3.28e-01	5.82e-01	2.94e-07	0.00e+00	2.12e-08	6.42e-08	1.09e-07	2.19e-04	4.34e-04	6.80e-26
 6.27504e+16	2.22e-07	6.91e-04	9.37e-02	3.33e-01	5.72e-01	2.93e-07	0.00e+00	2.28e-08	6.90e-08	1.17e-07	2.32e-04	4.59e-04	8.17e-26
 6.36869e+16	2.38e-07	7.27e-04	9.69e-02	3.38e-01	5.64e-01	2.92e-07	0.00e+00	2.44e-08	7.37e-08	1.25e-07	2.44e-04	4.83e-04	9.64e-26
 6.45297e+16	2.53e-07	7.61e-04	9.99e-02	3.43e-01	5.57e-01	2.92e-07	0.00e+00	2.59e-08	7.83e-08	1.33e-07	2.55e-04	5.06e-04	1.12e-25
 6.52895e+16	2.67e-07	7.93e-04	1.03e-01	3.47e-01	5.50e-01	2.91e-07	0.00e+00	2.73e-08	8.28e-08	1.41e-07	2.66e-04	5.27e-04	1.28e-25
 6.60107e+16	2.81e-07	8.25e-04	1.05e-01	3.50e-01	5.43e-01	2.91e-07	0.00e+00	2.88e-08	8.73e-08	1.48e-07	2.77e-04	5.48e-04	1.45e-25
 6.67318e+16	2.97e-07	8.58e-04	1.08e-01	3.54e-01	5.37e-01	2.91e-07	0.00e+00	3.04e-08	9.20e-08	1.56e-07	2.88e-04	5.70e-04	1.66e-25
 6.74530e+16	3.13e-07	8.93e-04	1.11e-01	3.58e-01	5.30e-01	2.90e-07	0.00e+00	3.21e-08	9.72e-08	1.65e-07	3.00e-04	5.93e-04	1.88e-25
 6.81741e+16	3.31e-07	9.29e-04	1.14e-01	3.62e-01	5.24e-01	2.89e-07	0.00e+00	3.39e-08	1.03e-07	1.75e-07	3.12e-04	6.17e-04	2.16e-25
 6.88953e+16	3.51e-07	9.67e-04	1.16e-01	3.65e-01	5.17e-01	2.89e-07	0.00e+00	3.59e-08	1.09e-07	1.85e-07	3.25e-04	6.43e-04	2.46e-25
 6.96164e+16	3.71e-07	1.01e-03	1.19e-01	3.69e-01	5.10e-01	2.88e-07	0.00e+00	3.80e-08	1.15e-07	1.96e-07	3.38e-04	6.69e-04	2.84e-25
 7.03376e+16	3.95e-07	1.05e-03	1.22e-01	3.73e-01	5.04e-01	2.87e-07	0.00e+00	4.05e-08	1.23e-07	2.08e-07	3.52e-04	6.97e-04	3.26e-25
 7.10587e+16	4.21e-07	1.10e-03	1.26e-01	3.77e-01	4.97e-01	2.86e-07	0.00e+00	4.32e-08	1.31e-07	2.22e-07	3.68e-04	7.28e-04	3.77e-25
 7.17672e+16	4.54e-07	1.15e-03	1.29e-01	3.81e-01	4.90e-01	2.86e-07	0.00e+00	4.66e-08	1.41e-07	2.40e-07	3.86e-04	7.64e-04	4.54e-25
