#depth	C	C+	C+2	C+3	C+4	C+5	C+6	C[1]	C[2]	C[3]	C+[1]	C+[2]	CO
 2.13298e+14	2.03e-10	2.19e-06	1.84e-03	4.45e-02	9.54e-01	1.81e-07	0.00e+00	1.99e-11	6.03e-11	1.02e-10	7.26e-07	1.46e-06	3.74e-34
 1.23686e+15	2.09e-10	2.51e-06	2.03e-03	4.69e-02	9.51e-01	1.77e-07	0.00e+00	2.05e-11	6.19e-11	1.05e-10	8.33e-07	1.68e-06	5.71e-34
 2.88980e+15	2.68e-10	3.10e-06	2.36e-03	5.10e-02	9.47e-01	1.79e-07	0.00e+00	2.63e-11	7.96e-11	1.35e-10	1.03e-06	2.07e-06	1.12e-33
 4.60886e+15	3.47e-10	3.83e-06	2.75e-03	5.54e-02	9.42e-01	1.81e-07	0.00e+00	3.40e-11	1.03e-10	1.75e-10	1.27e-06	2.56e-06	2.20e-33
 6.32554e+15	4.43e-10	4.69e-06	3.18e-03	6.01e-02	9.37e-01	1.80e-07	0.00e+00	4.35e-11	1.31e-10	2.23e-10	1.56e-06	3.13e-06	4.16e-33
 7.96565e+15	5.57e-10	5.66e-06	3.64e-03	6.47e-02	9.32e-01	1.83e-07	0.00e+00	5.46e-11	1.65e-10	2.80e-10	1.88e-06	3.78e-06	7.47e-33
 9.74252e+15	7.05e-10	6.87e-06	4.20e-03	7.00e-02	9.26e-01	1.85e-07	0.00e+00	6.92e-11	2.09e-10	3.55e-10	2.28e-06	4.59e-06	1.39e-32
 1.16772e+16	9.03e-10	8.44e-06	4.87e-03	7.60e-02	9.19e-01	1.86e-07	0.00e+00	8.87e-11	2.68e-10	4.55e-10	2.80e-06	5.64e-06	2.67e-32
 1.35659e+16	1.14e-09	1.03e-05	5.60e-03	8.21e-02	9.12e-01	1.89e-07	0.00e+00	1.12e-10	3.39e-10	5.76e-10	3.40e-06	6.85e-06	4.95e-32
 1.53815e+16	1.42e-09	1.23e-05	6.38e-03	8.82e-02	9.05e-01	1.91e-07	0.00e+00	1.39e-10	4.21e-10	7.15e-10	4.07e-06	8.20e-06	8.71e-32
 1.73934e+16	1.79e-09	1.49e-05	7.34e-03	9.53e-02	8.97e-01	1.93e-07	0.00e+00	1.76e-10	5.32e-10	9.04e-10	4.95e-06	9.96e-06	1.61e-31
 1.96011e+16	2.29e-09	1.83e-05	8.51e-03	1.03e-01	8.88e-01	1.96e-07	0.00e+00	2.25e-10	6.79e-10	1.15e-09	6.06e-06	1.22e-05	3.07e-31
 2.16651e+16	2.83e-09	2.19e-05	9.72e-03	1.11e-01	8.79e-01	1.96e-07	0.00e+00	2.78e-10	8.42e-10	1.43e-09	7.27e-06	1.46e-05	5.45e-31
 2.39030e+16	3.58e-09	2.66e-05	1.12e-02	1.21e-01	8.68e-01	1.98e-07	0.00e+00	3.52e-10	1.06e-09	1.81e-09	8.84e-06	1.78e-05	1.01e-30
 2.63732e+16	4.54e-09	3.26e-05	1.30e-02	1.31e-01	8.56e-01	2.02e-07	0.00e+00	4.47e-10	1.35e-09	2.29e-09	1.08e-05	2.18e-05	1.91e-30
 2.86938e+16	5.65e-09	3.92e-05	1.49e-02	1.41e-01	8.44e-01	2.02e-07	0.00e+00	5.56e-10	1.68e-09	2.85e-09	1.30e-05	2.62e-05	3.42e-30
 3.11966e+16	7.12e-09	4.76e-05	1.71e-02	1.53e-01	8.30e-01	2.03e-07	0.00e+00	7.02e-10	2.12e-09	3.60e-09	1.58e-05	3.18e-05	6.33e-30
 3.39396e+16	9.05e-09	5.84e-05	1.99e-02	1.66e-01	8.14e-01	2.06e-07	0.00e+00	8.92e-10	2.70e-09	4.57e-09	1.94e-05	3.90e-05	1.20e-29
 3.65101e+16	1.12e-08	7.01e-05	2.28e-02	1.79e-01	7.98e-01	2.06e-07	0.00e+00	1.10e-09	3.34e-09	5.66e-09	2.33e-05	4.68e-05	2.13e-29
 3.92916e+16	1.42e-08	8.55e-05	2.64e-02	1.94e-01	7.80e-01	2.07e-07	0.00e+00	1.40e-09	4.22e-09	7.16e-09	2.84e-05	5.70e-05	3.96e-29
 4.23272e+16	1.81e-08	1.05e-04	3.07e-02	2.10e-01	7.59e-01	2.11e-07	0.00e+00	1.78e-09	5.39e-09	9.14e-09	3.50e-05	7.02e-05	7.52e-29
 4.51372e+16	2.24e-08	1.27e-04	3.52e-02	2.26e-01	7.39e-01	2.13e-07	0.00e+00	2.21e-09	6.69e-09	1.13e-08	4.21e-05	8.44e-05	1.33e-28
 4.74483e+16	2.66e-08	1.47e-04	3.93e-02	2.40e-01	7.21e-01	2.14e-07	0.00e+00	2.63e-09	7.95e-09	1.35e-08	4.89e-05	9.79e-05	2.09e-28
 4.93528e+16	3.07e-08	1.66e-04	4.29e-02	2.51e-01	7.06e-01	2.17e-07	0.00e+00	3.04e-09	9.18e-09	1.56e-08	5.52e-05	1.11e-04	3.06e-28
 5.13689e+16	3.59e-08	1.89e-04	4.72e-02	2.64e-01	6.89e-01	2.19e-07	0.00e+00	3.55e-09	1.07e-08	1.82e-08	6.29e-05	1.26e-04	4.58e-28
 5.34435e+16	4.19e-08	2.15e-04	5.19e-02	2.76e-01	6.71e-01	2.19e-07	0.00e+00	4.15e-09	1.25e-08	2.12e-08	7.17e-05	1.43e-04	6.81e-28
 5.53107e+16	4.82e-08	2.42e-04	5.65e-02	2.88e-01	6.55e-01	2.21e-07	0.00e+00	4.76e-09	1.44e-08	2.44e-08	8.06e-05	1.61e-04	9.75e-28
 5.69911e+16	5.46e-08	2.69e-04	6.09e-02	2.99e-01	6.39e-01	2.23e-07	0.00e+00	5.41e-09	1.63e-08	2.77e-08	8.95e-05	1.79e-04	1.35e-27
 5.85035e+16	6.12e-08	2.95e-04	6.52e-02	3.09e-01	6.25e-01	2.26e-07	0.00e+00	6.06e-09	1.83e-08	3.10e-08	9.84e-05	1.97e-04	1.81e-27
 5.98647e+16	6.78e-08	3.21e-04	6.93e-02	3.18e-01	6.12e-01	2.28e-07	0.00e+00	6.72e-09	2.03e-08	3.44e-08	1.07e-04	2.14e-04	2.35e-27
 6.10898e+16	7.45e-08	3.47e-04	7.31e-02	3.26e-01	6.00e-01	2.30e-07	0.00e+00	7.38e-09	2.23e-08	3.78e-08	1.16e-04	2.31e-04	2.98e-27
 6.21923e+16	8.11e-08	3.72e-04	7.68e-02	3.34e-01	5.89e-01	2.32e-07	0.00e+00	8.04e-09	2.43e-08	4.11e-08	1.24e-04	2.48e-04	3.68e-27
 6.31846e+16	8.77e-08	3.96e-04	8.02e-02	3.40e-01	5.79e-01	2.34e-07	0.00e+00	8.69e-09	2.63e-08	4.45e-08	1.32e-04	2.64e-04	4.47e-27
 6.40776e+16	9.40e-08	4.19e-04	8.34e-02	3.47e-01	5.70e-01	2.35e-07	0.00e+00	9.32e-09	2.82e-08	4.77e-08	1.40e-04	2.79e-04	5.33e-27
 6.48814e+16	1.00e-07	4.41e-04	8.64e-02	3.52e-01	5.61e-01	2.37e-07	0.00e+00	9.94e-09	3.00e-08	5.09e-08	1.47e-04	2.94e-04	6.26e-27
 6.56227e+16	1.06e-07	4.62e-04	8.92e-02	3.57e-01	5.53e-01	2.39e-07	0.00e+00	1.06e-08	3.19e-08	5.40e-08	1.54e-04	3.08e-04	7.22e-27
 6.63438e+16	1.13e-07	4.83e-04	9.21e-02	3.62e-01	5.45e-01	2.40e-07	0.00e+00	1.12e-08	3.38e-08	5.72e-08	1.61e-04	3.22e-04	8.36e-27
 6.70650e+16	1.20e-07	5.06e-04	9.51e-02	3.67e-01	5.37e-01	2.42e-07	0.00e+00	1.19e-08	3.59e-08	6.08e-08	1.69e-04	3.37e-04	9.68e-27
 6.77862e+16	1.27e-07	5.31e-04	9.82e-02	3.72e-01	5.29e-01	2.43e-07	0.00e+00	1.26e-08	3.81e-08	6.46e-08	1.77e-04	3.54e-04	1.13e-26
 6.85073e+16	1.35e-07	5.56e-04	1.01e-01	3.77e-01	5.21e-01	2.45e-07	0.00e+00	1.34e-08	4.05e-08	6.87e-08	1.86e-04	3.71e-04	1.31e-26
 6.92285e+16	1.44e-07	5.84e-04	1.05e-01	3.82e-01	5.13e-01	2.47e-07	0.00e+00	1.43e-08	4.32e-08	7.31e-08	1.95e-04	3.89e-04	1.53e-26
 6.99496e+16	1.54e-07	6.13e-04	1.08e-01	3.87e-01	5.04e-01	2.49e-07	0.00e+00	1.52e-08	4.60e-08	7.80e-08	2.04e-04	4.08e-04	1.79e-26
 7.06708e+16	1.64e-07	6.43e-04	1.11e-01	3.92e-01	4.96e-01	2.51e-07	0.00e+00	1.63e-08	4.92e-08	8.33e-08	2.15e-04	4.29e-04	2.10e-26
 7.13919e+16	1.76e-07	6.77e-04	1.15e-01	3.97e-01	4.87e-01	2.53e-07	0.00e+00	1.75e-08	5.28e-08	8.94e-08	2.26e-04	4.51e-04	2.49e-26
 7.19338e+16	1.89e-07	7.09e-04	1.18e-01	4.01e-01	4.81e-01	2.55e-07	0.00e+00	1.87e-08	5.66e-08	9.59e-08	2.37e-04	4.73e-04	2.95e-26
