#depth	He	He+	He+2
 1.85341e+14	2.06e-07	3.74e-03	9.96e-01
 1.11204e+15	2.26e-07	3.93e-03	9.96e-01
 2.69221e+15	2.61e-07	4.22e-03	9.96e-01
 4.40336e+15	3.04e-07	4.56e-03	9.95e-01
 6.04709e+15	3.49e-07	4.90e-03	9.95e-01
 7.57028e+15	3.94e-07	5.22e-03	9.95e-01
 9.29028e+15	4.53e-07	5.61e-03	9.94e-01
 1.11764e+16	5.26e-07	6.05e-03	9.94e-01
 1.29283e+16	6.01e-07	6.47e-03	9.94e-01
 1.48392e+16	6.95e-07	6.97e-03	9.93e-01
 1.69641e+16	8.10e-07	7.53e-03	9.92e-01
 1.88404e+16	9.21e-07	8.04e-03	9.92e-01
 2.04578e+16	1.03e-06	8.50e-03	9.91e-01
 2.22726e+16	1.16e-06	9.06e-03	9.91e-01
 2.45661e+16	1.36e-06	9.80e-03	9.90e-01
 2.68933e+16	1.57e-06	1.06e-02	9.89e-01
 2.88739e+16	1.76e-06	1.12e-02	9.89e-01
 3.09925e+16	2.01e-06	1.21e-02	9.88e-01
 3.32041e+16	2.29e-06	1.29e-02	9.87e-01
 3.50948e+16	2.55e-06	1.37e-02	9.86e-01
 3.71109e+16	2.87e-06	1.46e-02	9.85e-01
 3.93369e+16	3.25e-06	1.56e-02	9.84e-01
 4.14167e+16	3.65e-06	1.66e-02	9.83e-01
 4.34017e+16	4.08e-06	1.77e-02	9.82e-01
 4.56824e+16	4.65e-06	1.90e-02	9.81e-01
 4.81349e+16	5.33e-06	2.05e-02	9.79e-01
 5.03220e+16	6.01e-06	2.20e-02	9.78e-01
 5.23662e+16	6.74e-06	2.35e-02	9.76e-01
 5.43231e+16	7.54e-06	2.51e-02	9.75e-01
 5.61023e+16	8.35e-06	2.66e-02	9.73e-01
 5.77036e+16	9.18e-06	2.81e-02	9.72e-01
 5.91447e+16	1.00e-05	2.96e-02	9.70e-01
 6.04418e+16	1.08e-05	3.10e-02	9.69e-01
 6.16091e+16	1.17e-05	3.23e-02	9.68e-01
 6.26597e+16	1.25e-05	3.36e-02	9.66e-01
 6.36053e+16	1.32e-05	3.49e-02	9.65e-01
 6.44563e+16	1.40e-05	3.60e-02	9.64e-01
 6.52222e+16	1.47e-05	3.71e-02	9.63e-01
 6.59455e+16	1.55e-05	3.83e-02	9.62e-01
 6.66667e+16	1.63e-05	3.94e-02	9.61e-01
 6.73878e+16	1.71e-05	4.06e-02	9.59e-01
 6.81090e+16	1.81e-05	4.19e-02	9.58e-01
 6.88301e+16	1.91e-05	4.32e-02	9.57e-01
 6.95513e+16	2.01e-05	4.46e-02	9.55e-01
 7.02724e+16	2.14e-05	4.61e-02	9.54e-01
 7.09936e+16	2.27e-05	4.76e-02	9.52e-01
 7.17147e+16	2.42e-05	4.92e-02	9.51e-01
 7.20952e+16	2.63e-05	5.02e-02	9.50e-01
