#depth	C	C+	C+2	C+3	C+4	C+5	C+6	C[1]	C[2]	C[3]	C+[1]	C+[2]	CO
 2.05352e+14	3.55e-09	1.19e-05	3.60e-03	5.15e-02	9.45e-01	5.75e-07	0.00e+00	3.58e-10	1.08e-09	1.85e-09	3.95e-06	7.92e-06	5.19e-31
 1.22065e+15	2.94e-09	1.36e-05	3.96e-03	5.44e-02	9.42e-01	5.59e-07	0.00e+00	2.97e-10	8.99e-10	1.53e-09	4.52e-06	9.06e-06	8.05e-31
 2.87295e+15	3.65e-09	1.67e-05	4.61e-03	5.93e-02	9.36e-01	5.67e-07	0.00e+00	3.68e-10	1.12e-09	1.90e-09	5.55e-06	1.11e-05	1.56e-30
 4.59133e+15	4.55e-09	2.04e-05	5.37e-03	6.47e-02	9.30e-01	5.73e-07	0.00e+00	4.59e-10	1.39e-09	2.37e-09	6.80e-06	1.36e-05	2.99e-30
 6.18994e+15	5.53e-09	2.45e-05	6.16e-03	6.99e-02	9.24e-01	5.71e-07	0.00e+00	5.59e-10	1.69e-09	2.88e-09	8.15e-06	1.63e-05	5.30e-30
 7.59740e+15	6.55e-09	2.86e-05	6.92e-03	7.46e-02	9.18e-01	5.87e-07	0.00e+00	6.61e-10	2.00e-09	3.41e-09	9.51e-06	1.90e-05	8.63e-30
 9.17267e+15	7.97e-09	3.39e-05	7.87e-03	8.01e-02	9.12e-01	5.90e-07	0.00e+00	8.05e-10	2.44e-09	4.15e-09	1.13e-05	2.26e-05	1.48e-29
 1.10660e+16	9.91e-09	4.11e-05	9.13e-03	8.71e-02	9.04e-01	5.99e-07	0.00e+00	1.00e-09	3.03e-09	5.17e-09	1.37e-05	2.74e-05	2.76e-29
 1.29630e+16	1.22e-08	4.97e-05	1.05e-02	9.43e-02	8.95e-01	6.06e-07	0.00e+00	1.24e-09	3.75e-09	6.39e-09	1.66e-05	3.31e-05	5.04e-29
 1.47034e+16	1.48e-08	5.88e-05	1.19e-02	1.01e-01	8.87e-01	6.09e-07	0.00e+00	1.50e-09	4.54e-09	7.72e-09	1.96e-05	3.92e-05	8.62e-29
 1.63441e+16	1.76e-08	6.86e-05	1.34e-02	1.08e-01	8.79e-01	6.14e-07	0.00e+00	1.78e-09	5.40e-09	9.19e-09	2.29e-05	4.57e-05	1.40e-28
 1.81713e+16	2.14e-08	8.11e-05	1.51e-02	1.16e-01	8.69e-01	6.21e-07	0.00e+00	2.16e-09	6.55e-09	1.12e-08	2.71e-05	5.41e-05	2.42e-28
 2.01833e+16	2.61e-08	9.67e-05	1.73e-02	1.25e-01	8.58e-01	6.21e-07	0.00e+00	2.64e-09	8.00e-09	1.36e-08	3.23e-05	6.45e-05	4.23e-28
 2.20447e+16	3.13e-08	1.13e-04	1.94e-02	1.33e-01	8.47e-01	6.25e-07	0.00e+00	3.17e-09	9.60e-09	1.63e-08	3.78e-05	7.55e-05	6.92e-28
 2.40736e+16	3.81e-08	1.34e-04	2.20e-02	1.43e-01	8.35e-01	6.27e-07	0.00e+00	3.86e-09	1.17e-08	1.99e-08	4.48e-05	8.94e-05	1.19e-27
 2.63139e+16	4.68e-08	1.60e-04	2.51e-02	1.54e-01	8.21e-01	6.34e-07	0.00e+00	4.74e-09	1.43e-08	2.44e-08	5.36e-05	1.07e-04	2.08e-27
 2.83938e+16	5.60e-08	1.88e-04	2.83e-02	1.64e-01	8.07e-01	6.38e-07	0.00e+00	5.68e-09	1.72e-08	2.93e-08	6.28e-05	1.25e-04	3.40e-27
 3.02419e+16	6.56e-08	2.16e-04	3.13e-02	1.74e-01	7.95e-01	6.38e-07	0.00e+00	6.65e-09	2.01e-08	3.43e-08	7.20e-05	1.44e-04	5.17e-27
 3.22239e+16	7.81e-08	2.50e-04	3.49e-02	1.84e-01	7.81e-01	6.36e-07	0.00e+00	7.92e-09	2.40e-08	4.08e-08	8.35e-05	1.66e-04	8.20e-27
 3.43976e+16	9.27e-08	2.90e-04	3.91e-02	1.96e-01	7.65e-01	6.36e-07	0.00e+00	9.40e-09	2.85e-08	4.84e-08	9.71e-05	1.93e-04	1.31e-26
 3.64254e+16	1.10e-07	3.34e-04	4.33e-02	2.07e-01	7.50e-01	6.38e-07	0.00e+00	1.11e-08	3.37e-08	5.73e-08	1.12e-04	2.23e-04	2.00e-26
 3.83659e+16	1.28e-07	3.81e-04	4.77e-02	2.17e-01	7.35e-01	6.36e-07	0.00e+00	1.30e-08	3.93e-08	6.68e-08	1.27e-04	2.54e-04	2.97e-26
 4.05882e+16	1.53e-07	4.43e-04	5.32e-02	2.30e-01	7.17e-01	6.30e-07	0.00e+00	1.55e-08	4.70e-08	8.00e-08	1.48e-04	2.95e-04	4.70e-26
 4.30092e+16	1.83e-07	5.16e-04	5.96e-02	2.44e-01	6.96e-01	6.29e-07	0.00e+00	1.86e-08	5.63e-08	9.57e-08	1.73e-04	3.43e-04	7.49e-26
 4.52301e+16	2.17e-07	5.93e-04	6.59e-02	2.56e-01	6.77e-01	6.28e-07	0.00e+00	2.20e-08	6.67e-08	1.13e-07	1.99e-04	3.95e-04	1.13e-25
 4.75774e+16	2.60e-07	6.88e-04	7.33e-02	2.70e-01	6.56e-01	6.22e-07	0.00e+00	2.64e-08	7.99e-08	1.36e-07	2.30e-04	4.58e-04	1.77e-25
 5.00312e+16	3.10e-07	7.97e-04	8.14e-02	2.84e-01	6.34e-01	6.23e-07	0.00e+00	3.15e-08	9.55e-08	1.62e-07	2.67e-04	5.30e-04	2.75e-25
 5.22396e+16	3.65e-07	9.09e-04	8.94e-02	2.96e-01	6.13e-01	6.17e-07	0.00e+00	3.71e-08	1.12e-07	1.91e-07	3.04e-04	6.04e-04	4.07e-25
 5.42271e+16	4.22e-07	1.02e-03	9.70e-02	3.08e-01	5.94e-01	6.15e-07	0.00e+00	4.30e-08	1.30e-07	2.21e-07	3.42e-04	6.79e-04	5.77e-25
 5.60159e+16	4.82e-07	1.13e-03	1.04e-01	3.18e-01	5.77e-01	6.12e-07	0.00e+00	4.91e-08	1.49e-07	2.52e-07	3.80e-04	7.53e-04	7.89e-25
 5.76259e+16	5.44e-07	1.24e-03	1.11e-01	3.26e-01	5.61e-01	6.08e-07	0.00e+00	5.54e-08	1.68e-07	2.85e-07	4.17e-04	8.28e-04	1.05e-24
 5.90748e+16	6.08e-07	1.35e-03	1.18e-01	3.34e-01	5.46e-01	6.05e-07	0.00e+00	6.19e-08	1.87e-07	3.18e-07	4.54e-04	9.00e-04	1.35e-24
 6.03788e+16	6.73e-07	1.46e-03	1.24e-01	3.41e-01	5.33e-01	6.01e-07	0.00e+00	6.85e-08	2.07e-07	3.52e-07	4.90e-04	9.72e-04	1.71e-24
 6.15525e+16	7.38e-07	1.57e-03	1.30e-01	3.48e-01	5.21e-01	5.97e-07	0.00e+00	7.52e-08	2.27e-07	3.86e-07	5.25e-04	1.04e-03	2.10e-24
 6.26087e+16	8.03e-07	1.67e-03	1.35e-01	3.53e-01	5.10e-01	5.93e-07	0.00e+00	8.18e-08	2.47e-07	4.20e-07	5.58e-04	1.11e-03	2.55e-24
 6.35594e+16	8.65e-07	1.76e-03	1.40e-01	3.58e-01	5.00e-01	5.92e-07	0.00e+00	8.81e-08	2.67e-07	4.53e-07	5.90e-04	1.17e-03	3.00e-24
 6.44150e+16	9.29e-07	1.85e-03	1.45e-01	3.62e-01	4.91e-01	5.89e-07	0.00e+00	9.47e-08	2.87e-07	4.87e-07	6.20e-04	1.23e-03	3.52e-24
 6.51850e+16	9.93e-07	1.94e-03	1.49e-01	3.66e-01	4.82e-01	5.87e-07	0.00e+00	1.01e-07	3.06e-07	5.20e-07	6.50e-04	1.29e-03	4.08e-24
 6.59103e+16	1.06e-06	2.03e-03	1.54e-01	3.70e-01	4.74e-01	5.85e-07	0.00e+00	1.08e-07	3.26e-07	5.54e-07	6.79e-04	1.35e-03	4.70e-24
 6.66315e+16	1.13e-06	2.12e-03	1.58e-01	3.74e-01	4.66e-01	5.82e-07	0.00e+00	1.15e-07	3.48e-07	5.91e-07	7.10e-04	1.41e-03	5.41e-24
 6.73526e+16	1.21e-06	2.21e-03	1.62e-01	3.77e-01	4.58e-01	5.80e-07	0.00e+00	1.23e-07	3.72e-07	6.32e-07	7.42e-04	1.47e-03	6.23e-24
 6.80738e+16	1.29e-06	2.31e-03	1.67e-01	3.81e-01	4.50e-01	5.77e-07	0.00e+00	1.32e-07	3.99e-07	6.77e-07	7.76e-04	1.54e-03	7.21e-24
 6.87949e+16	1.39e-06	2.42e-03	1.72e-01	3.84e-01	4.42e-01	5.77e-07	0.00e+00	1.42e-07	4.30e-07	7.29e-07	8.13e-04	1.61e-03	8.48e-24
 6.95161e+16	1.50e-06	2.54e-03	1.76e-01	3.87e-01	4.34e-01	5.73e-07	0.00e+00	1.53e-07	4.64e-07	7.87e-07	8.52e-04	1.69e-03	9.88e-24
 7.02372e+16	1.62e-06	2.66e-03	1.81e-01	3.91e-01	4.25e-01	5.69e-07	0.00e+00	1.65e-07	4.99e-07	8.48e-07	8.92e-04	1.77e-03	1.15e-23
 7.09584e+16	1.77e-06	2.80e-03	1.86e-01	3.94e-01	4.17e-01	5.67e-07	0.00e+00	1.81e-07	5.46e-07	9.27e-07	9.38e-04	1.86e-03	1.39e-23
 7.16795e+16	1.97e-06	2.97e-03	1.92e-01	3.97e-01	4.08e-01	5.60e-07	0.00e+00	2.01e-07	6.09e-07	1.03e-06	9.95e-04	1.97e-03	1.71e-23
 7.20776e+16	2.19e-06	3.17e-03	1.96e-01	4.00e-01	4.00e-01	5.53e-07	0.00e+00	2.24e-07	6.77e-07	1.15e-06	1.06e-03	2.11e-03	2.29e-23
