#depth	C	C+	C+2	C+3	C+4	C+5	C+6	C[1]	C[2]	C[3]	C+[1]	C+[2]	CO
 2.68801e+14	6.44e-10	4.47e-06	2.56e-03	4.91e-02	9.48e-01	2.59e-07	0.00e+00	6.45e-11	1.95e-10	3.33e-10	1.49e-06	2.99e-06	6.60e-33
 1.35009e+15	6.31e-10	5.17e-06	2.84e-03	5.19e-02	9.45e-01	2.54e-07	0.00e+00	6.32e-11	1.91e-10	3.26e-10	1.72e-06	3.45e-06	1.03e-32
 3.00756e+15	8.03e-10	6.36e-06	3.29e-03	5.65e-02	9.40e-01	2.57e-07	0.00e+00	8.05e-11	2.44e-10	4.15e-10	2.12e-06	4.25e-06	2.03e-32
 4.73133e+15	1.03e-09	7.85e-06	3.84e-03	6.14e-02	9.35e-01	2.61e-07	0.00e+00	1.04e-10	3.13e-10	5.34e-10	2.61e-06	5.24e-06	3.99e-32
 6.39109e+15	1.30e-09	9.52e-06	4.42e-03	6.64e-02	9.29e-01	2.60e-07	0.00e+00	1.30e-10	3.94e-10	6.71e-10	3.17e-06	6.36e-06	7.36e-32
 7.93561e+15	1.60e-09	1.13e-05	5.01e-03	7.12e-02	9.24e-01	2.67e-07	0.00e+00	1.60e-10	4.85e-10	8.26e-10	3.77e-06	7.57e-06	1.28e-31
 9.67487e+15	2.01e-09	1.37e-05	5.76e-03	7.68e-02	9.17e-01	2.68e-07	0.00e+00	2.02e-10	6.11e-10	1.04e-09	4.56e-06	9.15e-06	2.36e-31
 1.16653e+16	2.57e-09	1.69e-05	6.71e-03	8.35e-02	9.10e-01	2.73e-07	0.00e+00	2.58e-10	7.82e-10	1.33e-09	5.62e-06	1.13e-05	4.57e-31
 1.35295e+16	3.20e-09	2.03e-05	7.69e-03	9.01e-02	9.02e-01	2.75e-07	0.00e+00	3.22e-10	9.74e-10	1.66e-09	6.77e-06	1.36e-05	8.32e-31
 1.51816e+16	3.88e-09	2.39e-05	8.65e-03	9.62e-02	8.95e-01	2.79e-07	0.00e+00	3.90e-10	1.18e-09	2.01e-09	7.96e-06	1.60e-05	1.39e-30
 1.70277e+16	4.80e-09	2.85e-05	9.83e-03	1.03e-01	8.87e-01	2.81e-07	0.00e+00	4.83e-10	1.46e-09	2.49e-09	9.51e-06	1.90e-05	2.47e-30
 1.92344e+16	6.11e-09	3.49e-05	1.14e-02	1.12e-01	8.77e-01	2.85e-07	0.00e+00	6.14e-10	1.86e-09	3.16e-09	1.16e-05	2.33e-05	4.73e-30
 2.14290e+16	7.64e-09	4.23e-05	1.31e-02	1.21e-01	8.66e-01	2.88e-07	0.00e+00	7.68e-10	2.32e-09	3.96e-09	1.41e-05	2.82e-05	8.76e-30
 2.34288e+16	9.31e-09	5.01e-05	1.48e-02	1.30e-01	8.56e-01	2.89e-07	0.00e+00	9.37e-10	2.83e-09	4.82e-09	1.67e-05	3.34e-05	1.51e-29
 2.56562e+16	1.16e-08	6.02e-05	1.69e-02	1.39e-01	8.44e-01	2.92e-07	0.00e+00	1.16e-09	3.53e-09	6.00e-09	2.01e-05	4.01e-05	2.73e-29
 2.81665e+16	1.46e-08	7.33e-05	1.95e-02	1.51e-01	8.29e-01	2.92e-07	0.00e+00	1.47e-09	4.44e-09	7.55e-09	2.44e-05	4.88e-05	5.16e-29
 3.05659e+16	1.80e-08	8.79e-05	2.23e-02	1.62e-01	8.15e-01	2.93e-07	0.00e+00	1.81e-09	5.49e-09	9.34e-09	2.93e-05	5.86e-05	9.19e-29
 3.31500e+16	2.27e-08	1.07e-04	2.57e-02	1.75e-01	7.99e-01	2.98e-07	0.00e+00	2.28e-09	6.90e-09	1.17e-08	3.55e-05	7.10e-05	1.70e-28
 3.59231e+16	2.84e-08	1.29e-04	2.96e-02	1.89e-01	7.81e-01	2.99e-07	0.00e+00	2.86e-09	8.67e-09	1.47e-08	4.32e-05	8.62e-05	3.17e-28
 3.84979e+16	3.49e-08	1.54e-04	3.36e-02	2.03e-01	7.63e-01	3.00e-07	0.00e+00	3.51e-09	1.06e-08	1.81e-08	5.15e-05	1.03e-04	5.55e-28
 4.07052e+16	4.12e-08	1.78e-04	3.73e-02	2.15e-01	7.48e-01	2.99e-07	0.00e+00	4.16e-09	1.26e-08	2.14e-08	5.95e-05	1.19e-04	8.73e-28
 4.26099e+16	4.77e-08	2.02e-04	4.08e-02	2.25e-01	7.34e-01	3.01e-07	0.00e+00	4.81e-09	1.45e-08	2.47e-08	6.73e-05	1.34e-04	1.29e-27
 4.47605e+16	5.64e-08	2.32e-04	4.52e-02	2.37e-01	7.17e-01	3.00e-07	0.00e+00	5.69e-09	1.72e-08	2.93e-08	7.75e-05	1.55e-04	2.01e-27
 4.71837e+16	6.74e-08	2.70e-04	5.04e-02	2.51e-01	6.98e-01	3.01e-07	0.00e+00	6.80e-09	2.06e-08	3.50e-08	9.01e-05	1.80e-04	3.25e-27
 4.95052e+16	7.96e-08	3.11e-04	5.57e-02	2.64e-01	6.80e-01	3.01e-07	0.00e+00	8.04e-09	2.43e-08	4.13e-08	1.04e-04	2.07e-04	5.07e-27
 5.16940e+16	9.34e-08	3.55e-04	6.12e-02	2.77e-01	6.61e-01	3.02e-07	0.00e+00	9.43e-09	2.85e-08	4.85e-08	1.19e-04	2.36e-04	7.67e-27
 5.37361e+16	1.08e-07	4.00e-04	6.67e-02	2.89e-01	6.44e-01	3.02e-07	0.00e+00	1.09e-08	3.30e-08	5.61e-08	1.34e-04	2.66e-04	1.12e-26
 5.55740e+16	1.23e-07	4.46e-04	7.20e-02	3.00e-01	6.28e-01	3.03e-07	0.00e+00	1.24e-08	3.76e-08	6.39e-08	1.49e-04	2.97e-04	1.57e-26
 5.72281e+16	1.38e-07	4.91e-04	7.70e-02	3.09e-01	6.13e-01	3.03e-07	0.00e+00	1.40e-08	4.23e-08	7.19e-08	1.64e-04	3.27e-04	2.13e-26
 5.87168e+16	1.54e-07	5.35e-04	8.17e-02	3.18e-01	6.00e-01	3.03e-07	0.00e+00	1.56e-08	4.71e-08	8.00e-08	1.79e-04	3.56e-04	2.79e-26
 6.00567e+16	1.70e-07	5.78e-04	8.62e-02	3.26e-01	5.87e-01	3.03e-07	0.00e+00	1.72e-08	5.19e-08	8.82e-08	1.93e-04	3.85e-04	3.56e-26
 6.12625e+16	1.85e-07	6.20e-04	9.04e-02	3.33e-01	5.76e-01	3.03e-07	0.00e+00	1.88e-08	5.67e-08	9.63e-08	2.07e-04	4.12e-04	4.43e-26
 6.23478e+16	2.01e-07	6.60e-04	9.43e-02	3.39e-01	5.66e-01	3.03e-07	0.00e+00	2.03e-08	6.15e-08	1.04e-07	2.21e-04	4.39e-04	5.40e-26
 6.33245e+16	2.16e-07	6.98e-04	9.80e-02	3.45e-01	5.56e-01	3.03e-07	0.00e+00	2.19e-08	6.61e-08	1.12e-07	2.34e-04	4.65e-04	6.46e-26
 6.42036e+16	2.31e-07	7.35e-04	1.01e-01	3.50e-01	5.48e-01	3.03e-07	0.00e+00	2.34e-08	7.06e-08	1.20e-07	2.46e-04	4.89e-04	7.60e-26
 6.49947e+16	2.45e-07	7.69e-04	1.05e-01	3.55e-01	5.40e-01	3.03e-07	0.00e+00	2.48e-08	7.51e-08	1.27e-07	2.58e-04	5.12e-04	8.80e-26
 6.57301e+16	2.59e-07	8.03e-04	1.08e-01	3.59e-01	5.33e-01	3.03e-07	0.00e+00	2.63e-08	7.94e-08	1.35e-07	2.69e-04	5.34e-04	1.00e-25
 6.64512e+16	2.75e-07	8.38e-04	1.11e-01	3.63e-01	5.26e-01	3.05e-07	0.00e+00	2.78e-08	8.41e-08	1.43e-07	2.80e-04	5.57e-04	1.16e-25
 6.71724e+16	2.91e-07	8.74e-04	1.14e-01	3.67e-01	5.18e-01	3.04e-07	0.00e+00	2.95e-08	8.91e-08	1.51e-07	2.93e-04	5.81e-04	1.32e-25
 6.78935e+16	3.08e-07	9.12e-04	1.17e-01	3.71e-01	5.11e-01	3.04e-07	0.00e+00	3.12e-08	9.44e-08	1.60e-07	3.05e-04	6.07e-04	1.53e-25
 6.86147e+16	3.28e-07	9.53e-04	1.20e-01	3.75e-01	5.04e-01	3.04e-07	0.00e+00	3.32e-08	1.00e-07	1.70e-07	3.19e-04	6.34e-04	1.76e-25
 6.93358e+16	3.48e-07	9.95e-04	1.23e-01	3.79e-01	4.96e-01	3.04e-07	0.00e+00	3.52e-08	1.07e-07	1.81e-07	3.33e-04	6.62e-04	2.02e-25
 7.00570e+16	3.71e-07	1.04e-03	1.27e-01	3.83e-01	4.89e-01	3.04e-07	0.00e+00	3.75e-08	1.14e-07	1.93e-07	3.48e-04	6.92e-04	2.34e-25
 7.07781e+16	3.96e-07	1.09e-03	1.30e-01	3.87e-01	4.81e-01	3.06e-07	0.00e+00	4.02e-08	1.21e-07	2.06e-07	3.64e-04	7.24e-04	2.74e-25
 7.14993e+16	4.27e-07	1.14e-03	1.34e-01	3.91e-01	4.73e-01	3.05e-07	0.00e+00	4.33e-08	1.31e-07	2.22e-07	3.82e-04	7.60e-04	3.21e-25
 7.19875e+16	4.61e-07	1.19e-03	1.37e-01	3.94e-01	4.68e-01	3.05e-07	0.00e+00	4.67e-08	1.41e-07	2.40e-07	4.00e-04	7.94e-04	3.85e-25
