#depth	C	C+	C+2	C+3	C+4	C+5	C+6	C[1]	C[2]	C[3]	C+[1]	C+[2]	CO
 2.20652e+14	2.47e-10	2.54e-06	2.04e-03	4.69e-02	9.51e-01	1.83e-07	0.00e+00	2.43e-11	7.36e-11	1.25e-10	8.44e-07	1.70e-06	6.07e-34
 1.25186e+15	2.53e-10	2.92e-06	2.25e-03	4.94e-02	9.48e-01	1.79e-07	0.00e+00	2.50e-11	7.55e-11	1.28e-10	9.70e-07	1.95e-06	9.30e-34
 2.90540e+15	3.26e-10	3.60e-06	2.61e-03	5.37e-02	9.44e-01	1.81e-07	0.00e+00	3.21e-11	9.71e-11	1.65e-10	1.20e-06	2.41e-06	1.83e-33
 4.62509e+15	4.21e-10	4.46e-06	3.04e-03	5.84e-02	9.39e-01	1.84e-07	0.00e+00	4.15e-11	1.26e-10	2.13e-10	1.48e-06	2.98e-06	3.60e-33
 6.30103e+15	5.34e-10	5.42e-06	3.51e-03	6.32e-02	9.33e-01	1.82e-07	0.00e+00	5.27e-11	1.59e-10	2.71e-10	1.80e-06	3.62e-06	6.68e-33
 7.88967e+15	6.67e-10	6.51e-06	4.00e-03	6.78e-02	9.28e-01	1.85e-07	0.00e+00	6.58e-11	1.99e-10	3.38e-10	2.16e-06	4.35e-06	1.18e-32
 9.65438e+15	8.43e-10	7.89e-06	4.61e-03	7.33e-02	9.22e-01	1.87e-07	0.00e+00	8.31e-11	2.51e-10	4.27e-10	2.62e-06	5.27e-06	2.19e-32
 1.15939e+16	1.08e-09	9.70e-06	5.35e-03	7.96e-02	9.15e-01	1.89e-07	0.00e+00	1.07e-10	3.22e-10	5.48e-10	3.22e-06	6.48e-06	4.22e-32
 1.34139e+16	1.35e-09	1.17e-05	6.12e-03	8.57e-02	9.08e-01	1.91e-07	0.00e+00	1.33e-10	4.04e-10	6.86e-10	3.88e-06	7.80e-06	7.63e-32
 1.51241e+16	1.66e-09	1.39e-05	6.92e-03	9.17e-02	9.01e-01	1.93e-07	0.00e+00	1.64e-10	4.96e-10	8.43e-10	4.60e-06	9.26e-06	1.30e-31
 1.70894e+16	2.09e-09	1.67e-05	7.94e-03	9.90e-02	8.93e-01	1.95e-07	0.00e+00	2.06e-10	6.23e-10	1.06e-09	5.56e-06	1.12e-05	2.39e-31
 1.92964e+16	2.67e-09	2.05e-05	9.20e-03	1.07e-01	8.83e-01	1.98e-07	0.00e+00	2.63e-10	7.96e-10	1.35e-09	6.82e-06	1.37e-05	4.57e-31
 2.13956e+16	3.32e-09	2.47e-05	1.05e-02	1.16e-01	8.74e-01	1.99e-07	0.00e+00	3.28e-10	9.91e-10	1.68e-09	8.21e-06	1.65e-05	8.23e-31
 2.36482e+16	4.20e-09	3.00e-05	1.21e-02	1.25e-01	8.63e-01	2.00e-07	0.00e+00	4.15e-10	1.26e-09	2.13e-09	9.99e-06	2.01e-05	1.54e-30
 2.61106e+16	5.33e-09	3.68e-05	1.41e-02	1.36e-01	8.50e-01	2.01e-07	0.00e+00	5.27e-10	1.59e-09	2.70e-09	1.22e-05	2.45e-05	2.92e-30
 2.84395e+16	6.63e-09	4.42e-05	1.61e-02	1.46e-01	8.37e-01	2.03e-07	0.00e+00	6.56e-10	1.98e-09	3.37e-09	1.47e-05	2.95e-05	5.23e-30
 3.09488e+16	8.33e-09	5.37e-05	1.86e-02	1.59e-01	8.23e-01	2.06e-07	0.00e+00	8.25e-10	2.49e-09	4.23e-09	1.79e-05	3.58e-05	9.72e-30
 3.36892e+16	1.06e-08	6.58e-05	2.15e-02	1.72e-01	8.06e-01	2.06e-07	0.00e+00	1.05e-09	3.17e-09	5.38e-09	2.19e-05	4.39e-05	1.85e-29
 3.62819e+16	1.31e-08	7.92e-05	2.47e-02	1.85e-01	7.90e-01	2.07e-07	0.00e+00	1.30e-09	3.94e-09	6.68e-09	2.64e-05	5.28e-05	3.30e-29
 3.90793e+16	1.67e-08	9.67e-05	2.85e-02	2.00e-01	7.71e-01	2.11e-07	0.00e+00	1.65e-09	4.99e-09	8.47e-09	3.22e-05	6.45e-05	6.17e-29
 4.21205e+16	2.12e-08	1.19e-04	3.32e-02	2.17e-01	7.50e-01	2.13e-07	0.00e+00	2.10e-09	6.35e-09	1.08e-08	3.95e-05	7.91e-05	1.17e-28
 4.49458e+16	2.63e-08	1.43e-04	3.80e-02	2.33e-01	7.28e-01	2.14e-07	0.00e+00	2.61e-09	7.89e-09	1.34e-08	4.76e-05	9.52e-05	2.09e-28
 4.72691e+16	3.12e-08	1.65e-04	4.23e-02	2.47e-01	7.11e-01	2.14e-07	0.00e+00	3.10e-09	9.36e-09	1.59e-08	5.51e-05	1.10e-04	3.29e-28
 4.91906e+16	3.60e-08	1.87e-04	4.62e-02	2.59e-01	6.95e-01	2.17e-07	0.00e+00	3.58e-09	1.08e-08	1.83e-08	6.23e-05	1.25e-04	4.82e-28
 5.12247e+16	4.21e-08	2.13e-04	5.08e-02	2.71e-01	6.78e-01	2.19e-07	0.00e+00	4.18e-09	1.26e-08	2.14e-08	7.09e-05	1.42e-04	7.22e-28
 5.33138e+16	4.91e-08	2.42e-04	5.57e-02	2.84e-01	6.60e-01	2.19e-07	0.00e+00	4.88e-09	1.47e-08	2.50e-08	8.08e-05	1.61e-04	1.08e-27
 5.51939e+16	5.63e-08	2.72e-04	6.06e-02	2.96e-01	6.43e-01	2.20e-07	0.00e+00	5.60e-09	1.69e-08	2.87e-08	9.07e-05	1.81e-04	1.54e-27
 5.68860e+16	6.39e-08	3.02e-04	6.53e-02	3.07e-01	6.27e-01	2.22e-07	0.00e+00	6.35e-09	1.92e-08	3.25e-08	1.01e-04	2.01e-04	2.13e-27
 5.84090e+16	7.15e-08	3.31e-04	6.97e-02	3.17e-01	6.13e-01	2.24e-07	0.00e+00	7.11e-09	2.15e-08	3.64e-08	1.11e-04	2.21e-04	2.85e-27
 5.97796e+16	7.92e-08	3.60e-04	7.40e-02	3.26e-01	6.00e-01	2.26e-07	0.00e+00	7.88e-09	2.38e-08	4.04e-08	1.20e-04	2.40e-04	3.70e-27
 6.10131e+16	8.69e-08	3.89e-04	7.80e-02	3.34e-01	5.88e-01	2.28e-07	0.00e+00	8.65e-09	2.61e-08	4.43e-08	1.30e-04	2.59e-04	4.69e-27
 6.21233e+16	9.45e-08	4.16e-04	8.18e-02	3.41e-01	5.77e-01	2.29e-07	0.00e+00	9.41e-09	2.84e-08	4.82e-08	1.39e-04	2.77e-04	5.80e-27
 6.31225e+16	1.02e-07	4.43e-04	8.54e-02	3.48e-01	5.66e-01	2.31e-07	0.00e+00	1.02e-08	3.07e-08	5.21e-08	1.48e-04	2.95e-04	7.03e-27
 6.40218e+16	1.09e-07	4.68e-04	8.87e-02	3.54e-01	5.57e-01	2.32e-07	0.00e+00	1.09e-08	3.29e-08	5.58e-08	1.56e-04	3.12e-04	8.37e-27
 6.48311e+16	1.17e-07	4.92e-04	9.19e-02	3.59e-01	5.49e-01	2.33e-07	0.00e+00	1.16e-08	3.51e-08	5.95e-08	1.64e-04	3.28e-04	9.83e-27
 6.55751e+16	1.24e-07	5.15e-04	9.48e-02	3.64e-01	5.41e-01	2.34e-07	0.00e+00	1.23e-08	3.72e-08	6.31e-08	1.72e-04	3.43e-04	1.13e-26
 6.62962e+16	1.31e-07	5.39e-04	9.78e-02	3.69e-01	5.33e-01	2.35e-07	0.00e+00	1.30e-08	3.94e-08	6.68e-08	1.80e-04	3.59e-04	1.31e-26
 6.70174e+16	1.39e-07	5.64e-04	1.01e-01	3.74e-01	5.25e-01	2.37e-07	0.00e+00	1.38e-08	4.18e-08	7.08e-08	1.88e-04	3.76e-04	1.52e-26
 6.77385e+16	1.47e-07	5.91e-04	1.04e-01	3.78e-01	5.17e-01	2.38e-07	0.00e+00	1.47e-08	4.44e-08	7.52e-08	1.97e-04	3.93e-04	1.75e-26
 6.84597e+16	1.56e-07	6.18e-04	1.07e-01	3.83e-01	5.09e-01	2.39e-07	0.00e+00	1.56e-08	4.71e-08	7.99e-08	2.06e-04	4.12e-04	2.04e-26
 6.91808e+16	1.66e-07	6.48e-04	1.11e-01	3.88e-01	5.01e-01	2.41e-07	0.00e+00	1.66e-08	5.01e-08	8.49e-08	2.16e-04	4.32e-04	2.36e-26
 6.99020e+16	1.77e-07	6.79e-04	1.14e-01	3.93e-01	4.93e-01	2.42e-07	0.00e+00	1.77e-08	5.34e-08	9.05e-08	2.27e-04	4.52e-04	2.76e-26
 7.06231e+16	1.89e-07	7.12e-04	1.18e-01	3.97e-01	4.84e-01	2.44e-07	0.00e+00	1.89e-08	5.70e-08	9.66e-08	2.38e-04	4.75e-04	3.23e-26
 7.13443e+16	2.03e-07	7.49e-04	1.21e-01	4.02e-01	4.76e-01	2.46e-07	0.00e+00	2.02e-08	6.11e-08	1.03e-07	2.50e-04	4.99e-04	3.82e-26
 7.19100e+16	2.17e-07	7.84e-04	1.24e-01	4.06e-01	4.69e-01	2.47e-07	0.00e+00	2.17e-08	6.55e-08	1.11e-07	2.62e-04	5.22e-04	4.52e-26
