#depth	He	He+	He+2
 2.09343e+14	1.01e-07	3.39e-03	9.97e-01
 1.22879e+15	1.12e-07	3.57e-03	9.96e-01
 2.88141e+15	1.30e-07	3.85e-03	9.96e-01
 4.60014e+15	1.52e-07	4.16e-03	9.96e-01
 6.28252e+15	1.75e-07	4.47e-03	9.96e-01
 7.88841e+15	2.00e-07	4.78e-03	9.95e-01
 9.66364e+15	2.31e-07	5.14e-03	9.95e-01
 1.15992e+16	2.69e-07	5.55e-03	9.94e-01
 1.34175e+16	3.09e-07	5.94e-03	9.94e-01
 1.53629e+16	3.58e-07	6.40e-03	9.94e-01
 1.75051e+16	4.18e-07	6.91e-03	9.93e-01
 1.95235e+16	4.82e-07	7.42e-03	9.93e-01
 2.16983e+16	5.60e-07	8.01e-03	9.92e-01
 2.40903e+16	6.56e-07	8.68e-03	9.91e-01
 2.63572e+16	7.58e-07	9.33e-03	9.91e-01
 2.87941e+16	8.86e-07	1.01e-02	9.90e-01
 3.14559e+16	1.04e-06	1.10e-02	9.89e-01
 3.39785e+16	1.21e-06	1.19e-02	9.88e-01
 3.66955e+16	1.42e-06	1.29e-02	9.87e-01
 3.96501e+16	1.68e-06	1.42e-02	9.86e-01
 4.24264e+16	1.97e-06	1.54e-02	9.85e-01
 4.47276e+16	2.23e-06	1.65e-02	9.84e-01
 4.66155e+16	2.48e-06	1.75e-02	9.83e-01
 4.87174e+16	2.80e-06	1.87e-02	9.81e-01
 5.10160e+16	3.19e-06	2.01e-02	9.80e-01
 5.31259e+16	3.59e-06	2.15e-02	9.79e-01
 5.50248e+16	4.00e-06	2.29e-02	9.77e-01
 5.67339e+16	4.41e-06	2.42e-02	9.76e-01
 5.82720e+16	4.82e-06	2.55e-02	9.75e-01
 5.96563e+16	5.23e-06	2.67e-02	9.73e-01
 6.09022e+16	5.64e-06	2.79e-02	9.72e-01
 6.20235e+16	6.03e-06	2.90e-02	9.71e-01
 6.30327e+16	6.42e-06	3.01e-02	9.70e-01
 6.39409e+16	6.79e-06	3.12e-02	9.69e-01
 6.47583e+16	7.15e-06	3.21e-02	9.68e-01
 6.55061e+16	7.49e-06	3.31e-02	9.67e-01
 6.62273e+16	7.85e-06	3.40e-02	9.66e-01
 6.69484e+16	8.24e-06	3.50e-02	9.65e-01
 6.76696e+16	8.64e-06	3.60e-02	9.64e-01
 6.83907e+16	9.08e-06	3.71e-02	9.63e-01
 6.91119e+16	9.55e-06	3.82e-02	9.62e-01
 6.98330e+16	1.00e-05	3.94e-02	9.61e-01
 7.05542e+16	1.06e-05	4.07e-02	9.59e-01
 7.12753e+16	1.12e-05	4.20e-02	9.58e-01
 7.18755e+16	1.18e-05	4.31e-02	9.57e-01
