#depth	He	He+	He+2
 2.09243e+14	1.75e-07	3.71e-03	9.96e-01
 1.22859e+15	1.94e-07	3.91e-03	9.96e-01
 2.88120e+15	2.26e-07	4.22e-03	9.96e-01
 4.59992e+15	2.63e-07	4.55e-03	9.95e-01
 6.27965e+15	3.03e-07	4.90e-03	9.95e-01
 7.83113e+15	3.44e-07	5.23e-03	9.95e-01
 9.55143e+15	3.95e-07	5.62e-03	9.94e-01
 1.14825e+16	4.61e-07	6.07e-03	9.94e-01
 1.33240e+16	5.31e-07	6.51e-03	9.93e-01
 1.52926e+16	6.16e-07	7.02e-03	9.93e-01
 1.73217e+16	7.12e-07	7.55e-03	9.92e-01
 1.90958e+16	8.06e-07	8.03e-03	9.92e-01
 2.10069e+16	9.20e-07	8.59e-03	9.91e-01
 2.33305e+16	1.08e-06	9.31e-03	9.91e-01
 2.56310e+16	1.25e-06	1.00e-02	9.90e-01
 2.76452e+16	1.41e-06	1.07e-02	9.89e-01
 2.98467e+16	1.62e-06	1.15e-02	9.89e-01
 3.25145e+16	1.91e-06	1.25e-02	9.88e-01
 3.51540e+16	2.22e-06	1.35e-02	9.86e-01
 3.74714e+16	2.53e-06	1.45e-02	9.85e-01
 3.95280e+16	2.84e-06	1.54e-02	9.85e-01
 4.14378e+16	3.16e-06	1.63e-02	9.84e-01
 4.36341e+16	3.58e-06	1.75e-02	9.83e-01
 4.60392e+16	4.09e-06	1.88e-02	9.81e-01
 4.82477e+16	4.60e-06	2.01e-02	9.80e-01
 5.03338e+16	5.17e-06	2.14e-02	9.79e-01
 5.24121e+16	5.80e-06	2.29e-02	9.77e-01
 5.43824e+16	6.47e-06	2.43e-02	9.76e-01
 5.61557e+16	7.15e-06	2.57e-02	9.74e-01
 5.77517e+16	7.83e-06	2.71e-02	9.73e-01
 5.91880e+16	8.51e-06	2.84e-02	9.72e-01
 6.04807e+16	9.18e-06	2.97e-02	9.70e-01
 6.16442e+16	9.83e-06	3.09e-02	9.69e-01
 6.26913e+16	1.05e-05	3.20e-02	9.68e-01
 6.36337e+16	1.11e-05	3.31e-02	9.67e-01
 6.44818e+16	1.17e-05	3.42e-02	9.66e-01
 6.52451e+16	1.23e-05	3.51e-02	9.65e-01
 6.59673e+16	1.28e-05	3.61e-02	9.64e-01
 6.66885e+16	1.35e-05	3.71e-02	9.63e-01
 6.74096e+16	1.41e-05	3.81e-02	9.62e-01
 6.81308e+16	1.48e-05	3.92e-02	9.61e-01
 6.88519e+16	1.56e-05	4.03e-02	9.60e-01
 6.95731e+16	1.64e-05	4.15e-02	9.58e-01
 7.02942e+16	1.73e-05	4.28e-02	9.57e-01
 7.10154e+16	1.83e-05	4.41e-02	9.56e-01
 7.17365e+16	1.94e-05	4.54e-02	9.55e-01
 7.21061e+16	2.06e-05	4.62e-02	9.54e-01
