#depth	C	C+	C+2	C+3	C+4	C+5	C+6	C[1]	C[2]	C[3]	C+[1]	C+[2]	CO
 2.71924e+14	3.72e-10	3.50e-06	2.55e-03	5.22e-02	9.45e-01	1.89e-07	0.00e+00	3.73e-11	1.13e-10	1.93e-10	1.16e-06	2.34e-06	1.68e-33
 1.35646e+15	3.83e-10	4.04e-06	2.81e-03	5.52e-02	9.42e-01	1.85e-07	0.00e+00	3.84e-11	1.16e-10	1.98e-10	1.35e-06	2.70e-06	2.64e-33
 3.01418e+15	4.94e-10	4.99e-06	3.27e-03	6.00e-02	9.37e-01	1.87e-07	0.00e+00	4.95e-11	1.50e-10	2.55e-10	1.66e-06	3.33e-06	5.22e-33
 4.73822e+15	6.40e-10	6.17e-06	3.80e-03	6.51e-02	9.31e-01	1.89e-07	0.00e+00	6.42e-11	1.94e-10	3.31e-10	2.05e-06	4.12e-06	1.04e-32
 6.43274e+15	8.15e-10	7.53e-06	4.39e-03	7.04e-02	9.25e-01	1.88e-07	0.00e+00	8.17e-11	2.47e-10	4.21e-10	2.51e-06	5.02e-06	1.96e-32
 8.06183e+15	1.02e-09	9.07e-06	5.01e-03	7.57e-02	9.19e-01	1.91e-07	0.00e+00	1.03e-10	3.11e-10	5.29e-10	3.02e-06	6.05e-06	3.52e-32
 9.85456e+15	1.30e-09	1.10e-05	5.78e-03	8.18e-02	9.12e-01	1.93e-07	0.00e+00	1.30e-10	3.95e-10	6.72e-10	3.67e-06	7.36e-06	6.61e-32
 1.17634e+16	1.65e-09	1.35e-05	6.68e-03	8.85e-02	9.05e-01	1.95e-07	0.00e+00	1.66e-10	5.03e-10	8.56e-10	4.48e-06	8.98e-06	1.25e-31
 1.35616e+16	2.06e-09	1.62e-05	7.61e-03	9.51e-02	8.97e-01	1.98e-07	0.00e+00	2.07e-10	6.27e-10	1.07e-09	5.38e-06	1.08e-05	2.25e-31
 1.55205e+16	2.61e-09	1.96e-05	8.75e-03	1.03e-01	8.89e-01	2.00e-07	0.00e+00	2.62e-10	7.94e-10	1.35e-09	6.54e-06	1.31e-05	4.22e-31
 1.76898e+16	3.34e-09	2.41e-05	1.01e-02	1.11e-01	8.79e-01	2.03e-07	0.00e+00	3.36e-10	1.02e-09	1.73e-09	8.02e-06	1.61e-05	8.13e-31
 1.97720e+16	4.18e-09	2.90e-05	1.16e-02	1.20e-01	8.69e-01	2.04e-07	0.00e+00	4.20e-10	1.27e-09	2.16e-09	9.68e-06	1.94e-05	1.49e-30
 2.19924e+16	5.30e-09	3.53e-05	1.34e-02	1.29e-01	8.57e-01	2.07e-07	0.00e+00	5.33e-10	1.61e-09	2.74e-09	1.18e-05	2.36e-05	2.81e-30
 2.44141e+16	6.75e-09	4.33e-05	1.55e-02	1.40e-01	8.44e-01	2.09e-07	0.00e+00	6.79e-10	2.05e-09	3.50e-09	1.44e-05	2.88e-05	5.41e-30
 2.67574e+16	8.43e-09	5.22e-05	1.77e-02	1.51e-01	8.31e-01	2.09e-07	0.00e+00	8.48e-10	2.57e-09	4.37e-09	1.74e-05	3.48e-05	9.96e-30
 2.92560e+16	1.06e-08	6.35e-05	2.04e-02	1.63e-01	8.16e-01	2.10e-07	0.00e+00	1.07e-09	3.24e-09	5.52e-09	2.12e-05	4.23e-05	1.88e-29
 3.19650e+16	1.35e-08	7.78e-05	2.36e-02	1.77e-01	8.00e-01	2.12e-07	0.00e+00	1.36e-09	4.13e-09	7.02e-09	2.60e-05	5.18e-05	3.62e-29
 3.46002e+16	1.69e-08	9.40e-05	2.70e-02	1.90e-01	7.83e-01	2.14e-07	0.00e+00	1.70e-09	5.16e-09	8.77e-09	3.14e-05	6.26e-05	6.65e-29
 3.74057e+16	2.14e-08	1.14e-04	3.12e-02	2.05e-01	7.64e-01	2.15e-07	0.00e+00	2.16e-09	6.52e-09	1.11e-08	3.82e-05	7.62e-05	1.26e-28
 4.03338e+16	2.69e-08	1.39e-04	3.59e-02	2.21e-01	7.43e-01	2.15e-07	0.00e+00	2.71e-09	8.21e-09	1.40e-08	4.65e-05	9.27e-05	2.36e-28
 4.27206e+16	3.21e-08	1.62e-04	4.00e-02	2.34e-01	7.25e-01	2.15e-07	0.00e+00	3.23e-09	9.79e-09	1.66e-08	5.41e-05	1.08e-04	3.85e-28
 4.45971e+16	3.69e-08	1.82e-04	4.36e-02	2.45e-01	7.11e-01	2.16e-07	0.00e+00	3.73e-09	1.13e-08	1.92e-08	6.09e-05	1.21e-04	5.63e-28
 4.66633e+16	4.33e-08	2.08e-04	4.79e-02	2.57e-01	6.95e-01	2.17e-07	0.00e+00	4.37e-09	1.32e-08	2.25e-08	6.95e-05	1.39e-04	8.62e-28
 4.90453e+16	5.15e-08	2.41e-04	5.31e-02	2.71e-01	6.76e-01	2.15e-07	0.00e+00	5.20e-09	1.57e-08	2.67e-08	8.05e-05	1.60e-04	1.38e-27
 5.13523e+16	6.06e-08	2.76e-04	5.86e-02	2.85e-01	6.57e-01	2.14e-07	0.00e+00	6.12e-09	1.85e-08	3.15e-08	9.24e-05	1.84e-04	2.14e-27
 5.34286e+16	7.04e-08	3.13e-04	6.39e-02	2.97e-01	6.39e-01	2.16e-07	0.00e+00	7.11e-09	2.15e-08	3.65e-08	1.05e-04	2.08e-04	3.18e-27
 5.52972e+16	8.02e-08	3.49e-04	6.89e-02	3.08e-01	6.23e-01	2.17e-07	0.00e+00	8.11e-09	2.45e-08	4.17e-08	1.17e-04	2.32e-04	4.51e-27
 5.69790e+16	9.03e-08	3.84e-04	7.38e-02	3.18e-01	6.08e-01	2.17e-07	0.00e+00	9.13e-09	2.76e-08	4.69e-08	1.29e-04	2.56e-04	6.15e-27
 5.84926e+16	1.00e-07	4.19e-04	7.83e-02	3.27e-01	5.94e-01	2.17e-07	0.00e+00	1.02e-08	3.07e-08	5.22e-08	1.40e-04	2.79e-04	8.13e-27
 5.98549e+16	1.11e-07	4.53e-04	8.26e-02	3.35e-01	5.82e-01	2.17e-07	0.00e+00	1.12e-08	3.38e-08	5.74e-08	1.52e-04	3.02e-04	1.05e-26
 6.10809e+16	1.21e-07	4.86e-04	8.67e-02	3.42e-01	5.70e-01	2.17e-07	0.00e+00	1.22e-08	3.69e-08	6.27e-08	1.63e-04	3.24e-04	1.31e-26
 6.21843e+16	1.31e-07	5.18e-04	9.05e-02	3.49e-01	5.60e-01	2.17e-07	0.00e+00	1.32e-08	4.00e-08	6.79e-08	1.73e-04	3.45e-04	1.60e-26
 6.31774e+16	1.40e-07	5.48e-04	9.40e-02	3.55e-01	5.51e-01	2.17e-07	0.00e+00	1.42e-08	4.29e-08	7.29e-08	1.83e-04	3.65e-04	1.92e-26
 6.40712e+16	1.50e-07	5.77e-04	9.72e-02	3.60e-01	5.42e-01	2.18e-07	0.00e+00	1.51e-08	4.58e-08	7.77e-08	1.93e-04	3.84e-04	2.27e-26
 6.48756e+16	1.59e-07	6.04e-04	1.00e-01	3.65e-01	5.34e-01	2.18e-07	0.00e+00	1.61e-08	4.86e-08	8.25e-08	2.02e-04	4.02e-04	2.63e-26
 6.56172e+16	1.68e-07	6.30e-04	1.03e-01	3.69e-01	5.27e-01	2.18e-07	0.00e+00	1.70e-08	5.13e-08	8.71e-08	2.11e-04	4.19e-04	3.01e-26
 6.63384e+16	1.77e-07	6.57e-04	1.06e-01	3.73e-01	5.20e-01	2.19e-07	0.00e+00	1.79e-08	5.41e-08	9.19e-08	2.20e-04	4.37e-04	3.47e-26
 6.70595e+16	1.87e-07	6.85e-04	1.09e-01	3.77e-01	5.13e-01	2.19e-07	0.00e+00	1.89e-08	5.72e-08	9.71e-08	2.29e-04	4.55e-04	3.95e-26
 6.77807e+16	1.97e-07	7.14e-04	1.12e-01	3.82e-01	5.06e-01	2.19e-07	0.00e+00	2.00e-08	6.04e-08	1.02e-07	2.39e-04	4.75e-04	4.56e-26
 6.85018e+16	2.09e-07	7.45e-04	1.15e-01	3.86e-01	4.99e-01	2.20e-07	0.00e+00	2.11e-08	6.40e-08	1.09e-07	2.49e-04	4.95e-04	5.24e-26
 6.92230e+16	2.21e-07	7.76e-04	1.18e-01	3.90e-01	4.91e-01	2.20e-07	0.00e+00	2.24e-08	6.77e-08	1.15e-07	2.60e-04	5.16e-04	6.00e-26
 6.99441e+16	2.34e-07	8.10e-04	1.21e-01	3.94e-01	4.84e-01	2.20e-07	0.00e+00	2.37e-08	7.18e-08	1.22e-07	2.71e-04	5.39e-04	6.93e-26
 7.06653e+16	2.49e-07	8.46e-04	1.25e-01	3.98e-01	4.76e-01	2.21e-07	0.00e+00	2.52e-08	7.62e-08	1.29e-07	2.83e-04	5.63e-04	8.08e-26
 7.13864e+16	2.66e-07	8.86e-04	1.28e-01	4.02e-01	4.69e-01	2.21e-07	0.00e+00	2.70e-08	8.16e-08	1.38e-07	2.97e-04	5.89e-04	9.36e-26
 7.19311e+16	2.83e-07	9.24e-04	1.31e-01	4.05e-01	4.63e-01	2.21e-07	0.00e+00	2.87e-08	8.69e-08	1.47e-07	3.09e-04	6.14e-04	1.10e-25
