#depth	O	O+	O+2	O+3	O+4	O+5	O+6	O+7	O+8	O[1]	O[2]	O[3]
 1.82299e+14	6.48e-11	8.51e-07	1.55e-03	1.56e-01	6.38e-01	1.90e-01	1.36e-02	0.00e+00	0.00e+00	5.02e-11	9.46e-12	5.03e-12
 1.09379e+15	7.81e-11	9.79e-07	1.72e-03	1.64e-01	6.40e-01	1.83e-01	1.24e-02	0.00e+00	0.00e+00	6.05e-11	1.14e-11	6.07e-12
 2.66118e+15	1.04e-10	1.22e-06	2.02e-03	1.77e-01	6.40e-01	1.70e-01	1.05e-02	0.00e+00	0.00e+00	8.07e-11	1.52e-11	8.09e-12
 4.37109e+15	1.40e-10	1.53e-06	2.39e-03	1.92e-01	6.39e-01	1.58e-01	8.88e-03	0.00e+00	0.00e+00	1.09e-10	2.04e-11	1.09e-11
 6.00783e+15	1.82e-10	1.87e-06	2.79e-03	2.07e-01	6.36e-01	1.46e-01	7.56e-03	0.00e+00	0.00e+00	1.42e-10	2.65e-11	1.42e-11
 7.47387e+15	2.29e-10	2.23e-06	3.18e-03	2.20e-01	6.33e-01	1.37e-01	6.57e-03	0.00e+00	0.00e+00	1.78e-10	3.34e-11	1.79e-11
 9.08622e+15	2.95e-10	2.69e-06	3.66e-03	2.35e-01	6.28e-01	1.27e-01	5.63e-03	0.00e+00	0.00e+00	2.29e-10	4.29e-11	2.30e-11
 1.09992e+16	3.95e-10	3.35e-06	4.30e-03	2.53e-01	6.21e-01	1.17e-01	4.71e-03	0.00e+00	0.00e+00	3.06e-10	5.74e-11	3.09e-11
 1.28806e+16	5.22e-10	4.14e-06	4.99e-03	2.70e-01	6.14e-01	1.07e-01	3.96e-03	0.00e+00	0.00e+00	4.05e-10	7.58e-11	4.08e-11
 1.45986e+16	6.69e-10	4.98e-06	5.70e-03	2.86e-01	6.06e-01	9.95e-02	3.39e-03	0.00e+00	0.00e+00	5.19e-10	9.70e-11	5.24e-11
 1.62293e+16	8.42e-10	5.91e-06	6.43e-03	3.01e-01	5.97e-01	9.26e-02	2.93e-03	0.00e+00	0.00e+00	6.53e-10	1.22e-10	6.60e-11
 1.80517e+16	1.09e-09	7.16e-06	7.35e-03	3.18e-01	5.87e-01	8.54e-02	2.49e-03	0.00e+00	0.00e+00	8.46e-10	1.58e-10	8.56e-11
 2.00509e+16	1.42e-09	8.71e-06	8.43e-03	3.36e-01	5.75e-01	7.82e-02	2.10e-03	0.00e+00	0.00e+00	1.10e-09	2.05e-10	1.11e-10
 2.18918e+16	1.79e-09	1.04e-05	9.53e-03	3.53e-01	5.64e-01	7.21e-02	1.79e-03	0.00e+00	0.00e+00	1.39e-09	2.60e-10	1.41e-10
 2.38969e+16	2.33e-09	1.26e-05	1.09e-02	3.71e-01	5.51e-01	6.60e-02	1.51e-03	0.00e+00	0.00e+00	1.81e-09	3.37e-10	1.83e-10
 2.61050e+16	3.03e-09	1.53e-05	1.25e-02	3.90e-01	5.36e-01	5.99e-02	1.26e-03	0.00e+00	0.00e+00	2.35e-09	4.38e-10	2.39e-10
 2.81589e+16	3.86e-09	1.83e-05	1.41e-02	4.08e-01	5.22e-01	5.47e-02	1.06e-03	0.00e+00	0.00e+00	2.99e-09	5.57e-10	3.04e-10
 3.00018e+16	4.75e-09	2.14e-05	1.57e-02	4.23e-01	5.10e-01	5.05e-02	9.17e-04	0.00e+00	0.00e+00	3.68e-09	6.85e-10	3.75e-10
 3.19884e+16	5.96e-09	2.53e-05	1.76e-02	4.40e-01	4.96e-01	4.62e-02	7.81e-04	0.00e+00	0.00e+00	4.62e-09	8.59e-10	4.71e-10
 3.41570e+16	7.54e-09	3.02e-05	1.99e-02	4.57e-01	4.80e-01	4.21e-02	6.57e-04	0.00e+00	0.00e+00	5.85e-09	1.09e-09	5.97e-10
 3.61609e+16	9.29e-09	3.53e-05	2.21e-02	4.73e-01	4.66e-01	3.85e-02	5.62e-04	0.00e+00	0.00e+00	7.20e-09	1.34e-09	7.36e-10
 3.83645e+16	1.18e-08	4.20e-05	2.49e-02	4.90e-01	4.50e-01	3.50e-02	4.72e-04	0.00e+00	0.00e+00	9.12e-09	1.69e-09	9.33e-10
 4.07326e+16	1.49e-08	5.02e-05	2.81e-02	5.07e-01	4.33e-01	3.15e-02	3.93e-04	0.00e+00	0.00e+00	1.16e-08	2.15e-09	1.19e-09
 4.28616e+16	1.84e-08	5.88e-05	3.12e-02	5.22e-01	4.17e-01	2.87e-02	3.35e-04	0.00e+00	0.00e+00	1.43e-08	2.64e-09	1.46e-09
 4.51768e+16	2.33e-08	6.99e-05	3.50e-02	5.38e-01	4.01e-01	2.59e-02	2.80e-04	0.00e+00	0.00e+00	1.80e-08	3.34e-09	1.85e-09
 4.76852e+16	2.97e-08	8.39e-05	3.95e-02	5.54e-01	3.83e-01	2.31e-02	2.31e-04	0.00e+00	0.00e+00	2.30e-08	4.26e-09	2.36e-09
 4.99569e+16	3.68e-08	9.88e-05	4.40e-02	5.68e-01	3.67e-01	2.09e-02	1.95e-04	0.00e+00	0.00e+00	2.86e-08	5.29e-09	2.94e-09
 5.20829e+16	4.53e-08	1.15e-04	4.86e-02	5.80e-01	3.52e-01	1.90e-02	1.66e-04	0.00e+00	0.00e+00	3.51e-08	6.50e-09	3.61e-09
 5.40862e+16	5.48e-08	1.33e-04	5.33e-02	5.91e-01	3.38e-01	1.73e-02	1.43e-04	0.00e+00	0.00e+00	4.25e-08	7.87e-09	4.38e-09
 5.58891e+16	6.53e-08	1.52e-04	5.80e-02	6.00e-01	3.26e-01	1.60e-02	1.24e-04	0.00e+00	0.00e+00	5.07e-08	9.37e-09	5.23e-09
 5.75117e+16	7.66e-08	1.71e-04	6.24e-02	6.07e-01	3.15e-01	1.48e-02	1.10e-04	0.00e+00	0.00e+00	5.94e-08	1.10e-08	6.13e-09
 5.89720e+16	8.87e-08	1.91e-04	6.67e-02	6.14e-01	3.05e-01	1.38e-02	9.84e-05	0.00e+00	0.00e+00	6.88e-08	1.27e-08	7.10e-09
 6.02863e+16	1.01e-07	2.11e-04	7.09e-02	6.19e-01	2.97e-01	1.30e-02	8.89e-05	0.00e+00	0.00e+00	7.87e-08	1.45e-08	8.13e-09
 6.14692e+16	1.14e-07	2.31e-04	7.48e-02	6.24e-01	2.89e-01	1.23e-02	8.12e-05	0.00e+00	0.00e+00	8.88e-08	1.64e-08	9.18e-09
 6.25338e+16	1.28e-07	2.51e-04	7.85e-02	6.28e-01	2.82e-01	1.17e-02	7.47e-05	0.00e+00	0.00e+00	9.94e-08	1.84e-08	1.03e-08
 6.34920e+16	1.41e-07	2.70e-04	8.20e-02	6.31e-01	2.75e-01	1.11e-02	6.94e-05	0.00e+00	0.00e+00	1.09e-07	2.02e-08	1.13e-08
 6.43543e+16	1.55e-07	2.90e-04	8.54e-02	6.34e-01	2.70e-01	1.07e-02	6.48e-05	0.00e+00	0.00e+00	1.20e-07	2.22e-08	1.24e-08
 6.51304e+16	1.69e-07	3.09e-04	8.85e-02	6.36e-01	2.65e-01	1.03e-02	6.09e-05	0.00e+00	0.00e+00	1.31e-07	2.42e-08	1.36e-08
 6.58586e+16	1.84e-07	3.29e-04	9.16e-02	6.38e-01	2.60e-01	9.89e-03	5.74e-05	0.00e+00	0.00e+00	1.43e-07	2.64e-08	1.48e-08
 6.65797e+16	2.00e-07	3.50e-04	9.47e-02	6.40e-01	2.55e-01	9.53e-03	5.41e-05	0.00e+00	0.00e+00	1.55e-07	2.87e-08	1.61e-08
 6.73009e+16	2.18e-07	3.73e-04	9.80e-02	6.42e-01	2.51e-01	9.18e-03	5.10e-05	0.00e+00	0.00e+00	1.69e-07	3.12e-08	1.76e-08
 6.80220e+16	2.38e-07	3.98e-04	1.01e-01	6.43e-01	2.46e-01	8.84e-03	4.80e-05	0.00e+00	0.00e+00	1.85e-07	3.41e-08	1.92e-08
 6.87432e+16	2.61e-07	4.25e-04	1.05e-01	6.45e-01	2.41e-01	8.51e-03	4.52e-05	0.00e+00	0.00e+00	2.02e-07	3.74e-08	2.10e-08
 6.94643e+16	2.89e-07	4.58e-04	1.09e-01	6.46e-01	2.37e-01	8.18e-03	4.24e-05	0.00e+00	0.00e+00	2.24e-07	4.13e-08	2.33e-08
 7.01855e+16	3.19e-07	4.92e-04	1.13e-01	6.47e-01	2.32e-01	7.87e-03	3.99e-05	0.00e+00	0.00e+00	2.47e-07	4.56e-08	2.57e-08
 7.09066e+16	3.52e-07	5.29e-04	1.17e-01	6.48e-01	2.27e-01	7.56e-03	3.75e-05	0.00e+00	0.00e+00	2.73e-07	5.03e-08	2.84e-08
 7.16278e+16	4.01e-07	5.80e-04	1.21e-01	6.49e-01	2.23e-01	7.24e-03	3.49e-05	0.00e+00	0.00e+00	3.11e-07	5.73e-08	3.23e-08
 7.20518e+16	4.70e-07	6.46e-04	1.24e-01	6.48e-01	2.20e-01	7.03e-03	3.31e-05	0.00e+00	0.00e+00	3.64e-07	6.72e-08	3.79e-08
