#depth	C	C+	C+2	C+3	C+4	C+5	C+6	C[1]	C[2]	C[3]	C+[1]	C+[2]	CO
 3.30316e+14	1.58e-08	3.30e-05	5.68e-03	5.94e-02	9.35e-01	1.97e-06	0.00e+00	1.67e-09	5.07e-09	8.65e-09	1.13e-05	2.17e-05	3.76e-29
 1.47558e+15	9.97e-09	3.84e-05	6.35e-03	6.33e-02	9.30e-01	1.90e-06	0.00e+00	1.05e-09	3.20e-09	5.46e-09	1.31e-05	2.52e-05	6.26e-29
 3.13807e+15	1.25e-08	4.74e-05	7.43e-03	6.93e-02	9.23e-01	1.83e-06	0.00e+00	1.32e-09	4.01e-09	6.84e-09	1.62e-05	3.12e-05	1.31e-28
 4.86706e+15	1.58e-08	5.86e-05	8.71e-03	7.58e-02	9.15e-01	1.78e-06	0.00e+00	1.67e-09	5.06e-09	8.65e-09	2.01e-05	3.86e-05	2.73e-28
 6.36567e+15	1.91e-08	6.99e-05	9.92e-03	8.16e-02	9.08e-01	1.73e-06	0.00e+00	2.02e-09	6.13e-09	1.05e-08	2.39e-05	4.59e-05	4.97e-28
 7.52413e+15	2.21e-08	7.97e-05	1.10e-02	8.63e-02	9.03e-01	1.71e-06	0.00e+00	2.33e-09	7.09e-09	1.21e-08	2.73e-05	5.24e-05	7.80e-28
 8.76909e+15	2.59e-08	9.17e-05	1.22e-02	9.15e-02	8.96e-01	1.69e-06	0.00e+00	2.74e-09	8.32e-09	1.42e-08	3.14e-05	6.03e-05	1.27e-27
 1.03875e+16	3.18e-08	1.09e-04	1.39e-02	9.85e-02	8.87e-01	1.65e-06	0.00e+00	3.35e-09	1.02e-08	1.74e-08	3.75e-05	7.19e-05	2.32e-27
 1.21060e+16	3.88e-08	1.31e-04	1.58e-02	1.06e-01	8.78e-01	1.62e-06	0.00e+00	4.10e-09	1.25e-08	2.13e-08	4.48e-05	8.59e-05	4.23e-27
 1.36162e+16	4.61e-08	1.52e-04	1.77e-02	1.13e-01	8.69e-01	1.59e-06	0.00e+00	4.87e-09	1.48e-08	2.53e-08	5.21e-05	9.99e-05	7.01e-27
 1.49726e+16	5.35e-08	1.73e-04	1.96e-02	1.19e-01	8.61e-01	1.57e-06	0.00e+00	5.65e-09	1.72e-08	2.93e-08	5.94e-05	1.14e-04	1.09e-26
 1.64671e+16	6.34e-08	2.00e-04	2.18e-02	1.27e-01	8.51e-01	1.54e-06	0.00e+00	6.69e-09	2.03e-08	3.47e-08	6.85e-05	1.31e-04	1.77e-26
 1.81338e+16	7.54e-08	2.33e-04	2.44e-02	1.35e-01	8.41e-01	1.51e-06	0.00e+00	7.97e-09	2.42e-08	4.13e-08	7.97e-05	1.53e-04	2.94e-26
 1.97365e+16	8.92e-08	2.68e-04	2.71e-02	1.43e-01	8.30e-01	1.49e-06	0.00e+00	9.43e-09	2.87e-08	4.89e-08	9.20e-05	1.76e-04	4.69e-26
 2.12789e+16	1.04e-07	3.07e-04	3.00e-02	1.51e-01	8.19e-01	1.47e-06	0.00e+00	1.10e-08	3.35e-08	5.71e-08	1.05e-04	2.01e-04	7.30e-26
 2.30309e+16	1.25e-07	3.56e-04	3.35e-02	1.60e-01	8.06e-01	1.45e-06	0.00e+00	1.32e-08	4.01e-08	6.84e-08	1.22e-04	2.34e-04	1.21e-25
 2.49926e+16	1.52e-07	4.19e-04	3.77e-02	1.70e-01	7.92e-01	1.43e-06	0.00e+00	1.60e-08	4.87e-08	8.31e-08	1.44e-04	2.75e-04	2.08e-25
 2.68479e+16	1.81e-07	4.86e-04	4.19e-02	1.80e-01	7.77e-01	1.40e-06	0.00e+00	1.91e-08	5.82e-08	9.91e-08	1.67e-04	3.19e-04	3.36e-25
 2.85649e+16	2.13e-07	5.55e-04	4.62e-02	1.90e-01	7.64e-01	1.38e-06	0.00e+00	2.25e-08	6.83e-08	1.16e-07	1.90e-04	3.64e-04	5.20e-25
 3.04814e+16	2.55e-07	6.42e-04	5.13e-02	2.00e-01	7.48e-01	1.35e-06	0.00e+00	2.70e-08	8.19e-08	1.40e-07	2.20e-04	4.22e-04	8.44e-25
 3.25953e+16	3.08e-07	7.49e-04	5.73e-02	2.12e-01	7.30e-01	1.33e-06	0.00e+00	3.26e-08	9.90e-08	1.69e-07	2.57e-04	4.92e-04	1.39e-24
 3.46234e+16	3.69e-07	8.64e-04	6.34e-02	2.23e-01	7.13e-01	1.30e-06	0.00e+00	3.90e-08	1.19e-07	2.02e-07	2.97e-04	5.68e-04	2.20e-24
 3.65881e+16	4.37e-07	9.88e-04	6.97e-02	2.34e-01	6.95e-01	1.27e-06	0.00e+00	4.62e-08	1.40e-07	2.39e-07	3.39e-04	6.49e-04	3.39e-24
 3.88129e+16	5.30e-07	1.15e-03	7.75e-02	2.46e-01	6.75e-01	1.24e-06	0.00e+00	5.61e-08	1.71e-07	2.91e-07	3.94e-04	7.53e-04	5.52e-24
 4.12423e+16	6.49e-07	1.34e-03	8.63e-02	2.59e-01	6.53e-01	1.21e-06	0.00e+00	6.86e-08	2.09e-07	3.55e-07	4.60e-04	8.79e-04	9.04e-24
 4.35467e+16	7.85e-07	1.54e-03	9.53e-02	2.71e-01	6.32e-01	1.18e-06	0.00e+00	8.31e-08	2.52e-07	4.30e-07	5.31e-04	1.01e-03	1.42e-23
 4.57864e+16	9.39e-07	1.77e-03	1.04e-01	2.83e-01	6.11e-01	1.14e-06	0.00e+00	9.94e-08	3.02e-07	5.14e-07	6.07e-04	1.16e-03	2.16e-23
 4.81547e+16	1.14e-06	2.03e-03	1.15e-01	2.95e-01	5.89e-01	1.11e-06	0.00e+00	1.20e-07	3.66e-07	6.23e-07	6.97e-04	1.33e-03	3.37e-23
 5.05447e+16	1.37e-06	2.32e-03	1.26e-01	3.06e-01	5.66e-01	1.07e-06	0.00e+00	1.45e-07	4.41e-07	7.51e-07	7.97e-04	1.52e-03	5.10e-23
 5.26958e+16	1.62e-06	2.61e-03	1.36e-01	3.16e-01	5.46e-01	1.03e-06	0.00e+00	1.72e-07	5.21e-07	8.87e-07	8.95e-04	1.71e-03	7.37e-23
 5.46378e+16	1.89e-06	2.89e-03	1.45e-01	3.24e-01	5.27e-01	1.01e-06	0.00e+00	2.00e-07	6.08e-07	1.03e-06	9.92e-04	1.89e-03	1.02e-22
 5.63855e+16	2.17e-06	3.16e-03	1.54e-01	3.32e-01	5.11e-01	9.83e-07	0.00e+00	2.29e-07	6.97e-07	1.19e-06	1.09e-03	2.07e-03	1.36e-22
 5.79585e+16	2.45e-06	3.43e-03	1.62e-01	3.38e-01	4.96e-01	9.58e-07	0.00e+00	2.60e-07	7.89e-07	1.34e-06	1.18e-03	2.25e-03	1.75e-22
 5.93741e+16	2.74e-06	3.68e-03	1.70e-01	3.43e-01	4.83e-01	9.34e-07	0.00e+00	2.90e-07	8.82e-07	1.50e-06	1.26e-03	2.41e-03	2.19e-22
 6.06482e+16	3.03e-06	3.92e-03	1.77e-01	3.48e-01	4.71e-01	9.14e-07	0.00e+00	3.22e-07	9.77e-07	1.66e-06	1.35e-03	2.57e-03	2.68e-22
 6.17949e+16	3.32e-06	4.15e-03	1.83e-01	3.52e-01	4.60e-01	8.95e-07	0.00e+00	3.52e-07	1.07e-06	1.82e-06	1.43e-03	2.73e-03	3.21e-22
 6.28270e+16	3.62e-06	4.37e-03	1.89e-01	3.56e-01	4.50e-01	8.77e-07	0.00e+00	3.84e-07	1.16e-06	1.98e-06	1.50e-03	2.87e-03	3.79e-22
 6.37558e+16	3.91e-06	4.57e-03	1.95e-01	3.59e-01	4.42e-01	8.62e-07	0.00e+00	4.15e-07	1.26e-06	2.14e-06	1.57e-03	3.00e-03	4.39e-22
 6.45917e+16	4.17e-06	4.76e-03	1.99e-01	3.62e-01	4.34e-01	8.49e-07	0.00e+00	4.43e-07	1.34e-06	2.29e-06	1.64e-03	3.12e-03	4.99e-22
 6.53483e+16	4.46e-06	4.94e-03	2.04e-01	3.64e-01	4.27e-01	8.35e-07	0.00e+00	4.73e-07	1.44e-06	2.44e-06	1.70e-03	3.24e-03	5.64e-22
 6.60694e+16	4.75e-06	5.12e-03	2.08e-01	3.66e-01	4.20e-01	8.23e-07	0.00e+00	5.04e-07	1.53e-06	2.60e-06	1.76e-03	3.36e-03	6.36e-22
 6.67906e+16	5.07e-06	5.31e-03	2.13e-01	3.69e-01	4.13e-01	8.10e-07	0.00e+00	5.38e-07	1.63e-06	2.78e-06	1.83e-03	3.48e-03	7.16e-22
 6.75117e+16	5.42e-06	5.51e-03	2.17e-01	3.71e-01	4.06e-01	7.98e-07	0.00e+00	5.75e-07	1.75e-06	2.97e-06	1.89e-03	3.61e-03	8.09e-22
 6.82329e+16	5.81e-06	5.71e-03	2.22e-01	3.73e-01	4.00e-01	7.85e-07	0.00e+00	6.17e-07	1.87e-06	3.18e-06	1.96e-03	3.75e-03	9.16e-22
 6.89540e+16	6.24e-06	5.93e-03	2.27e-01	3.75e-01	3.93e-01	7.72e-07	0.00e+00	6.63e-07	2.01e-06	3.42e-06	2.04e-03	3.89e-03	1.04e-21
 6.96752e+16	6.76e-06	6.18e-03	2.31e-01	3.77e-01	3.86e-01	7.57e-07	0.00e+00	7.18e-07	2.18e-06	3.71e-06	2.12e-03	4.05e-03	1.20e-21
 7.03963e+16	7.48e-06	6.46e-03	2.37e-01	3.79e-01	3.78e-01	7.44e-07	0.00e+00	7.95e-07	2.41e-06	4.10e-06	2.22e-03	4.24e-03	1.43e-21
 7.11175e+16	8.26e-06	6.77e-03	2.42e-01	3.81e-01	3.70e-01	7.26e-07	0.00e+00	8.78e-07	2.67e-06	4.53e-06	2.33e-03	4.44e-03	1.70e-21
 7.17966e+16	9.21e-06	7.09e-03	2.48e-01	3.83e-01	3.62e-01	7.12e-07	0.00e+00	9.79e-07	2.97e-06	5.05e-06	2.44e-03	4.65e-03	2.04e-21
