#depth	C	C+	C+2	C+3	C+4	C+5	C+6	C[1]	C[2]	C[3]	C+[1]	C+[2]	CO
 3.58076e+14	1.87e-09	8.97e-06	3.63e-03	5.55e-02	9.41e-01	3.50e-07	0.00e+00	1.91e-10	5.80e-10	9.91e-10	3.00e-06	5.97e-06	9.98e-32
 1.53221e+15	1.71e-09	1.04e-05	4.05e-03	5.90e-02	9.37e-01	3.52e-07	0.00e+00	1.75e-10	5.32e-10	9.08e-10	3.49e-06	6.95e-06	1.62e-31
 3.19696e+15	2.18e-09	1.29e-05	4.71e-03	6.42e-02	9.31e-01	3.57e-07	0.00e+00	2.24e-10	6.79e-10	1.16e-09	4.31e-06	8.57e-06	3.21e-31
 4.92831e+15	2.80e-09	1.59e-05	5.48e-03	6.99e-02	9.25e-01	3.63e-07	0.00e+00	2.87e-10	8.69e-10	1.48e-09	5.31e-06	1.06e-05	6.37e-31
 6.58477e+15	3.50e-09	1.92e-05	6.30e-03	7.55e-02	9.18e-01	3.64e-07	0.00e+00	3.59e-10	1.09e-09	1.86e-09	6.43e-06	1.28e-05	1.19e-30
 8.11161e+15	4.28e-09	2.28e-05	7.14e-03	8.09e-02	9.12e-01	3.71e-07	0.00e+00	4.39e-10	1.33e-09	2.27e-09	7.63e-06	1.52e-05	2.06e-30
 9.84355e+15	5.35e-09	2.75e-05	8.19e-03	8.72e-02	9.05e-01	3.74e-07	0.00e+00	5.49e-10	1.66e-09	2.84e-09	9.21e-06	1.83e-05	3.81e-30
 1.17196e+16	6.70e-09	3.33e-05	9.44e-03	9.43e-02	8.96e-01	3.77e-07	0.00e+00	6.87e-10	2.08e-09	3.55e-09	1.12e-05	2.22e-05	7.13e-30
 1.34075e+16	8.16e-09	3.94e-05	1.07e-02	1.01e-01	8.88e-01	3.83e-07	0.00e+00	8.37e-10	2.54e-09	4.33e-09	1.32e-05	2.62e-05	1.22e-29
 1.52263e+16	1.01e-08	4.70e-05	1.22e-02	1.08e-01	8.79e-01	3.87e-07	0.00e+00	1.03e-09	3.13e-09	5.34e-09	1.58e-05	3.13e-05	2.18e-29
 1.72714e+16	1.26e-08	5.69e-05	1.40e-02	1.17e-01	8.69e-01	3.90e-07	0.00e+00	1.29e-09	3.91e-09	6.67e-09	1.91e-05	3.78e-05	4.10e-29
 1.92178e+16	1.54e-08	6.78e-05	1.59e-02	1.26e-01	8.59e-01	3.94e-07	0.00e+00	1.59e-09	4.81e-09	8.19e-09	2.27e-05	4.51e-05	7.26e-29
 2.13518e+16	1.93e-08	8.17e-05	1.82e-02	1.35e-01	8.46e-01	3.97e-07	0.00e+00	1.98e-09	6.00e-09	1.02e-08	2.74e-05	5.43e-05	1.35e-28
 2.37016e+16	2.42e-08	9.94e-05	2.09e-02	1.46e-01	8.33e-01	4.03e-07	0.00e+00	2.49e-09	7.54e-09	1.29e-08	3.33e-05	6.61e-05	2.57e-28
 2.58339e+16	2.95e-08	1.18e-04	2.37e-02	1.57e-01	8.20e-01	4.03e-07	0.00e+00	3.03e-09	9.18e-09	1.56e-08	3.95e-05	7.83e-05	4.48e-28
 2.81042e+16	3.64e-08	1.41e-04	2.69e-02	1.68e-01	8.05e-01	4.03e-07	0.00e+00	3.74e-09	1.13e-08	1.93e-08	4.72e-05	9.35e-05	8.07e-28
 3.03745e+16	4.41e-08	1.66e-04	3.04e-02	1.79e-01	7.90e-01	4.04e-07	0.00e+00	4.54e-09	1.38e-08	2.34e-08	5.58e-05	1.10e-04	1.39e-27
 3.21755e+16	5.13e-08	1.89e-04	3.34e-02	1.89e-01	7.78e-01	4.08e-07	0.00e+00	5.28e-09	1.60e-08	2.73e-08	6.35e-05	1.26e-04	2.12e-27
 3.40479e+16	6.02e-08	2.17e-04	3.68e-02	1.98e-01	7.65e-01	4.09e-07	0.00e+00	6.20e-09	1.88e-08	3.20e-08	7.27e-05	1.44e-04	3.30e-27
 3.64820e+16	7.37e-08	2.57e-04	4.15e-02	2.12e-01	7.47e-01	4.07e-07	0.00e+00	7.59e-09	2.30e-08	3.92e-08	8.61e-05	1.70e-04	5.74e-27
 3.89741e+16	8.92e-08	3.02e-04	4.66e-02	2.25e-01	7.28e-01	4.05e-07	0.00e+00	9.18e-09	2.78e-08	4.74e-08	1.01e-04	2.01e-04	9.74e-27
 4.10366e+16	1.04e-07	3.44e-04	5.12e-02	2.36e-01	7.12e-01	4.04e-07	0.00e+00	1.07e-08	3.25e-08	5.53e-08	1.16e-04	2.29e-04	1.49e-26
 4.32127e+16	1.23e-07	3.96e-04	5.65e-02	2.48e-01	6.95e-01	4.01e-07	0.00e+00	1.27e-08	3.85e-08	6.55e-08	1.33e-04	2.63e-04	2.34e-26
 4.58262e+16	1.49e-07	4.65e-04	6.33e-02	2.63e-01	6.74e-01	3.99e-07	0.00e+00	1.54e-08	4.66e-08	7.94e-08	1.56e-04	3.09e-04	3.95e-26
 4.84026e+16	1.79e-07	5.41e-04	7.04e-02	2.77e-01	6.52e-01	3.92e-07	0.00e+00	1.84e-08	5.59e-08	9.51e-08	1.82e-04	3.59e-04	6.42e-26
 5.06928e+16	2.10e-07	6.18e-04	7.72e-02	2.89e-01	6.33e-01	3.92e-07	0.00e+00	2.17e-08	6.57e-08	1.12e-07	2.08e-04	4.10e-04	9.81e-26
 5.28066e+16	2.44e-07	6.96e-04	8.38e-02	3.01e-01	6.15e-01	3.89e-07	0.00e+00	2.51e-08	7.62e-08	1.30e-07	2.34e-04	4.62e-04	1.44e-25
 5.47374e+16	2.79e-07	7.75e-04	9.02e-02	3.11e-01	5.98e-01	3.87e-07	0.00e+00	2.87e-08	8.70e-08	1.48e-07	2.61e-04	5.14e-04	2.03e-25
 5.64752e+16	3.14e-07	8.53e-04	9.63e-02	3.21e-01	5.82e-01	3.84e-07	0.00e+00	3.24e-08	9.82e-08	1.67e-07	2.87e-04	5.66e-04	2.76e-25
 5.80392e+16	3.50e-07	9.29e-04	1.02e-01	3.29e-01	5.68e-01	3.81e-07	0.00e+00	3.61e-08	1.09e-07	1.86e-07	3.12e-04	6.16e-04	3.63e-25
 5.94468e+16	3.86e-07	1.00e-03	1.07e-01	3.36e-01	5.56e-01	3.77e-07	0.00e+00	3.99e-08	1.21e-07	2.05e-07	3.37e-04	6.65e-04	4.63e-25
 6.07136e+16	4.22e-07	1.07e-03	1.12e-01	3.43e-01	5.44e-01	3.74e-07	0.00e+00	4.36e-08	1.32e-07	2.25e-07	3.61e-04	7.12e-04	5.76e-25
 6.18538e+16	4.58e-07	1.14e-03	1.17e-01	3.48e-01	5.34e-01	3.72e-07	0.00e+00	4.73e-08	1.43e-07	2.44e-07	3.84e-04	7.57e-04	7.00e-25
 6.28799e+16	4.93e-07	1.20e-03	1.21e-01	3.53e-01	5.24e-01	3.69e-07	0.00e+00	5.09e-08	1.54e-07	2.62e-07	4.05e-04	7.99e-04	8.37e-25
 6.38035e+16	5.27e-07	1.27e-03	1.25e-01	3.58e-01	5.16e-01	3.67e-07	0.00e+00	5.44e-08	1.65e-07	2.80e-07	4.26e-04	8.40e-04	9.81e-25
 6.46346e+16	5.60e-07	1.32e-03	1.28e-01	3.62e-01	5.08e-01	3.65e-07	0.00e+00	5.78e-08	1.75e-07	2.98e-07	4.45e-04	8.78e-04	1.13e-24
 6.53889e+16	5.92e-07	1.38e-03	1.32e-01	3.66e-01	5.01e-01	3.64e-07	0.00e+00	6.12e-08	1.85e-07	3.15e-07	4.63e-04	9.13e-04	1.29e-24
 6.61101e+16	6.25e-07	1.43e-03	1.35e-01	3.69e-01	4.94e-01	3.62e-07	0.00e+00	6.46e-08	1.96e-07	3.33e-07	4.82e-04	9.49e-04	1.46e-24
 6.68312e+16	6.60e-07	1.49e-03	1.38e-01	3.73e-01	4.87e-01	3.60e-07	0.00e+00	6.82e-08	2.07e-07	3.51e-07	5.01e-04	9.87e-04	1.66e-24
 6.75524e+16	6.99e-07	1.55e-03	1.42e-01	3.76e-01	4.81e-01	3.58e-07	0.00e+00	7.22e-08	2.19e-07	3.72e-07	5.21e-04	1.03e-03	1.90e-24
 6.82735e+16	7.40e-07	1.61e-03	1.45e-01	3.79e-01	4.74e-01	3.57e-07	0.00e+00	7.65e-08	2.32e-07	3.94e-07	5.42e-04	1.07e-03	2.16e-24
 6.89947e+16	7.85e-07	1.67e-03	1.49e-01	3.83e-01	4.67e-01	3.55e-07	0.00e+00	8.12e-08	2.46e-07	4.18e-07	5.63e-04	1.11e-03	2.47e-24
 6.97158e+16	8.36e-07	1.74e-03	1.52e-01	3.86e-01	4.60e-01	3.53e-07	0.00e+00	8.64e-08	2.62e-07	4.45e-07	5.87e-04	1.16e-03	2.83e-24
 7.04370e+16	8.92e-07	1.82e-03	1.56e-01	3.89e-01	4.53e-01	3.51e-07	0.00e+00	9.23e-08	2.79e-07	4.75e-07	6.12e-04	1.20e-03	3.27e-24
 7.11581e+16	9.60e-07	1.90e-03	1.60e-01	3.92e-01	4.46e-01	3.49e-07	0.00e+00	9.93e-08	3.01e-07	5.11e-07	6.40e-04	1.26e-03	3.83e-24
 7.18169e+16	1.04e-06	1.99e-03	1.64e-01	3.96e-01	4.39e-01	3.47e-07	0.00e+00	1.08e-07	3.27e-07	5.56e-07	6.71e-04	1.32e-03	4.64e-24
