#depth	C	C+	C+2	C+3	C+4	C+5	C+6	C[1]	C[2]	C[3]	C+[1]	C+[2]	CO
 1.94276e+14	4.69e-10	3.49e-06	2.16e-03	4.52e-02	9.53e-01	2.53e-07	0.00e+00	4.60e-11	1.39e-10	2.36e-10	1.16e-06	2.33e-06	3.01e-33
 1.16566e+15	4.54e-10	3.97e-06	2.37e-03	4.76e-02	9.50e-01	2.48e-07	0.00e+00	4.45e-11	1.35e-10	2.29e-10	1.32e-06	2.66e-06	4.48e-33
 2.78335e+15	5.74e-10	4.87e-06	2.74e-03	5.17e-02	9.46e-01	2.51e-07	0.00e+00	5.62e-11	1.70e-10	2.89e-10	1.61e-06	3.25e-06	8.56e-33
 4.49815e+15	7.32e-10	6.00e-06	3.19e-03	5.63e-02	9.41e-01	2.54e-07	0.00e+00	7.18e-11	2.17e-10	3.69e-10	1.99e-06	4.01e-06	1.65e-32
 6.19053e+15	9.20e-10	7.29e-06	3.69e-03	6.10e-02	9.35e-01	2.52e-07	0.00e+00	9.03e-11	2.73e-10	4.64e-10	2.42e-06	4.87e-06	3.05e-32
 7.77708e+15	1.13e-09	8.71e-06	4.21e-03	6.56e-02	9.30e-01	2.58e-07	0.00e+00	1.11e-10	3.36e-10	5.71e-10	2.89e-06	5.82e-06	5.30e-32
 9.51811e+15	1.42e-09	1.05e-05	4.85e-03	7.09e-02	9.24e-01	2.60e-07	0.00e+00	1.40e-10	4.22e-10	7.17e-10	3.50e-06	7.05e-06	9.67e-32
 1.14558e+16	1.81e-09	1.29e-05	5.64e-03	7.72e-02	9.17e-01	2.64e-07	0.00e+00	1.78e-10	5.37e-10	9.12e-10	4.29e-06	8.65e-06	1.84e-31
 1.33240e+16	2.26e-09	1.56e-05	6.48e-03	8.34e-02	9.10e-01	2.66e-07	0.00e+00	2.21e-10	6.70e-10	1.14e-09	5.18e-06	1.04e-05	3.34e-31
 1.50494e+16	2.76e-09	1.85e-05	7.33e-03	8.94e-02	9.03e-01	2.69e-07	0.00e+00	2.71e-10	8.19e-10	1.39e-09	6.15e-06	1.24e-05	5.69e-31
 1.69406e+16	3.42e-09	2.22e-05	8.38e-03	9.64e-02	8.95e-01	2.71e-07	0.00e+00	3.36e-10	1.02e-09	1.72e-09	7.38e-06	1.48e-05	1.01e-30
 1.90428e+16	4.27e-09	2.69e-05	9.66e-03	1.04e-01	8.86e-01	2.73e-07	0.00e+00	4.20e-10	1.27e-09	2.15e-09	8.93e-06	1.80e-05	1.86e-30
 2.10083e+16	5.24e-09	3.20e-05	1.10e-02	1.12e-01	8.77e-01	2.76e-07	0.00e+00	5.15e-10	1.56e-09	2.64e-09	1.06e-05	2.14e-05	3.19e-30
 2.31526e+16	6.53e-09	3.86e-05	1.26e-02	1.21e-01	8.66e-01	2.78e-07	0.00e+00	6.42e-10	1.94e-09	3.30e-09	1.28e-05	2.58e-05	5.76e-30
 2.55161e+16	8.20e-09	4.69e-05	1.46e-02	1.31e-01	8.54e-01	2.83e-07	0.00e+00	8.07e-10	2.44e-09	4.14e-09	1.56e-05	3.13e-05	1.06e-29
 2.76996e+16	1.00e-08	5.58e-05	1.66e-02	1.41e-01	8.42e-01	2.85e-07	0.00e+00	9.85e-10	2.98e-09	5.05e-09	1.85e-05	3.73e-05	1.80e-29
 3.00730e+16	1.25e-08	6.73e-05	1.90e-02	1.53e-01	8.28e-01	2.86e-07	0.00e+00	1.23e-09	3.71e-09	6.30e-09	2.24e-05	4.49e-05	3.25e-29
 3.26938e+16	1.57e-08	8.19e-05	2.20e-02	1.66e-01	8.12e-01	2.91e-07	0.00e+00	1.54e-09	4.67e-09	7.92e-09	2.72e-05	5.47e-05	5.95e-29
 3.51171e+16	1.91e-08	9.75e-05	2.51e-02	1.78e-01	7.97e-01	2.90e-07	0.00e+00	1.89e-09	5.70e-09	9.67e-09	3.24e-05	6.51e-05	1.02e-28
 3.77480e+16	2.40e-08	1.18e-04	2.89e-02	1.92e-01	7.79e-01	2.95e-07	0.00e+00	2.37e-09	7.16e-09	1.21e-08	3.93e-05	7.88e-05	1.83e-28
 4.06345e+16	3.02e-08	1.44e-04	3.35e-02	2.08e-01	7.58e-01	2.98e-07	0.00e+00	2.98e-09	9.01e-09	1.53e-08	4.79e-05	9.61e-05	3.35e-28
 4.32748e+16	3.71e-08	1.72e-04	3.83e-02	2.23e-01	7.38e-01	3.00e-07	0.00e+00	3.66e-09	1.11e-08	1.88e-08	5.72e-05	1.15e-04	5.72e-28
 4.54799e+16	4.39e-08	1.98e-04	4.26e-02	2.36e-01	7.21e-01	3.01e-07	0.00e+00	4.33e-09	1.31e-08	2.22e-08	6.61e-05	1.32e-04	8.74e-28
 4.73792e+16	5.07e-08	2.25e-04	4.67e-02	2.48e-01	7.05e-01	3.04e-07	0.00e+00	5.01e-09	1.51e-08	2.57e-08	7.48e-05	1.50e-04	1.27e-27
 4.95042e+16	6.00e-08	2.59e-04	5.18e-02	2.61e-01	6.87e-01	3.07e-07	0.00e+00	5.93e-09	1.79e-08	3.04e-08	8.61e-05	1.72e-04	1.96e-27
 5.17653e+16	7.11e-08	2.99e-04	5.76e-02	2.76e-01	6.66e-01	3.10e-07	0.00e+00	7.04e-09	2.13e-08	3.60e-08	9.95e-05	1.99e-04	3.02e-27
 5.38003e+16	8.31e-08	3.40e-04	6.33e-02	2.89e-01	6.48e-01	3.13e-07	0.00e+00	8.23e-09	2.49e-08	4.21e-08	1.13e-04	2.27e-04	4.44e-27
 5.56318e+16	9.56e-08	3.82e-04	6.89e-02	3.01e-01	6.30e-01	3.16e-07	0.00e+00	9.47e-09	2.86e-08	4.85e-08	1.27e-04	2.55e-04	6.30e-27
 5.72801e+16	1.09e-07	4.24e-04	7.43e-02	3.12e-01	6.14e-01	3.21e-07	0.00e+00	1.08e-08	3.25e-08	5.51e-08	1.41e-04	2.83e-04	8.63e-27
 5.87636e+16	1.22e-07	4.66e-04	7.95e-02	3.22e-01	5.98e-01	3.24e-07	0.00e+00	1.21e-08	3.65e-08	6.19e-08	1.56e-04	3.11e-04	1.15e-26
 6.00988e+16	1.36e-07	5.08e-04	8.45e-02	3.31e-01	5.84e-01	3.26e-07	0.00e+00	1.34e-08	4.06e-08	6.88e-08	1.69e-04	3.39e-04	1.49e-26
 6.13004e+16	1.49e-07	5.49e-04	8.92e-02	3.39e-01	5.72e-01	3.29e-07	0.00e+00	1.48e-08	4.47e-08	7.58e-08	1.83e-04	3.66e-04	1.88e-26
 6.23819e+16	1.63e-07	5.89e-04	9.37e-02	3.46e-01	5.60e-01	3.31e-07	0.00e+00	1.62e-08	4.89e-08	8.29e-08	1.97e-04	3.93e-04	2.33e-26
 6.33552e+16	1.77e-07	6.28e-04	9.79e-02	3.53e-01	5.49e-01	3.33e-07	0.00e+00	1.75e-08	5.30e-08	8.98e-08	2.09e-04	4.18e-04	2.82e-26
 6.42312e+16	1.90e-07	6.65e-04	1.02e-01	3.59e-01	5.39e-01	3.36e-07	0.00e+00	1.89e-08	5.70e-08	9.66e-08	2.22e-04	4.43e-04	3.38e-26
 6.50196e+16	2.03e-07	6.99e-04	1.06e-01	3.64e-01	5.30e-01	3.39e-07	0.00e+00	2.02e-08	6.10e-08	1.03e-07	2.33e-04	4.66e-04	3.93e-26
 6.57536e+16	2.17e-07	7.34e-04	1.09e-01	3.69e-01	5.21e-01	3.41e-07	0.00e+00	2.15e-08	6.49e-08	1.10e-07	2.45e-04	4.89e-04	4.58e-26
 6.64748e+16	2.31e-07	7.71e-04	1.13e-01	3.74e-01	5.13e-01	3.43e-07	0.00e+00	2.29e-08	6.92e-08	1.17e-07	2.57e-04	5.14e-04	5.34e-26
 6.71960e+16	2.46e-07	8.09e-04	1.17e-01	3.79e-01	5.04e-01	3.46e-07	0.00e+00	2.44e-08	7.38e-08	1.25e-07	2.70e-04	5.39e-04	6.22e-26
 6.79171e+16	2.63e-07	8.50e-04	1.20e-01	3.84e-01	4.95e-01	3.48e-07	0.00e+00	2.61e-08	7.89e-08	1.34e-07	2.84e-04	5.67e-04	7.27e-26
 6.86383e+16	2.81e-07	8.94e-04	1.24e-01	3.88e-01	4.86e-01	3.51e-07	0.00e+00	2.79e-08	8.44e-08	1.43e-07	2.98e-04	5.95e-04	8.53e-26
 6.93594e+16	3.01e-07	9.40e-04	1.29e-01	3.93e-01	4.77e-01	3.54e-07	0.00e+00	2.99e-08	9.04e-08	1.53e-07	3.14e-04	6.26e-04	1.00e-25
 7.00806e+16	3.24e-07	9.89e-04	1.33e-01	3.98e-01	4.68e-01	3.57e-07	0.00e+00	3.22e-08	9.71e-08	1.64e-07	3.30e-04	6.59e-04	1.18e-25
 7.08017e+16	3.49e-07	1.04e-03	1.37e-01	4.03e-01	4.59e-01	3.60e-07	0.00e+00	3.47e-08	1.05e-07	1.77e-07	3.48e-04	6.95e-04	1.41e-25
 7.15229e+16	3.78e-07	1.10e-03	1.42e-01	4.08e-01	4.49e-01	3.63e-07	0.00e+00	3.76e-08	1.14e-07	1.92e-07	3.68e-04	7.34e-04	1.69e-25
 7.19993e+16	4.11e-07	1.16e-03	1.45e-01	4.11e-01	4.43e-01	3.66e-07	0.00e+00	4.08e-08	1.23e-07	2.09e-07	3.86e-04	7.71e-04	2.04e-25
