#depth	O	O+	O+2	O+3	O+4	O+5	O+6	O+7	O+8	O[1]	O[2]	O[3]
 1.83174e+14	1.65e-11	5.42e-07	1.68e-03	2.10e-01	6.91e-01	9.52e-02	2.17e-03	0.00e+00	0.00e+00	1.21e-11	2.95e-12	1.38e-12
 1.09904e+15	1.96e-11	6.18e-07	1.84e-03	2.18e-01	6.87e-01	9.05e-02	1.96e-03	0.00e+00	0.00e+00	1.44e-11	3.51e-12	1.64e-12
 2.67011e+15	2.56e-11	7.58e-07	2.14e-03	2.34e-01	6.79e-01	8.32e-02	1.66e-03	0.00e+00	0.00e+00	1.89e-11	4.56e-12	2.14e-12
 4.38038e+15	3.38e-11	9.36e-07	2.49e-03	2.51e-01	6.70e-01	7.60e-02	1.38e-03	0.00e+00	0.00e+00	2.49e-11	6.01e-12	2.82e-12
 6.02679e+15	4.33e-11	1.13e-06	2.87e-03	2.67e-01	6.59e-01	6.98e-02	1.17e-03	0.00e+00	0.00e+00	3.19e-11	7.71e-12	3.63e-12
 7.55689e+15	5.43e-11	1.34e-06	3.26e-03	2.82e-01	6.49e-01	6.45e-02	1.00e-03	0.00e+00	0.00e+00	4.00e-11	9.65e-12	4.55e-12
 9.28047e+15	7.01e-11	1.62e-06	3.75e-03	2.99e-01	6.37e-01	5.90e-02	8.44e-04	0.00e+00	0.00e+00	5.17e-11	1.24e-11	5.87e-12
 1.12149e+16	9.28e-11	2.00e-06	4.35e-03	3.18e-01	6.23e-01	5.35e-02	6.99e-04	0.00e+00	0.00e+00	6.84e-11	1.65e-11	7.78e-12
 1.30872e+16	1.20e-10	2.44e-06	4.99e-03	3.37e-01	6.09e-01	4.88e-02	5.85e-04	0.00e+00	0.00e+00	8.88e-11	2.13e-11	1.01e-11
 1.48150e+16	1.52e-10	2.90e-06	5.65e-03	3.53e-01	5.96e-01	4.48e-02	4.98e-04	0.00e+00	0.00e+00	1.12e-10	2.70e-11	1.28e-11
 1.67055e+16	1.97e-10	3.51e-06	6.44e-03	3.72e-01	5.80e-01	4.08e-02	4.18e-04	0.00e+00	0.00e+00	1.45e-10	3.48e-11	1.65e-11
 1.88063e+16	2.57e-10	4.28e-06	7.40e-03	3.92e-01	5.63e-01	3.68e-02	3.46e-04	0.00e+00	0.00e+00	1.90e-10	4.55e-11	2.17e-11
 2.07718e+16	3.28e-10	5.13e-06	8.39e-03	4.10e-01	5.47e-01	3.35e-02	2.91e-04	0.00e+00	0.00e+00	2.42e-10	5.79e-11	2.76e-11
 2.29178e+16	4.28e-10	6.23e-06	9.59e-03	4.30e-01	5.30e-01	3.02e-02	2.41e-04	0.00e+00	0.00e+00	3.15e-10	7.55e-11	3.61e-11
 2.52835e+16	5.64e-10	7.64e-06	1.11e-02	4.52e-01	5.10e-01	2.70e-02	1.97e-04	0.00e+00	0.00e+00	4.16e-10	9.94e-11	4.76e-11
 2.74667e+16	7.20e-10	9.17e-06	1.25e-02	4.71e-01	4.92e-01	2.44e-02	1.64e-04	0.00e+00	0.00e+00	5.32e-10	1.27e-10	6.09e-11
 2.98365e+16	9.42e-10	1.12e-05	1.44e-02	4.92e-01	4.72e-01	2.18e-02	1.34e-04	0.00e+00	0.00e+00	6.95e-10	1.66e-10	7.98e-11
 3.24527e+16	1.25e-09	1.37e-05	1.66e-02	5.13e-01	4.51e-01	1.93e-02	1.08e-04	0.00e+00	0.00e+00	9.21e-10	2.20e-10	1.06e-10
 3.48725e+16	1.60e-09	1.65e-05	1.88e-02	5.33e-01	4.31e-01	1.72e-02	8.88e-05	0.00e+00	0.00e+00	1.18e-09	2.82e-10	1.36e-10
 3.75014e+16	2.12e-09	2.03e-05	2.16e-02	5.53e-01	4.10e-01	1.52e-02	7.18e-05	0.00e+00	0.00e+00	1.56e-09	3.72e-10	1.80e-10
 4.03814e+16	2.83e-09	2.51e-05	2.50e-02	5.74e-01	3.88e-01	1.33e-02	5.71e-05	0.00e+00	0.00e+00	2.09e-09	4.96e-10	2.40e-10
 4.30109e+16	3.66e-09	3.03e-05	2.85e-02	5.92e-01	3.67e-01	1.17e-02	4.64e-05	0.00e+00	0.00e+00	2.70e-09	6.42e-10	3.12e-10
 4.52071e+16	4.50e-09	3.54e-05	3.17e-02	6.07e-01	3.51e-01	1.06e-02	3.91e-05	0.00e+00	0.00e+00	3.32e-09	7.90e-10	3.84e-10
 4.71002e+16	5.42e-09	4.07e-05	3.48e-02	6.18e-01	3.37e-01	9.66e-03	3.37e-05	0.00e+00	0.00e+00	4.00e-09	9.51e-10	4.63e-10
 4.92367e+16	6.72e-09	4.76e-05	3.87e-02	6.31e-01	3.21e-01	8.71e-03	2.85e-05	0.00e+00	0.00e+00	4.96e-09	1.18e-09	5.75e-10
 5.15245e+16	8.41e-09	5.63e-05	4.33e-02	6.44e-01	3.05e-01	7.80e-03	2.38e-05	0.00e+00	0.00e+00	6.21e-09	1.47e-09	7.20e-10
 5.35836e+16	1.03e-08	6.54e-05	4.77e-02	6.55e-01	2.91e-01	7.05e-03	2.03e-05	0.00e+00	0.00e+00	7.58e-09	1.80e-09	8.81e-10
 5.54368e+16	1.24e-08	7.50e-05	5.22e-02	6.63e-01	2.78e-01	6.44e-03	1.75e-05	0.00e+00	0.00e+00	9.12e-09	2.16e-09	1.06e-09
 5.71046e+16	1.46e-08	8.51e-05	5.67e-02	6.71e-01	2.66e-01	5.92e-03	1.54e-05	0.00e+00	0.00e+00	1.08e-08	2.56e-09	1.25e-09
 5.86057e+16	1.71e-08	9.55e-05	6.10e-02	6.77e-01	2.56e-01	5.49e-03	1.36e-05	0.00e+00	0.00e+00	1.26e-08	2.98e-09	1.46e-09
 5.99566e+16	1.96e-08	1.06e-04	6.52e-02	6.82e-01	2.47e-01	5.12e-03	1.22e-05	0.00e+00	0.00e+00	1.45e-08	3.44e-09	1.69e-09
 6.11725e+16	2.23e-08	1.17e-04	6.93e-02	6.86e-01	2.39e-01	4.81e-03	1.11e-05	0.00e+00	0.00e+00	1.65e-08	3.91e-09	1.92e-09
 6.22667e+16	2.51e-08	1.28e-04	7.31e-02	6.90e-01	2.32e-01	4.54e-03	1.02e-05	0.00e+00	0.00e+00	1.85e-08	4.40e-09	2.16e-09
 6.32516e+16	2.80e-08	1.39e-04	7.69e-02	6.93e-01	2.26e-01	4.30e-03	9.38e-06	0.00e+00	0.00e+00	2.07e-08	4.90e-09	2.41e-09
 6.41379e+16	3.07e-08	1.49e-04	8.04e-02	6.95e-01	2.20e-01	4.10e-03	8.72e-06	0.00e+00	0.00e+00	2.27e-08	5.37e-09	2.65e-09
 6.49357e+16	3.37e-08	1.60e-04	8.38e-02	6.97e-01	2.15e-01	3.93e-03	8.16e-06	0.00e+00	0.00e+00	2.49e-08	5.90e-09	2.91e-09
 6.56741e+16	3.68e-08	1.70e-04	8.71e-02	6.99e-01	2.10e-01	3.77e-03	7.67e-06	0.00e+00	0.00e+00	2.72e-08	6.43e-09	3.17e-09
 6.63953e+16	4.01e-08	1.82e-04	9.05e-02	7.00e-01	2.06e-01	3.62e-03	7.21e-06	0.00e+00	0.00e+00	2.96e-08	7.01e-09	3.46e-09
 6.71164e+16	4.38e-08	1.94e-04	9.40e-02	7.01e-01	2.01e-01	3.47e-03	6.78e-06	0.00e+00	0.00e+00	3.23e-08	7.65e-09	3.78e-09
 6.78376e+16	4.79e-08	2.08e-04	9.77e-02	7.02e-01	1.96e-01	3.33e-03	6.37e-06	0.00e+00	0.00e+00	3.54e-08	8.37e-09	4.13e-09
 6.85587e+16	5.25e-08	2.23e-04	1.02e-01	7.03e-01	1.92e-01	3.19e-03	5.98e-06	0.00e+00	0.00e+00	3.87e-08	9.18e-09	4.53e-09
 6.92799e+16	5.77e-08	2.39e-04	1.06e-01	7.04e-01	1.87e-01	3.06e-03	5.61e-06	0.00e+00	0.00e+00	4.26e-08	1.01e-08	4.98e-09
 7.00010e+16	6.36e-08	2.57e-04	1.10e-01	7.04e-01	1.83e-01	2.93e-03	5.26e-06	0.00e+00	0.00e+00	4.69e-08	1.11e-08	5.49e-09
 7.07222e+16	7.08e-08	2.79e-04	1.15e-01	7.04e-01	1.78e-01	2.80e-03	4.92e-06	0.00e+00	0.00e+00	5.22e-08	1.24e-08	6.12e-09
 7.14433e+16	7.88e-08	3.02e-04	1.19e-01	7.04e-01	1.74e-01	2.68e-03	4.61e-06	0.00e+00	0.00e+00	5.81e-08	1.38e-08	6.81e-09
 7.19595e+16	8.81e-08	3.28e-04	1.23e-01	7.04e-01	1.70e-01	2.59e-03	4.39e-06	0.00e+00	0.00e+00	6.50e-08	1.54e-08	7.62e-09
