#depth	N	N+	N+2	N+3	N+4	N+5	N+6	N+7
 2.74226e+14	6.76e-10	4.52e-06	3.65e-03	1.52e-01	3.73e-01	4.72e-01	1.89e-07	0.00e+00
 1.36115e+15	7.52e-10	5.33e-06	4.13e-03	1.63e-01	3.81e-01	4.52e-01	1.82e-07	0.00e+00
 3.01907e+15	9.96e-10	6.74e-06	4.95e-03	1.81e-01	3.92e-01	4.22e-01	1.75e-07	0.00e+00
 4.74330e+15	1.32e-09	8.50e-06	5.93e-03	2.00e-01	4.02e-01	3.93e-01	1.66e-07	0.00e+00
 6.34936e+15	1.68e-09	1.04e-05	6.94e-03	2.17e-01	4.09e-01	3.66e-01	1.57e-07	0.00e+00
 7.76524e+15	2.07e-09	1.24e-05	7.92e-03	2.33e-01	4.15e-01	3.44e-01	1.52e-07	0.00e+00
 9.34956e+15	2.59e-09	1.49e-05	9.13e-03	2.51e-01	4.19e-01	3.21e-01	1.44e-07	0.00e+00
 1.12517e+16	3.34e-09	1.84e-05	1.07e-02	2.72e-01	4.23e-01	2.94e-01	1.36e-07	0.00e+00
 1.31593e+16	4.23e-09	2.23e-05	1.25e-02	2.94e-01	4.25e-01	2.69e-01	1.26e-07	0.00e+00
 1.48068e+16	5.19e-09	2.63e-05	1.41e-02	3.12e-01	4.25e-01	2.49e-01	0.00e+00	0.00e+00
 1.65235e+16	6.40e-09	3.12e-05	1.60e-02	3.30e-01	4.24e-01	2.29e-01	0.00e+00	0.00e+00
 1.86454e+16	8.18e-09	3.81e-05	1.86e-02	3.53e-01	4.22e-01	2.07e-01	0.00e+00	0.00e+00
 2.07484e+16	1.03e-08	4.58e-05	2.12e-02	3.74e-01	4.18e-01	1.87e-01	0.00e+00	0.00e+00
 2.25404e+16	1.24e-08	5.32e-05	2.37e-02	3.92e-01	4.13e-01	1.71e-01	0.00e+00	0.00e+00
 2.41563e+16	1.45e-08	6.07e-05	2.61e-02	4.08e-01	4.09e-01	1.58e-01	0.00e+00	0.00e+00
 2.59391e+16	1.74e-08	7.01e-05	2.89e-02	4.24e-01	4.02e-01	1.44e-01	0.00e+00	0.00e+00
 2.79153e+16	2.10e-08	8.14e-05	3.21e-02	4.42e-01	3.95e-01	1.31e-01	0.00e+00	0.00e+00
 2.97697e+16	2.49e-08	9.31e-05	3.53e-02	4.58e-01	3.87e-01	1.19e-01	0.00e+00	0.00e+00
 3.18073e+16	2.99e-08	1.08e-04	3.91e-02	4.75e-01	3.79e-01	1.07e-01	0.00e+00	0.00e+00
 3.40265e+16	3.62e-08	1.25e-04	4.35e-02	4.92e-01	3.68e-01	9.62e-02	0.00e+00	0.00e+00
 3.60321e+16	4.27e-08	1.43e-04	4.76e-02	5.07e-01	3.59e-01	8.70e-02	0.00e+00	0.00e+00
 3.81898e+16	5.12e-08	1.65e-04	5.23e-02	5.22e-01	3.48e-01	7.79e-02	0.00e+00	0.00e+00
 4.05625e+16	6.17e-08	1.91e-04	5.78e-02	5.37e-01	3.36e-01	6.91e-02	0.00e+00	0.00e+00
 4.27673e+16	7.33e-08	2.18e-04	6.31e-02	5.50e-01	3.25e-01	6.19e-02	0.00e+00	0.00e+00
 4.51860e+16	8.85e-08	2.52e-04	6.94e-02	5.64e-01	3.12e-01	5.47e-02	0.00e+00	0.00e+00
 4.77996e+16	1.07e-07	2.92e-04	7.65e-02	5.77e-01	2.98e-01	4.80e-02	0.00e+00	0.00e+00
 5.01606e+16	1.28e-07	3.33e-04	8.32e-02	5.88e-01	2.86e-01	4.26e-02	0.00e+00	0.00e+00
 5.23171e+16	1.49e-07	3.75e-04	8.97e-02	5.97e-01	2.75e-01	3.82e-02	0.00e+00	0.00e+00
 5.42969e+16	1.72e-07	4.18e-04	9.59e-02	6.04e-01	2.65e-01	3.45e-02	0.00e+00	0.00e+00
 5.60788e+16	1.95e-07	4.60e-04	1.02e-01	6.10e-01	2.56e-01	3.15e-02	0.00e+00	0.00e+00
 5.76824e+16	2.20e-07	5.01e-04	1.07e-01	6.15e-01	2.48e-01	2.91e-02	0.00e+00	0.00e+00
 5.91257e+16	2.44e-07	5.42e-04	1.12e-01	6.19e-01	2.41e-01	2.70e-02	0.00e+00	0.00e+00
 6.04246e+16	2.69e-07	5.81e-04	1.17e-01	6.23e-01	2.35e-01	2.52e-02	0.00e+00	0.00e+00
 6.15937e+16	2.93e-07	6.20e-04	1.21e-01	6.25e-01	2.29e-01	2.37e-02	0.00e+00	0.00e+00
 6.26458e+16	3.17e-07	6.57e-04	1.25e-01	6.28e-01	2.24e-01	2.25e-02	0.00e+00	0.00e+00
 6.35928e+16	3.41e-07	6.92e-04	1.29e-01	6.30e-01	2.20e-01	2.14e-02	0.00e+00	0.00e+00
 6.44450e+16	3.63e-07	7.24e-04	1.32e-01	6.31e-01	2.16e-01	2.04e-02	0.00e+00	0.00e+00
 6.52120e+16	3.86e-07	7.56e-04	1.35e-01	6.32e-01	2.12e-01	1.96e-02	0.00e+00	0.00e+00
 6.59359e+16	4.09e-07	7.89e-04	1.38e-01	6.33e-01	2.09e-01	1.89e-02	0.00e+00	0.00e+00
 6.66571e+16	4.34e-07	8.22e-04	1.41e-01	6.34e-01	2.05e-01	1.81e-02	0.00e+00	0.00e+00
 6.73782e+16	4.61e-07	8.58e-04	1.45e-01	6.35e-01	2.02e-01	1.74e-02	0.00e+00	0.00e+00
 6.80994e+16	4.90e-07	8.96e-04	1.48e-01	6.36e-01	1.98e-01	1.67e-02	0.00e+00	0.00e+00
 6.88205e+16	5.22e-07	9.36e-04	1.51e-01	6.37e-01	1.95e-01	1.61e-02	0.00e+00	0.00e+00
 6.95417e+16	5.58e-07	9.80e-04	1.54e-01	6.37e-01	1.92e-01	1.54e-02	0.00e+00	0.00e+00
 7.02628e+16	6.00e-07	1.03e-03	1.58e-01	6.38e-01	1.88e-01	1.48e-02	0.00e+00	0.00e+00
 7.09840e+16	6.48e-07	1.08e-03	1.62e-01	6.38e-01	1.85e-01	1.42e-02	0.00e+00	0.00e+00
 7.17051e+16	7.17e-07	1.16e-03	1.66e-01	6.38e-01	1.82e-01	1.35e-02	0.00e+00	0.00e+00
 7.20904e+16	8.37e-07	1.25e-03	1.69e-01	6.38e-01	1.79e-01	1.30e-02	0.00e+00	0.00e+00
