#depth	He	He+	He+2
 4.54749e+14	2.43e-07	4.32e-03	9.96e-01
 1.72942e+15	2.75e-07	4.60e-03	9.95e-01
 3.40206e+15	3.24e-07	4.99e-03	9.95e-01
 5.14161e+15	3.80e-07	5.41e-03	9.95e-01
 6.80294e+15	4.40e-07	5.82e-03	9.94e-01
 8.32982e+15	5.02e-07	6.21e-03	9.94e-01
 1.00603e+16	5.80e-07	6.68e-03	9.93e-01
 1.19439e+16	6.75e-07	7.21e-03	9.93e-01
 1.36509e+16	7.68e-07	7.70e-03	9.92e-01
 1.54942e+16	8.84e-07	8.26e-03	9.92e-01
 1.75654e+16	1.03e-06	8.92e-03	9.91e-01
 1.95340e+16	1.18e-06	9.55e-03	9.90e-01
 2.16846e+16	1.37e-06	1.03e-02	9.90e-01
 2.40540e+16	1.61e-06	1.11e-02	9.89e-01
 2.61976e+16	1.84e-06	1.19e-02	9.88e-01
 2.79817e+16	2.06e-06	1.26e-02	9.87e-01
 2.98187e+16	2.31e-06	1.33e-02	9.87e-01
 3.18942e+16	2.61e-06	1.42e-02	9.86e-01
 3.38846e+16	2.93e-06	1.50e-02	9.85e-01
 3.57868e+16	3.26e-06	1.58e-02	9.84e-01
 3.79697e+16	3.69e-06	1.68e-02	9.83e-01
 4.03744e+16	4.21e-06	1.80e-02	9.82e-01
 4.25905e+16	4.72e-06	1.90e-02	9.81e-01
 4.46806e+16	5.27e-06	2.01e-02	9.80e-01
 4.70448e+16	5.96e-06	2.14e-02	9.79e-01
 4.95518e+16	6.74e-06	2.28e-02	9.77e-01
 5.18081e+16	7.53e-06	2.41e-02	9.76e-01
 5.38388e+16	8.30e-06	2.53e-02	9.75e-01
 5.56665e+16	9.06e-06	2.64e-02	9.74e-01
 5.73113e+16	9.80e-06	2.75e-02	9.72e-01
 5.87917e+16	1.05e-05	2.85e-02	9.71e-01
 6.01241e+16	1.12e-05	2.94e-02	9.71e-01
 6.13232e+16	1.18e-05	3.03e-02	9.70e-01
 6.24024e+16	1.25e-05	3.10e-02	9.69e-01
 6.33737e+16	1.31e-05	3.18e-02	9.68e-01
 6.42478e+16	1.36e-05	3.24e-02	9.68e-01
 6.50345e+16	1.41e-05	3.30e-02	9.67e-01
 6.57678e+16	1.46e-05	3.36e-02	9.66e-01
 6.64889e+16	1.52e-05	3.42e-02	9.66e-01
 6.72101e+16	1.57e-05	3.48e-02	9.65e-01
 6.79312e+16	1.63e-05	3.54e-02	9.65e-01
 6.86524e+16	1.68e-05	3.60e-02	9.64e-01
 6.93735e+16	1.74e-05	3.66e-02	9.63e-01
 7.00947e+16	1.81e-05	3.73e-02	9.63e-01
 7.08159e+16	1.89e-05	3.80e-02	9.62e-01
 7.15370e+16	1.97e-05	3.86e-02	9.61e-01
 7.20064e+16	2.04e-05	3.91e-02	9.61e-01
