#depth	He	He+	He+2
 2.37578e+14	1.68e-07	3.64e-03	9.96e-01
 1.28639e+15	1.87e-07	3.83e-03	9.96e-01
 2.94131e+15	2.18e-07	4.14e-03	9.96e-01
 4.66243e+15	2.54e-07	4.47e-03	9.96e-01
 6.34371e+15	2.94e-07	4.81e-03	9.95e-01
 7.89278e+15	3.34e-07	5.14e-03	9.95e-01
 9.60682e+15	3.84e-07	5.52e-03	9.94e-01
 1.15329e+16	4.46e-07	5.96e-03	9.94e-01
 1.33721e+16	5.14e-07	6.40e-03	9.94e-01
 1.53409e+16	5.97e-07	6.89e-03	9.93e-01
 1.73755e+16	6.91e-07	7.42e-03	9.93e-01
 1.91621e+16	7.82e-07	7.89e-03	9.92e-01
 2.10917e+16	8.94e-07	8.45e-03	9.92e-01
 2.34276e+16	1.05e-06	9.15e-03	9.91e-01
 2.57346e+16	1.21e-06	9.85e-03	9.90e-01
 2.77630e+16	1.37e-06	1.05e-02	9.90e-01
 2.99863e+16	1.58e-06	1.13e-02	9.89e-01
 3.26696e+16	1.86e-06	1.23e-02	9.88e-01
 3.53240e+16	2.16e-06	1.33e-02	9.87e-01
 3.76734e+16	2.47e-06	1.42e-02	9.86e-01
 3.97616e+16	2.77e-06	1.51e-02	9.85e-01
 4.16868e+16	3.08e-06	1.60e-02	9.84e-01
 4.38915e+16	3.48e-06	1.70e-02	9.83e-01
 4.63156e+16	3.97e-06	1.83e-02	9.82e-01
 4.85598e+16	4.47e-06	1.95e-02	9.80e-01
 5.06884e+16	5.01e-06	2.08e-02	9.79e-01
 5.27690e+16	5.60e-06	2.21e-02	9.78e-01
 5.47036e+16	6.21e-06	2.34e-02	9.77e-01
 5.64448e+16	6.82e-06	2.46e-02	9.75e-01
 5.80118e+16	7.43e-06	2.58e-02	9.74e-01
 5.94221e+16	8.03e-06	2.69e-02	9.73e-01
 6.06914e+16	8.62e-06	2.80e-02	9.72e-01
 6.18338e+16	9.20e-06	2.91e-02	9.71e-01
 6.28620e+16	9.75e-06	3.00e-02	9.70e-01
 6.37873e+16	1.03e-05	3.09e-02	9.69e-01
 6.46201e+16	1.08e-05	3.18e-02	9.68e-01
 6.53751e+16	1.13e-05	3.26e-02	9.67e-01
 6.60963e+16	1.18e-05	3.34e-02	9.67e-01
 6.68174e+16	1.23e-05	3.42e-02	9.66e-01
 6.75386e+16	1.29e-05	3.51e-02	9.65e-01
 6.82597e+16	1.35e-05	3.60e-02	9.64e-01
 6.89809e+16	1.41e-05	3.69e-02	9.63e-01
 6.97020e+16	1.48e-05	3.79e-02	9.62e-01
 7.04232e+16	1.56e-05	3.89e-02	9.61e-01
 7.11443e+16	1.64e-05	3.99e-02	9.60e-01
 7.18100e+16	1.73e-05	4.09e-02	9.59e-01
