#depth	He	He+	He+2
 1.82299e+14	3.18e-07	4.35e-03	9.96e-01
 1.09379e+15	3.49e-07	4.56e-03	9.95e-01
 2.66118e+15	4.04e-07	4.91e-03	9.95e-01
 4.37109e+15	4.71e-07	5.31e-03	9.95e-01
 6.00783e+15	5.42e-07	5.71e-03	9.94e-01
 7.47387e+15	6.10e-07	6.07e-03	9.94e-01
 9.08622e+15	6.96e-07	6.50e-03	9.93e-01
 1.09992e+16	8.10e-07	7.03e-03	9.93e-01
 1.28806e+16	9.35e-07	7.56e-03	9.92e-01
 1.45986e+16	1.06e-06	8.06e-03	9.92e-01
 1.62293e+16	1.20e-06	8.56e-03	9.91e-01
 1.80517e+16	1.37e-06	9.16e-03	9.91e-01
 2.00509e+16	1.57e-06	9.82e-03	9.90e-01
 2.18918e+16	1.77e-06	1.04e-02	9.90e-01
 2.38969e+16	2.03e-06	1.12e-02	9.89e-01
 2.61050e+16	2.33e-06	1.20e-02	9.88e-01
 2.81589e+16	2.64e-06	1.28e-02	9.87e-01
 3.00018e+16	2.95e-06	1.36e-02	9.86e-01
 3.19884e+16	3.33e-06	1.44e-02	9.86e-01
 3.41570e+16	3.77e-06	1.54e-02	9.85e-01
 3.61609e+16	4.22e-06	1.64e-02	9.84e-01
 3.83645e+16	4.78e-06	1.75e-02	9.82e-01
 4.07326e+16	5.44e-06	1.88e-02	9.81e-01
 4.28616e+16	6.10e-06	1.99e-02	9.80e-01
 4.51768e+16	6.92e-06	2.14e-02	9.79e-01
 4.76852e+16	7.91e-06	2.30e-02	9.77e-01
 4.99569e+16	8.92e-06	2.46e-02	9.75e-01
 5.20829e+16	9.99e-06	2.61e-02	9.74e-01
 5.40862e+16	1.11e-05	2.77e-02	9.72e-01
 5.58891e+16	1.22e-05	2.93e-02	9.71e-01
 5.75117e+16	1.34e-05	3.08e-02	9.69e-01
 5.89720e+16	1.45e-05	3.22e-02	9.68e-01
 6.02863e+16	1.56e-05	3.36e-02	9.66e-01
 6.14692e+16	1.67e-05	3.48e-02	9.65e-01
 6.25338e+16	1.78e-05	3.60e-02	9.64e-01
 6.34920e+16	1.87e-05	3.72e-02	9.63e-01
 6.43543e+16	1.97e-05	3.83e-02	9.62e-01
 6.51304e+16	2.07e-05	3.93e-02	9.61e-01
 6.58586e+16	2.17e-05	4.03e-02	9.60e-01
 6.65797e+16	2.27e-05	4.13e-02	9.59e-01
 6.73009e+16	2.37e-05	4.23e-02	9.58e-01
 6.80220e+16	2.49e-05	4.34e-02	9.57e-01
 6.87432e+16	2.61e-05	4.45e-02	9.55e-01
 6.94643e+16	2.75e-05	4.57e-02	9.54e-01
 7.01855e+16	2.89e-05	4.70e-02	9.53e-01
 7.09066e+16	3.04e-05	4.82e-02	9.52e-01
 7.16278e+16	3.23e-05	4.96e-02	9.50e-01
 7.20518e+16	3.44e-05	5.05e-02	9.50e-01
