#depth	He	He+	He+2
 2.30607e+14	1.25e-07	3.77e-03	9.96e-01
 1.27217e+15	1.39e-07	3.97e-03	9.96e-01
 2.92653e+15	1.62e-07	4.28e-03	9.96e-01
 4.64705e+15	1.89e-07	4.63e-03	9.95e-01
 6.34569e+15	2.19e-07	4.98e-03	9.95e-01
 7.96516e+15	2.50e-07	5.33e-03	9.95e-01
 9.74012e+15	2.89e-07	5.74e-03	9.94e-01
 1.16517e+16	3.36e-07	6.19e-03	9.94e-01
 1.34537e+16	3.86e-07	6.63e-03	9.93e-01
 1.54093e+16	4.48e-07	7.14e-03	9.93e-01
 1.75714e+16	5.24e-07	7.72e-03	9.92e-01
 1.96419e+16	6.06e-07	8.30e-03	9.92e-01
 2.18529e+16	7.06e-07	8.96e-03	9.91e-01
 2.42651e+16	8.28e-07	9.71e-03	9.90e-01
 2.65895e+16	9.61e-07	1.05e-02	9.90e-01
 2.90722e+16	1.12e-06	1.13e-02	9.89e-01
 3.17671e+16	1.32e-06	1.23e-02	9.88e-01
 3.43716e+16	1.55e-06	1.33e-02	9.87e-01
 3.71517e+16	1.82e-06	1.45e-02	9.85e-01
 3.97090e+16	2.10e-06	1.57e-02	9.84e-01
 4.16013e+16	2.33e-06	1.65e-02	9.83e-01
 4.35553e+16	2.60e-06	1.76e-02	9.82e-01
 4.60325e+16	2.99e-06	1.89e-02	9.81e-01
 4.85888e+16	3.44e-06	2.04e-02	9.80e-01
 5.08049e+16	3.87e-06	2.18e-02	9.78e-01
 5.28515e+16	4.34e-06	2.32e-02	9.77e-01
 5.47779e+16	4.82e-06	2.46e-02	9.75e-01
 5.65116e+16	5.31e-06	2.60e-02	9.74e-01
 5.80719e+16	5.79e-06	2.73e-02	9.73e-01
 5.94763e+16	6.27e-06	2.86e-02	9.71e-01
 6.07402e+16	6.74e-06	2.98e-02	9.70e-01
 6.18777e+16	7.19e-06	3.09e-02	9.69e-01
 6.29014e+16	7.63e-06	3.20e-02	9.68e-01
 6.38228e+16	8.06e-06	3.30e-02	9.67e-01
 6.46520e+16	8.47e-06	3.40e-02	9.66e-01
 6.54054e+16	8.85e-06	3.49e-02	9.65e-01
 6.61266e+16	9.25e-06	3.58e-02	9.64e-01
 6.68477e+16	9.67e-06	3.67e-02	9.63e-01
 6.75689e+16	1.01e-05	3.77e-02	9.62e-01
 6.82900e+16	1.06e-05	3.87e-02	9.61e-01
 6.90112e+16	1.11e-05	3.98e-02	9.60e-01
 6.97323e+16	1.16e-05	4.09e-02	9.59e-01
 7.04535e+16	1.22e-05	4.20e-02	9.58e-01
 7.11746e+16	1.28e-05	4.32e-02	9.57e-01
 7.18252e+16	1.35e-05	4.44e-02	9.56e-01
