#depth	C	C+	C+2	C+3	C+4	C+5	C+6	C[1]	C[2]	C[3]	C+[1]	C+[2]	CO
 1.81117e+14	9.10e-10	4.99e-06	2.42e-03	4.55e-02	9.52e-01	3.85e-07	0.00e+00	8.91e-11	2.70e-10	4.58e-10	1.65e-06	3.34e-06	1.54e-32
 1.08670e+15	8.18e-10	5.63e-06	2.63e-03	4.77e-02	9.50e-01	3.31e-07	0.00e+00	8.02e-11	2.42e-10	4.12e-10	1.86e-06	3.76e-06	2.21e-32
 2.64912e+15	1.01e-09	6.84e-06	3.04e-03	5.18e-02	9.45e-01	3.35e-07	0.00e+00	9.94e-11	3.01e-10	5.11e-10	2.26e-06	4.57e-06	4.10e-32
 4.35855e+15	1.28e-09	8.39e-06	3.54e-03	5.64e-02	9.40e-01	3.39e-07	0.00e+00	1.25e-10	3.79e-10	6.43e-10	2.78e-06	5.61e-06	7.77e-32
 6.02164e+15	1.58e-09	1.01e-05	4.08e-03	6.12e-02	9.35e-01	3.37e-07	0.00e+00	1.55e-10	4.69e-10	7.97e-10	3.36e-06	6.78e-06	1.40e-31
 7.55011e+15	1.91e-09	1.20e-05	4.64e-03	6.57e-02	9.30e-01	3.45e-07	0.00e+00	1.88e-10	5.67e-10	9.64e-10	3.98e-06	8.03e-06	2.36e-31
 9.24490e+15	2.38e-09	1.45e-05	5.33e-03	7.09e-02	9.24e-01	3.48e-07	0.00e+00	2.33e-10	7.05e-10	1.20e-09	4.79e-06	9.67e-06	4.20e-31
 1.11479e+16	2.99e-09	1.77e-05	6.18e-03	7.71e-02	9.17e-01	3.54e-07	0.00e+00	2.93e-10	8.86e-10	1.50e-09	5.86e-06	1.18e-05	7.87e-31
 1.29634e+16	3.67e-09	2.12e-05	7.08e-03	8.34e-02	9.10e-01	3.56e-07	0.00e+00	3.61e-10	1.09e-09	1.85e-09	7.03e-06	1.42e-05	1.39e-30
 1.49124e+16	4.61e-09	2.57e-05	8.17e-03	9.03e-02	9.01e-01	3.59e-07	0.00e+00	4.53e-10	1.37e-09	2.32e-09	8.54e-06	1.72e-05	2.57e-30
 1.69169e+16	5.70e-09	3.10e-05	9.40e-03	9.79e-02	8.93e-01	3.65e-07	0.00e+00	5.60e-10	1.69e-09	2.87e-09	1.03e-05	2.07e-05	4.59e-30
 1.86504e+16	6.82e-09	3.63e-05	1.06e-02	1.05e-01	8.85e-01	3.70e-07	0.00e+00	6.71e-10	2.03e-09	3.44e-09	1.20e-05	2.42e-05	7.47e-30
 2.05073e+16	8.31e-09	4.29e-05	1.20e-02	1.12e-01	8.76e-01	3.71e-07	0.00e+00	8.17e-10	2.47e-09	4.19e-09	1.43e-05	2.87e-05	1.26e-29
 2.27898e+16	1.05e-08	5.23e-05	1.39e-02	1.22e-01	8.64e-01	3.76e-07	0.00e+00	1.03e-09	3.11e-09	5.28e-09	1.74e-05	3.49e-05	2.33e-29
 2.50606e+16	1.29e-08	6.29e-05	1.60e-02	1.32e-01	8.52e-01	3.79e-07	0.00e+00	1.27e-09	3.84e-09	6.52e-09	2.09e-05	4.20e-05	4.12e-29
 2.70243e+16	1.54e-08	7.36e-05	1.79e-02	1.41e-01	8.41e-01	3.80e-07	0.00e+00	1.52e-09	4.59e-09	7.79e-09	2.45e-05	4.91e-05	6.60e-29
 2.91536e+16	1.88e-08	8.71e-05	2.04e-02	1.51e-01	8.28e-01	3.85e-07	0.00e+00	1.85e-09	5.60e-09	9.50e-09	2.90e-05	5.82e-05	1.11e-28
 3.17660e+16	2.38e-08	1.06e-04	2.37e-02	1.64e-01	8.12e-01	3.89e-07	0.00e+00	2.34e-09	7.08e-09	1.20e-08	3.54e-05	7.11e-05	2.05e-28
 3.43597e+16	2.94e-08	1.28e-04	2.73e-02	1.78e-01	7.95e-01	3.91e-07	0.00e+00	2.90e-09	8.76e-09	1.49e-08	4.27e-05	8.57e-05	3.60e-28
 3.65975e+16	3.52e-08	1.50e-04	3.07e-02	1.90e-01	7.79e-01	3.96e-07	0.00e+00	3.48e-09	1.05e-08	1.78e-08	5.00e-05	1.00e-04	5.77e-28
 3.85757e+16	4.13e-08	1.72e-04	3.41e-02	2.01e-01	7.65e-01	3.97e-07	0.00e+00	4.08e-09	1.23e-08	2.09e-08	5.74e-05	1.15e-04	8.65e-28
 4.07036e+16	4.94e-08	2.00e-04	3.81e-02	2.13e-01	7.49e-01	3.98e-07	0.00e+00	4.87e-09	1.47e-08	2.50e-08	6.67e-05	1.34e-04	1.36e-27
 4.30163e+16	5.88e-08	2.34e-04	4.28e-02	2.27e-01	7.30e-01	4.01e-07	0.00e+00	5.81e-09	1.76e-08	2.98e-08	7.78e-05	1.56e-04	2.15e-27
 4.51345e+16	6.96e-08	2.69e-04	4.76e-02	2.39e-01	7.13e-01	4.06e-07	0.00e+00	6.88e-09	2.08e-08	3.52e-08	8.96e-05	1.79e-04	3.24e-27
 4.71357e+16	8.14e-08	3.07e-04	5.25e-02	2.52e-01	6.96e-01	4.08e-07	0.00e+00	8.05e-09	2.43e-08	4.12e-08	1.02e-04	2.05e-04	4.77e-27
 4.93282e+16	9.71e-08	3.56e-04	5.85e-02	2.66e-01	6.76e-01	4.09e-07	0.00e+00	9.60e-09	2.90e-08	4.92e-08	1.19e-04	2.37e-04	7.35e-27
 5.16069e+16	1.15e-07	4.11e-04	6.52e-02	2.80e-01	6.54e-01	4.15e-07	0.00e+00	1.14e-08	3.44e-08	5.83e-08	1.37e-04	2.74e-04	1.14e-26
 5.36577e+16	1.36e-07	4.70e-04	7.19e-02	2.94e-01	6.34e-01	4.21e-07	0.00e+00	1.34e-08	4.05e-08	6.87e-08	1.57e-04	3.13e-04	1.67e-26
 5.55035e+16	1.57e-07	5.29e-04	7.84e-02	3.06e-01	6.15e-01	4.26e-07	0.00e+00	1.55e-08	4.69e-08	7.95e-08	1.77e-04	3.53e-04	2.37e-26
 5.71646e+16	1.79e-07	5.89e-04	8.47e-02	3.17e-01	5.98e-01	4.30e-07	0.00e+00	1.77e-08	5.35e-08	9.07e-08	1.97e-04	3.93e-04	3.25e-26
 5.86597e+16	2.02e-07	6.50e-04	9.08e-02	3.27e-01	5.82e-01	4.33e-07	0.00e+00	2.00e-08	6.05e-08	1.03e-07	2.17e-04	4.33e-04	4.34e-26
 6.00052e+16	2.26e-07	7.10e-04	9.67e-02	3.36e-01	5.67e-01	4.37e-07	0.00e+00	2.24e-08	6.76e-08	1.15e-07	2.37e-04	4.73e-04	5.64e-26
 6.12162e+16	2.50e-07	7.69e-04	1.02e-01	3.44e-01	5.53e-01	4.41e-07	0.00e+00	2.48e-08	7.49e-08	1.27e-07	2.57e-04	5.12e-04	7.16e-26
 6.23061e+16	2.74e-07	8.27e-04	1.08e-01	3.51e-01	5.41e-01	4.44e-07	0.00e+00	2.72e-08	8.22e-08	1.39e-07	2.76e-04	5.51e-04	8.89e-26
 6.32870e+16	2.99e-07	8.83e-04	1.13e-01	3.58e-01	5.29e-01	4.47e-07	0.00e+00	2.96e-08	8.95e-08	1.52e-07	2.95e-04	5.89e-04	1.08e-25
 6.41698e+16	3.22e-07	9.35e-04	1.17e-01	3.63e-01	5.18e-01	4.51e-07	0.00e+00	3.20e-08	9.65e-08	1.64e-07	3.12e-04	6.23e-04	1.28e-25
 6.49644e+16	3.46e-07	9.88e-04	1.22e-01	3.69e-01	5.09e-01	4.54e-07	0.00e+00	3.44e-08	1.04e-07	1.76e-07	3.30e-04	6.58e-04	1.52e-25
 6.57013e+16	3.70e-07	1.04e-03	1.26e-01	3.74e-01	4.99e-01	4.57e-07	0.00e+00	3.68e-08	1.11e-07	1.88e-07	3.47e-04	6.93e-04	1.78e-25
 6.64225e+16	3.97e-07	1.09e-03	1.30e-01	3.78e-01	4.90e-01	4.61e-07	0.00e+00	3.94e-08	1.19e-07	2.01e-07	3.65e-04	7.28e-04	2.09e-25
 6.71436e+16	4.25e-07	1.15e-03	1.35e-01	3.83e-01	4.81e-01	4.64e-07	0.00e+00	4.22e-08	1.27e-07	2.16e-07	3.84e-04	7.66e-04	2.45e-25
 6.78648e+16	4.56e-07	1.21e-03	1.39e-01	3.88e-01	4.72e-01	4.67e-07	0.00e+00	4.53e-08	1.37e-07	2.32e-07	4.04e-04	8.07e-04	2.88e-25
 6.85859e+16	4.91e-07	1.28e-03	1.44e-01	3.93e-01	4.62e-01	4.70e-07	0.00e+00	4.87e-08	1.47e-07	2.49e-07	4.26e-04	8.50e-04	3.40e-25
 6.93071e+16	5.29e-07	1.34e-03	1.49e-01	3.97e-01	4.52e-01	4.73e-07	0.00e+00	5.25e-08	1.59e-07	2.69e-07	4.49e-04	8.96e-04	4.03e-25
 7.00282e+16	5.72e-07	1.42e-03	1.54e-01	4.02e-01	4.43e-01	4.77e-07	0.00e+00	5.68e-08	1.72e-07	2.91e-07	4.74e-04	9.45e-04	4.80e-25
 7.07494e+16	6.22e-07	1.50e-03	1.60e-01	4.07e-01	4.32e-01	4.85e-07	0.00e+00	6.18e-08	1.87e-07	3.16e-07	5.01e-04	1.00e-03	5.82e-25
 7.14705e+16	6.81e-07	1.59e-03	1.65e-01	4.11e-01	4.22e-01	4.87e-07	0.00e+00	6.77e-08	2.04e-07	3.46e-07	5.31e-04	1.06e-03	7.05e-25
 7.19731e+16	7.50e-07	1.68e-03	1.69e-01	4.14e-01	4.15e-01	4.89e-07	0.00e+00	7.46e-08	2.25e-07	3.81e-07	5.60e-04	1.12e-03	8.56e-25
