#depth	He	He+	He+2
 1.86825e+14	1.81e-07	3.77e-03	9.96e-01
 1.12095e+15	1.98e-07	3.96e-03	9.96e-01
 2.70734e+15	2.29e-07	4.26e-03	9.96e-01
 4.41911e+15	2.67e-07	4.60e-03	9.95e-01
 6.04598e+15	3.06e-07	4.93e-03	9.95e-01
 7.52769e+15	3.45e-07	5.25e-03	9.95e-01
 9.20096e+15	3.96e-07	5.63e-03	9.94e-01
 1.11514e+16	4.63e-07	6.09e-03	9.94e-01
 1.30622e+16	5.35e-07	6.55e-03	9.93e-01
 1.48301e+16	6.11e-07	7.00e-03	9.93e-01
 1.65287e+16	6.91e-07	7.45e-03	9.93e-01
 1.84535e+16	7.95e-07	8.00e-03	9.92e-01
 2.05693e+16	9.19e-07	8.61e-03	9.91e-01
 2.25173e+16	1.05e-06	9.19e-03	9.91e-01
 2.46331e+16	1.20e-06	9.89e-03	9.90e-01
 2.69731e+16	1.40e-06	1.07e-02	9.89e-01
 2.91471e+16	1.60e-06	1.14e-02	9.89e-01
 3.15159e+16	1.85e-06	1.24e-02	9.88e-01
 3.41236e+16	2.16e-06	1.34e-02	9.87e-01
 3.65204e+16	2.48e-06	1.45e-02	9.86e-01
 3.85749e+16	2.78e-06	1.54e-02	9.85e-01
 4.04140e+16	3.08e-06	1.63e-02	9.84e-01
 4.25130e+16	3.48e-06	1.74e-02	9.83e-01
 4.48361e+16	3.97e-06	1.87e-02	9.81e-01
 4.70095e+16	4.48e-06	2.00e-02	9.80e-01
 4.90706e+16	5.03e-06	2.14e-02	9.79e-01
 5.11961e+16	5.69e-06	2.30e-02	9.77e-01
 5.32880e+16	6.41e-06	2.46e-02	9.75e-01
 5.51707e+16	7.15e-06	2.62e-02	9.74e-01
 5.68651e+16	7.91e-06	2.78e-02	9.72e-01
 5.83902e+16	8.66e-06	2.94e-02	9.71e-01
 5.97627e+16	9.42e-06	3.09e-02	9.69e-01
 6.09979e+16	1.02e-05	3.23e-02	9.68e-01
 6.21096e+16	1.09e-05	3.37e-02	9.66e-01
 6.31102e+16	1.17e-05	3.51e-02	9.65e-01
 6.40107e+16	1.23e-05	3.63e-02	9.64e-01
 6.48211e+16	1.30e-05	3.75e-02	9.62e-01
 6.55656e+16	1.37e-05	3.87e-02	9.61e-01
 6.62868e+16	1.44e-05	3.99e-02	9.60e-01
 6.70079e+16	1.52e-05	4.11e-02	9.59e-01
 6.77291e+16	1.60e-05	4.24e-02	9.58e-01
 6.84502e+16	1.69e-05	4.38e-02	9.56e-01
 6.91714e+16	1.78e-05	4.52e-02	9.55e-01
 6.98925e+16	1.89e-05	4.67e-02	9.53e-01
 7.06137e+16	2.00e-05	4.84e-02	9.52e-01
 7.13348e+16	2.13e-05	5.00e-02	9.50e-01
 7.19053e+16	2.25e-05	5.14e-02	9.49e-01
