#depth	O	O+	O+2	O+3	O+4	O+5	O+6	O+7	O+8	O[1]	O[2]	O[3]
 2.46453e+14	3.14e-11	7.10e-07	1.75e-03	1.96e-01	6.77e-01	1.21e-01	4.17e-03	0.00e+00	0.00e+00	2.43e-11	4.61e-12	2.45e-12
 1.30450e+15	3.85e-11	8.27e-07	1.95e-03	2.05e-01	6.74e-01	1.15e-01	3.72e-03	0.00e+00	0.00e+00	2.98e-11	5.65e-12	3.00e-12
 2.96014e+15	5.15e-11	1.03e-06	2.28e-03	2.21e-01	6.68e-01	1.06e-01	3.12e-03	0.00e+00	0.00e+00	3.99e-11	7.54e-12	4.01e-12
 4.68202e+15	6.88e-11	1.28e-06	2.67e-03	2.38e-01	6.60e-01	9.68e-02	2.61e-03	0.00e+00	0.00e+00	5.33e-11	1.01e-11	5.37e-12
 6.32093e+15	8.93e-11	1.56e-06	3.08e-03	2.53e-01	6.52e-01	8.92e-02	2.21e-03	0.00e+00	0.00e+00	6.92e-11	1.30e-11	6.97e-12
 7.81774e+15	1.12e-10	1.85e-06	3.49e-03	2.68e-01	6.44e-01	8.29e-02	1.91e-03	0.00e+00	0.00e+00	8.71e-11	1.64e-11	8.77e-12
 9.50987e+15	1.45e-10	2.24e-06	4.01e-03	2.84e-01	6.34e-01	7.62e-02	1.62e-03	0.00e+00	0.00e+00	1.13e-10	2.12e-11	1.13e-11
 1.14774e+16	1.93e-10	2.77e-06	4.67e-03	3.03e-01	6.22e-01	6.93e-02	1.34e-03	0.00e+00	0.00e+00	1.50e-10	2.82e-11	1.51e-11
 1.34075e+16	2.55e-10	3.40e-06	5.38e-03	3.22e-01	6.09e-01	6.32e-02	1.12e-03	0.00e+00	0.00e+00	1.98e-10	3.71e-11	2.00e-11
 1.51235e+16	3.24e-10	4.05e-06	6.08e-03	3.38e-01	5.97e-01	5.82e-02	9.55e-04	0.00e+00	0.00e+00	2.51e-10	4.70e-11	2.54e-11
 1.69565e+16	4.17e-10	4.88e-06	6.91e-03	3.55e-01	5.84e-01	5.34e-02	8.08e-04	0.00e+00	0.00e+00	3.24e-10	6.06e-11	3.27e-11
 1.90189e+16	5.48e-10	5.96e-06	7.92e-03	3.75e-01	5.68e-01	4.84e-02	6.72e-04	0.00e+00	0.00e+00	4.25e-10	7.95e-11	4.30e-11
 2.09819e+16	7.03e-10	7.16e-06	8.98e-03	3.93e-01	5.54e-01	4.42e-02	5.66e-04	0.00e+00	0.00e+00	5.45e-10	1.02e-10	5.53e-11
 2.31359e+16	9.25e-10	8.74e-06	1.03e-02	4.12e-01	5.37e-01	4.00e-02	4.70e-04	0.00e+00	0.00e+00	7.17e-10	1.34e-10	7.28e-11
 2.54983e+16	1.23e-09	1.07e-05	1.18e-02	4.33e-01	5.19e-01	3.59e-02	3.85e-04	0.00e+00	0.00e+00	9.52e-10	1.78e-10	9.67e-11
 2.76682e+16	1.58e-09	1.29e-05	1.34e-02	4.52e-01	5.02e-01	3.25e-02	3.21e-04	0.00e+00	0.00e+00	1.22e-09	2.28e-10	1.24e-10
 3.00259e+16	2.07e-09	1.57e-05	1.53e-02	4.71e-01	4.84e-01	2.92e-02	2.65e-04	0.00e+00	0.00e+00	1.61e-09	2.99e-10	1.64e-10
 3.26418e+16	2.76e-09	1.93e-05	1.76e-02	4.92e-01	4.64e-01	2.59e-02	2.14e-04	0.00e+00	0.00e+00	2.14e-09	3.98e-10	2.18e-10
 3.50873e+16	3.57e-09	2.33e-05	1.99e-02	5.11e-01	4.45e-01	2.32e-02	1.76e-04	0.00e+00	0.00e+00	2.77e-09	5.15e-10	2.82e-10
 3.71839e+16	4.42e-09	2.73e-05	2.21e-02	5.27e-01	4.29e-01	2.12e-02	1.50e-04	0.00e+00	0.00e+00	3.43e-09	6.37e-10	3.50e-10
 3.90270e+16	5.32e-09	3.13e-05	2.42e-02	5.40e-01	4.16e-01	1.95e-02	1.30e-04	0.00e+00	0.00e+00	4.13e-09	7.68e-10	4.22e-10
 4.11170e+16	6.60e-09	3.65e-05	2.68e-02	5.55e-01	4.00e-01	1.77e-02	1.10e-04	0.00e+00	0.00e+00	5.12e-09	9.51e-10	5.24e-10
 4.34598e+16	8.31e-09	4.32e-05	3.00e-02	5.71e-01	3.83e-01	1.60e-02	9.20e-05	0.00e+00	0.00e+00	6.45e-09	1.20e-09	6.61e-10
 4.56940e+16	1.03e-08	5.05e-05	3.32e-02	5.85e-01	3.67e-01	1.44e-02	7.76e-05	0.00e+00	0.00e+00	8.00e-09	1.48e-09	8.20e-10
 4.78357e+16	1.27e-08	5.87e-05	3.67e-02	5.98e-01	3.52e-01	1.31e-02	6.60e-05	0.00e+00	0.00e+00	9.82e-09	1.82e-09	1.01e-09
 5.00651e+16	1.57e-08	6.86e-05	4.05e-02	6.10e-01	3.37e-01	1.19e-02	5.58e-05	0.00e+00	0.00e+00	1.22e-08	2.25e-09	1.25e-09
 5.22701e+16	1.93e-08	7.99e-05	4.47e-02	6.22e-01	3.22e-01	1.07e-02	4.73e-05	0.00e+00	0.00e+00	1.50e-08	2.77e-09	1.54e-09
 5.42546e+16	2.32e-08	9.17e-05	4.87e-02	6.32e-01	3.09e-01	9.80e-03	4.08e-05	0.00e+00	0.00e+00	1.80e-08	3.34e-09	1.86e-09
 5.60407e+16	2.75e-08	1.04e-04	5.27e-02	6.40e-01	2.98e-01	9.03e-03	3.57e-05	0.00e+00	0.00e+00	2.13e-08	3.95e-09	2.20e-09
 5.76481e+16	3.20e-08	1.16e-04	5.65e-02	6.47e-01	2.88e-01	8.39e-03	3.17e-05	0.00e+00	0.00e+00	2.48e-08	4.60e-09	2.56e-09
 5.90948e+16	3.68e-08	1.29e-04	6.01e-02	6.53e-01	2.79e-01	7.85e-03	2.84e-05	0.00e+00	0.00e+00	2.86e-08	5.28e-09	2.95e-09
 6.03969e+16	4.18e-08	1.41e-04	6.35e-02	6.58e-01	2.70e-01	7.39e-03	2.58e-05	0.00e+00	0.00e+00	3.24e-08	5.99e-09	3.35e-09
 6.15687e+16	4.69e-08	1.54e-04	6.68e-02	6.63e-01	2.63e-01	6.99e-03	2.36e-05	0.00e+00	0.00e+00	3.63e-08	6.72e-09	3.76e-09
 6.26233e+16	5.20e-08	1.66e-04	6.99e-02	6.66e-01	2.57e-01	6.65e-03	2.18e-05	0.00e+00	0.00e+00	4.03e-08	7.46e-09	4.17e-09
 6.35725e+16	5.73e-08	1.78e-04	7.28e-02	6.69e-01	2.51e-01	6.36e-03	2.03e-05	0.00e+00	0.00e+00	4.44e-08	8.21e-09	4.59e-09
 6.44268e+16	6.21e-08	1.89e-04	7.55e-02	6.72e-01	2.46e-01	6.11e-03	1.91e-05	0.00e+00	0.00e+00	4.82e-08	8.91e-09	4.99e-09
 6.51956e+16	6.74e-08	2.01e-04	7.81e-02	6.74e-01	2.42e-01	5.88e-03	1.80e-05	0.00e+00	0.00e+00	5.22e-08	9.66e-09	5.41e-09
 6.59204e+16	7.28e-08	2.13e-04	8.06e-02	6.76e-01	2.37e-01	5.68e-03	1.70e-05	0.00e+00	0.00e+00	5.64e-08	1.04e-08	5.84e-09
 6.66415e+16	7.86e-08	2.25e-04	8.32e-02	6.78e-01	2.33e-01	5.48e-03	1.61e-05	0.00e+00	0.00e+00	6.10e-08	1.13e-08	6.32e-09
 6.73627e+16	8.51e-08	2.38e-04	8.58e-02	6.80e-01	2.29e-01	5.29e-03	1.52e-05	0.00e+00	0.00e+00	6.60e-08	1.22e-08	6.83e-09
 6.80838e+16	9.22e-08	2.53e-04	8.86e-02	6.81e-01	2.25e-01	5.10e-03	1.44e-05	0.00e+00	0.00e+00	7.15e-08	1.32e-08	7.41e-09
 6.88050e+16	1.00e-07	2.69e-04	9.15e-02	6.83e-01	2.21e-01	4.92e-03	1.36e-05	0.00e+00	0.00e+00	7.76e-08	1.43e-08	8.05e-09
 6.95261e+16	1.09e-07	2.86e-04	9.44e-02	6.84e-01	2.17e-01	4.75e-03	1.28e-05	0.00e+00	0.00e+00	8.44e-08	1.56e-08	8.76e-09
 7.02473e+16	1.19e-07	3.06e-04	9.76e-02	6.85e-01	2.12e-01	4.57e-03	1.21e-05	0.00e+00	0.00e+00	9.27e-08	1.71e-08	9.62e-09
 7.09684e+16	1.31e-07	3.27e-04	1.01e-01	6.86e-01	2.08e-01	4.41e-03	1.14e-05	0.00e+00	0.00e+00	1.02e-07	1.88e-08	1.06e-08
 7.16896e+16	1.46e-07	3.53e-04	1.04e-01	6.87e-01	2.04e-01	4.24e-03	1.08e-05	0.00e+00	0.00e+00	1.13e-07	2.08e-08	1.17e-08
 7.20827e+16	1.68e-07	3.87e-04	1.07e-01	6.87e-01	2.02e-01	4.14e-03	1.03e-05	0.00e+00	0.00e+00	1.30e-07	2.40e-08	1.35e-08
