#depth	O	O+	O+2	O+3	O+4	O+5	O+6	O+7	O+8	O[1]	O[2]	O[3]
 2.71924e+14	1.30e-11	5.80e-07	2.06e-03	2.54e-01	6.83e-01	6.04e-02	7.32e-04	0.00e+00	0.00e+00	1.00e-11	1.93e-12	1.02e-12
 1.35646e+15	1.58e-11	6.73e-07	2.28e-03	2.66e-01	6.75e-01	5.67e-02	6.48e-04	0.00e+00	0.00e+00	1.22e-11	2.35e-12	1.24e-12
 3.01418e+15	2.10e-11	8.33e-07	2.64e-03	2.83e-01	6.62e-01	5.16e-02	5.40e-04	0.00e+00	0.00e+00	1.62e-11	3.10e-12	1.65e-12
 4.73822e+15	2.79e-11	1.03e-06	3.06e-03	3.01e-01	6.49e-01	4.68e-02	4.49e-04	0.00e+00	0.00e+00	2.15e-11	4.11e-12	2.19e-12
 6.43274e+15	3.63e-11	1.25e-06	3.51e-03	3.19e-01	6.35e-01	4.26e-02	3.76e-04	0.00e+00	0.00e+00	2.80e-11	5.34e-12	2.85e-12
 8.06183e+15	4.63e-11	1.50e-06	3.98e-03	3.36e-01	6.21e-01	3.90e-02	3.18e-04	0.00e+00	0.00e+00	3.58e-11	6.81e-12	3.64e-12
 9.85456e+15	6.01e-11	1.82e-06	4.55e-03	3.54e-01	6.06e-01	3.54e-02	2.66e-04	0.00e+00	0.00e+00	4.65e-11	8.82e-12	4.72e-12
 1.17634e+16	7.83e-11	2.21e-06	5.22e-03	3.74e-01	5.89e-01	3.20e-02	2.20e-04	0.00e+00	0.00e+00	6.06e-11	1.15e-11	6.16e-12
 1.35616e+16	1.00e-10	2.65e-06	5.90e-03	3.92e-01	5.73e-01	2.92e-02	1.85e-04	0.00e+00	0.00e+00	7.77e-11	1.47e-11	7.89e-12
 1.55205e+16	1.31e-10	3.22e-06	6.72e-03	4.11e-01	5.56e-01	2.64e-02	1.54e-04	0.00e+00	0.00e+00	1.01e-10	1.92e-11	1.03e-11
 1.76898e+16	1.74e-10	3.95e-06	7.71e-03	4.32e-01	5.37e-01	2.36e-02	1.26e-04	0.00e+00	0.00e+00	1.34e-10	2.54e-11	1.37e-11
 1.97720e+16	2.25e-10	4.78e-06	8.75e-03	4.51e-01	5.19e-01	2.13e-02	1.05e-04	0.00e+00	0.00e+00	1.74e-10	3.28e-11	1.77e-11
 2.19924e+16	2.96e-10	5.82e-06	9.96e-03	4.71e-01	5.00e-01	1.91e-02	8.59e-05	0.00e+00	0.00e+00	2.29e-10	4.31e-11	2.34e-11
 2.44141e+16	3.94e-10	7.15e-06	1.14e-02	4.93e-01	4.79e-01	1.69e-02	6.97e-05	0.00e+00	0.00e+00	3.05e-10	5.73e-11	3.11e-11
 2.67574e+16	5.14e-10	8.66e-06	1.30e-02	5.12e-01	4.59e-01	1.51e-02	5.71e-05	0.00e+00	0.00e+00	3.98e-10	7.47e-11	4.06e-11
 2.92560e+16	6.79e-10	1.06e-05	1.48e-02	5.33e-01	4.39e-01	1.34e-02	4.63e-05	0.00e+00	0.00e+00	5.26e-10	9.87e-11	5.37e-11
 3.19650e+16	9.09e-10	1.30e-05	1.69e-02	5.54e-01	4.17e-01	1.18e-02	3.71e-05	0.00e+00	0.00e+00	7.04e-10	1.32e-10	7.19e-11
 3.46002e+16	1.19e-09	1.58e-05	1.92e-02	5.74e-01	3.97e-01	1.04e-02	3.00e-05	0.00e+00	0.00e+00	9.26e-10	1.73e-10	9.47e-11
 3.74057e+16	1.59e-09	1.94e-05	2.19e-02	5.93e-01	3.76e-01	9.15e-03	2.40e-05	0.00e+00	0.00e+00	1.23e-09	2.31e-10	1.26e-10
 4.03338e+16	2.12e-09	2.38e-05	2.51e-02	6.12e-01	3.54e-01	7.99e-03	1.91e-05	0.00e+00	0.00e+00	1.65e-09	3.07e-10	1.69e-10
 4.27206e+16	2.66e-09	2.80e-05	2.79e-02	6.27e-01	3.38e-01	7.16e-03	1.59e-05	0.00e+00	0.00e+00	2.06e-09	3.84e-10	2.11e-10
 4.45971e+16	3.17e-09	3.18e-05	3.02e-02	6.38e-01	3.25e-01	6.57e-03	1.37e-05	0.00e+00	0.00e+00	2.46e-09	4.58e-10	2.53e-10
 4.66633e+16	3.87e-09	3.66e-05	3.31e-02	6.50e-01	3.11e-01	5.97e-03	1.17e-05	0.00e+00	0.00e+00	3.00e-09	5.59e-10	3.08e-10
 4.90453e+16	4.83e-09	4.29e-05	3.66e-02	6.62e-01	2.96e-01	5.35e-03	9.81e-06	0.00e+00	0.00e+00	3.75e-09	6.97e-10	3.85e-10
 5.13523e+16	5.97e-09	4.99e-05	4.02e-02	6.73e-01	2.81e-01	4.82e-03	8.26e-06	0.00e+00	0.00e+00	4.63e-09	8.61e-10	4.77e-10
 5.34286e+16	7.22e-09	5.72e-05	4.38e-02	6.83e-01	2.69e-01	4.38e-03	7.08e-06	0.00e+00	0.00e+00	5.60e-09	1.04e-09	5.77e-10
 5.52972e+16	8.56e-09	6.46e-05	4.73e-02	6.91e-01	2.58e-01	4.02e-03	6.17e-06	0.00e+00	0.00e+00	6.63e-09	1.23e-09	6.84e-10
 5.69790e+16	9.98e-09	7.22e-05	5.06e-02	6.97e-01	2.48e-01	3.72e-03	5.45e-06	0.00e+00	0.00e+00	7.74e-09	1.44e-09	7.98e-10
 5.84926e+16	1.15e-08	7.98e-05	5.38e-02	7.03e-01	2.40e-01	3.47e-03	4.88e-06	0.00e+00	0.00e+00	8.89e-09	1.65e-09	9.18e-10
 5.98549e+16	1.30e-08	8.74e-05	5.68e-02	7.07e-01	2.32e-01	3.26e-03	4.41e-06	0.00e+00	0.00e+00	1.01e-08	1.87e-09	1.04e-09
 6.10809e+16	1.46e-08	9.49e-05	5.97e-02	7.11e-01	2.26e-01	3.08e-03	4.03e-06	0.00e+00	0.00e+00	1.13e-08	2.10e-09	1.17e-09
 6.21843e+16	1.61e-08	1.02e-04	6.24e-02	7.15e-01	2.20e-01	2.92e-03	3.72e-06	0.00e+00	0.00e+00	1.25e-08	2.32e-09	1.29e-09
 6.31774e+16	1.77e-08	1.09e-04	6.49e-02	7.17e-01	2.15e-01	2.79e-03	3.46e-06	0.00e+00	0.00e+00	1.37e-08	2.55e-09	1.42e-09
 6.40712e+16	1.93e-08	1.16e-04	6.73e-02	7.20e-01	2.10e-01	2.67e-03	3.24e-06	0.00e+00	0.00e+00	1.50e-08	2.78e-09	1.55e-09
 6.48756e+16	2.09e-08	1.23e-04	6.95e-02	7.22e-01	2.06e-01	2.57e-03	3.05e-06	0.00e+00	0.00e+00	1.62e-08	3.00e-09	1.67e-09
 6.56172e+16	2.24e-08	1.29e-04	7.16e-02	7.23e-01	2.02e-01	2.48e-03	2.89e-06	0.00e+00	0.00e+00	1.73e-08	3.21e-09	1.79e-09
 6.63384e+16	2.41e-08	1.37e-04	7.37e-02	7.25e-01	1.99e-01	2.40e-03	2.74e-06	0.00e+00	0.00e+00	1.87e-08	3.46e-09	1.93e-09
 6.70595e+16	2.58e-08	1.44e-04	7.59e-02	7.26e-01	1.95e-01	2.32e-03	2.60e-06	0.00e+00	0.00e+00	2.00e-08	3.70e-09	2.07e-09
 6.77807e+16	2.78e-08	1.52e-04	7.82e-02	7.28e-01	1.92e-01	2.24e-03	2.46e-06	0.00e+00	0.00e+00	2.16e-08	4.00e-09	2.24e-09
 6.85018e+16	2.99e-08	1.60e-04	8.05e-02	7.29e-01	1.88e-01	2.16e-03	2.33e-06	0.00e+00	0.00e+00	2.32e-08	4.30e-09	2.41e-09
 6.92230e+16	3.22e-08	1.69e-04	8.29e-02	7.30e-01	1.85e-01	2.09e-03	2.21e-06	0.00e+00	0.00e+00	2.50e-08	4.62e-09	2.59e-09
 6.99441e+16	3.48e-08	1.79e-04	8.54e-02	7.31e-01	1.81e-01	2.02e-03	2.09e-06	0.00e+00	0.00e+00	2.70e-08	5.00e-09	2.80e-09
 7.06653e+16	3.78e-08	1.90e-04	8.80e-02	7.32e-01	1.78e-01	1.94e-03	1.98e-06	0.00e+00	0.00e+00	2.93e-08	5.43e-09	3.04e-09
 7.13864e+16	4.11e-08	2.02e-04	9.06e-02	7.33e-01	1.74e-01	1.88e-03	1.87e-06	0.00e+00	0.00e+00	3.19e-08	5.90e-09	3.31e-09
 7.19311e+16	4.55e-08	2.18e-04	9.28e-02	7.34e-01	1.72e-01	1.82e-03	1.79e-06	0.00e+00	0.00e+00	3.52e-08	6.52e-09	3.66e-09
