#depth	C	C+	C+2	C+3	C+4	C+5	C+6	C[1]	C[2]	C[3]	C+[1]	C+[2]	CO
 2.01646e+14	8.56e-10	4.76e-06	2.34e-03	4.46e-02	9.53e-01	3.83e-07	0.00e+00	8.42e-11	2.55e-10	4.33e-10	1.58e-06	3.18e-06	1.30e-32
 1.20988e+15	7.86e-10	5.46e-06	2.57e-03	4.70e-02	9.50e-01	3.30e-07	0.00e+00	7.74e-11	2.34e-10	3.98e-10	1.81e-06	3.65e-06	1.97e-32
 2.85852e+15	9.82e-10	6.68e-06	2.99e-03	5.12e-02	9.46e-01	3.34e-07	0.00e+00	9.67e-11	2.92e-10	4.97e-10	2.21e-06	4.47e-06	3.78e-32
 4.57633e+15	1.24e-09	8.22e-06	3.48e-03	5.58e-02	9.41e-01	3.38e-07	0.00e+00	1.22e-10	3.70e-10	6.29e-10	2.72e-06	5.49e-06	7.22e-32
 6.24746e+15	1.54e-09	9.94e-06	4.02e-03	6.05e-02	9.35e-01	3.37e-07	0.00e+00	1.52e-10	4.60e-10	7.82e-10	3.30e-06	6.65e-06	1.31e-31
 7.78095e+15	1.87e-09	1.18e-05	4.57e-03	6.49e-02	9.30e-01	3.46e-07	0.00e+00	1.84e-10	5.58e-10	9.48e-10	3.91e-06	7.88e-06	2.23e-31
 9.47860e+15	2.32e-09	1.42e-05	5.24e-03	7.01e-02	9.25e-01	3.48e-07	0.00e+00	2.29e-10	6.93e-10	1.18e-09	4.70e-06	9.47e-06	3.96e-31
 1.13873e+16	2.93e-09	1.73e-05	6.08e-03	7.62e-02	9.18e-01	3.54e-07	0.00e+00	2.88e-10	8.72e-10	1.48e-09	5.74e-06	1.16e-05	7.44e-31
 1.32102e+16	3.61e-09	2.08e-05	6.96e-03	8.23e-02	9.11e-01	3.56e-07	0.00e+00	3.56e-10	1.08e-09	1.83e-09	6.89e-06	1.39e-05	1.33e-30
 1.51673e+16	4.53e-09	2.52e-05	8.03e-03	8.92e-02	9.03e-01	3.65e-07	0.00e+00	4.47e-10	1.35e-09	2.30e-09	8.38e-06	1.69e-05	2.45e-30
 1.71844e+16	5.61e-09	3.04e-05	9.23e-03	9.65e-02	8.94e-01	3.65e-07	0.00e+00	5.54e-10	1.68e-09	2.85e-09	1.01e-05	2.03e-05	4.41e-30
 1.89376e+16	6.74e-09	3.57e-05	1.04e-02	1.03e-01	8.86e-01	3.69e-07	0.00e+00	6.65e-10	2.01e-09	3.42e-09	1.18e-05	2.38e-05	7.23e-30
 2.08224e+16	8.22e-09	4.23e-05	1.18e-02	1.11e-01	8.78e-01	3.72e-07	0.00e+00	8.12e-10	2.46e-09	4.17e-09	1.40e-05	2.82e-05	1.23e-29
 2.31272e+16	1.04e-08	5.15e-05	1.36e-02	1.20e-01	8.66e-01	3.76e-07	0.00e+00	1.02e-09	3.09e-09	5.26e-09	1.71e-05	3.44e-05	2.30e-29
 2.54127e+16	1.28e-08	6.20e-05	1.57e-02	1.30e-01	8.54e-01	3.80e-07	0.00e+00	1.27e-09	3.83e-09	6.50e-09	2.06e-05	4.14e-05	4.07e-29
 2.73972e+16	1.53e-08	7.26e-05	1.76e-02	1.39e-01	8.43e-01	3.81e-07	0.00e+00	1.52e-09	4.59e-09	7.79e-09	2.41e-05	4.84e-05	6.58e-29
 2.95557e+16	1.87e-08	8.60e-05	2.00e-02	1.49e-01	8.31e-01	3.86e-07	0.00e+00	1.85e-09	5.59e-09	9.50e-09	2.86e-05	5.74e-05	1.12e-28
 3.21930e+16	2.36e-08	1.05e-04	2.32e-02	1.62e-01	8.15e-01	3.89e-07	0.00e+00	2.34e-09	7.07e-09	1.20e-08	3.49e-05	7.01e-05	2.08e-28
 3.48108e+16	2.93e-08	1.27e-04	2.67e-02	1.75e-01	7.98e-01	3.91e-07	0.00e+00	2.90e-09	8.77e-09	1.49e-08	4.22e-05	8.45e-05	3.67e-28
 3.70868e+16	3.51e-08	1.48e-04	3.01e-02	1.87e-01	7.83e-01	3.95e-07	0.00e+00	3.48e-09	1.05e-08	1.79e-08	4.94e-05	9.90e-05	5.93e-28
 3.91013e+16	4.12e-08	1.70e-04	3.34e-02	1.98e-01	7.69e-01	3.96e-07	0.00e+00	4.09e-09	1.24e-08	2.10e-08	5.68e-05	1.14e-04	8.96e-28
 4.12609e+16	4.93e-08	1.98e-04	3.73e-02	2.10e-01	7.53e-01	3.97e-07	0.00e+00	4.89e-09	1.48e-08	2.51e-08	6.60e-05	1.32e-04	1.41e-27
 4.36086e+16	5.87e-08	2.31e-04	4.19e-02	2.23e-01	7.35e-01	4.00e-07	0.00e+00	5.83e-09	1.76e-08	2.99e-08	7.69e-05	1.54e-04	2.25e-27
 4.57606e+16	6.95e-08	2.66e-04	4.65e-02	2.36e-01	7.18e-01	4.04e-07	0.00e+00	6.90e-09	2.09e-08	3.54e-08	8.86e-05	1.77e-04	3.41e-27
 4.77953e+16	8.13e-08	3.04e-04	5.13e-02	2.48e-01	7.01e-01	4.05e-07	0.00e+00	8.08e-09	2.44e-08	4.14e-08	1.01e-04	2.02e-04	5.05e-27
 4.99705e+16	9.65e-08	3.50e-04	5.69e-02	2.61e-01	6.82e-01	4.06e-07	0.00e+00	9.58e-09	2.90e-08	4.91e-08	1.17e-04	2.33e-04	7.70e-27
 5.21850e+16	1.13e-07	4.01e-04	6.30e-02	2.75e-01	6.62e-01	4.10e-07	0.00e+00	1.13e-08	3.41e-08	5.78e-08	1.34e-04	2.68e-04	1.17e-26
 5.41780e+16	1.33e-07	4.56e-04	6.91e-02	2.87e-01	6.43e-01	4.15e-07	0.00e+00	1.32e-08	3.98e-08	6.75e-08	1.52e-04	3.04e-04	1.69e-26
 5.59717e+16	1.52e-07	5.10e-04	7.49e-02	2.98e-01	6.26e-01	4.18e-07	0.00e+00	1.51e-08	4.57e-08	7.75e-08	1.70e-04	3.40e-04	2.37e-26
 5.75861e+16	1.72e-07	5.65e-04	8.06e-02	3.09e-01	6.10e-01	4.21e-07	0.00e+00	1.72e-08	5.18e-08	8.79e-08	1.88e-04	3.76e-04	3.21e-26
 5.90390e+16	1.93e-07	6.19e-04	8.60e-02	3.18e-01	5.95e-01	4.23e-07	0.00e+00	1.92e-08	5.82e-08	9.86e-08	2.07e-04	4.12e-04	4.21e-26
 6.03466e+16	2.15e-07	6.73e-04	9.12e-02	3.26e-01	5.82e-01	4.26e-07	0.00e+00	2.14e-08	6.46e-08	1.10e-07	2.24e-04	4.48e-04	5.41e-26
 6.15235e+16	2.36e-07	7.25e-04	9.61e-02	3.34e-01	5.69e-01	4.28e-07	0.00e+00	2.35e-08	7.11e-08	1.21e-07	2.42e-04	4.83e-04	6.79e-26
 6.25826e+16	2.58e-07	7.76e-04	1.01e-01	3.41e-01	5.58e-01	4.30e-07	0.00e+00	2.57e-08	7.77e-08	1.32e-07	2.59e-04	5.17e-04	8.33e-26
 6.35359e+16	2.79e-07	8.25e-04	1.05e-01	3.47e-01	5.47e-01	4.32e-07	0.00e+00	2.78e-08	8.41e-08	1.43e-07	2.76e-04	5.50e-04	1.01e-25
 6.43938e+16	3.00e-07	8.71e-04	1.09e-01	3.52e-01	5.38e-01	4.35e-07	0.00e+00	2.99e-08	9.04e-08	1.53e-07	2.91e-04	5.80e-04	1.18e-25
 6.51659e+16	3.21e-07	9.17e-04	1.13e-01	3.57e-01	5.29e-01	4.36e-07	0.00e+00	3.20e-08	9.67e-08	1.64e-07	3.06e-04	6.11e-04	1.38e-25
 6.58923e+16	3.42e-07	9.62e-04	1.17e-01	3.62e-01	5.21e-01	4.39e-07	0.00e+00	3.41e-08	1.03e-07	1.75e-07	3.21e-04	6.41e-04	1.61e-25
 6.66134e+16	3.66e-07	1.01e-03	1.20e-01	3.66e-01	5.12e-01	4.40e-07	0.00e+00	3.64e-08	1.10e-07	1.87e-07	3.37e-04	6.72e-04	1.87e-25
 6.73346e+16	3.91e-07	1.06e-03	1.24e-01	3.71e-01	5.04e-01	4.42e-07	0.00e+00	3.89e-08	1.18e-07	1.99e-07	3.54e-04	7.06e-04	2.18e-25
 6.80557e+16	4.18e-07	1.11e-03	1.28e-01	3.76e-01	4.95e-01	4.44e-07	0.00e+00	4.17e-08	1.26e-07	2.14e-07	3.72e-04	7.41e-04	2.55e-25
 6.87769e+16	4.49e-07	1.17e-03	1.33e-01	3.80e-01	4.86e-01	4.47e-07	0.00e+00	4.48e-08	1.35e-07	2.29e-07	3.91e-04	7.79e-04	2.99e-25
 6.94980e+16	4.83e-07	1.23e-03	1.37e-01	3.85e-01	4.77e-01	4.49e-07	0.00e+00	4.81e-08	1.45e-07	2.46e-07	4.11e-04	8.20e-04	3.52e-25
 7.02192e+16	5.21e-07	1.30e-03	1.41e-01	3.89e-01	4.68e-01	4.51e-07	0.00e+00	5.19e-08	1.57e-07	2.66e-07	4.33e-04	8.63e-04	4.16e-25
 7.09403e+16	5.65e-07	1.37e-03	1.46e-01	3.94e-01	4.59e-01	4.57e-07	0.00e+00	5.64e-08	1.70e-07	2.89e-07	4.57e-04	9.11e-04	5.01e-25
 7.16615e+16	6.19e-07	1.45e-03	1.51e-01	3.98e-01	4.49e-01	4.57e-07	0.00e+00	6.18e-08	1.87e-07	3.16e-07	4.83e-04	9.64e-04	6.07e-25
 7.20686e+16	6.80e-07	1.53e-03	1.54e-01	4.01e-01	4.43e-01	4.58e-07	0.00e+00	6.79e-08	2.05e-07	3.48e-07	5.11e-04	1.02e-03	7.53e-25
