#depth	He	He+	He+2
 1.83174e+14	1.34e-07	3.54e-03	9.96e-01
 1.09904e+15	1.46e-07	3.70e-03	9.96e-01
 2.67011e+15	1.69e-07	3.98e-03	9.96e-01
 4.38038e+15	1.97e-07	4.30e-03	9.96e-01
 6.02679e+15	2.27e-07	4.61e-03	9.95e-01
 7.55689e+15	2.57e-07	4.92e-03	9.95e-01
 9.28047e+15	2.96e-07	5.29e-03	9.95e-01
 1.12149e+16	3.45e-07	5.71e-03	9.94e-01
 1.30872e+16	3.98e-07	6.14e-03	9.94e-01
 1.48150e+16	4.52e-07	6.54e-03	9.93e-01
 1.67055e+16	5.21e-07	7.03e-03	9.93e-01
 1.88063e+16	6.04e-07	7.57e-03	9.92e-01
 2.07718e+16	6.91e-07	8.10e-03	9.92e-01
 2.29178e+16	8.00e-07	8.73e-03	9.91e-01
 2.52835e+16	9.33e-07	9.45e-03	9.91e-01
 2.74667e+16	1.07e-06	1.01e-02	9.90e-01
 2.98365e+16	1.24e-06	1.10e-02	9.89e-01
 3.24527e+16	1.46e-06	1.19e-02	9.88e-01
 3.48725e+16	1.68e-06	1.29e-02	9.87e-01
 3.75014e+16	1.97e-06	1.40e-02	9.86e-01
 4.03814e+16	2.32e-06	1.53e-02	9.85e-01
 4.30109e+16	2.70e-06	1.66e-02	9.83e-01
 4.52071e+16	3.04e-06	1.78e-02	9.82e-01
 4.71002e+16	3.39e-06	1.90e-02	9.81e-01
 4.92367e+16	3.85e-06	2.04e-02	9.80e-01
 5.15245e+16	4.40e-06	2.20e-02	9.78e-01
 5.35836e+16	4.95e-06	2.36e-02	9.76e-01
 5.54368e+16	5.53e-06	2.52e-02	9.75e-01
 5.71046e+16	6.12e-06	2.67e-02	9.73e-01
 5.86057e+16	6.71e-06	2.82e-02	9.72e-01
 5.99566e+16	7.31e-06	2.97e-02	9.70e-01
 6.11725e+16	7.90e-06	3.12e-02	9.69e-01
 6.22667e+16	8.48e-06	3.25e-02	9.67e-01
 6.32516e+16	9.05e-06	3.39e-02	9.66e-01
 6.41379e+16	9.59e-06	3.51e-02	9.65e-01
 6.49357e+16	1.01e-05	3.63e-02	9.64e-01
 6.56741e+16	1.07e-05	3.75e-02	9.62e-01
 6.63953e+16	1.13e-05	3.87e-02	9.61e-01
 6.71164e+16	1.19e-05	4.00e-02	9.60e-01
 6.78376e+16	1.25e-05	4.13e-02	9.59e-01
 6.85587e+16	1.32e-05	4.27e-02	9.57e-01
 6.92799e+16	1.40e-05	4.42e-02	9.56e-01
 7.00010e+16	1.48e-05	4.58e-02	9.54e-01
 7.07222e+16	1.57e-05	4.75e-02	9.52e-01
 7.14433e+16	1.67e-05	4.92e-02	9.51e-01
 7.19595e+16	1.76e-05	5.05e-02	9.49e-01
