#depth	He	He+	He+2
 2.40541e+14	9.32e-08	3.25e-03	9.97e-01
 1.29244e+15	1.03e-07	3.43e-03	9.97e-01
 2.94760e+15	1.20e-07	3.70e-03	9.96e-01
 4.66897e+15	1.41e-07	4.00e-03	9.96e-01
 6.34744e+15	1.62e-07	4.29e-03	9.96e-01
 7.93996e+15	1.85e-07	4.59e-03	9.95e-01
 9.70795e+15	2.14e-07	4.94e-03	9.95e-01
 1.16508e+16	2.49e-07	5.33e-03	9.95e-01
 1.34802e+16	2.87e-07	5.71e-03	9.94e-01
 1.54318e+16	3.32e-07	6.15e-03	9.94e-01
 1.75745e+16	3.87e-07	6.64e-03	9.93e-01
 1.95970e+16	4.46e-07	7.13e-03	9.93e-01
 2.17784e+16	5.18e-07	7.69e-03	9.92e-01
 2.41783e+16	6.07e-07	8.32e-03	9.92e-01
 2.64625e+16	7.02e-07	8.96e-03	9.91e-01
 2.89127e+16	8.20e-07	9.69e-03	9.90e-01
 3.15885e+16	9.64e-07	1.05e-02	9.89e-01
 3.41408e+16	1.12e-06	1.14e-02	9.89e-01
 3.68794e+16	1.32e-06	1.24e-02	9.88e-01
 3.98542e+16	1.56e-06	1.35e-02	9.87e-01
 4.26788e+16	1.82e-06	1.47e-02	9.85e-01
 4.50273e+16	2.06e-06	1.57e-02	9.84e-01
 4.69384e+16	2.29e-06	1.66e-02	9.83e-01
 4.90580e+16	2.58e-06	1.77e-02	9.82e-01
 5.13490e+16	2.92e-06	1.89e-02	9.81e-01
 5.34256e+16	3.26e-06	2.01e-02	9.80e-01
 5.52945e+16	3.61e-06	2.13e-02	9.79e-01
 5.69766e+16	3.96e-06	2.24e-02	9.78e-01
 5.84905e+16	4.31e-06	2.35e-02	9.77e-01
 5.98529e+16	4.64e-06	2.45e-02	9.76e-01
 6.10792e+16	4.98e-06	2.55e-02	9.75e-01
 6.21828e+16	5.29e-06	2.64e-02	9.74e-01
 6.31760e+16	5.61e-06	2.72e-02	9.73e-01
 6.40699e+16	5.91e-06	2.81e-02	9.72e-01
 6.48744e+16	6.19e-06	2.88e-02	9.71e-01
 6.56161e+16	6.46e-06	2.96e-02	9.70e-01
 6.63373e+16	6.75e-06	3.03e-02	9.70e-01
 6.70584e+16	7.05e-06	3.11e-02	9.69e-01
 6.77796e+16	7.37e-06	3.19e-02	9.68e-01
 6.85007e+16	7.72e-06	3.27e-02	9.67e-01
 6.92219e+16	8.08e-06	3.36e-02	9.66e-01
 6.99430e+16	8.47e-06	3.45e-02	9.65e-01
 7.06642e+16	8.87e-06	3.54e-02	9.65e-01
 7.13853e+16	9.32e-06	3.64e-02	9.64e-01
 7.19305e+16	9.76e-06	3.72e-02	9.63e-01
