#depth	He	He+	He+2
 2.05352e+14	3.29e-07	4.42e-03	9.96e-01
 1.22065e+15	3.65e-07	4.66e-03	9.95e-01
 2.87295e+15	4.26e-07	5.03e-03	9.95e-01
 4.59133e+15	4.98e-07	5.45e-03	9.95e-01
 6.18994e+15	5.71e-07	5.84e-03	9.94e-01
 7.59740e+15	6.41e-07	6.20e-03	9.94e-01
 9.17267e+15	7.29e-07	6.63e-03	9.93e-01
 1.10660e+16	8.46e-07	7.17e-03	9.93e-01
 1.29630e+16	9.80e-07	7.71e-03	9.92e-01
 1.47034e+16	1.12e-06	8.24e-03	9.92e-01
 1.63441e+16	1.26e-06	8.75e-03	9.91e-01
 1.81713e+16	1.44e-06	9.36e-03	9.91e-01
 2.01833e+16	1.65e-06	1.00e-02	9.90e-01
 2.20447e+16	1.87e-06	1.07e-02	9.89e-01
 2.40736e+16	2.14e-06	1.14e-02	9.89e-01
 2.63139e+16	2.47e-06	1.23e-02	9.88e-01
 2.83938e+16	2.80e-06	1.31e-02	9.87e-01
 3.02419e+16	3.13e-06	1.39e-02	9.86e-01
 3.22239e+16	3.52e-06	1.48e-02	9.85e-01
 3.43976e+16	4.00e-06	1.58e-02	9.84e-01
 3.64254e+16	4.47e-06	1.67e-02	9.83e-01
 3.83659e+16	4.97e-06	1.77e-02	9.82e-01
 4.05882e+16	5.63e-06	1.89e-02	9.81e-01
 4.30092e+16	6.41e-06	2.02e-02	9.80e-01
 4.52301e+16	7.20e-06	2.15e-02	9.78e-01
 4.75774e+16	8.15e-06	2.30e-02	9.77e-01
 5.00312e+16	9.27e-06	2.46e-02	9.75e-01
 5.22396e+16	1.04e-05	2.62e-02	9.74e-01
 5.42271e+16	1.15e-05	2.77e-02	9.72e-01
 5.60159e+16	1.26e-05	2.92e-02	9.71e-01
 5.76259e+16	1.38e-05	3.05e-02	9.69e-01
 5.90748e+16	1.49e-05	3.19e-02	9.68e-01
 6.03788e+16	1.59e-05	3.31e-02	9.67e-01
 6.15525e+16	1.70e-05	3.43e-02	9.66e-01
 6.26087e+16	1.80e-05	3.54e-02	9.65e-01
 6.35594e+16	1.89e-05	3.64e-02	9.64e-01
 6.44150e+16	1.99e-05	3.73e-02	9.63e-01
 6.51850e+16	2.08e-05	3.82e-02	9.62e-01
 6.59103e+16	2.17e-05	3.91e-02	9.61e-01
 6.66315e+16	2.26e-05	4.00e-02	9.60e-01
 6.73526e+16	2.36e-05	4.10e-02	9.59e-01
 6.80738e+16	2.47e-05	4.19e-02	9.58e-01
 6.87949e+16	2.59e-05	4.29e-02	9.57e-01
 6.95161e+16	2.71e-05	4.39e-02	9.56e-01
 7.02372e+16	2.84e-05	4.50e-02	9.55e-01
 7.09584e+16	2.99e-05	4.62e-02	9.54e-01
 7.16795e+16	3.16e-05	4.73e-02	9.53e-01
 7.20776e+16	3.38e-05	4.80e-02	9.52e-01
