#depth	O	O+	O+2	O+3	O+4	O+5	O+6	O+7	O+8	O[1]	O[2]	O[3]
 2.87628e+14	2.92e-11	6.74e-07	1.69e-03	1.93e-01	6.78e-01	1.24e-01	4.33e-03	0.00e+00	0.00e+00	2.29e-11	3.99e-12	2.21e-12
 1.38849e+15	3.60e-11	7.89e-07	1.89e-03	2.03e-01	6.75e-01	1.17e-01	3.85e-03	0.00e+00	0.00e+00	2.83e-11	4.92e-12	2.73e-12
 3.04750e+15	4.84e-11	9.85e-07	2.21e-03	2.18e-01	6.69e-01	1.07e-01	3.23e-03	0.00e+00	0.00e+00	3.81e-11	6.59e-12	3.66e-12
 4.77287e+15	6.49e-11	1.23e-06	2.59e-03	2.35e-01	6.62e-01	9.85e-02	2.71e-03	0.00e+00	0.00e+00	5.11e-11	8.84e-12	4.92e-12
 6.41140e+15	8.45e-11	1.50e-06	2.98e-03	2.50e-01	6.54e-01	9.08e-02	2.30e-03	0.00e+00	0.00e+00	6.65e-11	1.15e-11	6.41e-12
 7.90239e+15	1.07e-10	1.78e-06	3.38e-03	2.64e-01	6.46e-01	8.44e-02	1.98e-03	0.00e+00	0.00e+00	8.40e-11	1.45e-11	8.09e-12
 9.58616e+15	1.38e-10	2.16e-06	3.87e-03	2.80e-01	6.36e-01	7.78e-02	1.68e-03	0.00e+00	0.00e+00	1.09e-10	1.87e-11	1.05e-11
 1.15503e+16	1.84e-10	2.66e-06	4.51e-03	2.99e-01	6.24e-01	7.07e-02	1.40e-03	0.00e+00	0.00e+00	1.45e-10	2.49e-11	1.40e-11
 1.34828e+16	2.42e-10	3.26e-06	5.20e-03	3.17e-01	6.12e-01	6.45e-02	1.17e-03	0.00e+00	0.00e+00	1.91e-10	3.28e-11	1.84e-11
 1.52041e+16	3.08e-10	3.89e-06	5.87e-03	3.33e-01	6.00e-01	5.95e-02	9.97e-04	0.00e+00	0.00e+00	2.42e-10	4.16e-11	2.34e-11
 1.70473e+16	3.98e-10	4.69e-06	6.67e-03	3.51e-01	5.87e-01	5.46e-02	8.44e-04	0.00e+00	0.00e+00	3.13e-10	5.38e-11	3.03e-11
 1.91221e+16	5.23e-10	5.74e-06	7.64e-03	3.70e-01	5.72e-01	4.96e-02	7.03e-04	0.00e+00	0.00e+00	4.12e-10	7.07e-11	3.99e-11
 2.10983e+16	6.75e-10	6.90e-06	8.67e-03	3.88e-01	5.58e-01	4.53e-02	5.92e-04	0.00e+00	0.00e+00	5.31e-10	9.10e-11	5.15e-11
 2.32676e+16	8.88e-10	8.42e-06	9.90e-03	4.07e-01	5.42e-01	4.10e-02	4.92e-04	0.00e+00	0.00e+00	7.00e-10	1.20e-10	6.79e-11
 2.56501e+16	1.18e-09	1.04e-05	1.14e-02	4.28e-01	5.24e-01	3.68e-02	4.03e-04	0.00e+00	0.00e+00	9.33e-10	1.59e-10	9.05e-11
 2.78422e+16	1.53e-09	1.25e-05	1.29e-02	4.46e-01	5.07e-01	3.34e-02	3.36e-04	0.00e+00	0.00e+00	1.20e-09	2.05e-10	1.17e-10
 3.02244e+16	2.01e-09	1.52e-05	1.47e-02	4.66e-01	4.89e-01	3.00e-02	2.77e-04	0.00e+00	0.00e+00	1.58e-09	2.71e-10	1.54e-10
 3.28703e+16	2.69e-09	1.88e-05	1.69e-02	4.87e-01	4.69e-01	2.66e-02	2.24e-04	0.00e+00	0.00e+00	2.12e-09	3.61e-10	2.06e-10
 3.53488e+16	3.49e-09	2.27e-05	1.92e-02	5.06e-01	4.51e-01	2.39e-02	1.84e-04	0.00e+00	0.00e+00	2.75e-09	4.69e-10	2.68e-10
 3.74607e+16	4.33e-09	2.65e-05	2.13e-02	5.22e-01	4.35e-01	2.18e-02	1.57e-04	0.00e+00	0.00e+00	3.41e-09	5.81e-10	3.33e-10
 3.93063e+16	5.23e-09	3.04e-05	2.33e-02	5.35e-01	4.22e-01	2.01e-02	1.36e-04	0.00e+00	0.00e+00	4.12e-09	7.01e-10	4.02e-10
 4.14058e+16	6.48e-09	3.54e-05	2.57e-02	5.49e-01	4.06e-01	1.83e-02	1.16e-04	0.00e+00	0.00e+00	5.10e-09	8.68e-10	4.99e-10
 4.37708e+16	8.17e-09	4.19e-05	2.87e-02	5.65e-01	3.90e-01	1.65e-02	9.68e-05	0.00e+00	0.00e+00	6.44e-09	1.09e-09	6.30e-10
 4.60391e+16	1.02e-08	4.91e-05	3.18e-02	5.79e-01	3.74e-01	1.49e-02	8.17e-05	0.00e+00	0.00e+00	8.00e-09	1.36e-09	7.84e-10
 4.82131e+16	1.25e-08	5.70e-05	3.50e-02	5.92e-01	3.59e-01	1.36e-02	6.96e-05	0.00e+00	0.00e+00	9.83e-09	1.67e-09	9.64e-10
 5.04383e+16	1.54e-08	6.64e-05	3.85e-02	6.05e-01	3.44e-01	1.23e-02	5.90e-05	0.00e+00	0.00e+00	1.21e-08	2.06e-09	1.19e-09
 5.26060e+16	1.88e-08	7.68e-05	4.23e-02	6.16e-01	3.30e-01	1.12e-02	5.03e-05	0.00e+00	0.00e+00	1.48e-08	2.52e-09	1.46e-09
 5.45569e+16	2.26e-08	8.76e-05	4.59e-02	6.26e-01	3.18e-01	1.03e-02	4.37e-05	0.00e+00	0.00e+00	1.78e-08	3.01e-09	1.75e-09
 5.63127e+16	2.65e-08	9.86e-05	4.94e-02	6.34e-01	3.07e-01	9.52e-03	3.84e-05	0.00e+00	0.00e+00	2.09e-08	3.54e-09	2.06e-09
 5.78930e+16	3.07e-08	1.10e-04	5.27e-02	6.41e-01	2.97e-01	8.87e-03	3.43e-05	0.00e+00	0.00e+00	2.42e-08	4.10e-09	2.38e-09
 5.93152e+16	3.51e-08	1.21e-04	5.59e-02	6.47e-01	2.88e-01	8.33e-03	3.09e-05	0.00e+00	0.00e+00	2.76e-08	4.68e-09	2.72e-09
 6.05952e+16	3.96e-08	1.32e-04	5.89e-02	6.53e-01	2.80e-01	7.87e-03	2.82e-05	0.00e+00	0.00e+00	3.12e-08	5.28e-09	3.07e-09
 6.17472e+16	4.41e-08	1.43e-04	6.17e-02	6.57e-01	2.74e-01	7.47e-03	2.59e-05	0.00e+00	0.00e+00	3.48e-08	5.89e-09	3.43e-09
 6.27840e+16	4.87e-08	1.54e-04	6.44e-02	6.61e-01	2.68e-01	7.13e-03	2.40e-05	0.00e+00	0.00e+00	3.84e-08	6.50e-09	3.79e-09
 6.37171e+16	5.33e-08	1.64e-04	6.69e-02	6.64e-01	2.62e-01	6.83e-03	2.25e-05	0.00e+00	0.00e+00	4.20e-08	7.12e-09	4.15e-09
 6.45569e+16	5.79e-08	1.75e-04	6.92e-02	6.67e-01	2.57e-01	6.58e-03	2.11e-05	0.00e+00	0.00e+00	4.57e-08	7.73e-09	4.51e-09
 6.53153e+16	6.22e-08	1.84e-04	7.13e-02	6.69e-01	2.53e-01	6.36e-03	2.00e-05	0.00e+00	0.00e+00	4.90e-08	8.29e-09	4.84e-09
 6.60364e+16	6.69e-08	1.94e-04	7.35e-02	6.71e-01	2.49e-01	6.15e-03	1.90e-05	0.00e+00	0.00e+00	5.27e-08	8.92e-09	5.21e-09
 6.67576e+16	7.21e-08	2.05e-04	7.57e-02	6.73e-01	2.45e-01	5.95e-03	1.80e-05	0.00e+00	0.00e+00	5.68e-08	9.61e-09	5.61e-09
 6.74787e+16	7.77e-08	2.16e-04	7.80e-02	6.75e-01	2.41e-01	5.75e-03	1.70e-05	0.00e+00	0.00e+00	6.12e-08	1.04e-08	6.05e-09
 6.81999e+16	8.38e-08	2.29e-04	8.03e-02	6.77e-01	2.37e-01	5.56e-03	1.61e-05	0.00e+00	0.00e+00	6.61e-08	1.12e-08	6.54e-09
 6.89210e+16	9.07e-08	2.42e-04	8.27e-02	6.79e-01	2.33e-01	5.37e-03	1.53e-05	0.00e+00	0.00e+00	7.15e-08	1.21e-08	7.07e-09
 6.96422e+16	9.83e-08	2.57e-04	8.52e-02	6.81e-01	2.29e-01	5.19e-03	1.45e-05	0.00e+00	0.00e+00	7.74e-08	1.31e-08	7.67e-09
 7.03633e+16	1.07e-07	2.73e-04	8.78e-02	6.82e-01	2.25e-01	5.02e-03	1.37e-05	0.00e+00	0.00e+00	8.42e-08	1.42e-08	8.34e-09
 7.10845e+16	1.17e-07	2.92e-04	9.05e-02	6.83e-01	2.21e-01	4.84e-03	1.30e-05	0.00e+00	0.00e+00	9.22e-08	1.56e-08	9.13e-09
 7.17801e+16	1.32e-07	3.18e-04	9.34e-02	6.85e-01	2.17e-01	4.68e-03	1.22e-05	0.00e+00	0.00e+00	1.04e-07	1.75e-08	1.03e-08
