#depth	C	C+	C+2	C+3	C+4	C+5	C+6	C[1]	C[2]	C[3]	C+[1]	C+[2]	CO
 2.43900e+14	9.04e-10	5.79e-06	3.07e-03	5.39e-02	9.43e-01	3.02e-07	0.00e+00	9.07e-11	2.75e-10	4.68e-10	1.92e-06	3.86e-06	1.54e-32
 1.29929e+15	8.72e-10	6.67e-06	3.38e-03	5.69e-02	9.40e-01	2.61e-07	0.00e+00	8.75e-11	2.65e-10	4.51e-10	2.22e-06	4.45e-06	2.38e-32
 2.95473e+15	1.11e-09	8.19e-06	3.93e-03	6.20e-02	9.34e-01	2.64e-07	0.00e+00	1.11e-10	3.36e-10	5.71e-10	2.72e-06	5.47e-06	4.66e-32
 4.67638e+15	1.42e-09	1.01e-05	4.57e-03	6.74e-02	9.28e-01	2.69e-07	0.00e+00	1.42e-10	4.30e-10	7.32e-10	3.36e-06	6.73e-06	9.11e-32
 6.34708e+15	1.77e-09	1.22e-05	5.27e-03	7.29e-02	9.22e-01	2.66e-07	0.00e+00	1.78e-10	5.39e-10	9.18e-10	4.07e-06	8.16e-06	1.68e-31
 7.92171e+15	2.19e-09	1.46e-05	5.99e-03	7.83e-02	9.16e-01	2.73e-07	0.00e+00	2.20e-10	6.65e-10	1.13e-09	4.86e-06	9.74e-06	2.94e-31
 9.67915e+15	2.75e-09	1.77e-05	6.90e-03	8.45e-02	9.09e-01	2.74e-07	0.00e+00	2.76e-10	8.36e-10	1.42e-09	5.88e-06	1.18e-05	5.41e-31
 1.15569e+16	3.45e-09	2.14e-05	7.95e-03	9.15e-02	9.01e-01	2.76e-07	0.00e+00	3.47e-10	1.05e-09	1.79e-09	7.14e-06	1.43e-05	1.01e-30
 1.32715e+16	4.24e-09	2.55e-05	9.02e-03	9.81e-02	8.93e-01	2.80e-07	0.00e+00	4.26e-10	1.29e-09	2.19e-09	8.49e-06	1.70e-05	1.75e-30
 1.51404e+16	5.28e-09	3.07e-05	1.03e-02	1.06e-01	8.84e-01	2.82e-07	0.00e+00	5.30e-10	1.61e-09	2.73e-09	1.02e-05	2.04e-05	3.17e-30
 1.72347e+16	6.66e-09	3.73e-05	1.19e-02	1.14e-01	8.74e-01	2.87e-07	0.00e+00	6.69e-10	2.03e-09	3.45e-09	1.24e-05	2.49e-05	5.99e-30
 1.92183e+16	8.19e-09	4.46e-05	1.36e-02	1.23e-01	8.63e-01	2.88e-07	0.00e+00	8.23e-10	2.49e-09	4.24e-09	1.49e-05	2.97e-05	1.06e-29
 2.13691e+16	1.03e-08	5.39e-05	1.56e-02	1.33e-01	8.52e-01	2.93e-07	0.00e+00	1.03e-09	3.13e-09	5.32e-09	1.80e-05	3.60e-05	1.96e-29
 2.37328e+16	1.29e-08	6.57e-05	1.80e-02	1.44e-01	8.38e-01	2.92e-07	0.00e+00	1.30e-09	3.93e-09	6.69e-09	2.19e-05	4.38e-05	3.70e-29
 2.59479e+16	1.59e-08	7.85e-05	2.05e-02	1.55e-01	8.25e-01	2.97e-07	0.00e+00	1.60e-09	4.85e-09	8.25e-09	2.62e-05	5.24e-05	6.57e-29
 2.83462e+16	1.99e-08	9.49e-05	2.35e-02	1.67e-01	8.10e-01	2.96e-07	0.00e+00	2.00e-09	6.06e-09	1.03e-08	3.17e-05	6.33e-05	1.21e-28
 3.09910e+16	2.51e-08	1.16e-04	2.72e-02	1.80e-01	7.92e-01	2.99e-07	0.00e+00	2.53e-09	7.65e-09	1.30e-08	3.87e-05	7.72e-05	2.28e-28
 3.34608e+16	3.09e-08	1.38e-04	3.10e-02	1.94e-01	7.75e-01	3.00e-07	0.00e+00	3.11e-09	9.41e-09	1.60e-08	4.62e-05	9.22e-05	4.01e-28
 3.55274e+16	3.64e-08	1.60e-04	3.44e-02	2.05e-01	7.61e-01	3.00e-07	0.00e+00	3.67e-09	1.11e-08	1.89e-08	5.33e-05	1.06e-04	6.31e-28
 3.73040e+16	4.19e-08	1.80e-04	3.76e-02	2.15e-01	7.48e-01	3.02e-07	0.00e+00	4.23e-09	1.28e-08	2.17e-08	6.02e-05	1.20e-04	9.29e-28
 3.93207e+16	4.94e-08	2.07e-04	4.15e-02	2.26e-01	7.32e-01	3.02e-07	0.00e+00	4.98e-09	1.51e-08	2.56e-08	6.92e-05	1.38e-04	1.44e-27
 4.19423e+16	6.09e-08	2.47e-04	4.71e-02	2.42e-01	7.11e-01	3.02e-07	0.00e+00	6.14e-09	1.86e-08	3.16e-08	8.25e-05	1.64e-04	2.53e-27
 4.45829e+16	7.38e-08	2.91e-04	5.31e-02	2.57e-01	6.90e-01	3.01e-07	0.00e+00	7.45e-09	2.25e-08	3.83e-08	9.73e-05	1.94e-04	4.24e-27
 4.67061e+16	8.61e-08	3.32e-04	5.84e-02	2.70e-01	6.72e-01	3.01e-07	0.00e+00	8.70e-09	2.63e-08	4.47e-08	1.11e-04	2.21e-04	6.39e-27
 4.88928e+16	1.02e-07	3.81e-04	6.44e-02	2.83e-01	6.52e-01	3.01e-07	0.00e+00	1.03e-08	3.11e-08	5.28e-08	1.27e-04	2.54e-04	9.83e-27
 5.12150e+16	1.20e-07	4.38e-04	7.11e-02	2.97e-01	6.32e-01	3.02e-07	0.00e+00	1.21e-08	3.67e-08	6.23e-08	1.46e-04	2.92e-04	1.52e-26
 5.33050e+16	1.40e-07	4.96e-04	7.76e-02	3.09e-01	6.12e-01	3.01e-07	0.00e+00	1.41e-08	4.27e-08	7.25e-08	1.66e-04	3.30e-04	2.25e-26
 5.51860e+16	1.60e-07	5.54e-04	8.39e-02	3.21e-01	5.95e-01	3.01e-07	0.00e+00	1.61e-08	4.88e-08	8.29e-08	1.85e-04	3.69e-04	3.18e-26
 5.68790e+16	1.80e-07	6.12e-04	8.99e-02	3.31e-01	5.79e-01	3.02e-07	0.00e+00	1.82e-08	5.52e-08	9.37e-08	2.05e-04	4.07e-04	4.33e-26
 5.84026e+16	2.01e-07	6.69e-04	9.56e-02	3.40e-01	5.64e-01	3.02e-07	0.00e+00	2.04e-08	6.16e-08	1.05e-07	2.24e-04	4.45e-04	5.72e-26
 5.97738e+16	2.23e-07	7.25e-04	1.01e-01	3.48e-01	5.50e-01	3.02e-07	0.00e+00	2.25e-08	6.82e-08	1.16e-07	2.43e-04	4.82e-04	7.36e-26
 6.10080e+16	2.44e-07	7.79e-04	1.06e-01	3.55e-01	5.38e-01	3.02e-07	0.00e+00	2.47e-08	7.47e-08	1.27e-07	2.61e-04	5.18e-04	9.22e-26
 6.21187e+16	2.65e-07	8.31e-04	1.11e-01	3.62e-01	5.27e-01	3.02e-07	0.00e+00	2.69e-08	8.12e-08	1.38e-07	2.78e-04	5.53e-04	1.13e-25
 6.31183e+16	2.86e-07	8.81e-04	1.15e-01	3.68e-01	5.16e-01	3.01e-07	0.00e+00	2.89e-08	8.75e-08	1.49e-07	2.95e-04	5.86e-04	1.36e-25
 6.40180e+16	3.06e-07	9.29e-04	1.19e-01	3.73e-01	5.07e-01	3.02e-07	0.00e+00	3.10e-08	9.38e-08	1.59e-07	3.11e-04	6.18e-04	1.61e-25
 6.48277e+16	3.26e-07	9.73e-04	1.23e-01	3.77e-01	4.99e-01	3.02e-07	0.00e+00	3.30e-08	9.98e-08	1.69e-07	3.26e-04	6.47e-04	1.86e-25
 6.55719e+16	3.45e-07	1.02e-03	1.27e-01	3.82e-01	4.91e-01	3.02e-07	0.00e+00	3.50e-08	1.06e-07	1.80e-07	3.40e-04	6.76e-04	2.14e-25
 6.62930e+16	3.66e-07	1.06e-03	1.30e-01	3.86e-01	4.83e-01	3.02e-07	0.00e+00	3.70e-08	1.12e-07	1.90e-07	3.55e-04	7.06e-04	2.46e-25
 6.70142e+16	3.88e-07	1.11e-03	1.34e-01	3.90e-01	4.75e-01	3.02e-07	0.00e+00	3.93e-08	1.19e-07	2.02e-07	3.71e-04	7.37e-04	2.83e-25
 6.77353e+16	4.11e-07	1.16e-03	1.38e-01	3.94e-01	4.68e-01	3.02e-07	0.00e+00	4.17e-08	1.26e-07	2.14e-07	3.87e-04	7.69e-04	3.26e-25
 6.84565e+16	4.37e-07	1.21e-03	1.41e-01	3.98e-01	4.60e-01	3.02e-07	0.00e+00	4.43e-08	1.34e-07	2.27e-07	4.05e-04	8.04e-04	3.76e-25
 6.91776e+16	4.65e-07	1.26e-03	1.45e-01	4.01e-01	4.52e-01	3.03e-07	0.00e+00	4.72e-08	1.43e-07	2.42e-07	4.23e-04	8.40e-04	4.35e-25
 6.98988e+16	4.96e-07	1.32e-03	1.49e-01	4.05e-01	4.44e-01	3.03e-07	0.00e+00	5.03e-08	1.52e-07	2.58e-07	4.42e-04	8.78e-04	5.04e-25
 7.06199e+16	5.31e-07	1.38e-03	1.54e-01	4.09e-01	4.36e-01	3.03e-07	0.00e+00	5.38e-08	1.63e-07	2.76e-07	4.63e-04	9.20e-04	5.88e-25
 7.13411e+16	5.71e-07	1.45e-03	1.58e-01	4.13e-01	4.28e-01	3.05e-07	0.00e+00	5.79e-08	1.75e-07	2.97e-07	4.86e-04	9.65e-04	6.96e-25
 7.19084e+16	6.19e-07	1.52e-03	1.62e-01	4.16e-01	4.21e-01	3.04e-07	0.00e+00	6.28e-08	1.90e-07	3.22e-07	5.10e-04	1.01e-03	8.26e-25
