#depth	C	C+	C+2	C+3	C+4	C+5	C+6	C[1]	C[2]	C[3]	C+[1]	C+[2]	CO
 1.83174e+14	5.75e-10	4.08e-06	2.41e-03	4.79e-02	9.50e-01	2.57e-07	0.00e+00	5.63e-11	1.70e-10	2.89e-10	1.35e-06	2.73e-06	5.04e-33
 1.09904e+15	5.53e-10	4.63e-06	2.63e-03	5.02e-02	9.47e-01	2.52e-07	0.00e+00	5.42e-11	1.64e-10	2.78e-10	1.53e-06	3.09e-06	7.34e-33
 2.67011e+15	6.90e-10	5.62e-06	3.03e-03	5.45e-02	9.42e-01	2.54e-07	0.00e+00	6.76e-11	2.04e-10	3.47e-10	1.86e-06	3.76e-06	1.38e-32
 4.38038e+15	8.78e-10	6.92e-06	3.53e-03	5.93e-02	9.37e-01	2.57e-07	0.00e+00	8.61e-11	2.60e-10	4.42e-10	2.29e-06	4.62e-06	2.63e-32
 6.02679e+15	1.09e-09	8.36e-06	4.06e-03	6.42e-02	9.32e-01	2.56e-07	0.00e+00	1.07e-10	3.24e-10	5.51e-10	2.77e-06	5.59e-06	4.77e-32
 7.55689e+15	1.34e-09	9.92e-06	4.62e-03	6.89e-02	9.26e-01	2.62e-07	0.00e+00	1.31e-10	3.96e-10	6.73e-10	3.29e-06	6.63e-06	8.12e-32
 9.28047e+15	1.67e-09	1.20e-05	5.31e-03	7.44e-02	9.20e-01	2.63e-07	0.00e+00	1.64e-10	4.97e-10	8.44e-10	3.98e-06	8.02e-06	1.48e-31
 1.12149e+16	2.13e-09	1.47e-05	6.17e-03	8.10e-02	9.13e-01	2.67e-07	0.00e+00	2.09e-10	6.32e-10	1.07e-09	4.88e-06	9.84e-06	2.81e-31
 1.30872e+16	2.65e-09	1.78e-05	7.10e-03	8.76e-02	9.05e-01	2.69e-07	0.00e+00	2.60e-10	7.87e-10	1.34e-09	5.90e-06	1.19e-05	5.11e-31
 1.48150e+16	3.24e-09	2.11e-05	8.04e-03	9.40e-02	8.98e-01	2.72e-07	0.00e+00	3.18e-10	9.63e-10	1.63e-09	7.00e-06	1.41e-05	8.72e-31
 1.67055e+16	4.02e-09	2.53e-05	9.20e-03	1.01e-01	8.89e-01	2.74e-07	0.00e+00	3.95e-10	1.19e-09	2.03e-09	8.40e-06	1.69e-05	1.55e-30
 1.88063e+16	5.03e-09	3.07e-05	1.06e-02	1.10e-01	8.80e-01	2.78e-07	0.00e+00	4.94e-10	1.49e-09	2.54e-09	1.02e-05	2.05e-05	2.85e-30
 2.07718e+16	6.14e-09	3.65e-05	1.21e-02	1.18e-01	8.70e-01	2.79e-07	0.00e+00	6.04e-10	1.82e-09	3.10e-09	1.21e-05	2.44e-05	4.88e-30
 2.29178e+16	7.67e-09	4.40e-05	1.38e-02	1.27e-01	8.59e-01	2.81e-07	0.00e+00	7.54e-10	2.28e-09	3.87e-09	1.46e-05	2.94e-05	8.83e-30
 2.52835e+16	9.61e-09	5.35e-05	1.60e-02	1.38e-01	8.46e-01	2.87e-07	0.00e+00	9.46e-10	2.86e-09	4.85e-09	1.78e-05	3.57e-05	1.62e-29
 2.74667e+16	1.17e-08	6.36e-05	1.82e-02	1.49e-01	8.33e-01	2.88e-07	0.00e+00	1.15e-09	3.49e-09	5.92e-09	2.12e-05	4.25e-05	2.77e-29
 2.98365e+16	1.46e-08	7.67e-05	2.09e-02	1.61e-01	8.18e-01	2.88e-07	0.00e+00	1.44e-09	4.35e-09	7.38e-09	2.55e-05	5.12e-05	4.98e-29
 3.24527e+16	1.84e-08	9.34e-05	2.42e-02	1.74e-01	8.02e-01	2.92e-07	0.00e+00	1.81e-09	5.47e-09	9.28e-09	3.11e-05	6.24e-05	9.11e-29
 3.48725e+16	2.24e-08	1.11e-04	2.76e-02	1.87e-01	7.85e-01	2.92e-07	0.00e+00	2.21e-09	6.67e-09	1.13e-08	3.70e-05	7.42e-05	1.55e-28
 3.75014e+16	2.80e-08	1.35e-04	3.18e-02	2.02e-01	7.66e-01	2.93e-07	0.00e+00	2.77e-09	8.36e-09	1.42e-08	4.48e-05	8.98e-05	2.80e-28
 4.03814e+16	3.54e-08	1.64e-04	3.69e-02	2.19e-01	7.44e-01	2.99e-07	0.00e+00	3.49e-09	1.06e-08	1.79e-08	5.47e-05	1.10e-04	5.10e-28
 4.30109e+16	4.34e-08	1.96e-04	4.21e-02	2.34e-01	7.23e-01	3.02e-07	0.00e+00	4.29e-09	1.30e-08	2.20e-08	6.53e-05	1.31e-04	8.67e-28
 4.52071e+16	5.13e-08	2.26e-04	4.69e-02	2.48e-01	7.05e-01	3.03e-07	0.00e+00	5.07e-09	1.53e-08	2.60e-08	7.54e-05	1.51e-04	1.33e-27
 4.71002e+16	5.94e-08	2.56e-04	5.14e-02	2.60e-01	6.89e-01	3.05e-07	0.00e+00	5.87e-09	1.77e-08	3.01e-08	8.54e-05	1.71e-04	1.93e-27
 4.92367e+16	7.04e-08	2.96e-04	5.71e-02	2.74e-01	6.69e-01	3.07e-07	0.00e+00	6.97e-09	2.11e-08	3.57e-08	9.85e-05	1.97e-04	2.97e-27
 5.15245e+16	8.34e-08	3.42e-04	6.36e-02	2.89e-01	6.47e-01	3.11e-07	0.00e+00	8.25e-09	2.49e-08	4.23e-08	1.14e-04	2.28e-04	4.63e-27
 5.35836e+16	9.81e-08	3.91e-04	7.01e-02	3.03e-01	6.27e-01	3.17e-07	0.00e+00	9.71e-09	2.93e-08	4.97e-08	1.30e-04	2.60e-04	6.86e-27
 5.54368e+16	1.13e-07	4.40e-04	7.64e-02	3.15e-01	6.08e-01	3.20e-07	0.00e+00	1.12e-08	3.39e-08	5.74e-08	1.47e-04	2.93e-04	9.77e-27
 5.71046e+16	1.29e-07	4.90e-04	8.25e-02	3.26e-01	5.91e-01	3.24e-07	0.00e+00	1.28e-08	3.86e-08	6.54e-08	1.63e-04	3.26e-04	1.35e-26
 5.86057e+16	1.45e-07	5.40e-04	8.84e-02	3.37e-01	5.75e-01	3.26e-07	0.00e+00	1.44e-08	4.35e-08	7.37e-08	1.80e-04	3.60e-04	1.80e-26
 5.99566e+16	1.62e-07	5.89e-04	9.41e-02	3.46e-01	5.60e-01	3.29e-07	0.00e+00	1.61e-08	4.85e-08	8.22e-08	1.96e-04	3.92e-04	2.35e-26
 6.11725e+16	1.79e-07	6.37e-04	9.95e-02	3.54e-01	5.46e-01	3.33e-07	0.00e+00	1.77e-08	5.36e-08	9.07e-08	2.13e-04	4.25e-04	2.99e-26
 6.22667e+16	1.96e-07	6.85e-04	1.05e-01	3.61e-01	5.33e-01	3.35e-07	0.00e+00	1.94e-08	5.87e-08	9.94e-08	2.29e-04	4.57e-04	3.71e-26
 6.32516e+16	2.13e-07	7.31e-04	1.09e-01	3.68e-01	5.22e-01	3.38e-07	0.00e+00	2.11e-08	6.37e-08	1.08e-07	2.44e-04	4.87e-04	4.53e-26
 6.41379e+16	2.29e-07	7.74e-04	1.14e-01	3.74e-01	5.11e-01	3.41e-07	0.00e+00	2.27e-08	6.86e-08	1.16e-07	2.58e-04	5.16e-04	5.36e-26
 6.49357e+16	2.45e-07	8.16e-04	1.18e-01	3.80e-01	5.01e-01	3.44e-07	0.00e+00	2.43e-08	7.35e-08	1.25e-07	2.72e-04	5.44e-04	6.34e-26
 6.56741e+16	2.62e-07	8.58e-04	1.22e-01	3.85e-01	4.92e-01	3.47e-07	0.00e+00	2.60e-08	7.85e-08	1.33e-07	2.86e-04	5.72e-04	7.41e-26
 6.63953e+16	2.79e-07	9.02e-04	1.26e-01	3.90e-01	4.83e-01	3.49e-07	0.00e+00	2.77e-08	8.37e-08	1.42e-07	3.01e-04	6.01e-04	8.66e-26
 6.71164e+16	2.98e-07	9.48e-04	1.31e-01	3.94e-01	4.74e-01	3.52e-07	0.00e+00	2.96e-08	8.94e-08	1.51e-07	3.16e-04	6.31e-04	1.01e-25
 6.78376e+16	3.19e-07	9.96e-04	1.35e-01	3.99e-01	4.65e-01	3.55e-07	0.00e+00	3.17e-08	9.57e-08	1.62e-07	3.33e-04	6.64e-04	1.19e-25
 6.85587e+16	3.42e-07	1.05e-03	1.40e-01	4.04e-01	4.55e-01	3.58e-07	0.00e+00	3.39e-08	1.02e-07	1.74e-07	3.50e-04	6.98e-04	1.40e-25
 6.92799e+16	3.66e-07	1.10e-03	1.44e-01	4.09e-01	4.46e-01	3.61e-07	0.00e+00	3.64e-08	1.10e-07	1.86e-07	3.68e-04	7.35e-04	1.65e-25
 7.00010e+16	3.94e-07	1.16e-03	1.49e-01	4.14e-01	4.36e-01	3.64e-07	0.00e+00	3.92e-08	1.18e-07	2.00e-07	3.88e-04	7.74e-04	1.95e-25
 7.07222e+16	4.25e-07	1.23e-03	1.54e-01	4.18e-01	4.26e-01	3.71e-07	0.00e+00	4.23e-08	1.28e-07	2.16e-07	4.09e-04	8.17e-04	2.34e-25
 7.14433e+16	4.62e-07	1.30e-03	1.60e-01	4.23e-01	4.16e-01	3.73e-07	0.00e+00	4.59e-08	1.39e-07	2.35e-07	4.33e-04	8.63e-04	2.81e-25
 7.19595e+16	5.01e-07	1.36e-03	1.63e-01	4.26e-01	4.09e-01	3.76e-07	0.00e+00	4.99e-08	1.51e-07	2.55e-07	4.55e-04	9.07e-04	3.34e-25
