#depth	O	O+	O+2	O+3	O+4	O+5	O+6	O+7	O+8	O[1]	O[2]	O[3]
 2.09243e+14	2.48e-11	5.96e-07	1.56e-03	1.85e-01	6.80e-01	1.29e-01	4.73e-03	0.00e+00	0.00e+00	1.87e-11	4.08e-12	2.01e-12
 1.22859e+15	3.02e-11	6.91e-07	1.73e-03	1.94e-01	6.78e-01	1.23e-01	4.24e-03	0.00e+00	0.00e+00	2.28e-11	4.96e-12	2.45e-12
 2.88120e+15	4.02e-11	8.61e-07	2.03e-03	2.09e-01	6.73e-01	1.13e-01	3.57e-03	0.00e+00	0.00e+00	3.03e-11	6.58e-12	3.27e-12
 4.59992e+15	5.35e-11	1.07e-06	2.38e-03	2.25e-01	6.66e-01	1.04e-01	2.99e-03	0.00e+00	0.00e+00	4.04e-11	8.74e-12	4.34e-12
 6.27965e+15	6.95e-11	1.30e-06	2.76e-03	2.41e-01	6.59e-01	9.54e-02	2.53e-03	0.00e+00	0.00e+00	5.24e-11	1.13e-11	5.65e-12
 7.83113e+15	8.78e-11	1.55e-06	3.14e-03	2.55e-01	6.51e-01	8.84e-02	2.17e-03	0.00e+00	0.00e+00	6.62e-11	1.43e-11	7.14e-12
 9.55143e+15	1.13e-10	1.88e-06	3.62e-03	2.72e-01	6.42e-01	8.13e-02	1.84e-03	0.00e+00	0.00e+00	8.55e-11	1.85e-11	9.22e-12
 1.14825e+16	1.51e-10	2.33e-06	4.21e-03	2.90e-01	6.30e-01	7.42e-02	1.53e-03	0.00e+00	0.00e+00	1.14e-10	2.45e-11	1.23e-11
 1.33240e+16	1.96e-10	2.83e-06	4.84e-03	3.08e-01	6.18e-01	6.80e-02	1.29e-03	0.00e+00	0.00e+00	1.48e-10	3.18e-11	1.59e-11
 1.52926e+16	2.58e-10	3.48e-06	5.59e-03	3.26e-01	6.05e-01	6.19e-02	1.08e-03	0.00e+00	0.00e+00	1.95e-10	4.20e-11	2.11e-11
 1.73217e+16	3.38e-10	4.25e-06	6.43e-03	3.45e-01	5.91e-01	5.63e-02	8.97e-04	0.00e+00	0.00e+00	2.55e-10	5.50e-11	2.77e-11
 1.90958e+16	4.26e-10	5.04e-06	7.25e-03	3.62e-01	5.78e-01	5.19e-02	7.67e-04	0.00e+00	0.00e+00	3.21e-10	6.91e-11	3.48e-11
 2.10069e+16	5.45e-10	6.05e-06	8.21e-03	3.79e-01	5.64e-01	4.75e-02	6.50e-04	0.00e+00	0.00e+00	4.11e-10	8.84e-11	4.46e-11
 2.33305e+16	7.28e-10	7.49e-06	9.51e-03	4.00e-01	5.47e-01	4.27e-02	5.32e-04	0.00e+00	0.00e+00	5.50e-10	1.18e-10	5.97e-11
 2.56310e+16	9.53e-10	9.14e-06	1.09e-02	4.21e-01	5.29e-01	3.85e-02	4.39e-04	0.00e+00	0.00e+00	7.19e-10	1.54e-10	7.82e-11
 2.76452e+16	1.20e-09	1.08e-05	1.23e-02	4.38e-01	5.14e-01	3.51e-02	3.72e-04	0.00e+00	0.00e+00	9.05e-10	1.94e-10	9.85e-11
 2.98467e+16	1.55e-09	1.30e-05	1.40e-02	4.57e-01	4.97e-01	3.18e-02	3.10e-04	0.00e+00	0.00e+00	1.17e-09	2.50e-10	1.27e-10
 3.25145e+16	2.08e-09	1.62e-05	1.62e-02	4.79e-01	4.76e-01	2.82e-02	2.50e-04	0.00e+00	0.00e+00	1.57e-09	3.36e-10	1.71e-10
 3.51540e+16	2.74e-09	1.99e-05	1.86e-02	5.00e-01	4.56e-01	2.50e-02	2.03e-04	0.00e+00	0.00e+00	2.07e-09	4.42e-10	2.26e-10
 3.74714e+16	3.47e-09	2.37e-05	2.10e-02	5.18e-01	4.38e-01	2.25e-02	1.69e-04	0.00e+00	0.00e+00	2.62e-09	5.61e-10	2.87e-10
 3.95280e+16	4.26e-09	2.76e-05	2.33e-02	5.34e-01	4.22e-01	2.06e-02	1.44e-04	0.00e+00	0.00e+00	3.22e-09	6.88e-10	3.52e-10
 4.14378e+16	5.16e-09	3.17e-05	2.56e-02	5.47e-01	4.08e-01	1.89e-02	1.24e-04	0.00e+00	0.00e+00	3.89e-09	8.32e-10	4.27e-10
 4.36341e+16	6.45e-09	3.73e-05	2.86e-02	5.63e-01	3.92e-01	1.71e-02	1.05e-04	0.00e+00	0.00e+00	4.86e-09	1.04e-09	5.34e-10
 4.60392e+16	8.15e-09	4.44e-05	3.21e-02	5.78e-01	3.74e-01	1.53e-02	8.72e-05	0.00e+00	0.00e+00	6.15e-09	1.31e-09	6.76e-10
 4.82477e+16	1.01e-08	5.19e-05	3.56e-02	5.92e-01	3.58e-01	1.39e-02	7.38e-05	0.00e+00	0.00e+00	7.59e-09	1.62e-09	8.35e-10
 5.03338e+16	1.23e-08	6.03e-05	3.93e-02	6.05e-01	3.43e-01	1.26e-02	6.30e-05	0.00e+00	0.00e+00	9.29e-09	1.98e-09	1.02e-09
 5.24121e+16	1.51e-08	7.01e-05	4.34e-02	6.16e-01	3.29e-01	1.14e-02	5.38e-05	0.00e+00	0.00e+00	1.14e-08	2.42e-09	1.25e-09
 5.43824e+16	1.82e-08	8.07e-05	4.75e-02	6.27e-01	3.15e-01	1.04e-02	4.63e-05	0.00e+00	0.00e+00	1.37e-08	2.93e-09	1.52e-09
 5.61557e+16	2.16e-08	9.18e-05	5.16e-02	6.36e-01	3.03e-01	9.61e-03	4.05e-05	0.00e+00	0.00e+00	1.63e-08	3.48e-09	1.80e-09
 5.77517e+16	2.54e-08	1.03e-04	5.56e-02	6.43e-01	2.92e-01	8.91e-03	3.59e-05	0.00e+00	0.00e+00	1.91e-08	4.08e-09	2.12e-09
 5.91880e+16	2.93e-08	1.15e-04	5.94e-02	6.49e-01	2.83e-01	8.32e-03	3.21e-05	0.00e+00	0.00e+00	2.21e-08	4.71e-09	2.44e-09
 6.04807e+16	3.34e-08	1.27e-04	6.31e-02	6.55e-01	2.74e-01	7.82e-03	2.91e-05	0.00e+00	0.00e+00	2.52e-08	5.37e-09	2.79e-09
 6.16442e+16	3.77e-08	1.39e-04	6.66e-02	6.59e-01	2.67e-01	7.39e-03	2.66e-05	0.00e+00	0.00e+00	2.84e-08	6.05e-09	3.15e-09
 6.26913e+16	4.20e-08	1.50e-04	6.99e-02	6.63e-01	2.60e-01	7.02e-03	2.45e-05	0.00e+00	0.00e+00	3.17e-08	6.75e-09	3.51e-09
 6.36337e+16	4.65e-08	1.62e-04	7.31e-02	6.66e-01	2.54e-01	6.70e-03	2.28e-05	0.00e+00	0.00e+00	3.51e-08	7.47e-09	3.89e-09
 6.44818e+16	5.07e-08	1.73e-04	7.61e-02	6.69e-01	2.48e-01	6.42e-03	2.13e-05	0.00e+00	0.00e+00	3.82e-08	8.14e-09	4.24e-09
 6.52451e+16	5.52e-08	1.84e-04	7.89e-02	6.71e-01	2.43e-01	6.18e-03	2.01e-05	0.00e+00	0.00e+00	4.17e-08	8.86e-09	4.62e-09
 6.59673e+16	5.99e-08	1.96e-04	8.17e-02	6.73e-01	2.39e-01	5.95e-03	1.90e-05	0.00e+00	0.00e+00	4.52e-08	9.62e-09	5.02e-09
 6.66885e+16	6.51e-08	2.08e-04	8.46e-02	6.75e-01	2.34e-01	5.73e-03	1.79e-05	0.00e+00	0.00e+00	4.92e-08	1.05e-08	5.46e-09
 6.74096e+16	7.09e-08	2.22e-04	8.76e-02	6.77e-01	2.30e-01	5.52e-03	1.69e-05	0.00e+00	0.00e+00	5.35e-08	1.14e-08	5.94e-09
 6.81308e+16	7.73e-08	2.37e-04	9.07e-02	6.79e-01	2.25e-01	5.31e-03	1.59e-05	0.00e+00	0.00e+00	5.83e-08	1.24e-08	6.48e-09
 6.88519e+16	8.45e-08	2.53e-04	9.40e-02	6.80e-01	2.21e-01	5.11e-03	1.50e-05	0.00e+00	0.00e+00	6.38e-08	1.36e-08	7.09e-09
 6.95731e+16	9.26e-08	2.71e-04	9.74e-02	6.81e-01	2.16e-01	4.92e-03	1.41e-05	0.00e+00	0.00e+00	6.99e-08	1.49e-08	7.77e-09
 7.02942e+16	1.02e-07	2.90e-04	1.01e-01	6.82e-01	2.12e-01	4.73e-03	1.33e-05	0.00e+00	0.00e+00	7.68e-08	1.63e-08	8.55e-09
 7.10154e+16	1.13e-07	3.14e-04	1.05e-01	6.83e-01	2.07e-01	4.54e-03	1.25e-05	0.00e+00	0.00e+00	8.55e-08	1.82e-08	9.51e-09
 7.17365e+16	1.27e-07	3.41e-04	1.09e-01	6.84e-01	2.02e-01	4.36e-03	1.17e-05	0.00e+00	0.00e+00	9.56e-08	2.03e-08	1.06e-08
 7.21061e+16	1.47e-07	3.75e-04	1.11e-01	6.84e-01	2.00e-01	4.25e-03	1.12e-05	0.00e+00	0.00e+00	1.11e-07	2.35e-08	1.23e-08
