#depth	He	He+	He+2
 3.61838e+14	4.86e-07	5.02e-03	9.95e-01
 1.53988e+15	5.47e-07	5.33e-03	9.95e-01
 3.20495e+15	6.44e-07	5.78e-03	9.94e-01
 4.93661e+15	7.59e-07	6.28e-03	9.94e-01
 6.53080e+15	8.75e-07	6.74e-03	9.93e-01
 7.90728e+15	9.86e-07	7.16e-03	9.93e-01
 9.43699e+15	1.12e-06	7.65e-03	9.92e-01
 1.13094e+16	1.31e-06	8.27e-03	9.92e-01
 1.31986e+16	1.52e-06	8.92e-03	9.91e-01
 1.47992e+16	1.71e-06	9.47e-03	9.91e-01
 1.64533e+16	1.93e-06	1.01e-02	9.90e-01
 1.85378e+16	2.25e-06	1.09e-02	9.89e-01
 2.06371e+16	2.60e-06	1.17e-02	9.88e-01
 2.24080e+16	2.92e-06	1.24e-02	9.88e-01
 2.39887e+16	3.25e-06	1.31e-02	9.87e-01
 2.57360e+16	3.64e-06	1.39e-02	9.86e-01
 2.76883e+16	4.11e-06	1.47e-02	9.85e-01
 2.95388e+16	4.60e-06	1.56e-02	9.84e-01
 3.15762e+16	5.21e-06	1.66e-02	9.83e-01
 3.37927e+16	5.91e-06	1.76e-02	9.82e-01
 3.57896e+16	6.61e-06	1.87e-02	9.81e-01
 3.79328e+16	7.45e-06	1.98e-02	9.80e-01
 4.03034e+16	8.47e-06	2.11e-02	9.79e-01
 4.25279e+16	9.49e-06	2.23e-02	9.78e-01
 4.46549e+16	1.06e-05	2.36e-02	9.76e-01
 4.70366e+16	1.19e-05	2.51e-02	9.75e-01
 4.95445e+16	1.35e-05	2.67e-02	9.73e-01
 5.18015e+16	1.50e-05	2.81e-02	9.72e-01
 5.38329e+16	1.65e-05	2.95e-02	9.70e-01
 5.56611e+16	1.80e-05	3.08e-02	9.69e-01
 5.73065e+16	1.94e-05	3.19e-02	9.68e-01
 5.87874e+16	2.08e-05	3.30e-02	9.67e-01
 6.01202e+16	2.21e-05	3.41e-02	9.66e-01
 6.13197e+16	2.33e-05	3.50e-02	9.65e-01
 6.23992e+16	2.45e-05	3.58e-02	9.64e-01
 6.33708e+16	2.56e-05	3.66e-02	9.63e-01
 6.42453e+16	2.67e-05	3.74e-02	9.63e-01
 6.50322e+16	2.77e-05	3.80e-02	9.62e-01
 6.57656e+16	2.86e-05	3.86e-02	9.61e-01
 6.64868e+16	2.96e-05	3.93e-02	9.61e-01
 6.72079e+16	3.07e-05	3.99e-02	9.60e-01
 6.79291e+16	3.18e-05	4.06e-02	9.59e-01
 6.86502e+16	3.29e-05	4.12e-02	9.59e-01
 6.93714e+16	3.41e-05	4.19e-02	9.58e-01
 7.00925e+16	3.54e-05	4.26e-02	9.57e-01
 7.08137e+16	3.71e-05	4.34e-02	9.57e-01
 7.15348e+16	3.88e-05	4.41e-02	9.56e-01
 7.20053e+16	4.02e-05	4.45e-02	9.55e-01
