#depth	C	C+	C+2	C+3	C+4	C+5	C+6	C[1]	C[2]	C[3]	C+[1]	C+[2]	CO
 3.61838e+14	6.88e-09	1.92e-05	4.64e-03	5.66e-02	9.39e-01	7.27e-07	0.00e+00	7.18e-10	2.18e-09	3.73e-09	6.48e-06	1.27e-05	3.26e-30
 1.53988e+15	5.18e-09	2.24e-05	5.19e-03	6.03e-02	9.34e-01	7.20e-07	0.00e+00	5.41e-10	1.64e-09	2.81e-09	7.56e-06	1.48e-05	5.38e-30
 3.20495e+15	6.54e-09	2.76e-05	6.05e-03	6.58e-02	9.28e-01	7.31e-07	0.00e+00	6.83e-10	2.07e-09	3.54e-09	9.32e-06	1.83e-05	1.09e-29
 4.93661e+15	8.30e-09	3.40e-05	7.06e-03	7.18e-02	9.21e-01	7.38e-07	0.00e+00	8.66e-10	2.63e-09	4.49e-09	1.15e-05	2.25e-05	2.22e-29
 6.53080e+15	1.02e-08	4.09e-05	8.10e-03	7.76e-02	9.14e-01	7.40e-07	0.00e+00	1.07e-09	3.24e-09	5.53e-09	1.38e-05	2.71e-05	4.10e-29
 7.90728e+15	1.22e-08	4.78e-05	9.08e-03	8.27e-02	9.08e-01	7.55e-07	0.00e+00	1.27e-09	3.85e-09	6.58e-09	1.62e-05	3.16e-05	6.88e-29
 9.43699e+15	1.48e-08	5.65e-05	1.03e-02	8.86e-02	9.01e-01	7.58e-07	0.00e+00	1.55e-09	4.69e-09	8.01e-09	1.91e-05	3.74e-05	1.21e-28
 1.13094e+16	1.85e-08	6.88e-05	1.19e-02	9.61e-02	8.92e-01	7.68e-07	0.00e+00	1.94e-09	5.88e-09	1.00e-08	2.33e-05	4.55e-05	2.34e-28
 1.31986e+16	2.29e-08	8.29e-05	1.37e-02	1.04e-01	8.82e-01	7.69e-07	0.00e+00	2.40e-09	7.27e-09	1.24e-08	2.81e-05	5.49e-05	4.36e-28
 1.47992e+16	2.73e-08	9.67e-05	1.54e-02	1.11e-01	8.74e-01	7.83e-07	0.00e+00	2.86e-09	8.68e-09	1.48e-08	3.27e-05	6.40e-05	7.23e-28
 1.64533e+16	3.28e-08	1.13e-04	1.72e-02	1.18e-01	8.64e-01	7.87e-07	0.00e+00	3.43e-09	1.04e-08	1.78e-08	3.83e-05	7.48e-05	1.22e-27
 1.85378e+16	4.10e-08	1.37e-04	1.99e-02	1.28e-01	8.52e-01	7.91e-07	0.00e+00	4.29e-09	1.30e-08	2.22e-08	4.63e-05	9.05e-05	2.30e-27
 2.06371e+16	5.07e-08	1.64e-04	2.27e-02	1.38e-01	8.40e-01	7.94e-07	0.00e+00	5.30e-09	1.61e-08	2.74e-08	5.56e-05	1.09e-04	4.22e-27
 2.24080e+16	6.03e-08	1.91e-04	2.54e-02	1.46e-01	8.28e-01	7.93e-07	0.00e+00	6.31e-09	1.91e-08	3.27e-08	6.47e-05	1.26e-04	6.92e-27
 2.39887e+16	7.01e-08	2.17e-04	2.79e-02	1.54e-01	8.18e-01	7.97e-07	0.00e+00	7.33e-09	2.22e-08	3.79e-08	7.36e-05	1.44e-04	1.07e-26
 2.57360e+16	8.31e-08	2.51e-04	3.09e-02	1.63e-01	8.06e-01	7.95e-07	0.00e+00	8.69e-09	2.64e-08	4.50e-08	8.49e-05	1.66e-04	1.71e-26
 2.76883e+16	9.92e-08	2.92e-04	3.45e-02	1.73e-01	7.92e-01	7.95e-07	0.00e+00	1.04e-08	3.15e-08	5.37e-08	9.88e-05	1.93e-04	2.83e-26
 2.95388e+16	1.17e-07	3.35e-04	3.82e-02	1.82e-01	7.79e-01	7.90e-07	0.00e+00	1.22e-08	3.71e-08	6.33e-08	1.14e-04	2.22e-04	4.46e-26
 3.15762e+16	1.40e-07	3.90e-04	4.26e-02	1.93e-01	7.64e-01	7.89e-07	0.00e+00	1.46e-08	4.44e-08	7.57e-08	1.32e-04	2.57e-04	7.40e-26
 3.37927e+16	1.69e-07	4.56e-04	4.77e-02	2.05e-01	7.47e-01	7.80e-07	0.00e+00	1.77e-08	5.37e-08	9.16e-08	1.55e-04	3.02e-04	1.23e-25
 3.57896e+16	1.99e-07	5.23e-04	5.25e-02	2.16e-01	7.31e-01	7.74e-07	0.00e+00	2.08e-08	6.32e-08	1.08e-07	1.77e-04	3.45e-04	1.91e-25
 3.79328e+16	2.38e-07	6.05e-04	5.83e-02	2.27e-01	7.14e-01	7.66e-07	0.00e+00	2.49e-08	7.55e-08	1.29e-07	2.05e-04	4.00e-04	3.08e-25
 4.03034e+16	2.85e-07	7.03e-04	6.49e-02	2.40e-01	6.94e-01	7.60e-07	0.00e+00	2.99e-08	9.06e-08	1.54e-07	2.39e-04	4.65e-04	5.07e-25
 4.25279e+16	3.40e-07	8.09e-04	7.16e-02	2.52e-01	6.76e-01	7.55e-07	0.00e+00	3.56e-08	1.08e-07	1.84e-07	2.75e-04	5.35e-04	7.88e-25
 4.46549e+16	3.99e-07	9.22e-04	7.84e-02	2.63e-01	6.58e-01	7.43e-07	0.00e+00	4.18e-08	1.27e-07	2.16e-07	3.13e-04	6.09e-04	1.20e-24
 4.70366e+16	4.79e-07	1.06e-03	8.65e-02	2.76e-01	6.37e-01	7.26e-07	0.00e+00	5.02e-08	1.52e-07	2.60e-07	3.61e-04	7.03e-04	1.90e-24
 4.95445e+16	5.72e-07	1.23e-03	9.55e-02	2.89e-01	6.15e-01	7.13e-07	0.00e+00	6.00e-08	1.82e-07	3.10e-07	4.16e-04	8.10e-04	3.01e-24
 5.18015e+16	6.76e-07	1.39e-03	1.04e-01	3.00e-01	5.95e-01	7.03e-07	0.00e+00	7.09e-08	2.15e-07	3.67e-07	4.72e-04	9.19e-04	4.46e-24
 5.38329e+16	7.83e-07	1.55e-03	1.12e-01	3.10e-01	5.76e-01	6.91e-07	0.00e+00	8.21e-08	2.49e-07	4.24e-07	5.28e-04	1.03e-03	6.34e-24
 5.56611e+16	8.92e-07	1.71e-03	1.20e-01	3.19e-01	5.60e-01	6.78e-07	0.00e+00	9.36e-08	2.84e-07	4.84e-07	5.82e-04	1.13e-03	8.64e-24
 5.73065e+16	1.00e-06	1.87e-03	1.27e-01	3.26e-01	5.45e-01	6.66e-07	0.00e+00	1.05e-07	3.20e-07	5.45e-07	6.35e-04	1.23e-03	1.14e-23
 5.87874e+16	1.12e-06	2.02e-03	1.33e-01	3.33e-01	5.32e-01	6.55e-07	0.00e+00	1.17e-07	3.56e-07	6.06e-07	6.86e-04	1.33e-03	1.45e-23
 6.01202e+16	1.23e-06	2.16e-03	1.39e-01	3.39e-01	5.19e-01	6.45e-07	0.00e+00	1.29e-07	3.93e-07	6.69e-07	7.35e-04	1.43e-03	1.81e-23
 6.13197e+16	1.35e-06	2.30e-03	1.45e-01	3.44e-01	5.09e-01	6.36e-07	0.00e+00	1.41e-07	4.29e-07	7.31e-07	7.82e-04	1.52e-03	2.20e-23
 6.23992e+16	1.46e-06	2.43e-03	1.50e-01	3.49e-01	4.99e-01	6.27e-07	0.00e+00	1.53e-07	4.65e-07	7.92e-07	8.26e-04	1.60e-03	2.63e-23
 6.33708e+16	1.57e-06	2.55e-03	1.55e-01	3.53e-01	4.90e-01	6.20e-07	0.00e+00	1.65e-07	5.01e-07	8.53e-07	8.68e-04	1.69e-03	3.09e-23
 6.42453e+16	1.68e-06	2.67e-03	1.59e-01	3.57e-01	4.82e-01	6.13e-07	0.00e+00	1.77e-07	5.36e-07	9.13e-07	9.07e-04	1.76e-03	3.56e-23
 6.50322e+16	1.79e-06	2.78e-03	1.63e-01	3.60e-01	4.75e-01	6.07e-07	0.00e+00	1.88e-07	5.69e-07	9.69e-07	9.44e-04	1.83e-03	4.03e-23
 6.57656e+16	1.90e-06	2.88e-03	1.67e-01	3.63e-01	4.68e-01	6.01e-07	0.00e+00	1.99e-07	6.04e-07	1.03e-06	9.80e-04	1.90e-03	4.57e-23
 6.64868e+16	2.01e-06	2.99e-03	1.71e-01	3.65e-01	4.61e-01	5.94e-07	0.00e+00	2.11e-07	6.41e-07	1.09e-06	1.02e-03	1.97e-03	5.16e-23
 6.72079e+16	2.14e-06	3.10e-03	1.74e-01	3.68e-01	4.54e-01	5.88e-07	0.00e+00	2.24e-07	6.81e-07	1.16e-06	1.06e-03	2.05e-03	5.85e-23
 6.79291e+16	2.27e-06	3.22e-03	1.78e-01	3.71e-01	4.47e-01	5.82e-07	0.00e+00	2.39e-07	7.24e-07	1.23e-06	1.10e-03	2.13e-03	6.62e-23
 6.86502e+16	2.42e-06	3.35e-03	1.82e-01	3.74e-01	4.41e-01	5.75e-07	0.00e+00	2.55e-07	7.73e-07	1.32e-06	1.14e-03	2.21e-03	7.53e-23
 6.93714e+16	2.60e-06	3.48e-03	1.86e-01	3.76e-01	4.34e-01	5.69e-07	0.00e+00	2.73e-07	8.28e-07	1.41e-06	1.18e-03	2.30e-03	8.59e-23
 7.00925e+16	2.79e-06	3.62e-03	1.91e-01	3.79e-01	4.27e-01	5.62e-07	0.00e+00	2.93e-07	8.90e-07	1.51e-06	1.23e-03	2.39e-03	9.85e-23
 7.08137e+16	3.06e-06	3.79e-03	1.95e-01	3.82e-01	4.19e-01	5.56e-07	0.00e+00	3.22e-07	9.76e-07	1.66e-06	1.29e-03	2.50e-03	1.18e-22
 7.15348e+16	3.38e-06	3.99e-03	2.00e-01	3.84e-01	4.12e-01	5.46e-07	0.00e+00	3.55e-07	1.08e-06	1.83e-06	1.36e-03	2.63e-03	1.41e-22
 7.20053e+16	3.68e-06	4.15e-03	2.03e-01	3.86e-01	4.06e-01	5.39e-07	0.00e+00	3.88e-07	1.17e-06	2.00e-06	1.41e-03	2.74e-03	1.65e-22
