#depth	He	He+	He+2
 2.01646e+14	1.55e-07	3.50e-03	9.97e-01
 1.20988e+15	1.71e-07	3.68e-03	9.96e-01
 2.85852e+15	2.00e-07	3.97e-03	9.96e-01
 4.57633e+15	2.33e-07	4.29e-03	9.96e-01
 6.24746e+15	2.68e-07	4.61e-03	9.95e-01
 7.78095e+15	3.03e-07	4.91e-03	9.95e-01
 9.47860e+15	3.48e-07	5.28e-03	9.95e-01
 1.13873e+16	4.05e-07	5.69e-03	9.94e-01
 1.32102e+16	4.65e-07	6.11e-03	9.94e-01
 1.51673e+16	5.39e-07	6.58e-03	9.93e-01
 1.71844e+16	6.23e-07	7.07e-03	9.93e-01
 1.89376e+16	7.04e-07	7.52e-03	9.92e-01
 2.08224e+16	8.03e-07	8.04e-03	9.92e-01
 2.31272e+16	9.38e-07	8.70e-03	9.91e-01
 2.54127e+16	1.08e-06	9.37e-03	9.91e-01
 2.73972e+16	1.23e-06	9.98e-03	9.90e-01
 2.95557e+16	1.41e-06	1.07e-02	9.89e-01
 3.21930e+16	1.65e-06	1.17e-02	9.88e-01
 3.48108e+16	1.92e-06	1.26e-02	9.87e-01
 3.70868e+16	2.19e-06	1.35e-02	9.86e-01
 3.91013e+16	2.45e-06	1.44e-02	9.86e-01
 4.12609e+16	2.77e-06	1.54e-02	9.85e-01
 4.36086e+16	3.16e-06	1.65e-02	9.83e-01
 4.57606e+16	3.55e-06	1.76e-02	9.82e-01
 4.77953e+16	3.98e-06	1.88e-02	9.81e-01
 4.99705e+16	4.49e-06	2.01e-02	9.80e-01
 5.21850e+16	5.09e-06	2.16e-02	9.78e-01
 5.41780e+16	5.68e-06	2.30e-02	9.77e-01
 5.59717e+16	6.29e-06	2.43e-02	9.76e-01
 5.75861e+16	6.91e-06	2.57e-02	9.74e-01
 5.90390e+16	7.52e-06	2.70e-02	9.73e-01
 6.03466e+16	8.13e-06	2.82e-02	9.72e-01
 6.15235e+16	8.73e-06	2.94e-02	9.71e-01
 6.25826e+16	9.32e-06	3.05e-02	9.69e-01
 6.35359e+16	9.89e-06	3.16e-02	9.68e-01
 6.43938e+16	1.04e-05	3.26e-02	9.67e-01
 6.51659e+16	1.10e-05	3.36e-02	9.66e-01
 6.58923e+16	1.15e-05	3.46e-02	9.65e-01
 6.66134e+16	1.21e-05	3.56e-02	9.64e-01
 6.73346e+16	1.27e-05	3.66e-02	9.63e-01
 6.80557e+16	1.33e-05	3.77e-02	9.62e-01
 6.87769e+16	1.40e-05	3.88e-02	9.61e-01
 6.94980e+16	1.48e-05	4.00e-02	9.60e-01
 7.02192e+16	1.56e-05	4.12e-02	9.59e-01
 7.09403e+16	1.65e-05	4.26e-02	9.57e-01
 7.16615e+16	1.75e-05	4.39e-02	9.56e-01
 7.20686e+16	1.85e-05	4.47e-02	9.55e-01
