#depth	He	He+	He+2
 1.94277e+14	9.84e-08	3.35e-03	9.97e-01
 1.16566e+15	1.08e-07	3.52e-03	9.96e-01
 2.78336e+15	1.26e-07	3.78e-03	9.96e-01
 4.49816e+15	1.46e-07	4.08e-03	9.96e-01
 6.17525e+15	1.69e-07	4.39e-03	9.96e-01
 7.77331e+15	1.92e-07	4.69e-03	9.95e-01
 9.54160e+15	2.22e-07	5.05e-03	9.95e-01
 1.14716e+16	2.59e-07	5.45e-03	9.95e-01
 1.32786e+16	2.97e-07	5.83e-03	9.94e-01
 1.52131e+16	3.43e-07	6.27e-03	9.94e-01
 1.73476e+16	4.01e-07	6.78e-03	9.93e-01
 1.93477e+16	4.62e-07	7.27e-03	9.93e-01
 2.15052e+16	5.36e-07	7.85e-03	9.92e-01
 2.38846e+16	6.28e-07	8.51e-03	9.91e-01
 2.61261e+16	7.24e-07	9.15e-03	9.91e-01
 2.85415e+16	8.47e-07	9.92e-03	9.90e-01
 3.11848e+16	9.95e-07	1.08e-02	9.89e-01
 3.36705e+16	1.16e-06	1.17e-02	9.88e-01
 3.63575e+16	1.36e-06	1.27e-02	9.87e-01
 3.92868e+16	1.61e-06	1.39e-02	9.86e-01
 4.20117e+16	1.88e-06	1.51e-02	9.85e-01
 4.42632e+16	2.13e-06	1.62e-02	9.84e-01
 4.61246e+16	2.37e-06	1.72e-02	9.83e-01
 4.82043e+16	2.67e-06	1.84e-02	9.82e-01
 5.05166e+16	3.05e-06	1.99e-02	9.80e-01
 5.26765e+16	3.45e-06	2.13e-02	9.79e-01
 5.46203e+16	3.86e-06	2.28e-02	9.77e-01
 5.63698e+16	4.28e-06	2.42e-02	9.76e-01
 5.79444e+16	4.71e-06	2.56e-02	9.74e-01
 5.93614e+16	5.13e-06	2.69e-02	9.73e-01
 6.06368e+16	5.55e-06	2.82e-02	9.72e-01
 6.17847e+16	5.97e-06	2.95e-02	9.71e-01
 6.28177e+16	6.38e-06	3.07e-02	9.69e-01
 6.37475e+16	6.78e-06	3.18e-02	9.68e-01
 6.45842e+16	7.17e-06	3.29e-02	9.67e-01
 6.53412e+16	7.53e-06	3.39e-02	9.66e-01
 6.60623e+16	7.91e-06	3.50e-02	9.65e-01
 6.67835e+16	8.32e-06	3.61e-02	9.64e-01
 6.75046e+16	8.75e-06	3.72e-02	9.63e-01
 6.82258e+16	9.22e-06	3.85e-02	9.62e-01
 6.89469e+16	9.72e-06	3.97e-02	9.60e-01
 6.96681e+16	1.03e-05	4.11e-02	9.59e-01
 7.03892e+16	1.08e-05	4.25e-02	9.58e-01
 7.11104e+16	1.15e-05	4.40e-02	9.56e-01
 7.17931e+16	1.21e-05	4.55e-02	9.55e-01
