#depth	C	C+	C+2	C+3	C+4	C+5	C+6	C[1]	C[2]	C[3]	C+[1]	C+[2]	CO
 2.92617e+14	5.32e-09	1.54e-05	3.97e-03	5.22e-02	9.44e-01	7.07e-07	0.00e+00	5.50e-10	1.67e-09	2.85e-09	5.16e-06	1.02e-05	1.57e-30
 1.39867e+15	4.09e-09	1.78e-05	4.41e-03	5.55e-02	9.40e-01	7.07e-07	0.00e+00	4.23e-10	1.28e-09	2.19e-09	5.97e-06	1.18e-05	2.51e-30
 3.05809e+15	5.13e-09	2.19e-05	5.14e-03	6.05e-02	9.34e-01	7.17e-07	0.00e+00	5.31e-10	1.61e-09	2.75e-09	7.36e-06	1.46e-05	5.04e-30
 4.78388e+15	6.48e-09	2.70e-05	6.00e-03	6.60e-02	9.28e-01	7.23e-07	0.00e+00	6.70e-10	2.03e-09	3.47e-09	9.07e-06	1.80e-05	1.01e-29
 6.37877e+15	7.94e-09	3.25e-05	6.88e-03	7.13e-02	9.22e-01	7.26e-07	0.00e+00	8.22e-10	2.49e-09	4.26e-09	1.09e-05	2.16e-05	1.85e-29
 7.75505e+15	9.42e-09	3.79e-05	7.72e-03	7.61e-02	9.16e-01	7.40e-07	0.00e+00	9.75e-10	2.96e-09	5.05e-09	1.27e-05	2.52e-05	3.06e-29
 9.27581e+15	1.14e-08	4.48e-05	8.74e-03	8.15e-02	9.10e-01	7.43e-07	0.00e+00	1.18e-09	3.59e-09	6.13e-09	1.50e-05	2.97e-05	5.32e-29
 1.11398e+16	1.43e-08	5.44e-05	1.01e-02	8.85e-02	9.01e-01	7.53e-07	0.00e+00	1.48e-09	4.49e-09	7.66e-09	1.83e-05	3.61e-05	1.01e-28
 1.30287e+16	1.76e-08	6.55e-05	1.16e-02	9.58e-02	8.93e-01	7.55e-07	0.00e+00	1.82e-09	5.53e-09	9.44e-09	2.20e-05	4.35e-05	1.86e-28
 1.47320e+16	2.12e-08	7.72e-05	1.32e-02	1.03e-01	8.84e-01	7.67e-07	0.00e+00	2.20e-09	6.67e-09	1.14e-08	2.60e-05	5.13e-05	3.17e-28
 1.63260e+16	2.52e-08	8.96e-05	1.47e-02	1.09e-01	8.76e-01	7.73e-07	0.00e+00	2.61e-09	7.91e-09	1.35e-08	3.01e-05	5.95e-05	5.17e-28
 1.81091e+16	3.05e-08	1.06e-04	1.66e-02	1.17e-01	8.66e-01	7.82e-07	0.00e+00	3.16e-09	9.59e-09	1.64e-08	3.56e-05	7.02e-05	8.96e-28
 2.00843e+16	3.73e-08	1.26e-04	1.89e-02	1.26e-01	8.55e-01	7.83e-07	0.00e+00	3.87e-09	1.17e-08	2.00e-08	4.24e-05	8.36e-05	1.59e-27
 2.19229e+16	4.47e-08	1.47e-04	2.12e-02	1.34e-01	8.45e-01	7.81e-07	0.00e+00	4.63e-09	1.40e-08	2.39e-08	4.96e-05	9.78e-05	2.65e-27
 2.35646e+16	5.22e-08	1.69e-04	2.35e-02	1.41e-01	8.35e-01	7.84e-07	0.00e+00	5.41e-09	1.64e-08	2.80e-08	5.68e-05	1.12e-04	4.12e-27
 2.53363e+16	6.20e-08	1.95e-04	2.61e-02	1.50e-01	8.24e-01	7.84e-07	0.00e+00	6.43e-09	1.95e-08	3.32e-08	6.57e-05	1.30e-04	6.63e-27
 2.72961e+16	7.39e-08	2.27e-04	2.92e-02	1.59e-01	8.11e-01	7.82e-07	0.00e+00	7.66e-09	2.32e-08	3.96e-08	7.66e-05	1.51e-04	1.09e-26
 2.91281e+16	8.71e-08	2.61e-04	3.23e-02	1.68e-01	7.99e-01	7.83e-07	0.00e+00	9.03e-09	2.74e-08	4.67e-08	8.81e-05	1.73e-04	1.70e-26
 3.11371e+16	1.04e-07	3.04e-04	3.61e-02	1.79e-01	7.85e-01	7.80e-07	0.00e+00	1.08e-08	3.27e-08	5.58e-08	1.02e-04	2.02e-04	2.79e-26
 3.33232e+16	1.25e-07	3.55e-04	4.04e-02	1.90e-01	7.69e-01	7.77e-07	0.00e+00	1.29e-08	3.93e-08	6.69e-08	1.20e-04	2.35e-04	4.58e-26
 3.53100e+16	1.47e-07	4.08e-04	4.47e-02	2.00e-01	7.55e-01	7.76e-07	0.00e+00	1.53e-08	4.63e-08	7.90e-08	1.37e-04	2.70e-04	7.06e-26
 3.74632e+16	1.76e-07	4.72e-04	4.97e-02	2.12e-01	7.38e-01	7.70e-07	0.00e+00	1.82e-08	5.53e-08	9.42e-08	1.59e-04	3.13e-04	1.14e-25
 3.98347e+16	2.11e-07	5.51e-04	5.55e-02	2.24e-01	7.20e-01	7.62e-07	0.00e+00	2.19e-08	6.65e-08	1.13e-07	1.86e-04	3.65e-04	1.86e-25
 4.20254e+16	2.51e-07	6.34e-04	6.13e-02	2.36e-01	7.03e-01	7.58e-07	0.00e+00	2.60e-08	7.89e-08	1.34e-07	2.14e-04	4.20e-04	2.85e-25
 4.44090e+16	3.00e-07	7.35e-04	6.81e-02	2.49e-01	6.82e-01	7.53e-07	0.00e+00	3.11e-08	9.44e-08	1.61e-07	2.48e-04	4.87e-04	4.64e-25
 4.70219e+16	3.65e-07	8.61e-04	7.61e-02	2.62e-01	6.61e-01	7.39e-07	0.00e+00	3.79e-08	1.15e-07	1.96e-07	2.90e-04	5.70e-04	7.53e-25
 4.93962e+16	4.33e-07	9.87e-04	8.38e-02	2.75e-01	6.41e-01	7.28e-07	0.00e+00	4.50e-08	1.36e-07	2.32e-07	3.33e-04	6.54e-04	1.16e-24
 5.15854e+16	5.09e-07	1.12e-03	9.14e-02	2.86e-01	6.21e-01	7.23e-07	0.00e+00	5.29e-08	1.60e-07	2.73e-07	3.78e-04	7.42e-04	1.71e-24
 5.36384e+16	5.89e-07	1.26e-03	9.88e-02	2.96e-01	6.03e-01	7.11e-07	0.00e+00	6.12e-08	1.86e-07	3.16e-07	4.24e-04	8.32e-04	2.44e-24
 5.54861e+16	6.72e-07	1.39e-03	1.06e-01	3.06e-01	5.87e-01	7.01e-07	0.00e+00	6.99e-08	2.12e-07	3.61e-07	4.69e-04	9.20e-04	3.35e-24
 5.71490e+16	7.58e-07	1.52e-03	1.12e-01	3.14e-01	5.72e-01	6.93e-07	0.00e+00	7.88e-08	2.39e-07	4.07e-07	5.13e-04	1.01e-03	4.44e-24
 5.86456e+16	8.45e-07	1.65e-03	1.19e-01	3.21e-01	5.58e-01	6.86e-07	0.00e+00	8.79e-08	2.66e-07	4.54e-07	5.56e-04	1.09e-03	5.71e-24
 5.99926e+16	9.33e-07	1.77e-03	1.24e-01	3.28e-01	5.46e-01	6.77e-07	0.00e+00	9.71e-08	2.94e-07	5.01e-07	5.97e-04	1.17e-03	7.16e-24
 6.12048e+16	1.02e-06	1.89e-03	1.30e-01	3.34e-01	5.35e-01	6.69e-07	0.00e+00	1.06e-07	3.22e-07	5.48e-07	6.37e-04	1.25e-03	8.76e-24
 6.22959e+16	1.11e-06	2.00e-03	1.35e-01	3.39e-01	5.25e-01	6.62e-07	0.00e+00	1.15e-07	3.50e-07	5.96e-07	6.76e-04	1.32e-03	1.05e-23
 6.32778e+16	1.20e-06	2.11e-03	1.39e-01	3.43e-01	5.16e-01	6.54e-07	0.00e+00	1.24e-07	3.77e-07	6.42e-07	7.12e-04	1.40e-03	1.24e-23
 6.41615e+16	1.28e-06	2.21e-03	1.44e-01	3.47e-01	5.07e-01	6.48e-07	0.00e+00	1.33e-07	4.04e-07	6.88e-07	7.46e-04	1.46e-03	1.44e-23
 6.49569e+16	1.36e-06	2.30e-03	1.47e-01	3.50e-01	5.00e-01	6.44e-07	0.00e+00	1.42e-07	4.30e-07	7.32e-07	7.77e-04	1.52e-03	1.64e-23
 6.56942e+16	1.45e-06	2.39e-03	1.51e-01	3.54e-01	4.93e-01	6.38e-07	0.00e+00	1.51e-07	4.57e-07	7.77e-07	8.09e-04	1.59e-03	1.86e-23
 6.64154e+16	1.54e-06	2.49e-03	1.55e-01	3.57e-01	4.86e-01	6.32e-07	0.00e+00	1.60e-07	4.85e-07	8.26e-07	8.41e-04	1.65e-03	2.12e-23
 6.71365e+16	1.64e-06	2.59e-03	1.58e-01	3.60e-01	4.79e-01	6.27e-07	0.00e+00	1.70e-07	5.16e-07	8.78e-07	8.74e-04	1.71e-03	2.41e-23
 6.78577e+16	1.74e-06	2.69e-03	1.62e-01	3.63e-01	4.72e-01	6.21e-07	0.00e+00	1.82e-07	5.50e-07	9.36e-07	9.09e-04	1.78e-03	2.74e-23
 6.85788e+16	1.86e-06	2.80e-03	1.66e-01	3.66e-01	4.65e-01	6.15e-07	0.00e+00	1.94e-07	5.88e-07	1.00e-06	9.46e-04	1.85e-03	3.13e-23
 6.93000e+16	1.99e-06	2.92e-03	1.70e-01	3.69e-01	4.58e-01	6.09e-07	0.00e+00	2.08e-07	6.30e-07	1.07e-06	9.86e-04	1.93e-03	3.59e-23
 7.00211e+16	2.15e-06	3.04e-03	1.74e-01	3.72e-01	4.51e-01	6.03e-07	0.00e+00	2.24e-07	6.79e-07	1.15e-06	1.03e-03	2.01e-03	4.15e-23
 7.07423e+16	2.33e-06	3.18e-03	1.78e-01	3.75e-01	4.43e-01	5.96e-07	0.00e+00	2.43e-07	7.37e-07	1.25e-06	1.08e-03	2.11e-03	4.84e-23
 7.14634e+16	2.59e-06	3.36e-03	1.83e-01	3.79e-01	4.35e-01	5.90e-07	0.00e+00	2.70e-07	8.19e-07	1.39e-06	1.13e-03	2.22e-03	6.04e-23
 7.19696e+16	2.88e-06	3.52e-03	1.87e-01	3.81e-01	4.29e-01	5.81e-07	0.00e+00	3.00e-07	9.09e-07	1.55e-06	1.19e-03	2.33e-03	7.23e-23
