#depth	He	He+	He+2
 3.28396e+14	4.05e-07	4.87e-03	9.95e-01
 1.47166e+15	4.54e-07	5.16e-03	9.95e-01
 3.13399e+15	5.34e-07	5.59e-03	9.94e-01
 4.86282e+15	6.27e-07	6.06e-03	9.94e-01
 6.47570e+15	7.23e-07	6.51e-03	9.93e-01
 7.90134e+15	8.17e-07	6.93e-03	9.93e-01
 9.49780e+15	9.35e-07	7.41e-03	9.93e-01
 1.14099e+16	1.09e-06	8.02e-03	9.92e-01
 1.33265e+16	1.26e-06	8.65e-03	9.91e-01
 1.49890e+16	1.43e-06	9.20e-03	9.91e-01
 1.67269e+16	1.63e-06	9.82e-03	9.90e-01
 1.88652e+16	1.90e-06	1.06e-02	9.89e-01
 2.09829e+16	2.20e-06	1.14e-02	9.89e-01
 2.28012e+16	2.48e-06	1.21e-02	9.88e-01
 2.44379e+16	2.76e-06	1.28e-02	9.87e-01
 2.62323e+16	3.10e-06	1.36e-02	9.86e-01
 2.82213e+16	3.51e-06	1.44e-02	9.86e-01
 3.00865e+16	3.92e-06	1.53e-02	9.85e-01
 3.21348e+16	4.44e-06	1.62e-02	9.84e-01
 3.43697e+16	5.04e-06	1.73e-02	9.83e-01
 3.63933e+16	5.64e-06	1.83e-02	9.82e-01
 3.85699e+16	6.37e-06	1.95e-02	9.81e-01
 4.09680e+16	7.25e-06	2.08e-02	9.79e-01
 4.32038e+16	8.13e-06	2.20e-02	9.78e-01
 4.53393e+16	9.06e-06	2.33e-02	9.77e-01
 4.76922e+16	1.02e-05	2.48e-02	9.75e-01
 5.01345e+16	1.15e-05	2.63e-02	9.74e-01
 5.23326e+16	1.28e-05	2.78e-02	9.72e-01
 5.43108e+16	1.41e-05	2.92e-02	9.71e-01
 5.60913e+16	1.54e-05	3.05e-02	9.69e-01
 5.76937e+16	1.66e-05	3.17e-02	9.68e-01
 5.91358e+16	1.78e-05	3.28e-02	9.67e-01
 6.04337e+16	1.89e-05	3.39e-02	9.66e-01
 6.16019e+16	2.00e-05	3.48e-02	9.65e-01
 6.26532e+16	2.11e-05	3.57e-02	9.64e-01
 6.35994e+16	2.20e-05	3.66e-02	9.63e-01
 6.44510e+16	2.30e-05	3.73e-02	9.63e-01
 6.52174e+16	2.38e-05	3.80e-02	9.62e-01
 6.59410e+16	2.47e-05	3.87e-02	9.61e-01
 6.66622e+16	2.56e-05	3.94e-02	9.61e-01
 6.73833e+16	2.66e-05	4.01e-02	9.60e-01
 6.81045e+16	2.76e-05	4.08e-02	9.59e-01
 6.88256e+16	2.86e-05	4.16e-02	9.58e-01
 6.95468e+16	2.97e-05	4.23e-02	9.58e-01
 7.02679e+16	3.09e-05	4.31e-02	9.57e-01
 7.09891e+16	3.23e-05	4.39e-02	9.56e-01
 7.17102e+16	3.41e-05	4.48e-02	9.55e-01
 7.20930e+16	3.57e-05	4.52e-02	9.55e-01
