#depth	He	He+	He+2
 2.68801e+14	1.42e-07	3.63e-03	9.96e-01
 1.35009e+15	1.58e-07	3.83e-03	9.96e-01
 3.00756e+15	1.85e-07	4.14e-03	9.96e-01
 4.73133e+15	2.16e-07	4.48e-03	9.96e-01
 6.39109e+15	2.50e-07	4.81e-03	9.95e-01
 7.93561e+15	2.84e-07	5.14e-03	9.95e-01
 9.67487e+15	3.28e-07	5.52e-03	9.94e-01
 1.16653e+16	3.83e-07	5.98e-03	9.94e-01
 1.35295e+16	4.42e-07	6.42e-03	9.94e-01
 1.51816e+16	5.00e-07	6.83e-03	9.93e-01
 1.70277e+16	5.73e-07	7.31e-03	9.93e-01
 1.92344e+16	6.70e-07	7.91e-03	9.92e-01
 2.14290e+16	7.78e-07	8.52e-03	9.91e-01
 2.34288e+16	8.88e-07	9.10e-03	9.91e-01
 2.56562e+16	1.03e-06	9.81e-03	9.90e-01
 2.81665e+16	1.21e-06	1.06e-02	9.89e-01
 3.05659e+16	1.39e-06	1.14e-02	9.89e-01
 3.31500e+16	1.63e-06	1.24e-02	9.88e-01
 3.59231e+16	1.91e-06	1.34e-02	9.87e-01
 3.84979e+16	2.21e-06	1.45e-02	9.86e-01
 4.07052e+16	2.49e-06	1.54e-02	9.85e-01
 4.26099e+16	2.76e-06	1.62e-02	9.84e-01
 4.47605e+16	3.11e-06	1.73e-02	9.83e-01
 4.71837e+16	3.54e-06	1.85e-02	9.81e-01
 4.95052e+16	4.00e-06	1.98e-02	9.80e-01
 5.16940e+16	4.49e-06	2.10e-02	9.79e-01
 5.37361e+16	4.99e-06	2.23e-02	9.78e-01
 5.55740e+16	5.50e-06	2.35e-02	9.77e-01
 5.72281e+16	6.00e-06	2.46e-02	9.75e-01
 5.87168e+16	6.49e-06	2.57e-02	9.74e-01
 6.00567e+16	6.97e-06	2.67e-02	9.73e-01
 6.12625e+16	7.44e-06	2.77e-02	9.72e-01
 6.23478e+16	7.89e-06	2.86e-02	9.71e-01
 6.33245e+16	8.32e-06	2.94e-02	9.71e-01
 6.42036e+16	8.74e-06	3.02e-02	9.70e-01
 6.49947e+16	9.13e-06	3.10e-02	9.69e-01
 6.57301e+16	9.50e-06	3.17e-02	9.68e-01
 6.64512e+16	9.92e-06	3.24e-02	9.68e-01
 6.71724e+16	1.03e-05	3.31e-02	9.67e-01
 6.78935e+16	1.08e-05	3.39e-02	9.66e-01
 6.86147e+16	1.13e-05	3.47e-02	9.65e-01
 6.93358e+16	1.17e-05	3.55e-02	9.64e-01
 7.00570e+16	1.23e-05	3.64e-02	9.64e-01
 7.07781e+16	1.29e-05	3.73e-02	9.63e-01
 7.14993e+16	1.35e-05	3.82e-02	9.62e-01
 7.19875e+16	1.41e-05	3.89e-02	9.61e-01
