#depth	C	C+	C+2	C+3	C+4	C+5	C+6	C[1]	C[2]	C[3]	C+[1]	C+[2]	CO
 2.70519e+14	2.00e-09	8.34e-06	3.09e-03	4.91e-02	9.48e-01	4.48e-07	0.00e+00	2.02e-10	6.11e-10	1.04e-09	2.77e-06	5.56e-06	1.16e-31
 1.35359e+15	1.75e-09	9.61e-06	3.42e-03	5.20e-02	9.45e-01	4.38e-07	0.00e+00	1.77e-10	5.35e-10	9.12e-10	3.20e-06	6.42e-06	1.83e-31
 3.01120e+15	2.20e-09	1.18e-05	3.97e-03	5.66e-02	9.39e-01	4.44e-07	0.00e+00	2.22e-10	6.72e-10	1.15e-09	3.93e-06	7.89e-06	3.58e-31
 4.73512e+15	2.78e-09	1.45e-05	4.63e-03	6.17e-02	9.34e-01	4.50e-07	0.00e+00	2.81e-10	8.50e-10	1.45e-09	4.84e-06	9.71e-06	6.95e-31
 6.35198e+15	3.42e-09	1.75e-05	5.32e-03	6.67e-02	9.28e-01	4.49e-07	0.00e+00	3.46e-10	1.05e-09	1.78e-09	5.82e-06	1.17e-05	1.26e-30
 7.79360e+15	4.10e-09	2.05e-05	5.99e-03	7.13e-02	9.23e-01	4.62e-07	0.00e+00	4.14e-10	1.25e-09	2.14e-09	6.83e-06	1.37e-05	2.09e-30
 9.41193e+15	5.04e-09	2.45e-05	6.83e-03	7.66e-02	9.17e-01	4.65e-07	0.00e+00	5.09e-10	1.54e-09	2.63e-09	8.15e-06	1.63e-05	3.67e-30
 1.13349e+16	6.33e-09	2.99e-05	7.93e-03	8.33e-02	9.09e-01	4.73e-07	0.00e+00	6.40e-10	1.94e-09	3.30e-09	9.94e-06	1.99e-05	6.91e-30
 1.32484e+16	7.87e-09	3.61e-05	9.13e-03	9.02e-02	9.01e-01	4.79e-07	0.00e+00	7.95e-10	2.41e-09	4.10e-09	1.20e-05	2.41e-05	1.27e-29
 1.50228e+16	9.59e-09	4.29e-05	1.04e-02	9.68e-02	8.93e-01	4.82e-07	0.00e+00	9.69e-10	2.94e-09	5.00e-09	1.43e-05	2.86e-05	2.21e-29
 1.67217e+16	1.15e-08	5.03e-05	1.17e-02	1.03e-01	8.85e-01	4.87e-07	0.00e+00	1.16e-09	3.53e-09	6.01e-09	1.68e-05	3.35e-05	3.69e-29
 1.86296e+16	1.41e-08	5.99e-05	1.33e-02	1.11e-01	8.75e-01	4.90e-07	0.00e+00	1.43e-09	4.32e-09	7.36e-09	2.00e-05	3.99e-05	6.51e-29
 2.07276e+16	1.75e-08	7.20e-05	1.52e-02	1.20e-01	8.65e-01	4.97e-07	0.00e+00	1.77e-09	5.35e-09	9.11e-09	2.40e-05	4.80e-05	1.17e-28
 2.26607e+16	2.10e-08	8.47e-05	1.72e-02	1.28e-01	8.54e-01	4.99e-07	0.00e+00	2.13e-09	6.44e-09	1.10e-08	2.83e-05	5.65e-05	1.97e-28
 2.47619e+16	2.58e-08	1.01e-04	1.95e-02	1.38e-01	8.42e-01	5.05e-07	0.00e+00	2.61e-09	7.91e-09	1.35e-08	3.37e-05	6.72e-05	3.47e-28
 2.70907e+16	3.18e-08	1.21e-04	2.23e-02	1.49e-01	8.29e-01	5.04e-07	0.00e+00	3.22e-09	9.75e-09	1.66e-08	4.05e-05	8.07e-05	6.20e-28
 2.92649e+16	3.86e-08	1.43e-04	2.53e-02	1.59e-01	8.15e-01	5.06e-07	0.00e+00	3.91e-09	1.18e-08	2.01e-08	4.78e-05	9.53e-05	1.04e-27
 3.11560e+16	4.54e-08	1.65e-04	2.80e-02	1.68e-01	8.03e-01	5.11e-07	0.00e+00	4.60e-09	1.39e-08	2.37e-08	5.50e-05	1.10e-04	1.61e-27
 3.28705e+16	5.22e-08	1.86e-04	3.06e-02	1.77e-01	7.92e-01	5.12e-07	0.00e+00	5.29e-09	1.60e-08	2.73e-08	6.21e-05	1.24e-04	2.38e-27
 3.48406e+16	6.18e-08	2.14e-04	3.40e-02	1.87e-01	7.79e-01	5.11e-07	0.00e+00	6.26e-09	1.90e-08	3.23e-08	7.16e-05	1.43e-04	3.72e-27
 3.70473e+16	7.37e-08	2.49e-04	3.80e-02	1.99e-01	7.63e-01	5.15e-07	0.00e+00	7.47e-09	2.26e-08	3.85e-08	8.34e-05	1.66e-04	5.98e-27
 3.91456e+16	8.68e-08	2.87e-04	4.21e-02	2.10e-01	7.48e-01	5.11e-07	0.00e+00	8.80e-09	2.66e-08	4.53e-08	9.59e-05	1.91e-04	9.20e-27
 4.11544e+16	1.01e-07	3.27e-04	4.63e-02	2.21e-01	7.33e-01	5.10e-07	0.00e+00	1.03e-08	3.11e-08	5.29e-08	1.09e-04	2.18e-04	1.38e-26
 4.34630e+16	1.21e-07	3.81e-04	5.17e-02	2.34e-01	7.14e-01	5.11e-07	0.00e+00	1.23e-08	3.73e-08	6.34e-08	1.27e-04	2.53e-04	2.22e-26
 4.59671e+16	1.46e-07	4.44e-04	5.79e-02	2.48e-01	6.94e-01	5.05e-07	0.00e+00	1.48e-08	4.48e-08	7.62e-08	1.49e-04	2.96e-04	3.57e-26
 4.82398e+16	1.72e-07	5.11e-04	6.39e-02	2.60e-01	6.75e-01	5.08e-07	0.00e+00	1.75e-08	5.30e-08	9.01e-08	1.71e-04	3.40e-04	5.45e-26
 5.04534e+16	2.03e-07	5.84e-04	7.04e-02	2.73e-01	6.56e-01	5.05e-07	0.00e+00	2.06e-08	6.25e-08	1.06e-07	1.96e-04	3.89e-04	8.22e-26
 5.26196e+16	2.37e-07	6.64e-04	7.70e-02	2.85e-01	6.37e-01	5.02e-07	0.00e+00	2.41e-08	7.30e-08	1.24e-07	2.22e-04	4.41e-04	1.21e-25
 5.45691e+16	2.73e-07	7.44e-04	8.35e-02	2.96e-01	6.20e-01	5.00e-07	0.00e+00	2.78e-08	8.40e-08	1.43e-07	2.49e-04	4.95e-04	1.72e-25
 5.63237e+16	3.10e-07	8.23e-04	8.96e-02	3.06e-01	6.04e-01	5.01e-07	0.00e+00	3.15e-08	9.54e-08	1.62e-07	2.76e-04	5.47e-04	2.34e-25
 5.79029e+16	3.48e-07	9.01e-04	9.54e-02	3.15e-01	5.89e-01	5.00e-07	0.00e+00	3.54e-08	1.07e-07	1.82e-07	3.02e-04	5.99e-04	3.10e-25
 5.93241e+16	3.87e-07	9.78e-04	1.01e-01	3.23e-01	5.75e-01	4.99e-07	0.00e+00	3.93e-08	1.19e-07	2.02e-07	3.28e-04	6.50e-04	3.99e-25
 6.06032e+16	4.26e-07	1.05e-03	1.06e-01	3.30e-01	5.63e-01	4.96e-07	0.00e+00	4.33e-08	1.31e-07	2.23e-07	3.53e-04	7.00e-04	5.00e-25
 6.17544e+16	4.65e-07	1.13e-03	1.11e-01	3.36e-01	5.52e-01	4.95e-07	0.00e+00	4.73e-08	1.43e-07	2.43e-07	3.77e-04	7.48e-04	6.15e-25
 6.27905e+16	5.04e-07	1.20e-03	1.15e-01	3.42e-01	5.42e-01	4.93e-07	0.00e+00	5.13e-08	1.55e-07	2.64e-07	4.01e-04	7.95e-04	7.39e-25
 6.37230e+16	5.42e-07	1.26e-03	1.20e-01	3.47e-01	5.32e-01	4.91e-07	0.00e+00	5.52e-08	1.67e-07	2.84e-07	4.23e-04	8.39e-04	8.76e-25
 6.45622e+16	5.78e-07	1.32e-03	1.23e-01	3.51e-01	5.24e-01	4.90e-07	0.00e+00	5.89e-08	1.78e-07	3.03e-07	4.43e-04	8.79e-04	1.01e-24
 6.53203e+16	6.15e-07	1.38e-03	1.27e-01	3.55e-01	5.16e-01	4.88e-07	0.00e+00	6.27e-08	1.90e-07	3.22e-07	4.63e-04	9.19e-04	1.17e-24
 6.60414e+16	6.53e-07	1.44e-03	1.31e-01	3.59e-01	5.09e-01	4.87e-07	0.00e+00	6.65e-08	2.01e-07	3.42e-07	4.84e-04	9.59e-04	1.34e-24
 6.67626e+16	6.94e-07	1.51e-03	1.34e-01	3.63e-01	5.02e-01	4.86e-07	0.00e+00	7.07e-08	2.14e-07	3.64e-07	5.05e-04	1.00e-03	1.53e-24
 6.74837e+16	7.39e-07	1.57e-03	1.38e-01	3.66e-01	4.94e-01	4.85e-07	0.00e+00	7.53e-08	2.28e-07	3.87e-07	5.27e-04	1.05e-03	1.76e-24
 6.82049e+16	7.89e-07	1.64e-03	1.42e-01	3.70e-01	4.86e-01	4.83e-07	0.00e+00	8.04e-08	2.43e-07	4.13e-07	5.51e-04	1.09e-03	2.03e-24
 6.89260e+16	8.44e-07	1.72e-03	1.46e-01	3.74e-01	4.79e-01	4.82e-07	0.00e+00	8.60e-08	2.60e-07	4.42e-07	5.76e-04	1.14e-03	2.34e-24
 6.96472e+16	9.05e-07	1.80e-03	1.50e-01	3.78e-01	4.71e-01	4.80e-07	0.00e+00	9.22e-08	2.79e-07	4.74e-07	6.02e-04	1.19e-03	2.72e-24
 7.03683e+16	9.76e-07	1.88e-03	1.54e-01	3.81e-01	4.63e-01	4.81e-07	0.00e+00	9.96e-08	3.01e-07	5.12e-07	6.31e-04	1.25e-03	3.21e-24
 7.10895e+16	1.06e-06	1.98e-03	1.58e-01	3.85e-01	4.55e-01	4.78e-07	0.00e+00	1.08e-07	3.27e-07	5.56e-07	6.62e-04	1.31e-03	3.78e-24
 7.17826e+16	1.17e-06	2.09e-03	1.62e-01	3.89e-01	4.47e-01	4.77e-07	0.00e+00	1.19e-07	3.61e-07	6.13e-07	7.00e-04	1.39e-03	4.67e-24
