#depth	N	N+	N+2	N+3	N+4	N+5	N+6	N+7
 1.84999e+14	3.05e-10	2.39e-06	2.26e-03	1.15e-01	3.41e-01	5.41e-01	2.06e-07	0.00e+00
 1.10999e+15	3.46e-10	2.77e-06	2.53e-03	1.24e-01	3.50e-01	5.24e-01	1.96e-07	0.00e+00
 2.68872e+15	4.53e-10	3.48e-06	3.02e-03	1.37e-01	3.63e-01	4.97e-01	1.89e-07	0.00e+00
 4.39974e+15	5.99e-10	4.40e-06	3.65e-03	1.53e-01	3.75e-01	4.68e-01	1.82e-07	0.00e+00
 6.02194e+15	7.64e-10	5.41e-06	4.31e-03	1.69e-01	3.86e-01	4.41e-01	1.72e-07	0.00e+00
 7.49389e+15	9.48e-10	6.48e-06	4.99e-03	1.83e-01	3.94e-01	4.18e-01	1.69e-07	0.00e+00
 9.15454e+15	1.20e-09	7.91e-06	5.84e-03	2.00e-01	4.02e-01	3.92e-01	1.61e-07	0.00e+00
 1.09909e+16	1.54e-09	9.72e-06	6.88e-03	2.19e-01	4.10e-01	3.65e-01	1.54e-07	0.00e+00
 1.27021e+16	1.92e-09	1.17e-05	7.95e-03	2.36e-01	4.16e-01	3.40e-01	1.46e-07	0.00e+00
 1.45729e+16	2.46e-09	1.43e-05	9.27e-03	2.56e-01	4.20e-01	3.15e-01	1.37e-07	0.00e+00
 1.66505e+16	3.16e-09	1.76e-05	1.09e-02	2.77e-01	4.23e-01	2.89e-01	1.30e-07	0.00e+00
 1.86042e+16	3.94e-09	2.11e-05	1.25e-02	2.97e-01	4.25e-01	2.66e-01	0.00e+00	0.00e+00
 2.03588e+16	4.78e-09	2.47e-05	1.41e-02	3.15e-01	4.25e-01	2.46e-01	0.00e+00	0.00e+00
 2.22472e+16	5.88e-09	2.93e-05	1.60e-02	3.34e-01	4.23e-01	2.26e-01	0.00e+00	0.00e+00
 2.43546e+16	7.27e-09	3.49e-05	1.83e-02	3.55e-01	4.21e-01	2.06e-01	0.00e+00	0.00e+00
 2.63339e+16	8.82e-09	4.08e-05	2.06e-02	3.74e-01	4.17e-01	1.89e-01	0.00e+00	0.00e+00
 2.84944e+16	1.09e-08	4.83e-05	2.33e-02	3.94e-01	4.11e-01	1.71e-01	0.00e+00	0.00e+00
 3.08569e+16	1.35e-08	5.74e-05	2.65e-02	4.16e-01	4.04e-01	1.53e-01	0.00e+00	0.00e+00
 3.30224e+16	1.62e-08	6.69e-05	2.96e-02	4.35e-01	3.97e-01	1.39e-01	0.00e+00	0.00e+00
 3.49479e+16	1.91e-08	7.61e-05	3.26e-02	4.51e-01	3.89e-01	1.27e-01	0.00e+00	0.00e+00
 3.70212e+16	2.28e-08	8.78e-05	3.61e-02	4.68e-01	3.80e-01	1.15e-01	0.00e+00	0.00e+00
 3.92926e+16	2.73e-08	1.01e-04	4.02e-02	4.86e-01	3.71e-01	1.03e-01	0.00e+00	0.00e+00
 4.14004e+16	3.22e-08	1.16e-04	4.41e-02	5.01e-01	3.61e-01	9.36e-02	0.00e+00	0.00e+00
 4.34137e+16	3.77e-08	1.31e-04	4.82e-02	5.16e-01	3.51e-01	8.50e-02	0.00e+00	0.00e+00
 4.57252e+16	4.53e-08	1.51e-04	5.32e-02	5.31e-01	3.39e-01	7.59e-02	0.00e+00	0.00e+00
 4.82224e+16	5.46e-08	1.75e-04	5.90e-02	5.47e-01	3.27e-01	6.72e-02	0.00e+00	0.00e+00
 5.04716e+16	6.46e-08	1.99e-04	6.45e-02	5.60e-01	3.15e-01	6.03e-02	0.00e+00	0.00e+00
 5.25594e+16	7.55e-08	2.25e-04	7.00e-02	5.72e-01	3.04e-01	5.43e-02	0.00e+00	0.00e+00
 5.45150e+16	8.74e-08	2.52e-04	7.54e-02	5.82e-01	2.93e-01	4.92e-02	0.00e+00	0.00e+00
 5.62750e+16	1.00e-07	2.79e-04	8.06e-02	5.90e-01	2.84e-01	4.50e-02	0.00e+00	0.00e+00
 5.78590e+16	1.13e-07	3.06e-04	8.56e-02	5.97e-01	2.75e-01	4.15e-02	0.00e+00	0.00e+00
 5.92846e+16	1.26e-07	3.33e-04	9.02e-02	6.03e-01	2.68e-01	3.85e-02	0.00e+00	0.00e+00
 6.05677e+16	1.40e-07	3.60e-04	9.46e-02	6.08e-01	2.61e-01	3.60e-02	0.00e+00	0.00e+00
 6.17224e+16	1.53e-07	3.85e-04	9.87e-02	6.13e-01	2.55e-01	3.38e-02	0.00e+00	0.00e+00
 6.27617e+16	1.67e-07	4.11e-04	1.03e-01	6.16e-01	2.49e-01	3.20e-02	0.00e+00	0.00e+00
 6.36971e+16	1.80e-07	4.34e-04	1.06e-01	6.19e-01	2.44e-01	3.04e-02	0.00e+00	0.00e+00
 6.45389e+16	1.94e-07	4.58e-04	1.09e-01	6.22e-01	2.39e-01	2.90e-02	0.00e+00	0.00e+00
 6.52982e+16	2.07e-07	4.81e-04	1.12e-01	6.24e-01	2.35e-01	2.78e-02	0.00e+00	0.00e+00
 6.60193e+16	2.21e-07	5.04e-04	1.15e-01	6.26e-01	2.31e-01	2.67e-02	0.00e+00	0.00e+00
 6.67405e+16	2.36e-07	5.29e-04	1.19e-01	6.28e-01	2.27e-01	2.56e-02	0.00e+00	0.00e+00
 6.74616e+16	2.53e-07	5.55e-04	1.22e-01	6.30e-01	2.23e-01	2.45e-02	0.00e+00	0.00e+00
 6.81828e+16	2.71e-07	5.83e-04	1.25e-01	6.31e-01	2.19e-01	2.35e-02	0.00e+00	0.00e+00
 6.89040e+16	2.93e-07	6.15e-04	1.29e-01	6.33e-01	2.16e-01	2.25e-02	0.00e+00	0.00e+00
 6.96251e+16	3.16e-07	6.49e-04	1.32e-01	6.34e-01	2.12e-01	2.15e-02	0.00e+00	0.00e+00
 7.03463e+16	3.40e-07	6.83e-04	1.36e-01	6.36e-01	2.08e-01	2.06e-02	0.00e+00	0.00e+00
 7.10674e+16	3.72e-07	7.27e-04	1.40e-01	6.37e-01	2.04e-01	1.96e-02	0.00e+00	0.00e+00
 7.17716e+16	4.15e-07	7.79e-04	1.43e-01	6.37e-01	2.00e-01	1.87e-02	0.00e+00	0.00e+00
