#depth	He	He+	He+2
 2.47456e+14	1.09e-07	3.51e-03	9.96e-01
 1.30654e+15	1.21e-07	3.71e-03	9.96e-01
 2.96227e+15	1.41e-07	4.00e-03	9.96e-01
 4.68423e+15	1.65e-07	4.32e-03	9.96e-01
 6.37384e+15	1.91e-07	4.65e-03	9.95e-01
 7.99329e+15	2.18e-07	4.97e-03	9.95e-01
 9.77875e+15	2.52e-07	5.36e-03	9.95e-01
 1.16799e+16	2.93e-07	5.77e-03	9.94e-01
 1.34607e+16	3.36e-07	6.18e-03	9.94e-01
 1.54062e+16	3.89e-07	6.65e-03	9.93e-01
 1.75675e+16	4.55e-07	7.19e-03	9.93e-01
 1.96299e+16	5.25e-07	7.72e-03	9.92e-01
 2.18333e+16	6.12e-07	8.34e-03	9.92e-01
 2.42415e+16	7.17e-07	9.03e-03	9.91e-01
 2.65547e+16	8.31e-07	9.72e-03	9.90e-01
 2.90289e+16	9.72e-07	1.05e-02	9.89e-01
 3.17191e+16	1.14e-06	1.14e-02	9.89e-01
 3.43122e+16	1.33e-06	1.24e-02	9.88e-01
 3.70835e+16	1.57e-06	1.35e-02	9.87e-01
 4.00801e+16	1.85e-06	1.47e-02	9.85e-01
 4.25512e+16	2.12e-06	1.57e-02	9.84e-01
 4.44062e+16	2.34e-06	1.66e-02	9.83e-01
 4.64010e+16	2.62e-06	1.76e-02	9.82e-01
 4.87578e+16	2.98e-06	1.89e-02	9.81e-01
 5.10936e+16	3.38e-06	2.02e-02	9.80e-01
 5.31957e+16	3.78e-06	2.15e-02	9.78e-01
 5.50877e+16	4.18e-06	2.27e-02	9.77e-01
 5.67904e+16	4.59e-06	2.39e-02	9.76e-01
 5.83229e+16	4.99e-06	2.51e-02	9.75e-01
 5.97021e+16	5.38e-06	2.62e-02	9.74e-01
 6.09434e+16	5.76e-06	2.72e-02	9.73e-01
 6.20606e+16	6.14e-06	2.82e-02	9.72e-01
 6.30661e+16	6.50e-06	2.91e-02	9.71e-01
 6.39710e+16	6.84e-06	3.00e-02	9.70e-01
 6.47854e+16	7.17e-06	3.08e-02	9.69e-01
 6.55317e+16	7.48e-06	3.15e-02	9.68e-01
 6.62529e+16	7.81e-06	3.23e-02	9.68e-01
 6.69740e+16	8.15e-06	3.31e-02	9.67e-01
 6.76952e+16	8.52e-06	3.40e-02	9.66e-01
 6.84164e+16	8.90e-06	3.48e-02	9.65e-01
 6.91375e+16	9.31e-06	3.57e-02	9.64e-01
 6.98587e+16	9.74e-06	3.67e-02	9.63e-01
 7.05798e+16	1.02e-05	3.76e-02	9.62e-01
 7.13010e+16	1.07e-05	3.87e-02	9.61e-01
 7.18884e+16	1.12e-05	3.95e-02	9.60e-01
