#depth	O	O+	O+2	O+3	O+4	O+5	O+6	O+7	O+8	O[1]	O[2]	O[3]
 2.74226e+14	8.46e-11	1.04e-06	1.78e-03	1.67e-01	6.40e-01	1.79e-01	1.19e-02	0.00e+00	0.00e+00	6.93e-11	9.45e-12	5.84e-12
 1.36115e+15	1.06e-10	1.22e-06	2.00e-03	1.77e-01	6.40e-01	1.70e-01	1.06e-02	0.00e+00	0.00e+00	8.65e-11	1.18e-11	7.30e-12
 3.01907e+15	1.44e-10	1.55e-06	2.36e-03	1.92e-01	6.39e-01	1.58e-01	8.94e-03	0.00e+00	0.00e+00	1.18e-10	1.61e-11	9.98e-12
 4.74330e+15	1.97e-10	1.95e-06	2.79e-03	2.08e-01	6.36e-01	1.46e-01	7.51e-03	0.00e+00	0.00e+00	1.62e-10	2.19e-11	1.36e-11
 6.34936e+15	2.59e-10	2.40e-06	3.24e-03	2.23e-01	6.33e-01	1.35e-01	6.40e-03	0.00e+00	0.00e+00	2.12e-10	2.88e-11	1.79e-11
 7.76524e+15	3.27e-10	2.85e-06	3.67e-03	2.36e-01	6.28e-01	1.27e-01	5.57e-03	0.00e+00	0.00e+00	2.68e-10	3.63e-11	2.27e-11
 9.34956e+15	4.24e-10	3.45e-06	4.20e-03	2.51e-01	6.23e-01	1.18e-01	4.78e-03	0.00e+00	0.00e+00	3.47e-10	4.70e-11	2.94e-11
 1.12517e+16	5.70e-10	4.29e-06	4.91e-03	2.68e-01	6.15e-01	1.08e-01	3.99e-03	0.00e+00	0.00e+00	4.67e-10	6.31e-11	3.95e-11
 1.31593e+16	7.51e-10	5.27e-06	5.70e-03	2.86e-01	6.06e-01	9.90e-02	3.35e-03	0.00e+00	0.00e+00	6.15e-10	8.31e-11	5.21e-11
 1.48068e+16	9.57e-10	6.30e-06	6.44e-03	3.01e-01	5.97e-01	9.19e-02	2.88e-03	0.00e+00	0.00e+00	7.84e-10	1.06e-10	6.65e-11
 1.65235e+16	1.23e-09	7.57e-06	7.30e-03	3.17e-01	5.88e-01	8.50e-02	2.46e-03	0.00e+00	0.00e+00	1.01e-09	1.36e-10	8.58e-11
 1.86454e+16	1.67e-09	9.43e-06	8.47e-03	3.37e-01	5.75e-01	7.73e-02	2.04e-03	0.00e+00	0.00e+00	1.37e-09	1.84e-10	1.16e-10
 2.07484e+16	2.21e-09	1.16e-05	9.75e-03	3.56e-01	5.62e-01	7.04e-02	1.70e-03	0.00e+00	0.00e+00	1.81e-09	2.44e-10	1.54e-10
 2.25404e+16	2.79e-09	1.37e-05	1.09e-02	3.72e-01	5.51e-01	6.50e-02	1.46e-03	0.00e+00	0.00e+00	2.28e-09	3.07e-10	1.94e-10
 2.41563e+16	3.42e-09	1.60e-05	1.21e-02	3.86e-01	5.40e-01	6.05e-02	1.27e-03	0.00e+00	0.00e+00	2.80e-09	3.77e-10	2.39e-10
 2.59391e+16	4.29e-09	1.88e-05	1.35e-02	4.01e-01	5.28e-01	5.58e-02	1.09e-03	0.00e+00	0.00e+00	3.52e-09	4.73e-10	3.00e-10
 2.79153e+16	5.45e-09	2.24e-05	1.51e-02	4.18e-01	5.15e-01	5.12e-02	9.26e-04	0.00e+00	0.00e+00	4.47e-09	6.00e-10	3.81e-10
 2.97697e+16	6.76e-09	2.62e-05	1.68e-02	4.33e-01	5.02e-01	4.72e-02	7.96e-04	0.00e+00	0.00e+00	5.54e-09	7.44e-10	4.73e-10
 3.18073e+16	8.60e-09	3.12e-05	1.88e-02	4.50e-01	4.88e-01	4.31e-02	6.73e-04	0.00e+00	0.00e+00	7.05e-09	9.46e-10	6.03e-10
 3.40265e+16	1.10e-08	3.72e-05	2.12e-02	4.67e-01	4.72e-01	3.91e-02	5.64e-04	0.00e+00	0.00e+00	8.99e-09	1.20e-09	7.69e-10
 3.60321e+16	1.36e-08	4.35e-05	2.35e-02	4.82e-01	4.58e-01	3.59e-02	4.82e-04	0.00e+00	0.00e+00	1.11e-08	1.49e-09	9.53e-10
 3.81898e+16	1.72e-08	5.16e-05	2.62e-02	4.98e-01	4.43e-01	3.26e-02	4.07e-04	0.00e+00	0.00e+00	1.41e-08	1.88e-09	1.21e-09
 4.05625e+16	2.19e-08	6.16e-05	2.94e-02	5.14e-01	4.27e-01	2.94e-02	3.38e-04	0.00e+00	0.00e+00	1.79e-08	2.40e-09	1.54e-09
 4.27673e+16	2.72e-08	7.23e-05	3.26e-02	5.29e-01	4.12e-01	2.67e-02	2.86e-04	0.00e+00	0.00e+00	2.23e-08	2.98e-09	1.92e-09
 4.51860e+16	3.47e-08	8.63e-05	3.64e-02	5.44e-01	3.95e-01	2.41e-02	2.38e-04	0.00e+00	0.00e+00	2.84e-08	3.80e-09	2.45e-09
 4.77996e+16	4.45e-08	1.04e-04	4.09e-02	5.60e-01	3.78e-01	2.15e-02	1.96e-04	0.00e+00	0.00e+00	3.65e-08	4.87e-09	3.14e-09
 5.01606e+16	5.54e-08	1.22e-04	4.53e-02	5.73e-01	3.62e-01	1.94e-02	1.64e-04	0.00e+00	0.00e+00	4.54e-08	6.06e-09	3.91e-09
 5.23171e+16	6.77e-08	1.41e-04	4.97e-02	5.84e-01	3.48e-01	1.77e-02	1.40e-04	0.00e+00	0.00e+00	5.55e-08	7.40e-09	4.79e-09
 5.42969e+16	8.13e-08	1.62e-04	5.40e-02	5.94e-01	3.36e-01	1.62e-02	1.21e-04	0.00e+00	0.00e+00	6.66e-08	8.89e-09	5.75e-09
 5.60788e+16	9.57e-08	1.82e-04	5.81e-02	6.02e-01	3.24e-01	1.50e-02	1.06e-04	0.00e+00	0.00e+00	7.84e-08	1.05e-08	6.77e-09
 5.76824e+16	1.11e-07	2.03e-04	6.20e-02	6.09e-01	3.15e-01	1.40e-02	9.46e-05	0.00e+00	0.00e+00	9.09e-08	1.21e-08	7.85e-09
 5.91257e+16	1.27e-07	2.24e-04	6.57e-02	6.15e-01	3.06e-01	1.31e-02	8.51e-05	0.00e+00	0.00e+00	1.04e-07	1.38e-08	8.98e-09
 6.04246e+16	1.43e-07	2.45e-04	6.92e-02	6.20e-01	2.98e-01	1.24e-02	7.74e-05	0.00e+00	0.00e+00	1.17e-07	1.56e-08	1.01e-08
 6.15937e+16	1.59e-07	2.65e-04	7.24e-02	6.24e-01	2.91e-01	1.18e-02	7.11e-05	0.00e+00	0.00e+00	1.31e-07	1.74e-08	1.13e-08
 6.26458e+16	1.76e-07	2.86e-04	7.55e-02	6.28e-01	2.85e-01	1.12e-02	6.58e-05	0.00e+00	0.00e+00	1.44e-07	1.92e-08	1.25e-08
 6.35928e+16	1.93e-07	3.05e-04	7.84e-02	6.31e-01	2.79e-01	1.07e-02	6.13e-05	0.00e+00	0.00e+00	1.58e-07	2.10e-08	1.37e-08
 6.44450e+16	2.08e-07	3.23e-04	8.10e-02	6.34e-01	2.75e-01	1.03e-02	5.76e-05	0.00e+00	0.00e+00	1.71e-07	2.27e-08	1.48e-08
 6.52120e+16	2.25e-07	3.42e-04	8.35e-02	6.36e-01	2.70e-01	9.99e-03	5.44e-05	0.00e+00	0.00e+00	1.84e-07	2.45e-08	1.60e-08
 6.59359e+16	2.42e-07	3.61e-04	8.59e-02	6.38e-01	2.66e-01	9.66e-03	5.16e-05	0.00e+00	0.00e+00	1.98e-07	2.64e-08	1.72e-08
 6.66571e+16	2.60e-07	3.81e-04	8.84e-02	6.40e-01	2.62e-01	9.35e-03	4.88e-05	0.00e+00	0.00e+00	2.13e-07	2.84e-08	1.85e-08
 6.73782e+16	2.81e-07	4.02e-04	9.09e-02	6.42e-01	2.58e-01	9.04e-03	4.62e-05	0.00e+00	0.00e+00	2.30e-07	3.06e-08	2.00e-08
 6.80994e+16	3.03e-07	4.25e-04	9.35e-02	6.43e-01	2.54e-01	8.74e-03	4.38e-05	0.00e+00	0.00e+00	2.48e-07	3.30e-08	2.15e-08
 6.88205e+16	3.27e-07	4.50e-04	9.62e-02	6.45e-01	2.50e-01	8.45e-03	4.14e-05	0.00e+00	0.00e+00	2.68e-07	3.57e-08	2.33e-08
 6.95417e+16	3.55e-07	4.77e-04	9.90e-02	6.47e-01	2.46e-01	8.16e-03	3.92e-05	0.00e+00	0.00e+00	2.91e-07	3.87e-08	2.53e-08
 7.02628e+16	3.88e-07	5.09e-04	1.02e-01	6.48e-01	2.42e-01	7.88e-03	3.70e-05	0.00e+00	0.00e+00	3.18e-07	4.23e-08	2.77e-08
 7.09840e+16	4.26e-07	5.44e-04	1.05e-01	6.49e-01	2.38e-01	7.61e-03	3.49e-05	0.00e+00	0.00e+00	3.49e-07	4.64e-08	3.03e-08
 7.17051e+16	4.84e-07	5.96e-04	1.08e-01	6.50e-01	2.33e-01	7.32e-03	3.27e-05	0.00e+00	0.00e+00	3.97e-07	5.27e-08	3.45e-08
 7.20904e+16	5.56e-07	6.49e-04	1.11e-01	6.50e-01	2.31e-01	7.13e-03	3.10e-05	0.00e+00	0.00e+00	4.56e-07	6.05e-08	3.97e-08
