#depth	C	C+	C+2	C+3	C+4	C+5	C+6	C[1]	C[2]	C[3]	C+[1]	C+[2]	CO
 3.81634e+14	1.01e-09	6.40e-06	3.29e-03	5.55e-02	9.41e-01	2.64e-07	0.00e+00	1.04e-10	3.14e-10	5.36e-10	2.14e-06	4.26e-06	2.07e-32
 1.58027e+15	9.93e-10	7.50e-06	3.67e-03	5.89e-02	9.37e-01	2.63e-07	0.00e+00	1.02e-10	3.09e-10	5.27e-10	2.51e-06	5.00e-06	3.39e-32
 3.24694e+15	1.27e-09	9.24e-06	4.26e-03	6.41e-02	9.32e-01	2.67e-07	0.00e+00	1.30e-10	3.95e-10	6.74e-10	3.09e-06	6.15e-06	6.75e-32
 4.98029e+15	1.64e-09	1.14e-05	4.96e-03	6.96e-02	9.25e-01	2.71e-07	0.00e+00	1.68e-10	5.10e-10	8.70e-10	3.82e-06	7.60e-06	1.35e-31
 6.66305e+15	2.08e-09	1.39e-05	5.71e-03	7.52e-02	9.19e-01	2.72e-07	0.00e+00	2.13e-10	6.45e-10	1.10e-09	4.65e-06	9.24e-06	2.55e-31
 8.25116e+15	2.58e-09	1.66e-05	6.50e-03	8.07e-02	9.13e-01	2.77e-07	0.00e+00	2.64e-10	8.01e-10	1.37e-09	5.56e-06	1.11e-05	4.53e-31
 1.00227e+16	3.25e-09	2.01e-05	7.47e-03	8.71e-02	9.05e-01	2.79e-07	0.00e+00	3.34e-10	1.01e-09	1.73e-09	6.74e-06	1.34e-05	8.50e-31
 1.19300e+16	4.12e-09	2.45e-05	8.62e-03	9.42e-02	8.97e-01	2.82e-07	0.00e+00	4.22e-10	1.28e-09	2.18e-09	8.21e-06	1.63e-05	1.61e-30
 1.36976e+16	5.09e-09	2.92e-05	9.79e-03	1.01e-01	8.89e-01	2.86e-07	0.00e+00	5.22e-10	1.58e-09	2.70e-09	9.79e-06	1.95e-05	2.85e-30
 1.56330e+16	6.37e-09	3.53e-05	1.12e-02	1.09e-01	8.80e-01	2.89e-07	0.00e+00	6.54e-10	1.98e-09	3.38e-09	1.18e-05	2.35e-05	5.29e-30
 1.77952e+16	8.09e-09	4.31e-05	1.30e-02	1.18e-01	8.69e-01	2.92e-07	0.00e+00	8.31e-10	2.52e-09	4.30e-09	1.44e-05	2.87e-05	1.02e-29
 1.98411e+16	1.01e-08	5.18e-05	1.48e-02	1.27e-01	8.59e-01	2.95e-07	0.00e+00	1.03e-09	3.14e-09	5.35e-09	1.74e-05	3.44e-05	1.86e-29
 2.20355e+16	1.27e-08	6.26e-05	1.70e-02	1.36e-01	8.47e-01	2.97e-07	0.00e+00	1.30e-09	3.94e-09	6.72e-09	2.10e-05	4.16e-05	3.50e-29
 2.44516e+16	1.60e-08	7.64e-05	1.96e-02	1.48e-01	8.33e-01	2.99e-07	0.00e+00	1.64e-09	4.98e-09	8.49e-09	2.56e-05	5.08e-05	6.77e-29
 2.67646e+16	1.99e-08	9.19e-05	2.23e-02	1.58e-01	8.19e-01	3.01e-07	0.00e+00	2.05e-09	6.21e-09	1.06e-08	3.08e-05	6.11e-05	1.24e-28
 2.92389e+16	2.49e-08	1.11e-04	2.56e-02	1.71e-01	8.04e-01	3.05e-07	0.00e+00	2.56e-09	7.76e-09	1.32e-08	3.72e-05	7.38e-05	2.33e-28
 3.18748e+16	3.14e-08	1.35e-04	2.94e-02	1.84e-01	7.87e-01	3.04e-07	0.00e+00	3.23e-09	9.78e-09	1.67e-08	4.53e-05	8.96e-05	4.42e-28
 3.43073e+16	3.84e-08	1.60e-04	3.33e-02	1.96e-01	7.70e-01	3.04e-07	0.00e+00	3.95e-09	1.20e-08	2.04e-08	5.37e-05	1.06e-04	7.78e-28
 3.63906e+16	4.53e-08	1.84e-04	3.68e-02	2.07e-01	7.56e-01	3.06e-07	0.00e+00	4.67e-09	1.41e-08	2.41e-08	6.19e-05	1.23e-04	1.24e-27
 3.82319e+16	5.24e-08	2.09e-04	4.01e-02	2.17e-01	7.43e-01	3.07e-07	0.00e+00	5.40e-09	1.64e-08	2.79e-08	7.00e-05	1.39e-04	1.85e-27
 4.03340e+16	6.20e-08	2.40e-04	4.43e-02	2.28e-01	7.27e-01	3.05e-07	0.00e+00	6.39e-09	1.94e-08	3.30e-08	8.05e-05	1.59e-04	2.93e-27
 4.30517e+16	7.64e-08	2.85e-04	5.01e-02	2.43e-01	7.07e-01	3.05e-07	0.00e+00	7.87e-09	2.38e-08	4.06e-08	9.58e-05	1.89e-04	5.22e-27
 4.57899e+16	9.29e-08	3.36e-04	5.62e-02	2.58e-01	6.86e-01	3.03e-07	0.00e+00	9.57e-09	2.90e-08	4.94e-08	1.13e-04	2.23e-04	8.97e-27
 4.80080e+16	1.09e-07	3.84e-04	6.16e-02	2.70e-01	6.68e-01	3.00e-07	0.00e+00	1.12e-08	3.40e-08	5.78e-08	1.29e-04	2.55e-04	1.37e-26
 5.01724e+16	1.27e-07	4.36e-04	6.73e-02	2.82e-01	6.51e-01	2.99e-07	0.00e+00	1.31e-08	3.96e-08	6.75e-08	1.46e-04	2.89e-04	2.09e-26
 5.23667e+16	1.48e-07	4.93e-04	7.33e-02	2.94e-01	6.33e-01	2.96e-07	0.00e+00	1.52e-08	4.61e-08	7.84e-08	1.66e-04	3.27e-04	3.14e-26
 5.43415e+16	1.69e-07	5.51e-04	7.91e-02	3.04e-01	6.16e-01	2.94e-07	0.00e+00	1.74e-08	5.27e-08	8.98e-08	1.85e-04	3.65e-04	4.49e-26
 5.61189e+16	1.90e-07	6.07e-04	8.45e-02	3.14e-01	6.01e-01	2.94e-07	0.00e+00	1.96e-08	5.95e-08	1.01e-07	2.04e-04	4.03e-04	6.19e-26
 5.77185e+16	2.12e-07	6.62e-04	8.96e-02	3.22e-01	5.87e-01	2.93e-07	0.00e+00	2.19e-08	6.63e-08	1.13e-07	2.23e-04	4.39e-04	8.22e-26
 5.91582e+16	2.34e-07	7.15e-04	9.44e-02	3.30e-01	5.75e-01	2.91e-07	0.00e+00	2.41e-08	7.31e-08	1.24e-07	2.41e-04	4.75e-04	1.06e-25
 6.04539e+16	2.56e-07	7.66e-04	9.88e-02	3.37e-01	5.64e-01	2.89e-07	0.00e+00	2.64e-08	7.99e-08	1.36e-07	2.58e-04	5.08e-04	1.33e-25
 6.16200e+16	2.77e-07	8.15e-04	1.03e-01	3.43e-01	5.53e-01	2.87e-07	0.00e+00	2.86e-08	8.65e-08	1.47e-07	2.74e-04	5.41e-04	1.63e-25
 6.26695e+16	2.98e-07	8.62e-04	1.07e-01	3.48e-01	5.44e-01	2.86e-07	0.00e+00	3.07e-08	9.31e-08	1.58e-07	2.90e-04	5.72e-04	1.95e-25
 6.36141e+16	3.18e-07	9.06e-04	1.10e-01	3.53e-01	5.36e-01	2.84e-07	0.00e+00	3.28e-08	9.94e-08	1.69e-07	3.05e-04	6.01e-04	2.30e-25
 6.44642e+16	3.37e-07	9.47e-04	1.13e-01	3.57e-01	5.28e-01	2.83e-07	0.00e+00	3.48e-08	1.06e-07	1.79e-07	3.19e-04	6.29e-04	2.67e-25
 6.52293e+16	3.56e-07	9.86e-04	1.16e-01	3.61e-01	5.21e-01	2.82e-07	0.00e+00	3.68e-08	1.11e-07	1.89e-07	3.32e-04	6.54e-04	3.05e-25
 6.59523e+16	3.75e-07	1.02e-03	1.19e-01	3.65e-01	5.15e-01	2.81e-07	0.00e+00	3.87e-08	1.17e-07	2.00e-07	3.45e-04	6.80e-04	3.46e-25
 6.66734e+16	3.95e-07	1.06e-03	1.22e-01	3.68e-01	5.08e-01	2.81e-07	0.00e+00	4.08e-08	1.24e-07	2.10e-07	3.58e-04	7.06e-04	3.94e-25
 6.73946e+16	4.17e-07	1.11e-03	1.25e-01	3.72e-01	5.02e-01	2.79e-07	0.00e+00	4.31e-08	1.30e-07	2.22e-07	3.72e-04	7.34e-04	4.46e-25
 6.81157e+16	4.40e-07	1.15e-03	1.28e-01	3.75e-01	4.95e-01	2.78e-07	0.00e+00	4.54e-08	1.38e-07	2.34e-07	3.87e-04	7.62e-04	5.10e-25
 6.88369e+16	4.65e-07	1.19e-03	1.31e-01	3.79e-01	4.89e-01	2.77e-07	0.00e+00	4.81e-08	1.46e-07	2.48e-07	4.02e-04	7.92e-04	5.77e-25
 6.95580e+16	4.91e-07	1.24e-03	1.34e-01	3.82e-01	4.82e-01	2.76e-07	0.00e+00	5.08e-08	1.54e-07	2.61e-07	4.18e-04	8.23e-04	6.65e-25
 7.02792e+16	5.23e-07	1.29e-03	1.38e-01	3.86e-01	4.75e-01	2.75e-07	0.00e+00	5.40e-08	1.64e-07	2.78e-07	4.35e-04	8.57e-04	7.59e-25
 7.10003e+16	5.57e-07	1.35e-03	1.41e-01	3.89e-01	4.69e-01	2.73e-07	0.00e+00	5.75e-08	1.74e-07	2.96e-07	4.54e-04	8.94e-04	8.77e-25
 7.17215e+16	6.00e-07	1.41e-03	1.44e-01	3.93e-01	4.62e-01	2.73e-07	0.00e+00	6.20e-08	1.88e-07	3.19e-07	4.76e-04	9.37e-04	1.05e-24
 7.20986e+16	7.35e-07	1.47e-03	1.47e-01	3.94e-01	4.58e-01	2.70e-07	0.00e+00	7.60e-08	2.30e-07	3.91e-07	4.94e-04	9.74e-04	1.22e-24
