#depth	He	He+	He+2
 2.43900e+14	1.72e-07	4.00e-03	9.96e-01
 1.29929e+15	1.91e-07	4.21e-03	9.96e-01
 2.95473e+15	2.24e-07	4.55e-03	9.95e-01
 4.67638e+15	2.61e-07	4.92e-03	9.95e-01
 6.34708e+15	3.02e-07	5.29e-03	9.95e-01
 7.92171e+15	3.44e-07	5.66e-03	9.94e-01
 9.67915e+15	3.97e-07	6.09e-03	9.94e-01
 1.15569e+16	4.61e-07	6.56e-03	9.93e-01
 1.32715e+16	5.25e-07	7.00e-03	9.93e-01
 1.51404e+16	6.06e-07	7.52e-03	9.92e-01
 1.72347e+16	7.06e-07	8.12e-03	9.92e-01
 1.92183e+16	8.12e-07	8.71e-03	9.91e-01
 2.13691e+16	9.44e-07	9.39e-03	9.91e-01
 2.37328e+16	1.10e-06	1.02e-02	9.90e-01
 2.59479e+16	1.27e-06	1.09e-02	9.89e-01
 2.83462e+16	1.48e-06	1.18e-02	9.88e-01
 3.09910e+16	1.74e-06	1.28e-02	9.87e-01
 3.34608e+16	2.02e-06	1.38e-02	9.86e-01
 3.55274e+16	2.27e-06	1.46e-02	9.85e-01
 3.73040e+16	2.51e-06	1.54e-02	9.85e-01
 3.93207e+16	2.82e-06	1.64e-02	9.84e-01
 4.19423e+16	3.27e-06	1.78e-02	9.82e-01
 4.45829e+16	3.77e-06	1.91e-02	9.81e-01
 4.67061e+16	4.22e-06	2.03e-02	9.80e-01
 4.88928e+16	4.76e-06	2.17e-02	9.78e-01
 5.12150e+16	5.39e-06	2.32e-02	9.77e-01
 5.33050e+16	6.03e-06	2.47e-02	9.75e-01
 5.51860e+16	6.67e-06	2.61e-02	9.74e-01
 5.68790e+16	7.31e-06	2.75e-02	9.73e-01
 5.84026e+16	7.94e-06	2.88e-02	9.71e-01
 5.97738e+16	8.56e-06	3.00e-02	9.70e-01
 6.10080e+16	9.17e-06	3.12e-02	9.69e-01
 6.21187e+16	9.75e-06	3.23e-02	9.68e-01
 6.31183e+16	1.03e-05	3.33e-02	9.67e-01
 6.40180e+16	1.09e-05	3.43e-02	9.66e-01
 6.48277e+16	1.14e-05	3.52e-02	9.65e-01
 6.55719e+16	1.19e-05	3.61e-02	9.64e-01
 6.62930e+16	1.24e-05	3.70e-02	9.63e-01
 6.70142e+16	1.30e-05	3.79e-02	9.62e-01
 6.77353e+16	1.35e-05	3.88e-02	9.61e-01
 6.84565e+16	1.42e-05	3.98e-02	9.60e-01
 6.91776e+16	1.48e-05	4.08e-02	9.59e-01
 6.98988e+16	1.55e-05	4.19e-02	9.58e-01
 7.06199e+16	1.63e-05	4.30e-02	9.57e-01
 7.13411e+16	1.71e-05	4.42e-02	9.56e-01
 7.19084e+16	1.80e-05	4.51e-02	9.55e-01
