#depth	C	C+	C+2	C+3	C+4	C+5	C+6	C[1]	C[2]	C[3]	C+[1]	C+[2]	CO
 2.50537e+14	5.41e-10	3.90e-06	2.33e-03	4.68e-02	9.51e-01	2.56e-07	0.00e+00	5.39e-11	1.63e-10	2.78e-10	1.30e-06	2.61e-06	4.26e-33
 1.31283e+15	5.31e-10	4.51e-06	2.58e-03	4.94e-02	9.48e-01	2.51e-07	0.00e+00	5.29e-11	1.60e-10	2.72e-10	1.50e-06	3.01e-06	6.61e-33
 2.96881e+15	6.75e-10	5.54e-06	2.99e-03	5.38e-02	9.43e-01	2.54e-07	0.00e+00	6.72e-11	2.03e-10	3.46e-10	1.84e-06	3.70e-06	1.29e-32
 4.69103e+15	8.67e-10	6.84e-06	3.49e-03	5.85e-02	9.38e-01	2.57e-07	0.00e+00	8.64e-11	2.61e-10	4.45e-10	2.27e-06	4.57e-06	2.54e-32
 6.34412e+15	1.09e-09	8.28e-06	4.01e-03	6.33e-02	9.33e-01	2.56e-07	0.00e+00	1.08e-10	3.28e-10	5.58e-10	2.75e-06	5.53e-06	4.65e-32
 7.87400e+15	1.34e-09	9.85e-06	4.55e-03	6.78e-02	9.28e-01	2.63e-07	0.00e+00	1.33e-10	4.03e-10	6.86e-10	3.27e-06	6.58e-06	8.04e-32
 9.60310e+15	1.68e-09	1.19e-05	5.23e-03	7.32e-02	9.22e-01	2.65e-07	0.00e+00	1.67e-10	5.07e-10	8.62e-10	3.96e-06	7.95e-06	1.47e-31
 1.15907e+16	2.15e-09	1.47e-05	6.10e-03	7.96e-02	9.14e-01	2.69e-07	0.00e+00	2.15e-10	6.49e-10	1.10e-09	4.87e-06	9.79e-06	2.86e-31
 1.35339e+16	2.71e-09	1.78e-05	7.04e-03	8.62e-02	9.07e-01	2.73e-07	0.00e+00	2.71e-10	8.19e-10	1.39e-09	5.93e-06	1.19e-05	5.34e-31
 1.52938e+16	3.32e-09	2.12e-05	7.97e-03	9.25e-02	9.00e-01	2.74e-07	0.00e+00	3.32e-10	1.00e-09	1.71e-09	7.05e-06	1.41e-05	9.22e-31
 1.72026e+16	4.13e-09	2.54e-05	9.10e-03	9.95e-02	8.91e-01	2.77e-07	0.00e+00	4.13e-10	1.25e-09	2.12e-09	8.46e-06	1.70e-05	1.66e-30
 1.93444e+16	5.17e-09	3.08e-05	1.05e-02	1.08e-01	8.82e-01	2.81e-07	0.00e+00	5.17e-10	1.56e-09	2.66e-09	1.03e-05	2.06e-05	3.10e-30
 2.13701e+16	6.40e-09	3.69e-05	1.20e-02	1.16e-01	8.72e-01	2.84e-07	0.00e+00	6.40e-10	1.94e-09	3.29e-09	1.23e-05	2.46e-05	5.45e-30
 2.35814e+16	8.02e-09	4.46e-05	1.37e-02	1.25e-01	8.61e-01	2.85e-07	0.00e+00	8.02e-10	2.43e-09	4.12e-09	1.49e-05	2.98e-05	1.00e-29
 2.60202e+16	1.01e-08	5.44e-05	1.59e-02	1.36e-01	8.48e-01	2.89e-07	0.00e+00	1.01e-09	3.06e-09	5.21e-09	1.81e-05	3.63e-05	1.89e-29
 2.82812e+16	1.24e-08	6.49e-05	1.81e-02	1.46e-01	8.36e-01	2.89e-07	0.00e+00	1.24e-09	3.76e-09	6.39e-09	2.16e-05	4.33e-05	3.31e-29
 3.07405e+16	1.56e-08	7.85e-05	2.08e-02	1.57e-01	8.22e-01	2.90e-07	0.00e+00	1.56e-09	4.71e-09	8.01e-09	2.62e-05	5.24e-05	6.08e-29
 3.34625e+16	1.97e-08	9.59e-05	2.40e-02	1.71e-01	8.05e-01	2.95e-07	0.00e+00	1.97e-09	5.95e-09	1.01e-08	3.20e-05	6.39e-05	1.14e-28
 3.59988e+16	2.41e-08	1.15e-04	2.74e-02	1.83e-01	7.89e-01	2.94e-07	0.00e+00	2.42e-09	7.31e-09	1.24e-08	3.82e-05	7.63e-05	2.01e-28
 3.87477e+16	3.03e-08	1.39e-04	3.15e-02	1.98e-01	7.71e-01	2.95e-07	0.00e+00	3.04e-09	9.19e-09	1.56e-08	4.63e-05	9.26e-05	3.70e-28
 4.13840e+16	3.69e-08	1.65e-04	3.58e-02	2.12e-01	7.52e-01	2.96e-07	0.00e+00	3.70e-09	1.12e-08	1.90e-08	5.50e-05	1.10e-04	6.31e-28
 4.33500e+16	4.29e-08	1.87e-04	3.92e-02	2.22e-01	7.38e-01	3.00e-07	0.00e+00	4.30e-09	1.30e-08	2.21e-08	6.24e-05	1.25e-04	9.35e-28
 4.53638e+16	5.02e-08	2.14e-04	4.32e-02	2.34e-01	7.23e-01	3.02e-07	0.00e+00	5.03e-09	1.52e-08	2.58e-08	7.13e-05	1.42e-04	1.42e-27
 4.77828e+16	6.02e-08	2.49e-04	4.83e-02	2.48e-01	7.04e-01	3.02e-07	0.00e+00	6.04e-09	1.83e-08	3.10e-08	8.31e-05	1.66e-04	2.30e-27
 5.02160e+16	7.18e-08	2.89e-04	5.38e-02	2.62e-01	6.84e-01	3.00e-07	0.00e+00	7.21e-09	2.18e-08	3.70e-08	9.65e-05	1.93e-04	3.64e-27
 5.24059e+16	8.43e-08	3.30e-04	5.92e-02	2.75e-01	6.66e-01	3.03e-07	0.00e+00	8.46e-09	2.56e-08	4.35e-08	1.10e-04	2.20e-04	5.51e-27
 5.43768e+16	9.72e-08	3.72e-04	6.44e-02	2.86e-01	6.49e-01	3.05e-07	0.00e+00	9.76e-09	2.95e-08	5.01e-08	1.24e-04	2.48e-04	7.95e-27
 5.61507e+16	1.10e-07	4.13e-04	6.94e-02	2.97e-01	6.33e-01	3.06e-07	0.00e+00	1.11e-08	3.36e-08	5.70e-08	1.38e-04	2.75e-04	1.10e-26
 5.77471e+16	1.24e-07	4.54e-04	7.42e-02	3.06e-01	6.19e-01	3.07e-07	0.00e+00	1.25e-08	3.77e-08	6.40e-08	1.52e-04	3.03e-04	1.48e-26
 5.91839e+16	1.38e-07	4.95e-04	7.87e-02	3.15e-01	6.06e-01	3.07e-07	0.00e+00	1.39e-08	4.19e-08	7.11e-08	1.65e-04	3.29e-04	1.93e-26
 6.04771e+16	1.52e-07	5.34e-04	8.30e-02	3.23e-01	5.94e-01	3.08e-07	0.00e+00	1.53e-08	4.61e-08	7.83e-08	1.78e-04	3.56e-04	2.45e-26
 6.16409e+16	1.65e-07	5.72e-04	8.70e-02	3.30e-01	5.83e-01	3.08e-07	0.00e+00	1.66e-08	5.03e-08	8.54e-08	1.91e-04	3.81e-04	3.04e-26
 6.26883e+16	1.79e-07	6.09e-04	9.08e-02	3.36e-01	5.72e-01	3.09e-07	0.00e+00	1.80e-08	5.45e-08	9.25e-08	2.04e-04	4.06e-04	3.68e-26
 6.36310e+16	1.92e-07	6.44e-04	9.43e-02	3.42e-01	5.63e-01	3.09e-07	0.00e+00	1.94e-08	5.85e-08	9.94e-08	2.15e-04	4.29e-04	4.39e-26
 6.44794e+16	2.06e-07	6.78e-04	9.76e-02	3.47e-01	5.55e-01	3.10e-07	0.00e+00	2.07e-08	6.25e-08	1.06e-07	2.26e-04	4.51e-04	5.16e-26
 6.52430e+16	2.18e-07	7.09e-04	1.01e-01	3.51e-01	5.47e-01	3.11e-07	0.00e+00	2.19e-08	6.64e-08	1.13e-07	2.37e-04	4.72e-04	5.92e-26
 6.59653e+16	2.31e-07	7.40e-04	1.04e-01	3.56e-01	5.40e-01	3.11e-07	0.00e+00	2.32e-08	7.03e-08	1.19e-07	2.47e-04	4.93e-04	6.81e-26
 6.66864e+16	2.45e-07	7.73e-04	1.07e-01	3.60e-01	5.32e-01	3.12e-07	0.00e+00	2.46e-08	7.45e-08	1.26e-07	2.59e-04	5.15e-04	7.83e-26
 6.74076e+16	2.60e-07	8.08e-04	1.10e-01	3.64e-01	5.25e-01	3.12e-07	0.00e+00	2.61e-08	7.90e-08	1.34e-07	2.70e-04	5.38e-04	9.01e-26
 6.81287e+16	2.76e-07	8.45e-04	1.13e-01	3.69e-01	5.17e-01	3.13e-07	0.00e+00	2.78e-08	8.39e-08	1.42e-07	2.82e-04	5.62e-04	1.04e-25
 6.88499e+16	2.93e-07	8.83e-04	1.16e-01	3.73e-01	5.10e-01	3.14e-07	0.00e+00	2.95e-08	8.92e-08	1.51e-07	2.95e-04	5.88e-04	1.20e-25
 6.95710e+16	3.12e-07	9.24e-04	1.20e-01	3.77e-01	5.02e-01	3.14e-07	0.00e+00	3.15e-08	9.51e-08	1.61e-07	3.09e-04	6.15e-04	1.40e-25
 7.02922e+16	3.34e-07	9.68e-04	1.23e-01	3.82e-01	4.94e-01	3.15e-07	0.00e+00	3.36e-08	1.02e-07	1.72e-07	3.24e-04	6.44e-04	1.62e-25
 7.10133e+16	3.58e-07	1.01e-03	1.27e-01	3.86e-01	4.86e-01	3.16e-07	0.00e+00	3.61e-08	1.09e-07	1.85e-07	3.39e-04	6.75e-04	1.91e-25
 7.17345e+16	3.88e-07	1.07e-03	1.31e-01	3.90e-01	4.78e-01	3.16e-07	0.00e+00	3.91e-08	1.18e-07	2.01e-07	3.58e-04	7.12e-04	2.29e-25
 7.21051e+16	4.67e-07	1.12e-03	1.33e-01	3.93e-01	4.73e-01	3.17e-07	0.00e+00	4.71e-08	1.42e-07	2.41e-07	3.75e-04	7.46e-04	2.79e-25
