#depth	C	C+	C+2	C+3	C+4	C+5	C+6	C[1]	C[2]	C[3]	C+[1]	C+[2]	CO
 2.95256e+14	1.93e-09	9.06e-06	3.66e-03	5.59e-02	9.40e-01	4.10e-07	0.00e+00	1.96e-10	5.93e-10	1.01e-09	3.02e-06	6.04e-06	1.05e-31
 1.40406e+15	1.75e-09	1.05e-05	4.06e-03	5.92e-02	9.37e-01	3.52e-07	0.00e+00	1.78e-10	5.39e-10	9.19e-10	3.50e-06	7.00e-06	1.66e-31
 3.06369e+15	2.21e-09	1.29e-05	4.72e-03	6.45e-02	9.31e-01	3.57e-07	0.00e+00	2.25e-10	6.80e-10	1.16e-09	4.30e-06	8.59e-06	3.26e-31
 4.78970e+15	2.81e-09	1.59e-05	5.49e-03	7.02e-02	9.24e-01	3.62e-07	0.00e+00	2.86e-10	8.67e-10	1.48e-09	5.29e-06	1.06e-05	6.39e-31
 6.44371e+15	3.50e-09	1.92e-05	6.32e-03	7.59e-02	9.18e-01	3.61e-07	0.00e+00	3.57e-10	1.08e-09	1.84e-09	6.40e-06	1.28e-05	1.18e-30
 7.97197e+15	4.27e-09	2.27e-05	7.16e-03	8.13e-02	9.11e-01	3.71e-07	0.00e+00	4.35e-10	1.32e-09	2.25e-09	7.59e-06	1.51e-05	2.04e-30
 9.70240e+15	5.34e-09	2.74e-05	8.22e-03	8.77e-02	9.04e-01	3.73e-07	0.00e+00	5.43e-10	1.65e-09	2.81e-09	9.16e-06	1.83e-05	3.74e-30
 1.15677e+16	6.65e-09	3.32e-05	9.47e-03	9.49e-02	8.96e-01	3.76e-07	0.00e+00	6.77e-10	2.05e-09	3.50e-09	1.11e-05	2.21e-05	6.89e-30
 1.32394e+16	8.08e-09	3.92e-05	1.07e-02	1.02e-01	8.88e-01	3.81e-07	0.00e+00	8.23e-10	2.49e-09	4.25e-09	1.31e-05	2.61e-05	1.18e-29
 1.50398e+16	9.94e-09	4.67e-05	1.22e-02	1.09e-01	8.79e-01	3.85e-07	0.00e+00	1.01e-09	3.07e-09	5.23e-09	1.56e-05	3.11e-05	2.10e-29
 1.70650e+16	1.24e-08	5.64e-05	1.40e-02	1.18e-01	8.68e-01	3.87e-07	0.00e+00	1.26e-09	3.82e-09	6.51e-09	1.89e-05	3.76e-05	3.89e-29
 1.89935e+16	1.52e-08	6.71e-05	1.59e-02	1.26e-01	8.58e-01	3.91e-07	0.00e+00	1.55e-09	4.68e-09	7.98e-09	2.24e-05	4.47e-05	6.83e-29
 2.11113e+16	1.89e-08	8.09e-05	1.82e-02	1.36e-01	8.46e-01	3.94e-07	0.00e+00	1.92e-09	5.83e-09	9.93e-09	2.70e-05	5.38e-05	1.26e-28
 2.34407e+16	2.37e-08	9.83e-05	2.09e-02	1.47e-01	8.32e-01	4.00e-07	0.00e+00	2.41e-09	7.32e-09	1.25e-08	3.29e-05	6.54e-05	2.37e-28
 2.55626e+16	2.88e-08	1.16e-04	2.37e-02	1.58e-01	8.18e-01	4.00e-07	0.00e+00	2.93e-09	8.89e-09	1.51e-08	3.89e-05	7.74e-05	4.10e-28
 2.78386e+16	3.55e-08	1.39e-04	2.70e-02	1.69e-01	8.03e-01	4.00e-07	0.00e+00	3.63e-09	1.10e-08	1.87e-08	4.66e-05	9.27e-05	7.38e-28
 3.04076e+16	4.46e-08	1.69e-04	3.11e-02	1.83e-01	7.86e-01	4.04e-07	0.00e+00	4.55e-09	1.38e-08	2.35e-08	5.65e-05	1.12e-04	1.37e-27
 3.28705e+16	5.47e-08	2.02e-04	3.53e-02	1.96e-01	7.69e-01	4.05e-07	0.00e+00	5.59e-09	1.69e-08	2.88e-08	6.75e-05	1.34e-04	2.43e-27
 3.49656e+16	6.46e-08	2.33e-04	3.92e-02	2.07e-01	7.53e-01	4.03e-07	0.00e+00	6.60e-09	2.00e-08	3.40e-08	7.80e-05	1.55e-04	3.84e-27
 3.67653e+16	7.45e-08	2.63e-04	4.29e-02	2.17e-01	7.40e-01	4.04e-07	0.00e+00	7.61e-09	2.31e-08	3.93e-08	8.82e-05	1.75e-04	5.69e-27
 3.88006e+16	8.80e-08	3.02e-04	4.73e-02	2.28e-01	7.24e-01	4.02e-07	0.00e+00	9.00e-09	2.72e-08	4.64e-08	1.01e-04	2.01e-04	8.86e-27
 4.14464e+16	1.08e-07	3.60e-04	5.36e-02	2.44e-01	7.02e-01	4.01e-07	0.00e+00	1.11e-08	3.35e-08	5.70e-08	1.21e-04	2.39e-04	1.55e-26
 4.41229e+16	1.31e-07	4.24e-04	6.03e-02	2.59e-01	6.81e-01	3.99e-07	0.00e+00	1.34e-08	4.07e-08	6.92e-08	1.42e-04	2.82e-04	2.62e-26
 4.62903e+16	1.54e-07	4.84e-04	6.62e-02	2.71e-01	6.62e-01	3.96e-07	0.00e+00	1.57e-08	4.76e-08	8.10e-08	1.62e-04	3.22e-04	3.95e-26
 4.85184e+16	1.81e-07	5.55e-04	7.29e-02	2.84e-01	6.43e-01	3.93e-07	0.00e+00	1.85e-08	5.62e-08	9.55e-08	1.86e-04	3.69e-04	6.10e-26
 5.08781e+16	2.14e-07	6.36e-04	8.03e-02	2.97e-01	6.22e-01	3.89e-07	0.00e+00	2.19e-08	6.63e-08	1.13e-07	2.14e-04	4.23e-04	9.41e-26
 5.30018e+16	2.49e-07	7.20e-04	8.74e-02	3.09e-01	6.03e-01	3.89e-07	0.00e+00	2.55e-08	7.72e-08	1.31e-07	2.42e-04	4.78e-04	1.38e-25
 5.49131e+16	2.85e-07	8.02e-04	9.42e-02	3.20e-01	5.85e-01	3.86e-07	0.00e+00	2.91e-08	8.82e-08	1.50e-07	2.69e-04	5.33e-04	1.94e-25
 5.66334e+16	3.21e-07	8.83e-04	1.01e-01	3.29e-01	5.69e-01	3.84e-07	0.00e+00	3.29e-08	9.95e-08	1.69e-07	2.96e-04	5.87e-04	2.64e-25
 5.81815e+16	3.58e-07	9.63e-04	1.07e-01	3.38e-01	5.54e-01	3.83e-07	0.00e+00	3.67e-08	1.11e-07	1.89e-07	3.23e-04	6.39e-04	3.46e-25
 5.95749e+16	3.95e-07	1.04e-03	1.12e-01	3.45e-01	5.41e-01	3.81e-07	0.00e+00	4.05e-08	1.23e-07	2.09e-07	3.49e-04	6.91e-04	4.42e-25
 6.08289e+16	4.33e-07	1.12e-03	1.18e-01	3.52e-01	5.29e-01	3.78e-07	0.00e+00	4.44e-08	1.34e-07	2.28e-07	3.74e-04	7.41e-04	5.51e-25
 6.19575e+16	4.71e-07	1.19e-03	1.23e-01	3.58e-01	5.18e-01	3.76e-07	0.00e+00	4.82e-08	1.46e-07	2.48e-07	3.99e-04	7.89e-04	6.70e-25
 6.29733e+16	5.07e-07	1.26e-03	1.27e-01	3.63e-01	5.08e-01	3.74e-07	0.00e+00	5.20e-08	1.57e-07	2.67e-07	4.22e-04	8.34e-04	8.03e-25
 6.38875e+16	5.43e-07	1.32e-03	1.31e-01	3.68e-01	4.99e-01	3.73e-07	0.00e+00	5.57e-08	1.69e-07	2.86e-07	4.44e-04	8.78e-04	9.44e-25
 6.47103e+16	5.78e-07	1.38e-03	1.35e-01	3.72e-01	4.91e-01	3.71e-07	0.00e+00	5.93e-08	1.79e-07	3.05e-07	4.64e-04	9.19e-04	1.09e-24
 6.54606e+16	6.12e-07	1.44e-03	1.39e-01	3.76e-01	4.84e-01	3.70e-07	0.00e+00	6.28e-08	1.90e-07	3.23e-07	4.84e-04	9.57e-04	1.24e-24
 6.61817e+16	6.47e-07	1.50e-03	1.43e-01	3.79e-01	4.77e-01	3.69e-07	0.00e+00	6.64e-08	2.01e-07	3.42e-07	5.04e-04	9.97e-04	1.42e-24
 6.69029e+16	6.86e-07	1.56e-03	1.46e-01	3.83e-01	4.69e-01	3.67e-07	0.00e+00	7.04e-08	2.13e-07	3.62e-07	5.25e-04	1.04e-03	1.62e-24
 6.76240e+16	7.27e-07	1.63e-03	1.50e-01	3.86e-01	4.62e-01	3.66e-07	0.00e+00	7.47e-08	2.26e-07	3.84e-07	5.47e-04	1.08e-03	1.86e-24
 6.83452e+16	7.72e-07	1.70e-03	1.54e-01	3.90e-01	4.55e-01	3.64e-07	0.00e+00	7.93e-08	2.40e-07	4.08e-07	5.70e-04	1.13e-03	2.13e-24
 6.90663e+16	8.22e-07	1.77e-03	1.58e-01	3.93e-01	4.47e-01	3.63e-07	0.00e+00	8.44e-08	2.55e-07	4.34e-07	5.94e-04	1.17e-03	2.44e-24
 6.97875e+16	8.77e-07	1.84e-03	1.62e-01	3.96e-01	4.40e-01	3.61e-07	0.00e+00	9.00e-08	2.73e-07	4.63e-07	6.20e-04	1.22e-03	2.82e-24
 7.05086e+16	9.38e-07	1.93e-03	1.66e-01	4.00e-01	4.32e-01	3.60e-07	0.00e+00	9.64e-08	2.92e-07	4.96e-07	6.47e-04	1.28e-03	3.27e-24
 7.12298e+16	1.01e-06	2.02e-03	1.70e-01	4.03e-01	4.25e-01	3.58e-07	0.00e+00	1.04e-07	3.15e-07	5.34e-07	6.77e-04	1.34e-03	3.83e-24
 7.18528e+16	1.10e-06	2.12e-03	1.74e-01	4.06e-01	4.18e-01	3.56e-07	0.00e+00	1.14e-07	3.44e-07	5.84e-07	7.12e-04	1.41e-03	4.63e-24
