#depth	He	He+	He+2
 2.50537e+14	1.29e-07	3.46e-03	9.97e-01
 1.31283e+15	1.43e-07	3.65e-03	9.96e-01
 2.96881e+15	1.67e-07	3.94e-03	9.96e-01
 4.69103e+15	1.95e-07	4.26e-03	9.96e-01
 6.34412e+15	2.25e-07	4.58e-03	9.95e-01
 7.87400e+15	2.55e-07	4.88e-03	9.95e-01
 9.60310e+15	2.94e-07	5.25e-03	9.95e-01
 1.15907e+16	3.44e-07	5.68e-03	9.94e-01
 1.35339e+16	3.99e-07	6.11e-03	9.94e-01
 1.52938e+16	4.55e-07	6.52e-03	9.93e-01
 1.72026e+16	5.24e-07	7.00e-03	9.93e-01
 1.93444e+16	6.10e-07	7.56e-03	9.92e-01
 2.13701e+16	6.99e-07	8.09e-03	9.92e-01
 2.35814e+16	8.11e-07	8.72e-03	9.91e-01
 2.60202e+16	9.49e-07	9.44e-03	9.91e-01
 2.82812e+16	1.09e-06	1.01e-02	9.90e-01
 3.07405e+16	1.27e-06	1.10e-02	9.89e-01
 3.34625e+16	1.49e-06	1.19e-02	9.88e-01
 3.59988e+16	1.73e-06	1.28e-02	9.87e-01
 3.87477e+16	2.03e-06	1.39e-02	9.86e-01
 4.13840e+16	2.34e-06	1.50e-02	9.85e-01
 4.33500e+16	2.59e-06	1.59e-02	9.84e-01
 4.53638e+16	2.90e-06	1.68e-02	9.83e-01
 4.77828e+16	3.31e-06	1.81e-02	9.82e-01
 5.02160e+16	3.77e-06	1.94e-02	9.81e-01
 5.24059e+16	4.23e-06	2.06e-02	9.79e-01
 5.43768e+16	4.70e-06	2.18e-02	9.78e-01
 5.61507e+16	5.17e-06	2.30e-02	9.77e-01
 5.77471e+16	5.63e-06	2.41e-02	9.76e-01
 5.91839e+16	6.09e-06	2.52e-02	9.75e-01
 6.04771e+16	6.54e-06	2.62e-02	9.74e-01
 6.16409e+16	6.97e-06	2.72e-02	9.73e-01
 6.26883e+16	7.39e-06	2.81e-02	9.72e-01
 6.36310e+16	7.80e-06	2.89e-02	9.71e-01
 6.44794e+16	8.18e-06	2.97e-02	9.70e-01
 6.52430e+16	8.54e-06	3.04e-02	9.70e-01
 6.59653e+16	8.91e-06	3.12e-02	9.69e-01
 6.66864e+16	9.30e-06	3.19e-02	9.68e-01
 6.74076e+16	9.71e-06	3.27e-02	9.67e-01
 6.81287e+16	1.01e-05	3.35e-02	9.66e-01
 6.88499e+16	1.06e-05	3.44e-02	9.66e-01
 6.95710e+16	1.11e-05	3.52e-02	9.65e-01
 7.02922e+16	1.16e-05	3.61e-02	9.64e-01
 7.10133e+16	1.22e-05	3.71e-02	9.63e-01
 7.17345e+16	1.29e-05	3.80e-02	9.62e-01
 7.21051e+16	1.35e-05	3.86e-02	9.61e-01
