#depth	O	O+	O+2	O+3	O+4	O+5	O+6	O+7	O+8	O[1]	O[2]	O[3]
 1.68323e+14	3.19e-11	5.94e-07	1.37e-03	1.58e-01	6.61e-01	1.70e-01	9.58e-03	0.00e+00	0.00e+00	2.35e-11	5.67e-12	2.65e-12
 1.00994e+15	3.77e-11	6.74e-07	1.49e-03	1.65e-01	6.61e-01	1.63e-01	8.77e-03	0.00e+00	0.00e+00	2.78e-11	6.69e-12	3.13e-12
 2.51862e+15	4.91e-11	8.28e-07	1.74e-03	1.78e-01	6.60e-01	1.52e-01	7.51e-03	0.00e+00	0.00e+00	3.62e-11	8.70e-12	4.08e-12
 4.22284e+15	6.50e-11	1.03e-06	2.06e-03	1.93e-01	6.58e-01	1.41e-01	6.33e-03	0.00e+00	0.00e+00	4.80e-11	1.15e-11	5.41e-12
 5.85941e+15	8.35e-11	1.25e-06	2.40e-03	2.08e-01	6.54e-01	1.30e-01	5.39e-03	0.00e+00	0.00e+00	6.16e-11	1.48e-11	6.96e-12
 7.37461e+15	1.05e-10	1.49e-06	2.74e-03	2.22e-01	6.50e-01	1.21e-01	4.66e-03	0.00e+00	0.00e+00	7.73e-11	1.85e-11	8.73e-12
 9.08622e+15	1.36e-10	1.81e-06	3.18e-03	2.37e-01	6.44e-01	1.12e-01	3.96e-03	0.00e+00	0.00e+00	1.00e-10	2.40e-11	1.14e-11
 1.09648e+16	1.80e-10	2.24e-06	3.72e-03	2.54e-01	6.36e-01	1.03e-01	3.32e-03	0.00e+00	0.00e+00	1.33e-10	3.18e-11	1.50e-11
 1.27106e+16	2.31e-10	2.71e-06	4.27e-03	2.70e-01	6.27e-01	9.52e-02	2.83e-03	0.00e+00	0.00e+00	1.71e-10	4.08e-11	1.93e-11
 1.46145e+16	3.05e-10	3.34e-06	4.95e-03	2.88e-01	6.17e-01	8.73e-02	2.38e-03	0.00e+00	0.00e+00	2.25e-10	5.37e-11	2.55e-11
 1.67315e+16	4.06e-10	4.15e-06	5.79e-03	3.08e-01	6.05e-01	7.94e-02	1.97e-03	0.00e+00	0.00e+00	3.00e-10	7.17e-11	3.41e-11
 1.85946e+16	5.16e-10	4.97e-06	6.61e-03	3.25e-01	5.94e-01	7.31e-02	1.68e-03	0.00e+00	0.00e+00	3.81e-10	9.09e-11	4.33e-11
 2.01933e+16	6.33e-10	5.81e-06	7.38e-03	3.39e-01	5.84e-01	6.80e-02	1.46e-03	0.00e+00	0.00e+00	4.68e-10	1.12e-10	5.32e-11
 2.19870e+16	7.97e-10	6.90e-06	8.33e-03	3.56e-01	5.72e-01	6.28e-02	1.25e-03	0.00e+00	0.00e+00	5.89e-10	1.40e-10	6.71e-11
 2.42627e+16	1.06e-09	8.53e-06	9.67e-03	3.77e-01	5.56e-01	5.67e-02	1.03e-03	0.00e+00	0.00e+00	7.82e-10	1.86e-10	8.92e-11
 2.65740e+16	1.38e-09	1.04e-05	1.12e-02	3.97e-01	5.40e-01	5.12e-02	8.53e-04	0.00e+00	0.00e+00	1.02e-09	2.43e-10	1.16e-10
 2.85310e+16	1.72e-09	1.23e-05	1.26e-02	4.14e-01	5.25e-01	4.70e-02	7.28e-04	0.00e+00	0.00e+00	1.27e-09	3.02e-10	1.45e-10
 3.06181e+16	2.19e-09	1.47e-05	1.43e-02	4.33e-01	5.10e-01	4.28e-02	6.14e-04	0.00e+00	0.00e+00	1.61e-09	3.84e-10	1.85e-10
 3.28042e+16	2.75e-09	1.75e-05	1.62e-02	4.51e-01	4.93e-01	3.88e-02	5.16e-04	0.00e+00	0.00e+00	2.03e-09	4.83e-10	2.33e-10
 3.46826e+16	3.35e-09	2.04e-05	1.80e-02	4.67e-01	4.79e-01	3.57e-02	4.45e-04	0.00e+00	0.00e+00	2.47e-09	5.88e-10	2.84e-10
 3.66878e+16	4.16e-09	2.39e-05	2.01e-02	4.83e-01	4.64e-01	3.26e-02	3.79e-04	0.00e+00	0.00e+00	3.07e-09	7.30e-10	3.53e-10
 3.89090e+16	5.23e-09	2.85e-05	2.27e-02	5.01e-01	4.47e-01	2.96e-02	3.18e-04	0.00e+00	0.00e+00	3.86e-09	9.18e-10	4.45e-10
 4.09803e+16	6.44e-09	3.33e-05	2.53e-02	5.16e-01	4.31e-01	2.69e-02	2.71e-04	0.00e+00	0.00e+00	4.75e-09	1.13e-09	5.48e-10
 4.29326e+16	7.83e-09	3.86e-05	2.81e-02	5.31e-01	4.16e-01	2.47e-02	2.33e-04	0.00e+00	0.00e+00	5.78e-09	1.37e-09	6.67e-10
 4.51611e+16	9.85e-09	4.59e-05	3.16e-02	5.47e-01	3.99e-01	2.23e-02	1.96e-04	0.00e+00	0.00e+00	7.27e-09	1.72e-09	8.39e-10
 4.75611e+16	1.25e-08	5.49e-05	3.58e-02	5.63e-01	3.81e-01	1.99e-02	1.63e-04	0.00e+00	0.00e+00	9.22e-09	2.19e-09	1.07e-09
 4.97090e+16	1.54e-08	6.45e-05	3.99e-02	5.77e-01	3.65e-01	1.80e-02	1.38e-04	0.00e+00	0.00e+00	1.14e-08	2.70e-09	1.32e-09
 5.17164e+16	1.89e-08	7.52e-05	4.43e-02	5.90e-01	3.50e-01	1.64e-02	1.18e-04	0.00e+00	0.00e+00	1.40e-08	3.31e-09	1.62e-09
 5.36862e+16	2.31e-08	8.75e-05	4.90e-02	6.01e-01	3.35e-01	1.49e-02	1.01e-04	0.00e+00	0.00e+00	1.70e-08	4.04e-09	1.98e-09
 5.55291e+16	2.78e-08	1.01e-04	5.38e-02	6.11e-01	3.21e-01	1.37e-02	8.76e-05	0.00e+00	0.00e+00	2.05e-08	4.87e-09	2.39e-09
 5.71877e+16	3.31e-08	1.15e-04	5.86e-02	6.20e-01	3.09e-01	1.26e-02	7.68e-05	0.00e+00	0.00e+00	2.44e-08	5.79e-09	2.84e-09
 5.86805e+16	3.89e-08	1.30e-04	6.33e-02	6.27e-01	2.98e-01	1.17e-02	6.82e-05	0.00e+00	0.00e+00	2.87e-08	6.80e-09	3.34e-09
 6.00239e+16	4.51e-08	1.45e-04	6.80e-02	6.33e-01	2.88e-01	1.09e-02	6.12e-05	0.00e+00	0.00e+00	3.33e-08	7.87e-09	3.87e-09
 6.12331e+16	5.16e-08	1.61e-04	7.24e-02	6.38e-01	2.79e-01	1.02e-02	5.54e-05	0.00e+00	0.00e+00	3.81e-08	9.02e-09	4.44e-09
 6.23213e+16	5.86e-08	1.77e-04	7.68e-02	6.42e-01	2.71e-01	9.67e-03	5.07e-05	0.00e+00	0.00e+00	4.32e-08	1.02e-08	5.04e-09
 6.33007e+16	6.49e-08	1.92e-04	8.08e-02	6.46e-01	2.64e-01	9.18e-03	4.68e-05	0.00e+00	0.00e+00	4.79e-08	1.13e-08	5.59e-09
 6.41821e+16	7.24e-08	2.08e-04	8.48e-02	6.48e-01	2.58e-01	8.75e-03	4.34e-05	0.00e+00	0.00e+00	5.34e-08	1.26e-08	6.23e-09
 6.49754e+16	8.00e-08	2.24e-04	8.86e-02	6.51e-01	2.52e-01	8.37e-03	4.05e-05	0.00e+00	0.00e+00	5.90e-08	1.40e-08	6.89e-09
 6.57118e+16	8.79e-08	2.41e-04	9.23e-02	6.53e-01	2.47e-01	8.03e-03	3.80e-05	0.00e+00	0.00e+00	6.49e-08	1.54e-08	7.57e-09
 6.64329e+16	9.66e-08	2.58e-04	9.61e-02	6.55e-01	2.41e-01	7.71e-03	3.57e-05	0.00e+00	0.00e+00	7.13e-08	1.69e-08	8.32e-09
 6.71541e+16	1.06e-07	2.77e-04	1.00e-01	6.56e-01	2.36e-01	7.39e-03	3.35e-05	0.00e+00	0.00e+00	7.85e-08	1.86e-08	9.17e-09
 6.78752e+16	1.17e-07	2.99e-04	1.04e-01	6.58e-01	2.31e-01	7.08e-03	3.14e-05	0.00e+00	0.00e+00	8.66e-08	2.05e-08	1.01e-08
 6.85964e+16	1.30e-07	3.22e-04	1.09e-01	6.59e-01	2.25e-01	6.78e-03	2.94e-05	0.00e+00	0.00e+00	9.59e-08	2.27e-08	1.12e-08
 6.93175e+16	1.46e-07	3.50e-04	1.13e-01	6.60e-01	2.20e-01	6.49e-03	2.74e-05	0.00e+00	0.00e+00	1.08e-07	2.54e-08	1.26e-08
 7.00387e+16	1.62e-07	3.80e-04	1.18e-01	6.60e-01	2.15e-01	6.20e-03	2.56e-05	0.00e+00	0.00e+00	1.20e-07	2.83e-08	1.40e-08
 7.07598e+16	1.81e-07	4.11e-04	1.23e-01	6.61e-01	2.09e-01	5.93e-03	2.39e-05	0.00e+00	0.00e+00	1.33e-07	3.15e-08	1.56e-08
 7.14810e+16	2.06e-07	4.53e-04	1.29e-01	6.61e-01	2.04e-01	5.64e-03	2.22e-05	0.00e+00	0.00e+00	1.52e-07	3.60e-08	1.78e-08
 7.19784e+16	2.37e-07	5.00e-04	1.33e-01	6.61e-01	2.00e-01	5.45e-03	2.10e-05	0.00e+00	0.00e+00	1.75e-07	4.13e-08	2.05e-08
