#depth	O	O+	O+2	O+3	O+4	O+5	O+6	O+7	O+8	O[1]	O[2]	O[3]
 2.09343e+14	1.04e-11	4.93e-07	1.85e-03	2.42e-01	6.91e-01	6.47e-02	8.34e-04	0.00e+00	0.00e+00	7.75e-12	1.82e-12	8.69e-13
 1.22879e+15	1.26e-11	5.68e-07	2.04e-03	2.52e-01	6.84e-01	6.10e-02	7.44e-04	0.00e+00	0.00e+00	9.36e-12	2.19e-12	1.05e-12
 2.88141e+15	1.67e-11	7.01e-07	2.37e-03	2.69e-01	6.72e-01	5.55e-02	6.20e-04	0.00e+00	0.00e+00	1.24e-11	2.87e-12	1.38e-12
 4.60014e+15	2.20e-11	8.64e-07	2.75e-03	2.87e-01	6.59e-01	5.05e-02	5.16e-04	0.00e+00	0.00e+00	1.63e-11	3.79e-12	1.82e-12
 6.28252e+15	2.84e-11	1.05e-06	3.16e-03	3.04e-01	6.46e-01	4.60e-02	4.33e-04	0.00e+00	0.00e+00	2.11e-11	4.88e-12	2.36e-12
 7.88841e+15	3.60e-11	1.25e-06	3.58e-03	3.21e-01	6.33e-01	4.22e-02	3.67e-04	0.00e+00	0.00e+00	2.68e-11	6.18e-12	2.99e-12
 9.66364e+15	4.64e-11	1.51e-06	4.11e-03	3.39e-01	6.18e-01	3.84e-02	3.07e-04	0.00e+00	0.00e+00	3.46e-11	7.96e-12	3.86e-12
 1.15992e+16	6.11e-11	1.86e-06	4.73e-03	3.59e-01	6.02e-01	3.46e-02	2.54e-04	0.00e+00	0.00e+00	4.55e-11	1.05e-11	5.08e-12
 1.34175e+16	7.85e-11	2.23e-06	5.37e-03	3.77e-01	5.86e-01	3.15e-02	2.13e-04	0.00e+00	0.00e+00	5.84e-11	1.34e-11	6.52e-12
 1.53629e+16	1.02e-10	2.71e-06	6.13e-03	3.96e-01	5.69e-01	2.85e-02	1.78e-04	0.00e+00	0.00e+00	7.61e-11	1.75e-11	8.50e-12
 1.75051e+16	1.35e-10	3.33e-06	7.05e-03	4.17e-01	5.50e-01	2.56e-02	1.46e-04	0.00e+00	0.00e+00	1.00e-10	2.30e-11	1.12e-11
 1.95235e+16	1.73e-10	4.00e-06	8.00e-03	4.36e-01	5.32e-01	2.31e-02	1.21e-04	0.00e+00	0.00e+00	1.29e-10	2.95e-11	1.44e-11
 2.16983e+16	2.26e-10	4.87e-06	9.12e-03	4.57e-01	5.13e-01	2.08e-02	1.00e-04	0.00e+00	0.00e+00	1.68e-10	3.85e-11	1.89e-11
 2.40903e+16	2.99e-10	5.98e-06	1.05e-02	4.78e-01	4.93e-01	1.85e-02	8.12e-05	0.00e+00	0.00e+00	2.23e-10	5.09e-11	2.50e-11
 2.63572e+16	3.87e-10	7.21e-06	1.19e-02	4.98e-01	4.73e-01	1.65e-02	6.69e-05	0.00e+00	0.00e+00	2.88e-10	6.57e-11	3.23e-11
 2.87941e+16	5.08e-10	8.80e-06	1.36e-02	5.19e-01	4.53e-01	1.47e-02	5.44e-05	0.00e+00	0.00e+00	3.79e-10	8.63e-11	4.25e-11
 3.14559e+16	6.76e-10	1.08e-05	1.57e-02	5.41e-01	4.31e-01	1.29e-02	4.36e-05	0.00e+00	0.00e+00	5.04e-10	1.15e-10	5.66e-11
 3.39785e+16	8.78e-10	1.31e-05	1.78e-02	5.60e-01	4.10e-01	1.15e-02	3.55e-05	0.00e+00	0.00e+00	6.55e-10	1.49e-10	7.36e-11
 3.66955e+16	1.17e-09	1.61e-05	2.04e-02	5.81e-01	3.89e-01	1.01e-02	2.85e-05	0.00e+00	0.00e+00	8.68e-10	1.97e-10	9.78e-11
 3.96501e+16	1.56e-09	1.99e-05	2.35e-02	6.01e-01	3.66e-01	8.76e-03	2.25e-05	0.00e+00	0.00e+00	1.17e-09	2.65e-10	1.31e-10
 4.24264e+16	2.05e-09	2.42e-05	2.68e-02	6.20e-01	3.46e-01	7.68e-03	1.81e-05	0.00e+00	0.00e+00	1.53e-09	3.46e-10	1.72e-10
 4.47276e+16	2.54e-09	2.83e-05	2.98e-02	6.34e-01	3.29e-01	6.90e-03	1.51e-05	0.00e+00	0.00e+00	1.89e-09	4.29e-10	2.14e-10
 4.66155e+16	3.04e-09	3.23e-05	3.25e-02	6.45e-01	3.16e-01	6.31e-03	1.31e-05	0.00e+00	0.00e+00	2.27e-09	5.13e-10	2.56e-10
 4.87174e+16	3.73e-09	3.75e-05	3.59e-02	6.57e-01	3.02e-01	5.70e-03	1.11e-05	0.00e+00	0.00e+00	2.78e-09	6.30e-10	3.15e-10
 5.10160e+16	4.64e-09	4.40e-05	3.98e-02	6.69e-01	2.86e-01	5.11e-03	9.29e-06	0.00e+00	0.00e+00	3.46e-09	7.84e-10	3.93e-10
 5.31259e+16	5.66e-09	5.09e-05	4.38e-02	6.79e-01	2.72e-01	4.62e-03	7.91e-06	0.00e+00	0.00e+00	4.22e-09	9.55e-10	4.79e-10
 5.50248e+16	6.79e-09	5.82e-05	4.77e-02	6.88e-01	2.60e-01	4.21e-03	6.84e-06	0.00e+00	0.00e+00	5.06e-09	1.14e-09	5.75e-10
 5.67339e+16	7.99e-09	6.56e-05	5.15e-02	6.95e-01	2.50e-01	3.88e-03	5.99e-06	0.00e+00	0.00e+00	5.96e-09	1.35e-09	6.77e-10
 5.82720e+16	9.28e-09	7.33e-05	5.52e-02	7.01e-01	2.40e-01	3.60e-03	5.32e-06	0.00e+00	0.00e+00	6.92e-09	1.56e-09	7.87e-10
 5.96563e+16	1.06e-08	8.11e-05	5.88e-02	7.06e-01	2.32e-01	3.36e-03	4.78e-06	0.00e+00	0.00e+00	7.93e-09	1.79e-09	9.03e-10
 6.09022e+16	1.20e-08	8.89e-05	6.22e-02	7.10e-01	2.25e-01	3.15e-03	4.34e-06	0.00e+00	0.00e+00	8.98e-09	2.03e-09	1.02e-09
 6.20235e+16	1.35e-08	9.66e-05	6.55e-02	7.13e-01	2.18e-01	2.98e-03	3.98e-06	0.00e+00	0.00e+00	1.00e-08	2.27e-09	1.14e-09
 6.30327e+16	1.49e-08	1.04e-04	6.86e-02	7.16e-01	2.12e-01	2.83e-03	3.68e-06	0.00e+00	0.00e+00	1.11e-08	2.52e-09	1.27e-09
 6.39409e+16	1.64e-08	1.12e-04	7.16e-02	7.19e-01	2.07e-01	2.70e-03	3.43e-06	0.00e+00	0.00e+00	1.22e-08	2.76e-09	1.40e-09
 6.47583e+16	1.79e-08	1.19e-04	7.44e-02	7.21e-01	2.02e-01	2.59e-03	3.21e-06	0.00e+00	0.00e+00	1.33e-08	3.01e-09	1.52e-09
 6.55061e+16	1.93e-08	1.26e-04	7.70e-02	7.22e-01	1.98e-01	2.49e-03	3.03e-06	0.00e+00	0.00e+00	1.44e-08	3.25e-09	1.64e-09
 6.62273e+16	2.09e-08	1.34e-04	7.97e-02	7.24e-01	1.94e-01	2.40e-03	2.86e-06	0.00e+00	0.00e+00	1.56e-08	3.51e-09	1.78e-09
 6.69484e+16	2.26e-08	1.42e-04	8.25e-02	7.25e-01	1.90e-01	2.31e-03	2.70e-06	0.00e+00	0.00e+00	1.69e-08	3.80e-09	1.93e-09
 6.76696e+16	2.45e-08	1.51e-04	8.54e-02	7.26e-01	1.86e-01	2.22e-03	2.54e-06	0.00e+00	0.00e+00	1.83e-08	4.12e-09	2.09e-09
 6.83907e+16	2.66e-08	1.61e-04	8.84e-02	7.27e-01	1.82e-01	2.14e-03	2.40e-06	0.00e+00	0.00e+00	1.99e-08	4.48e-09	2.27e-09
 6.91119e+16	2.90e-08	1.71e-04	9.16e-02	7.28e-01	1.78e-01	2.05e-03	2.26e-06	0.00e+00	0.00e+00	2.16e-08	4.87e-09	2.47e-09
 6.98330e+16	3.16e-08	1.83e-04	9.49e-02	7.29e-01	1.74e-01	1.97e-03	2.13e-06	0.00e+00	0.00e+00	2.36e-08	5.31e-09	2.69e-09
 7.05542e+16	3.45e-08	1.95e-04	9.83e-02	7.29e-01	1.70e-01	1.90e-03	2.01e-06	0.00e+00	0.00e+00	2.58e-08	5.81e-09	2.95e-09
 7.12753e+16	3.80e-08	2.10e-04	1.02e-01	7.30e-01	1.66e-01	1.82e-03	1.89e-06	0.00e+00	0.00e+00	2.83e-08	6.38e-09	3.24e-09
 7.18755e+16	4.20e-08	2.26e-04	1.05e-01	7.30e-01	1.63e-01	1.76e-03	1.79e-06	0.00e+00	0.00e+00	3.13e-08	7.05e-09	3.58e-09
