#depth	C	C+	C+2	C+3	C+4	C+5	C+6	C[1]	C[2]	C[3]	C+[1]	C+[2]	CO
 1.86825e+14	1.11e-09	5.83e-06	2.70e-03	4.81e-02	9.49e-01	3.92e-07	0.00e+00	1.09e-10	3.30e-10	5.62e-10	1.93e-06	3.90e-06	2.55e-32
 1.12095e+15	1.00e-09	6.60e-06	2.94e-03	5.05e-02	9.47e-01	3.36e-07	0.00e+00	9.84e-11	2.98e-10	5.06e-10	2.19e-06	4.41e-06	3.73e-32
 2.70734e+15	1.24e-09	8.03e-06	3.40e-03	5.49e-02	9.42e-01	3.40e-07	0.00e+00	1.22e-10	3.70e-10	6.29e-10	2.66e-06	5.37e-06	6.98e-32
 4.41911e+15	1.57e-09	9.87e-06	3.96e-03	5.98e-02	9.36e-01	3.45e-07	0.00e+00	1.54e-10	4.66e-10	7.93e-10	3.27e-06	6.59e-06	1.33e-31
 6.04598e+15	1.93e-09	1.19e-05	4.55e-03	6.47e-02	9.31e-01	3.43e-07	0.00e+00	1.90e-10	5.74e-10	9.76e-10	3.93e-06	7.93e-06	2.36e-31
 7.52769e+15	2.32e-09	1.40e-05	5.15e-03	6.93e-02	9.26e-01	3.51e-07	0.00e+00	2.29e-10	6.91e-10	1.18e-09	4.64e-06	9.34e-06	3.92e-31
 9.20096e+15	2.87e-09	1.68e-05	5.91e-03	7.48e-02	9.19e-01	3.54e-07	0.00e+00	2.83e-10	8.56e-10	1.46e-09	5.56e-06	1.12e-05	6.93e-31
 1.11514e+16	3.64e-09	2.06e-05	6.88e-03	8.15e-02	9.12e-01	3.59e-07	0.00e+00	3.59e-10	1.08e-09	1.84e-09	6.84e-06	1.38e-05	1.33e-30
 1.30622e+16	4.53e-09	2.50e-05	7.93e-03	8.83e-02	9.04e-01	3.64e-07	0.00e+00	4.47e-10	1.35e-09	2.30e-09	8.28e-06	1.67e-05	2.42e-30
 1.48301e+16	5.52e-09	2.97e-05	9.01e-03	9.49e-02	8.96e-01	3.66e-07	0.00e+00	5.45e-10	1.65e-09	2.80e-09	9.84e-06	1.98e-05	4.16e-30
 1.65287e+16	6.64e-09	3.48e-05	1.02e-02	1.02e-01	8.88e-01	3.69e-07	0.00e+00	6.55e-10	1.98e-09	3.37e-09	1.16e-05	2.33e-05	6.86e-30
 1.84535e+16	8.16e-09	4.16e-05	1.16e-02	1.09e-01	8.79e-01	3.71e-07	0.00e+00	8.06e-10	2.44e-09	4.14e-09	1.38e-05	2.78e-05	1.21e-29
 2.05693e+16	1.01e-08	5.02e-05	1.33e-02	1.18e-01	8.68e-01	3.77e-07	0.00e+00	1.00e-09	3.03e-09	5.14e-09	1.67e-05	3.35e-05	2.16e-29
 2.25173e+16	1.22e-08	5.91e-05	1.51e-02	1.27e-01	8.58e-01	3.78e-07	0.00e+00	1.21e-09	3.65e-09	6.20e-09	1.97e-05	3.95e-05	3.60e-29
 2.46331e+16	1.51e-08	7.07e-05	1.72e-02	1.37e-01	8.46e-01	3.83e-07	0.00e+00	1.49e-09	4.50e-09	7.65e-09	2.35e-05	4.72e-05	6.31e-29
 2.69731e+16	1.87e-08	8.52e-05	1.98e-02	1.48e-01	8.32e-01	3.87e-07	0.00e+00	1.85e-09	5.59e-09	9.48e-09	2.83e-05	5.69e-05	1.12e-28
 2.91471e+16	2.25e-08	1.01e-04	2.24e-02	1.59e-01	8.19e-01	3.89e-07	0.00e+00	2.23e-09	6.74e-09	1.14e-08	3.35e-05	6.71e-05	1.87e-28
 3.15159e+16	2.80e-08	1.21e-04	2.57e-02	1.71e-01	8.03e-01	3.89e-07	0.00e+00	2.77e-09	8.37e-09	1.42e-08	4.02e-05	8.07e-05	3.28e-28
 3.41236e+16	3.47e-08	1.46e-04	2.96e-02	1.85e-01	7.85e-01	3.96e-07	0.00e+00	3.44e-09	1.04e-08	1.77e-08	4.86e-05	9.74e-05	5.84e-28
 3.65204e+16	4.21e-08	1.73e-04	3.36e-02	1.98e-01	7.68e-01	3.96e-07	0.00e+00	4.17e-09	1.26e-08	2.14e-08	5.75e-05	1.15e-04	9.72e-28
 3.85749e+16	4.96e-08	1.99e-04	3.74e-02	2.10e-01	7.53e-01	3.98e-07	0.00e+00	4.92e-09	1.49e-08	2.52e-08	6.63e-05	1.33e-04	1.47e-27
 4.04140e+16	5.74e-08	2.26e-04	4.11e-02	2.20e-01	7.39e-01	4.01e-07	0.00e+00	5.69e-09	1.72e-08	2.92e-08	7.51e-05	1.50e-04	2.14e-27
 4.25130e+16	6.83e-08	2.61e-04	4.57e-02	2.33e-01	7.21e-01	4.01e-07	0.00e+00	6.78e-09	2.05e-08	3.48e-08	8.69e-05	1.74e-04	3.31e-27
 4.48361e+16	8.16e-08	3.04e-04	5.12e-02	2.47e-01	7.02e-01	4.07e-07	0.00e+00	8.10e-09	2.45e-08	4.15e-08	1.01e-04	2.02e-04	5.23e-27
 4.70095e+16	9.64e-08	3.50e-04	5.69e-02	2.60e-01	6.83e-01	4.05e-07	0.00e+00	9.58e-09	2.89e-08	4.91e-08	1.17e-04	2.33e-04	7.89e-27
 4.90706e+16	1.13e-07	4.00e-04	6.27e-02	2.73e-01	6.64e-01	4.06e-07	0.00e+00	1.12e-08	3.39e-08	5.75e-08	1.33e-04	2.66e-04	1.17e-26
 5.11961e+16	1.33e-07	4.59e-04	6.94e-02	2.87e-01	6.43e-01	4.09e-07	0.00e+00	1.32e-08	4.00e-08	6.79e-08	1.53e-04	3.06e-04	1.77e-26
 5.32880e+16	1.56e-07	5.24e-04	7.64e-02	3.00e-01	6.23e-01	4.11e-07	0.00e+00	1.56e-08	4.70e-08	7.97e-08	1.75e-04	3.49e-04	2.61e-26
 5.51707e+16	1.81e-07	5.90e-04	8.33e-02	3.13e-01	6.03e-01	4.15e-07	0.00e+00	1.80e-08	5.44e-08	9.22e-08	1.97e-04	3.93e-04	3.72e-26
 5.68651e+16	2.07e-07	6.57e-04	9.00e-02	3.24e-01	5.86e-01	4.21e-07	0.00e+00	2.06e-08	6.22e-08	1.05e-07	2.19e-04	4.38e-04	5.12e-26
 5.83902e+16	2.33e-07	7.24e-04	9.65e-02	3.34e-01	5.69e-01	4.26e-07	0.00e+00	2.32e-08	7.02e-08	1.19e-07	2.42e-04	4.82e-04	6.85e-26
 5.97627e+16	2.61e-07	7.91e-04	1.03e-01	3.42e-01	5.54e-01	4.29e-07	0.00e+00	2.60e-08	7.84e-08	1.33e-07	2.64e-04	5.27e-04	8.91e-26
 6.09979e+16	2.89e-07	8.56e-04	1.09e-01	3.50e-01	5.40e-01	4.31e-07	0.00e+00	2.88e-08	8.69e-08	1.47e-07	2.86e-04	5.71e-04	1.13e-25
 6.21096e+16	3.17e-07	9.21e-04	1.14e-01	3.58e-01	5.27e-01	4.33e-07	0.00e+00	3.16e-08	9.54e-08	1.62e-07	3.07e-04	6.14e-04	1.41e-25
 6.31102e+16	3.45e-07	9.83e-04	1.19e-01	3.64e-01	5.16e-01	4.35e-07	0.00e+00	3.44e-08	1.04e-07	1.76e-07	3.28e-04	6.55e-04	1.72e-25
 6.40107e+16	3.72e-07	1.04e-03	1.24e-01	3.70e-01	5.05e-01	4.38e-07	0.00e+00	3.71e-08	1.12e-07	1.90e-07	3.47e-04	6.93e-04	2.03e-25
 6.48211e+16	4.00e-07	1.10e-03	1.29e-01	3.75e-01	4.95e-01	4.40e-07	0.00e+00	3.98e-08	1.20e-07	2.04e-07	3.67e-04	7.32e-04	2.41e-25
 6.55656e+16	4.27e-07	1.16e-03	1.33e-01	3.80e-01	4.86e-01	4.43e-07	0.00e+00	4.26e-08	1.29e-07	2.18e-07	3.86e-04	7.69e-04	2.82e-25
 6.62868e+16	4.57e-07	1.21e-03	1.38e-01	3.84e-01	4.77e-01	4.45e-07	0.00e+00	4.55e-08	1.38e-07	2.33e-07	4.05e-04	8.08e-04	3.29e-25
 6.70079e+16	4.89e-07	1.27e-03	1.42e-01	3.89e-01	4.68e-01	4.47e-07	0.00e+00	4.87e-08	1.47e-07	2.50e-07	4.26e-04	8.49e-04	3.84e-25
 6.77291e+16	5.24e-07	1.34e-03	1.47e-01	3.93e-01	4.59e-01	4.50e-07	0.00e+00	5.22e-08	1.58e-07	2.67e-07	4.47e-04	8.92e-04	4.50e-25
 6.84502e+16	5.62e-07	1.41e-03	1.52e-01	3.97e-01	4.50e-01	4.52e-07	0.00e+00	5.61e-08	1.69e-07	2.87e-07	4.71e-04	9.39e-04	5.29e-25
 6.91714e+16	6.05e-07	1.48e-03	1.57e-01	4.02e-01	4.40e-01	4.54e-07	0.00e+00	6.04e-08	1.82e-07	3.09e-07	4.95e-04	9.88e-04	6.24e-25
 6.98925e+16	6.53e-07	1.56e-03	1.62e-01	4.06e-01	4.31e-01	4.57e-07	0.00e+00	6.52e-08	1.97e-07	3.33e-07	5.22e-04	1.04e-03	7.40e-25
 7.06137e+16	7.08e-07	1.65e-03	1.67e-01	4.11e-01	4.21e-01	4.63e-07	0.00e+00	7.07e-08	2.14e-07	3.62e-07	5.51e-04	1.10e-03	8.92e-25
 7.13348e+16	7.73e-07	1.74e-03	1.73e-01	4.15e-01	4.11e-01	4.64e-07	0.00e+00	7.72e-08	2.33e-07	3.95e-07	5.83e-04	1.16e-03	1.07e-24
 7.19053e+16	8.47e-07	1.84e-03	1.77e-01	4.18e-01	4.03e-01	4.66e-07	0.00e+00	8.47e-08	2.56e-07	4.33e-07	6.15e-04	1.23e-03	1.30e-24
