#depth	C	C+	C+2	C+3	C+4	C+5	C+6	C[1]	C[2]	C[3]	C+[1]	C+[2]	CO
 3.06459e+14	1.13e-09	6.94e-06	3.48e-03	5.73e-02	9.39e-01	3.08e-07	0.00e+00	1.15e-10	3.50e-10	5.96e-10	2.31e-06	4.62e-06	2.73e-32
 1.42691e+15	1.09e-09	8.05e-06	3.85e-03	6.07e-02	9.35e-01	2.65e-07	0.00e+00	1.11e-10	3.37e-10	5.75e-10	2.69e-06	5.36e-06	4.34e-32
 3.08745e+15	1.39e-09	9.89e-06	4.47e-03	6.60e-02	9.30e-01	2.68e-07	0.00e+00	1.42e-10	4.29e-10	7.32e-10	3.30e-06	6.59e-06	8.56e-32
 4.81442e+15	1.79e-09	1.22e-05	5.21e-03	7.17e-02	9.23e-01	2.73e-07	0.00e+00	1.82e-10	5.52e-10	9.41e-10	4.07e-06	8.13e-06	1.69e-31
 6.49698e+15	2.26e-09	1.48e-05	6.00e-03	7.75e-02	9.16e-01	2.71e-07	0.00e+00	2.30e-10	6.96e-10	1.19e-09	4.95e-06	9.88e-06	3.17e-31
 8.09361e+15	2.80e-09	1.77e-05	6.83e-03	8.33e-02	9.10e-01	2.78e-07	0.00e+00	2.85e-10	8.63e-10	1.47e-09	5.92e-06	1.18e-05	5.64e-31
 9.86759e+15	3.53e-09	2.15e-05	7.86e-03	8.99e-02	9.02e-01	2.80e-07	0.00e+00	3.59e-10	1.09e-09	1.85e-09	7.18e-06	1.43e-05	1.05e-30
 1.17626e+16	4.44e-09	2.61e-05	9.06e-03	9.72e-02	8.94e-01	2.83e-07	0.00e+00	4.52e-10	1.37e-09	2.33e-09	8.72e-06	1.74e-05	1.97e-30
 1.35138e+16	5.47e-09	3.11e-05	1.03e-02	1.04e-01	8.85e-01	2.87e-07	0.00e+00	5.57e-10	1.69e-09	2.88e-09	1.04e-05	2.07e-05	3.47e-30
 1.54358e+16	6.84e-09	3.75e-05	1.18e-02	1.12e-01	8.76e-01	2.89e-07	0.00e+00	6.97e-10	2.11e-09	3.60e-09	1.25e-05	2.50e-05	6.40e-30
 1.75844e+16	8.66e-09	4.58e-05	1.36e-02	1.22e-01	8.65e-01	2.91e-07	0.00e+00	8.82e-10	2.67e-09	4.55e-09	1.53e-05	3.05e-05	1.23e-29
 1.96148e+16	1.07e-08	5.50e-05	1.55e-02	1.31e-01	8.54e-01	2.94e-07	0.00e+00	1.10e-09	3.32e-09	5.65e-09	1.84e-05	3.66e-05	2.22e-29
 2.17963e+16	1.35e-08	6.64e-05	1.78e-02	1.41e-01	8.41e-01	2.97e-07	0.00e+00	1.37e-09	4.16e-09	7.09e-09	2.22e-05	4.42e-05	4.15e-29
 2.41977e+16	1.70e-08	8.11e-05	2.06e-02	1.52e-01	8.27e-01	3.01e-07	0.00e+00	1.74e-09	5.26e-09	8.96e-09	2.71e-05	5.40e-05	7.96e-29
 2.64878e+16	2.10e-08	9.72e-05	2.35e-02	1.64e-01	8.13e-01	3.00e-07	0.00e+00	2.15e-09	6.50e-09	1.11e-08	3.25e-05	6.47e-05	1.44e-28
 2.89434e+16	2.64e-08	1.18e-04	2.69e-02	1.76e-01	7.97e-01	3.01e-07	0.00e+00	2.69e-09	8.15e-09	1.39e-08	3.93e-05	7.82e-05	2.70e-28
 3.15690e+16	3.31e-08	1.43e-04	3.09e-02	1.90e-01	7.79e-01	3.04e-07	0.00e+00	3.38e-09	1.02e-08	1.74e-08	4.78e-05	9.49e-05	5.07e-28
 3.40169e+16	4.05e-08	1.70e-04	3.50e-02	2.03e-01	7.61e-01	3.02e-07	0.00e+00	4.13e-09	1.25e-08	2.13e-08	5.68e-05	1.13e-04	8.90e-28
 3.61297e+16	4.80e-08	1.96e-04	3.89e-02	2.15e-01	7.46e-01	3.03e-07	0.00e+00	4.90e-09	1.49e-08	2.53e-08	6.57e-05	1.30e-04	1.42e-27
 3.79660e+16	5.54e-08	2.22e-04	4.24e-02	2.25e-01	7.32e-01	3.04e-07	0.00e+00	5.66e-09	1.71e-08	2.92e-08	7.42e-05	1.47e-04	2.12e-27
 4.00339e+16	6.54e-08	2.55e-04	4.68e-02	2.37e-01	7.16e-01	3.03e-07	0.00e+00	6.69e-09	2.02e-08	3.45e-08	8.53e-05	1.69e-04	3.31e-27
 4.27223e+16	8.05e-08	3.03e-04	5.30e-02	2.52e-01	6.95e-01	3.03e-07	0.00e+00	8.23e-09	2.49e-08	4.24e-08	1.02e-04	2.01e-04	5.87e-27
 4.54417e+16	9.78e-08	3.58e-04	5.96e-02	2.68e-01	6.73e-01	3.01e-07	0.00e+00	1.00e-08	3.03e-08	5.15e-08	1.20e-04	2.38e-04	1.00e-26
 4.76404e+16	1.14e-07	4.08e-04	6.54e-02	2.80e-01	6.54e-01	2.99e-07	0.00e+00	1.17e-08	3.55e-08	6.03e-08	1.37e-04	2.71e-04	1.52e-26
 4.98131e+16	1.34e-07	4.65e-04	7.16e-02	2.93e-01	6.35e-01	2.97e-07	0.00e+00	1.37e-08	4.15e-08	7.06e-08	1.56e-04	3.09e-04	2.32e-26
 5.20433e+16	1.56e-07	5.28e-04	7.83e-02	3.05e-01	6.16e-01	2.95e-07	0.00e+00	1.60e-08	4.85e-08	8.25e-08	1.77e-04	3.51e-04	3.50e-26
 5.40505e+16	1.80e-07	5.92e-04	8.47e-02	3.17e-01	5.98e-01	2.93e-07	0.00e+00	1.84e-08	5.57e-08	9.48e-08	1.99e-04	3.93e-04	5.06e-26
 5.58569e+16	2.04e-07	6.55e-04	9.08e-02	3.27e-01	5.82e-01	2.93e-07	0.00e+00	2.08e-08	6.31e-08	1.07e-07	2.20e-04	4.35e-04	7.01e-26
 5.74828e+16	2.28e-07	7.17e-04	9.65e-02	3.36e-01	5.67e-01	2.93e-07	0.00e+00	2.33e-08	7.06e-08	1.20e-07	2.41e-04	4.76e-04	9.38e-26
 5.89460e+16	2.52e-07	7.77e-04	1.02e-01	3.44e-01	5.53e-01	2.92e-07	0.00e+00	2.58e-08	7.82e-08	1.33e-07	2.61e-04	5.16e-04	1.22e-25
 6.02629e+16	2.76e-07	8.36e-04	1.07e-01	3.51e-01	5.41e-01	2.90e-07	0.00e+00	2.83e-08	8.58e-08	1.46e-07	2.81e-04	5.55e-04	1.54e-25
 6.14481e+16	3.01e-07	8.92e-04	1.12e-01	3.58e-01	5.30e-01	2.89e-07	0.00e+00	3.08e-08	9.33e-08	1.59e-07	2.99e-04	5.92e-04	1.90e-25
 6.25149e+16	3.25e-07	9.46e-04	1.16e-01	3.63e-01	5.20e-01	2.87e-07	0.00e+00	3.33e-08	1.01e-07	1.71e-07	3.18e-04	6.28e-04	2.28e-25
 6.34749e+16	3.47e-07	9.96e-04	1.20e-01	3.68e-01	5.11e-01	2.86e-07	0.00e+00	3.56e-08	1.08e-07	1.83e-07	3.35e-04	6.62e-04	2.71e-25
 6.43389e+16	3.70e-07	1.04e-03	1.24e-01	3.73e-01	5.02e-01	2.85e-07	0.00e+00	3.79e-08	1.15e-07	1.95e-07	3.51e-04	6.94e-04	3.16e-25
 6.51165e+16	3.92e-07	1.09e-03	1.27e-01	3.77e-01	4.95e-01	2.85e-07	0.00e+00	4.02e-08	1.22e-07	2.07e-07	3.66e-04	7.24e-04	3.63e-25
 6.58455e+16	4.13e-07	1.13e-03	1.30e-01	3.80e-01	4.88e-01	2.84e-07	0.00e+00	4.24e-08	1.28e-07	2.18e-07	3.81e-04	7.53e-04	4.12e-25
 6.65666e+16	4.36e-07	1.18e-03	1.34e-01	3.84e-01	4.81e-01	2.84e-07	0.00e+00	4.48e-08	1.35e-07	2.30e-07	3.96e-04	7.84e-04	4.73e-25
 6.72878e+16	4.62e-07	1.23e-03	1.37e-01	3.88e-01	4.74e-01	2.83e-07	0.00e+00	4.74e-08	1.43e-07	2.44e-07	4.12e-04	8.16e-04	5.37e-25
 6.80089e+16	4.87e-07	1.28e-03	1.41e-01	3.91e-01	4.67e-01	2.82e-07	0.00e+00	5.00e-08	1.51e-07	2.57e-07	4.29e-04	8.49e-04	6.17e-25
 6.87301e+16	5.17e-07	1.33e-03	1.44e-01	3.95e-01	4.60e-01	2.81e-07	0.00e+00	5.31e-08	1.61e-07	2.73e-07	4.47e-04	8.84e-04	7.05e-25
 6.94512e+16	5.48e-07	1.39e-03	1.48e-01	3.98e-01	4.53e-01	2.80e-07	0.00e+00	5.63e-08	1.70e-07	2.89e-07	4.66e-04	9.21e-04	8.04e-25
 7.01724e+16	5.83e-07	1.44e-03	1.52e-01	4.02e-01	4.45e-01	2.79e-07	0.00e+00	5.98e-08	1.81e-07	3.08e-07	4.85e-04	9.59e-04	9.26e-25
 7.08935e+16	6.22e-07	1.51e-03	1.55e-01	4.05e-01	4.38e-01	2.79e-07	0.00e+00	6.39e-08	1.93e-07	3.28e-07	5.06e-04	1.00e-03	1.08e-24
 7.16147e+16	6.72e-07	1.58e-03	1.59e-01	4.08e-01	4.31e-01	2.78e-07	0.00e+00	6.90e-08	2.09e-07	3.55e-07	5.32e-04	1.05e-03	1.28e-24
 7.20452e+16	7.19e-07	1.65e-03	1.62e-01	4.11e-01	4.26e-01	2.76e-07	0.00e+00	7.39e-08	2.24e-07	3.80e-07	5.53e-04	1.09e-03	1.49e-24
