#depth	O	O+	O+2	O+3	O+4	O+5	O+6	O+7	O+8	O[1]	O[2]	O[3]
 2.95256e+14	4.78e-11	9.69e-07	2.16e-03	2.16e-01	6.70e-01	1.09e-01	3.32e-03	0.00e+00	0.00e+00	3.83e-11	5.98e-12	3.49e-12
 1.40406e+15	5.92e-11	1.13e-06	2.40e-03	2.27e-01	6.66e-01	1.02e-01	2.94e-03	0.00e+00	0.00e+00	4.74e-11	7.40e-12	4.32e-12
 3.06369e+15	7.94e-11	1.42e-06	2.81e-03	2.43e-01	6.57e-01	9.38e-02	2.46e-03	0.00e+00	0.00e+00	6.37e-11	9.91e-12	5.80e-12
 4.78970e+15	1.07e-10	1.76e-06	3.28e-03	2.61e-01	6.48e-01	8.58e-02	2.05e-03	0.00e+00	0.00e+00	8.56e-11	1.33e-11	7.80e-12
 6.44371e+15	1.40e-10	2.15e-06	3.78e-03	2.77e-01	6.38e-01	7.88e-02	1.73e-03	0.00e+00	0.00e+00	1.12e-10	1.74e-11	1.02e-11
 7.97197e+15	1.77e-10	2.57e-06	4.28e-03	2.93e-01	6.29e-01	7.29e-02	1.48e-03	0.00e+00	0.00e+00	1.42e-10	2.20e-11	1.30e-11
 9.70240e+15	2.32e-10	3.12e-06	4.91e-03	3.10e-01	6.17e-01	6.68e-02	1.25e-03	0.00e+00	0.00e+00	1.86e-10	2.88e-11	1.69e-11
 1.15677e+16	3.03e-10	3.80e-06	5.66e-03	3.29e-01	6.04e-01	6.08e-02	1.04e-03	0.00e+00	0.00e+00	2.43e-10	3.76e-11	2.22e-11
 1.32394e+16	3.85e-10	4.52e-06	6.39e-03	3.45e-01	5.92e-01	5.60e-02	8.87e-04	0.00e+00	0.00e+00	3.09e-10	4.77e-11	2.82e-11
 1.50398e+16	4.99e-10	5.46e-06	7.25e-03	3.63e-01	5.78e-01	5.13e-02	7.48e-04	0.00e+00	0.00e+00	4.00e-10	6.18e-11	3.66e-11
 1.70650e+16	6.60e-10	6.69e-06	8.32e-03	3.82e-01	5.63e-01	4.65e-02	6.21e-04	0.00e+00	0.00e+00	5.29e-10	8.16e-11	4.84e-11
 1.89935e+16	8.53e-10	8.05e-06	9.42e-03	4.00e-01	5.48e-01	4.23e-02	5.21e-04	0.00e+00	0.00e+00	6.84e-10	1.05e-10	6.26e-11
 2.11113e+16	1.13e-09	9.84e-06	1.08e-02	4.19e-01	5.31e-01	3.83e-02	4.31e-04	0.00e+00	0.00e+00	9.05e-10	1.39e-10	8.29e-11
 2.34407e+16	1.51e-09	1.21e-05	1.24e-02	4.40e-01	5.13e-01	3.43e-02	3.52e-04	0.00e+00	0.00e+00	1.21e-09	1.86e-10	1.11e-10
 2.55626e+16	1.95e-09	1.46e-05	1.40e-02	4.59e-01	4.96e-01	3.10e-02	2.93e-04	0.00e+00	0.00e+00	1.56e-09	2.40e-10	1.43e-10
 2.78386e+16	2.56e-09	1.77e-05	1.59e-02	4.78e-01	4.78e-01	2.79e-02	2.42e-04	0.00e+00	0.00e+00	2.05e-09	3.15e-10	1.89e-10
 3.04076e+16	3.43e-09	2.18e-05	1.82e-02	4.99e-01	4.58e-01	2.47e-02	1.95e-04	0.00e+00	0.00e+00	2.75e-09	4.22e-10	2.53e-10
 3.28705e+16	4.49e-09	2.65e-05	2.07e-02	5.18e-01	4.39e-01	2.21e-02	1.60e-04	0.00e+00	0.00e+00	3.60e-09	5.52e-10	3.32e-10
 3.49656e+16	5.58e-09	3.10e-05	2.30e-02	5.33e-01	4.23e-01	2.01e-02	1.35e-04	0.00e+00	0.00e+00	4.48e-09	6.86e-10	4.13e-10
 3.67653e+16	6.75e-09	3.55e-05	2.51e-02	5.46e-01	4.10e-01	1.85e-02	1.17e-04	0.00e+00	0.00e+00	5.41e-09	8.28e-10	5.00e-10
 3.88006e+16	8.35e-09	4.14e-05	2.76e-02	5.60e-01	3.95e-01	1.68e-02	9.94e-05	0.00e+00	0.00e+00	6.70e-09	1.02e-09	6.19e-10
 4.14464e+16	1.10e-08	5.02e-05	3.13e-02	5.78e-01	3.76e-01	1.49e-02	8.07e-05	0.00e+00	0.00e+00	8.80e-09	1.34e-09	8.14e-10
 4.41229e+16	1.42e-08	6.04e-05	3.53e-02	5.94e-01	3.57e-01	1.32e-02	6.57e-05	0.00e+00	0.00e+00	1.14e-08	1.74e-09	1.05e-09
 4.62903e+16	1.74e-08	7.00e-05	3.88e-02	6.06e-01	3.43e-01	1.20e-02	5.57e-05	0.00e+00	0.00e+00	1.39e-08	2.13e-09	1.29e-09
 4.85184e+16	2.16e-08	8.18e-05	4.27e-02	6.19e-01	3.28e-01	1.08e-02	4.70e-05	0.00e+00	0.00e+00	1.73e-08	2.64e-09	1.60e-09
 5.08781e+16	2.68e-08	9.58e-05	4.72e-02	6.30e-01	3.13e-01	9.74e-03	3.94e-05	0.00e+00	0.00e+00	2.15e-08	3.28e-09	2.00e-09
 5.30018e+16	3.26e-08	1.10e-04	5.15e-02	6.40e-01	2.99e-01	8.85e-03	3.36e-05	0.00e+00	0.00e+00	2.62e-08	3.99e-09	2.43e-09
 5.49131e+16	3.88e-08	1.25e-04	5.57e-02	6.49e-01	2.87e-01	8.12e-03	2.91e-05	0.00e+00	0.00e+00	3.12e-08	4.75e-09	2.90e-09
 5.66334e+16	4.55e-08	1.41e-04	5.97e-02	6.56e-01	2.77e-01	7.51e-03	2.56e-05	0.00e+00	0.00e+00	3.65e-08	5.56e-09	3.40e-09
 5.81815e+16	5.25e-08	1.56e-04	6.35e-02	6.61e-01	2.68e-01	6.99e-03	2.29e-05	0.00e+00	0.00e+00	4.21e-08	6.41e-09	3.92e-09
 5.95749e+16	5.97e-08	1.71e-04	6.72e-02	6.66e-01	2.60e-01	6.56e-03	2.06e-05	0.00e+00	0.00e+00	4.79e-08	7.29e-09	4.46e-09
 6.08289e+16	6.71e-08	1.86e-04	7.06e-02	6.70e-01	2.53e-01	6.19e-03	1.88e-05	0.00e+00	0.00e+00	5.39e-08	8.19e-09	5.02e-09
 6.19575e+16	7.46e-08	2.01e-04	7.38e-02	6.74e-01	2.47e-01	5.88e-03	1.73e-05	0.00e+00	0.00e+00	5.98e-08	9.10e-09	5.58e-09
 6.29733e+16	8.21e-08	2.16e-04	7.68e-02	6.76e-01	2.41e-01	5.61e-03	1.60e-05	0.00e+00	0.00e+00	6.59e-08	1.00e-08	6.15e-09
 6.38875e+16	8.97e-08	2.30e-04	7.96e-02	6.79e-01	2.36e-01	5.37e-03	1.50e-05	0.00e+00	0.00e+00	7.20e-08	1.09e-08	6.72e-09
 6.47103e+16	9.71e-08	2.44e-04	8.22e-02	6.81e-01	2.31e-01	5.17e-03	1.41e-05	0.00e+00	0.00e+00	7.80e-08	1.18e-08	7.28e-09
 6.54606e+16	1.04e-07	2.57e-04	8.47e-02	6.83e-01	2.27e-01	4.99e-03	1.33e-05	0.00e+00	0.00e+00	8.36e-08	1.27e-08	7.81e-09
 6.61817e+16	1.12e-07	2.71e-04	8.71e-02	6.84e-01	2.24e-01	4.83e-03	1.26e-05	0.00e+00	0.00e+00	8.99e-08	1.37e-08	8.40e-09
 6.69029e+16	1.20e-07	2.86e-04	8.96e-02	6.86e-01	2.20e-01	4.66e-03	1.19e-05	0.00e+00	0.00e+00	9.67e-08	1.47e-08	9.04e-09
 6.76240e+16	1.30e-07	3.02e-04	9.22e-02	6.87e-01	2.16e-01	4.50e-03	1.13e-05	0.00e+00	0.00e+00	1.04e-07	1.58e-08	9.74e-09
 6.83452e+16	1.40e-07	3.19e-04	9.49e-02	6.88e-01	2.12e-01	4.35e-03	1.07e-05	0.00e+00	0.00e+00	1.12e-07	1.71e-08	1.05e-08
 6.90663e+16	1.51e-07	3.37e-04	9.77e-02	6.89e-01	2.08e-01	4.20e-03	1.01e-05	0.00e+00	0.00e+00	1.21e-07	1.84e-08	1.14e-08
 6.97875e+16	1.64e-07	3.57e-04	1.01e-01	6.90e-01	2.05e-01	4.06e-03	9.58e-06	0.00e+00	0.00e+00	1.31e-07	2.00e-08	1.23e-08
 7.05086e+16	1.78e-07	3.80e-04	1.03e-01	6.91e-01	2.01e-01	3.91e-03	9.06e-06	0.00e+00	0.00e+00	1.43e-07	2.17e-08	1.34e-08
 7.12298e+16	1.95e-07	4.06e-04	1.07e-01	6.92e-01	1.97e-01	3.77e-03	8.56e-06	0.00e+00	0.00e+00	1.56e-07	2.37e-08	1.47e-08
 7.18528e+16	2.18e-07	4.40e-04	1.09e-01	6.92e-01	1.94e-01	3.65e-03	8.12e-06	0.00e+00	0.00e+00	1.75e-07	2.66e-08	1.64e-08
