#depth	O	O+	O+2	O+3	O+4	O+5	O+6	O+7	O+8	O[1]	O[2]	O[3]
 1.82972e+14	6.37e-11	7.23e-07	1.25e-03	1.29e-01	6.07e-01	2.38e-01	2.48e-02	0.00e+00	0.00e+00	5.02e-11	8.66e-12	4.80e-12
 1.09783e+15	7.73e-11	8.36e-07	1.39e-03	1.36e-01	6.10e-01	2.29e-01	2.26e-02	0.00e+00	0.00e+00	6.09e-11	1.05e-11	5.83e-12
 2.66805e+15	1.04e-10	1.05e-06	1.64e-03	1.48e-01	6.15e-01	2.15e-01	1.94e-02	0.00e+00	0.00e+00	8.21e-11	1.41e-11	7.86e-12
 4.37823e+15	1.42e-10	1.33e-06	1.96e-03	1.62e-01	6.19e-01	2.01e-01	1.64e-02	0.00e+00	0.00e+00	1.12e-10	1.92e-11	1.07e-11
 5.97347e+15	1.85e-10	1.64e-06	2.29e-03	1.75e-01	6.20e-01	1.88e-01	1.42e-02	0.00e+00	0.00e+00	1.46e-10	2.51e-11	1.40e-11
 7.38374e+15	2.33e-10	1.95e-06	2.61e-03	1.87e-01	6.21e-01	1.77e-01	1.24e-02	0.00e+00	0.00e+00	1.84e-10	3.16e-11	1.77e-11
 8.96360e+15	3.02e-10	2.37e-06	3.02e-03	2.00e-01	6.20e-01	1.66e-01	1.07e-02	0.00e+00	0.00e+00	2.38e-10	4.08e-11	2.28e-11
 1.07423e+16	3.95e-10	2.91e-06	3.52e-03	2.16e-01	6.17e-01	1.54e-01	9.14e-03	0.00e+00	0.00e+00	3.11e-10	5.33e-11	2.99e-11
 1.24427e+16	5.10e-10	3.53e-06	4.06e-03	2.30e-01	6.14e-01	1.44e-01	7.86e-03	0.00e+00	0.00e+00	4.02e-10	6.89e-11	3.87e-11
 1.43164e+16	6.82e-10	4.38e-06	4.72e-03	2.47e-01	6.09e-01	1.33e-01	6.66e-03	0.00e+00	0.00e+00	5.37e-10	9.19e-11	5.18e-11
 1.63699e+16	9.17e-10	5.47e-06	5.53e-03	2.65e-01	6.02e-01	1.22e-01	5.57e-03	0.00e+00	0.00e+00	7.23e-10	1.24e-10	6.97e-11
 1.82727e+16	1.19e-09	6.67e-06	6.36e-03	2.81e-01	5.95e-01	1.13e-01	4.74e-03	0.00e+00	0.00e+00	9.41e-10	1.61e-10	9.08e-11
 1.99858e+16	1.50e-09	7.93e-06	7.19e-03	2.96e-01	5.87e-01	1.05e-01	4.11e-03	0.00e+00	0.00e+00	1.18e-09	2.02e-10	1.14e-10
 2.18368e+16	1.93e-09	9.55e-06	8.17e-03	3.12e-01	5.79e-01	9.74e-02	3.52e-03	0.00e+00	0.00e+00	1.52e-09	2.60e-10	1.47e-10
 2.39021e+16	2.51e-09	1.16e-05	9.38e-03	3.30e-01	5.68e-01	8.94e-02	2.97e-03	0.00e+00	0.00e+00	1.98e-09	3.38e-10	1.92e-10
 2.58427e+16	3.19e-09	1.39e-05	1.06e-02	3.47e-01	5.58e-01	8.25e-02	2.54e-03	0.00e+00	0.00e+00	2.51e-09	4.28e-10	2.44e-10
 2.75874e+16	3.92e-09	1.62e-05	1.18e-02	3.61e-01	5.48e-01	7.68e-02	2.21e-03	0.00e+00	0.00e+00	3.09e-09	5.27e-10	3.00e-10
 2.94805e+16	4.93e-09	1.93e-05	1.33e-02	3.77e-01	5.37e-01	7.10e-02	1.90e-03	0.00e+00	0.00e+00	3.89e-09	6.62e-10	3.78e-10
 3.15656e+16	6.26e-09	2.30e-05	1.50e-02	3.95e-01	5.24e-01	6.52e-02	1.61e-03	0.00e+00	0.00e+00	4.94e-09	8.40e-10	4.80e-10
 3.35179e+16	7.75e-09	2.70e-05	1.67e-02	4.10e-01	5.12e-01	6.01e-02	1.39e-03	0.00e+00	0.00e+00	6.11e-09	1.04e-09	5.95e-10
 3.53849e+16	9.48e-09	3.14e-05	1.86e-02	4.25e-01	5.00e-01	5.56e-02	1.20e-03	0.00e+00	0.00e+00	7.48e-09	1.27e-09	7.29e-10
 3.75238e+16	1.20e-08	3.74e-05	2.08e-02	4.42e-01	4.86e-01	5.09e-02	1.02e-03	0.00e+00	0.00e+00	9.43e-09	1.60e-09	9.20e-10
 3.98567e+16	1.52e-08	4.47e-05	2.36e-02	4.59e-01	4.70e-01	4.62e-02	8.57e-04	0.00e+00	0.00e+00	1.20e-08	2.04e-09	1.17e-09
 4.19951e+16	1.88e-08	5.25e-05	2.62e-02	4.75e-01	4.56e-01	4.23e-02	7.32e-04	0.00e+00	0.00e+00	1.48e-08	2.51e-09	1.45e-09
 4.43282e+16	2.39e-08	6.28e-05	2.95e-02	4.91e-01	4.40e-01	3.83e-02	6.14e-04	0.00e+00	0.00e+00	1.89e-08	3.20e-09	1.85e-09
 4.68563e+16	3.05e-08	7.54e-05	3.33e-02	5.08e-01	4.23e-01	3.45e-02	5.10e-04	0.00e+00	0.00e+00	2.40e-08	4.07e-09	2.35e-09
 4.91369e+16	3.79e-08	8.88e-05	3.71e-02	5.23e-01	4.08e-01	3.13e-02	4.32e-04	0.00e+00	0.00e+00	2.98e-08	5.06e-09	2.93e-09
 5.13035e+16	4.67e-08	1.04e-04	4.11e-02	5.36e-01	3.94e-01	2.86e-02	3.69e-04	0.00e+00	0.00e+00	3.68e-08	6.24e-09	3.61e-09
 5.33847e+16	5.68e-08	1.20e-04	4.52e-02	5.49e-01	3.80e-01	2.62e-02	3.17e-04	0.00e+00	0.00e+00	4.48e-08	7.58e-09	4.40e-09
 5.52578e+16	6.80e-08	1.38e-04	4.92e-02	5.59e-01	3.67e-01	2.41e-02	2.77e-04	0.00e+00	0.00e+00	5.36e-08	9.07e-09	5.27e-09
 5.69435e+16	8.00e-08	1.56e-04	5.31e-02	5.68e-01	3.56e-01	2.24e-02	2.45e-04	0.00e+00	0.00e+00	6.31e-08	1.07e-08	6.21e-09
 5.84607e+16	9.27e-08	1.74e-04	5.68e-02	5.76e-01	3.46e-01	2.10e-02	2.19e-04	0.00e+00	0.00e+00	7.31e-08	1.24e-08	7.20e-09
 5.98261e+16	1.06e-07	1.92e-04	6.03e-02	5.82e-01	3.37e-01	1.98e-02	1.98e-04	0.00e+00	0.00e+00	8.36e-08	1.41e-08	8.24e-09
 6.10550e+16	1.20e-07	2.11e-04	6.37e-02	5.88e-01	3.29e-01	1.87e-02	1.81e-04	0.00e+00	0.00e+00	9.46e-08	1.60e-08	9.32e-09
 6.21610e+16	1.34e-07	2.29e-04	6.69e-02	5.93e-01	3.22e-01	1.78e-02	1.67e-04	0.00e+00	0.00e+00	1.06e-07	1.79e-08	1.04e-08
 6.31564e+16	1.49e-07	2.47e-04	6.99e-02	5.97e-01	3.16e-01	1.70e-02	1.55e-04	0.00e+00	0.00e+00	1.17e-07	1.98e-08	1.16e-08
 6.40523e+16	1.62e-07	2.64e-04	7.27e-02	6.01e-01	3.10e-01	1.64e-02	1.45e-04	0.00e+00	0.00e+00	1.28e-07	2.16e-08	1.26e-08
 6.48586e+16	1.77e-07	2.82e-04	7.53e-02	6.04e-01	3.05e-01	1.58e-02	1.36e-04	0.00e+00	0.00e+00	1.40e-07	2.36e-08	1.38e-08
 6.56011e+16	1.92e-07	2.99e-04	7.79e-02	6.06e-01	3.00e-01	1.52e-02	1.29e-04	0.00e+00	0.00e+00	1.52e-07	2.56e-08	1.50e-08
 6.63223e+16	2.08e-07	3.18e-04	8.04e-02	6.09e-01	2.95e-01	1.47e-02	1.22e-04	0.00e+00	0.00e+00	1.64e-07	2.77e-08	1.62e-08
 6.70434e+16	2.26e-07	3.37e-04	8.31e-02	6.11e-01	2.91e-01	1.42e-02	1.15e-04	0.00e+00	0.00e+00	1.78e-07	3.01e-08	1.76e-08
 6.77646e+16	2.46e-07	3.59e-04	8.58e-02	6.14e-01	2.86e-01	1.37e-02	1.09e-04	0.00e+00	0.00e+00	1.94e-07	3.28e-08	1.92e-08
 6.84857e+16	2.68e-07	3.82e-04	8.87e-02	6.16e-01	2.82e-01	1.33e-02	1.03e-04	0.00e+00	0.00e+00	2.12e-07	3.57e-08	2.09e-08
 6.92069e+16	2.93e-07	4.08e-04	9.16e-02	6.18e-01	2.77e-01	1.28e-02	9.68e-05	0.00e+00	0.00e+00	2.31e-07	3.91e-08	2.29e-08
 6.99280e+16	3.25e-07	4.39e-04	9.48e-02	6.20e-01	2.72e-01	1.23e-02	9.10e-05	0.00e+00	0.00e+00	2.56e-07	4.32e-08	2.53e-08
 7.06492e+16	3.59e-07	4.72e-04	9.80e-02	6.22e-01	2.68e-01	1.19e-02	8.58e-05	0.00e+00	0.00e+00	2.83e-07	4.77e-08	2.80e-08
 7.13703e+16	4.01e-07	5.11e-04	1.01e-01	6.23e-01	2.63e-01	1.15e-02	8.06e-05	0.00e+00	0.00e+00	3.16e-07	5.34e-08	3.14e-08
 7.19230e+16	4.69e-07	5.69e-04	1.05e-01	6.24e-01	2.59e-01	1.11e-02	7.57e-05	0.00e+00	0.00e+00	3.70e-07	6.24e-08	3.67e-08
