#depth	He	He+	He+2
 2.26865e+14	1.05e-07	3.45e-03	9.97e-01
 1.26454e+15	1.16e-07	3.63e-03	9.96e-01
 2.91859e+15	1.35e-07	3.92e-03	9.96e-01
 4.63880e+15	1.57e-07	4.23e-03	9.96e-01
 6.32430e+15	1.82e-07	4.55e-03	9.95e-01
 7.93613e+15	2.08e-07	4.86e-03	9.95e-01
 9.71595e+15	2.40e-07	5.24e-03	9.95e-01
 1.16100e+16	2.79e-07	5.64e-03	9.94e-01
 1.33750e+16	3.19e-07	6.03e-03	9.94e-01
 1.53086e+16	3.70e-07	6.49e-03	9.94e-01
 1.74605e+16	4.32e-07	7.02e-03	9.93e-01
 1.95025e+16	4.99e-07	7.54e-03	9.92e-01
 2.16902e+16	5.80e-07	8.13e-03	9.92e-01
 2.40875e+16	6.80e-07	8.81e-03	9.91e-01
 2.63723e+16	7.86e-07	9.48e-03	9.91e-01
 2.88224e+16	9.19e-07	1.03e-02	9.90e-01
 3.14955e+16	1.08e-06	1.12e-02	9.89e-01
 3.40501e+16	1.26e-06	1.21e-02	9.88e-01
 3.67901e+16	1.48e-06	1.31e-02	9.87e-01
 3.97617e+16	1.75e-06	1.44e-02	9.86e-01
 4.25352e+16	2.04e-06	1.56e-02	9.84e-01
 4.48194e+16	2.31e-06	1.66e-02	9.83e-01
 4.67255e+16	2.57e-06	1.76e-02	9.82e-01
 4.88675e+16	2.90e-06	1.88e-02	9.81e-01
 5.11800e+16	3.29e-06	2.02e-02	9.80e-01
 5.32735e+16	3.69e-06	2.15e-02	9.78e-01
 5.51577e+16	4.09e-06	2.28e-02	9.77e-01
 5.68534e+16	4.50e-06	2.41e-02	9.76e-01
 5.83796e+16	4.90e-06	2.53e-02	9.75e-01
 5.97532e+16	5.30e-06	2.64e-02	9.74e-01
 6.09894e+16	5.69e-06	2.75e-02	9.72e-01
 6.21020e+16	6.07e-06	2.86e-02	9.71e-01
 6.31033e+16	6.44e-06	2.96e-02	9.70e-01
 6.40045e+16	6.80e-06	3.05e-02	9.69e-01
 6.48155e+16	7.14e-06	3.14e-02	9.69e-01
 6.55603e+16	7.46e-06	3.22e-02	9.68e-01
 6.62815e+16	7.81e-06	3.31e-02	9.67e-01
 6.70026e+16	8.17e-06	3.40e-02	9.66e-01
 6.77238e+16	8.55e-06	3.49e-02	9.65e-01
 6.84449e+16	8.96e-06	3.59e-02	9.64e-01
 6.91661e+16	9.40e-06	3.69e-02	9.63e-01
 6.98872e+16	9.86e-06	3.79e-02	9.62e-01
 7.06084e+16	1.04e-05	3.90e-02	9.61e-01
 7.13295e+16	1.09e-05	4.02e-02	9.60e-01
 7.19026e+16	1.14e-05	4.11e-02	9.59e-01
