#depth	C	C+	C+2	C+3	C+4	C+5	C+6	C[1]	C[2]	C[3]	C+[1]	C+[2]	CO
 2.37578e+14	9.88e-10	5.33e-06	2.53e-03	4.63e-02	9.51e-01	3.87e-07	0.00e+00	9.84e-11	2.98e-10	5.07e-10	1.77e-06	3.56e-06	1.87e-32
 1.28639e+15	9.02e-10	6.13e-06	2.79e-03	4.90e-02	9.48e-01	3.33e-07	0.00e+00	8.98e-11	2.72e-10	4.63e-10	2.03e-06	4.09e-06	2.87e-32
 2.94131e+15	1.14e-09	7.54e-06	3.25e-03	5.33e-02	9.43e-01	3.38e-07	0.00e+00	1.14e-10	3.44e-10	5.85e-10	2.50e-06	5.03e-06	5.59e-32
 4.66243e+15	1.45e-09	9.28e-06	3.78e-03	5.80e-02	9.38e-01	3.43e-07	0.00e+00	1.44e-10	4.37e-10	7.43e-10	3.08e-06	6.20e-06	1.08e-31
 6.34371e+15	1.81e-09	1.13e-05	4.37e-03	6.29e-02	9.33e-01	3.41e-07	0.00e+00	1.80e-10	5.46e-10	9.29e-10	3.74e-06	7.52e-06	2.00e-31
 7.89278e+15	2.21e-09	1.34e-05	4.96e-03	6.75e-02	9.27e-01	3.50e-07	0.00e+00	2.20e-10	6.65e-10	1.13e-09	4.44e-06	8.93e-06	3.43e-31
 9.60682e+15	2.75e-09	1.61e-05	5.70e-03	7.29e-02	9.21e-01	3.53e-07	0.00e+00	2.74e-10	8.30e-10	1.41e-09	5.35e-06	1.08e-05	6.20e-31
 1.15329e+16	3.47e-09	1.97e-05	6.61e-03	7.92e-02	9.14e-01	3.59e-07	0.00e+00	3.46e-10	1.05e-09	1.78e-09	6.54e-06	1.31e-05	1.16e-30
 1.33721e+16	4.28e-09	2.37e-05	7.57e-03	8.55e-02	9.07e-01	3.62e-07	0.00e+00	4.27e-10	1.29e-09	2.20e-09	7.86e-06	1.58e-05	2.10e-30
 1.53409e+16	5.39e-09	2.87e-05	8.73e-03	9.26e-02	8.99e-01	3.70e-07	0.00e+00	5.38e-10	1.63e-09	2.77e-09	9.55e-06	1.92e-05	3.90e-30
 1.73755e+16	6.69e-09	3.47e-05	1.00e-02	1.00e-01	8.90e-01	3.71e-07	0.00e+00	6.68e-10	2.02e-09	3.44e-09	1.15e-05	2.32e-05	7.11e-30
 1.91621e+16	8.07e-09	4.08e-05	1.13e-02	1.07e-01	8.82e-01	3.75e-07	0.00e+00	8.06e-10	2.44e-09	4.15e-09	1.36e-05	2.72e-05	1.18e-29
 2.10917e+16	9.88e-09	4.84e-05	1.28e-02	1.15e-01	8.72e-01	3.78e-07	0.00e+00	9.87e-10	2.99e-09	5.08e-09	1.61e-05	3.23e-05	2.05e-29
 2.34276e+16	1.25e-08	5.91e-05	1.49e-02	1.25e-01	8.60e-01	3.83e-07	0.00e+00	1.25e-09	3.77e-09	6.41e-09	1.97e-05	3.94e-05	3.86e-29
 2.57346e+16	1.54e-08	7.11e-05	1.71e-02	1.35e-01	8.48e-01	3.86e-07	0.00e+00	1.54e-09	4.67e-09	7.94e-09	2.37e-05	4.74e-05	6.93e-29
 2.77630e+16	1.85e-08	8.34e-05	1.92e-02	1.44e-01	8.37e-01	3.87e-07	0.00e+00	1.85e-09	5.61e-09	9.53e-09	2.78e-05	5.56e-05	1.14e-28
 2.99863e+16	2.27e-08	9.90e-05	2.18e-02	1.55e-01	8.24e-01	3.91e-07	0.00e+00	2.27e-09	6.86e-09	1.17e-08	3.30e-05	6.60e-05	1.97e-28
 3.26696e+16	2.87e-08	1.21e-04	2.53e-02	1.68e-01	8.07e-01	3.94e-07	0.00e+00	2.87e-09	8.69e-09	1.48e-08	4.03e-05	8.07e-05	3.70e-28
 3.53240e+16	3.56e-08	1.46e-04	2.90e-02	1.81e-01	7.90e-01	3.95e-07	0.00e+00	3.56e-09	1.08e-08	1.83e-08	4.87e-05	9.74e-05	6.61e-28
 3.76734e+16	4.28e-08	1.71e-04	3.27e-02	1.93e-01	7.74e-01	3.97e-07	0.00e+00	4.29e-09	1.30e-08	2.20e-08	5.72e-05	1.14e-04	1.09e-27
 3.97616e+16	5.05e-08	1.97e-04	3.63e-02	2.04e-01	7.59e-01	3.98e-07	0.00e+00	5.06e-09	1.53e-08	2.60e-08	6.58e-05	1.32e-04	1.67e-27
 4.16868e+16	5.86e-08	2.24e-04	3.99e-02	2.15e-01	7.45e-01	4.00e-07	0.00e+00	5.87e-09	1.78e-08	3.02e-08	7.48e-05	1.49e-04	2.47e-27
 4.38915e+16	6.98e-08	2.60e-04	4.44e-02	2.27e-01	7.28e-01	3.99e-07	0.00e+00	7.00e-09	2.12e-08	3.60e-08	8.67e-05	1.73e-04	3.89e-27
 4.63156e+16	8.36e-08	3.03e-04	4.97e-02	2.41e-01	7.09e-01	4.04e-07	0.00e+00	8.39e-09	2.54e-08	4.31e-08	1.01e-04	2.02e-04	6.23e-27
 4.85598e+16	9.88e-08	3.48e-04	5.50e-02	2.54e-01	6.91e-01	4.00e-07	0.00e+00	9.91e-09	3.00e-08	5.09e-08	1.16e-04	2.32e-04	9.52e-27
 5.06884e+16	1.16e-07	3.97e-04	6.05e-02	2.66e-01	6.73e-01	4.00e-07	0.00e+00	1.16e-08	3.51e-08	5.96e-08	1.33e-04	2.65e-04	1.42e-26
 5.27690e+16	1.35e-07	4.51e-04	6.63e-02	2.78e-01	6.55e-01	4.02e-07	0.00e+00	1.35e-08	4.10e-08	6.95e-08	1.51e-04	3.01e-04	2.10e-26
 5.47036e+16	1.56e-07	5.07e-04	7.21e-02	2.90e-01	6.38e-01	4.02e-07	0.00e+00	1.56e-08	4.73e-08	8.02e-08	1.69e-04	3.38e-04	2.98e-26
 5.64448e+16	1.77e-07	5.63e-04	7.77e-02	3.00e-01	6.22e-01	4.04e-07	0.00e+00	1.78e-08	5.38e-08	9.13e-08	1.88e-04	3.75e-04	4.10e-26
 5.80118e+16	1.99e-07	6.19e-04	8.30e-02	3.10e-01	6.07e-01	4.05e-07	0.00e+00	2.00e-08	6.05e-08	1.03e-07	2.07e-04	4.12e-04	5.46e-26
 5.94221e+16	2.21e-07	6.74e-04	8.80e-02	3.18e-01	5.93e-01	4.06e-07	0.00e+00	2.22e-08	6.73e-08	1.14e-07	2.25e-04	4.49e-04	7.07e-26
 6.06914e+16	2.44e-07	7.27e-04	9.28e-02	3.26e-01	5.81e-01	4.07e-07	0.00e+00	2.45e-08	7.41e-08	1.26e-07	2.43e-04	4.84e-04	8.93e-26
 6.18338e+16	2.66e-07	7.79e-04	9.73e-02	3.32e-01	5.69e-01	4.08e-07	0.00e+00	2.68e-08	8.10e-08	1.37e-07	2.60e-04	5.19e-04	1.11e-25
 6.28620e+16	2.89e-07	8.29e-04	1.01e-01	3.39e-01	5.59e-01	4.09e-07	0.00e+00	2.90e-08	8.78e-08	1.49e-07	2.77e-04	5.52e-04	1.34e-25
 6.37873e+16	3.11e-07	8.77e-04	1.05e-01	3.44e-01	5.50e-01	4.10e-07	0.00e+00	3.13e-08	9.45e-08	1.60e-07	2.93e-04	5.84e-04	1.59e-25
 6.46201e+16	3.32e-07	9.21e-04	1.09e-01	3.49e-01	5.41e-01	4.11e-07	0.00e+00	3.34e-08	1.01e-07	1.71e-07	3.08e-04	6.13e-04	1.85e-25
 6.53751e+16	3.53e-07	9.65e-04	1.12e-01	3.53e-01	5.33e-01	4.11e-07	0.00e+00	3.56e-08	1.08e-07	1.82e-07	3.23e-04	6.42e-04	2.15e-25
 6.60963e+16	3.75e-07	1.01e-03	1.16e-01	3.58e-01	5.25e-01	4.12e-07	0.00e+00	3.78e-08	1.14e-07	1.94e-07	3.37e-04	6.72e-04	2.47e-25
 6.68174e+16	3.99e-07	1.06e-03	1.19e-01	3.62e-01	5.18e-01	4.12e-07	0.00e+00	4.02e-08	1.21e-07	2.06e-07	3.53e-04	7.03e-04	2.85e-25
 6.75386e+16	4.25e-07	1.10e-03	1.23e-01	3.66e-01	5.10e-01	4.12e-07	0.00e+00	4.28e-08	1.29e-07	2.20e-07	3.69e-04	7.35e-04	3.30e-25
 6.82597e+16	4.54e-07	1.16e-03	1.26e-01	3.70e-01	5.02e-01	4.13e-07	0.00e+00	4.57e-08	1.38e-07	2.34e-07	3.87e-04	7.70e-04	3.82e-25
 6.89809e+16	4.85e-07	1.21e-03	1.30e-01	3.75e-01	4.94e-01	4.14e-07	0.00e+00	4.88e-08	1.48e-07	2.50e-07	4.05e-04	8.06e-04	4.43e-25
 6.97020e+16	5.19e-07	1.27e-03	1.34e-01	3.79e-01	4.86e-01	4.14e-07	0.00e+00	5.23e-08	1.58e-07	2.68e-07	4.25e-04	8.45e-04	5.17e-25
 7.04232e+16	5.59e-07	1.33e-03	1.38e-01	3.83e-01	4.77e-01	4.17e-07	0.00e+00	5.63e-08	1.70e-07	2.89e-07	4.46e-04	8.87e-04	6.12e-25
 7.11443e+16	6.06e-07	1.40e-03	1.42e-01	3.87e-01	4.69e-01	4.16e-07	0.00e+00	6.11e-08	1.85e-07	3.13e-07	4.69e-04	9.33e-04	7.23e-25
 7.18100e+16	6.64e-07	1.48e-03	1.46e-01	3.91e-01	4.61e-01	4.16e-07	0.00e+00	6.69e-08	2.02e-07	3.43e-07	4.95e-04	9.85e-04	8.76e-25
