#depth	O	O+	O+2	O+3	O+4	O+5	O+6	O+7	O+8	O[1]	O[2]	O[3]
 4.54749e+14	4.44e-11	9.21e-07	2.09e-03	2.13e-01	6.71e-01	1.10e-01	3.44e-03	0.00e+00	0.00e+00	3.72e-11	4.33e-12	2.86e-12
 1.72942e+15	5.66e-11	1.10e-06	2.36e-03	2.26e-01	6.66e-01	1.03e-01	2.99e-03	0.00e+00	0.00e+00	4.74e-11	5.50e-12	3.64e-12
 3.40206e+15	7.67e-11	1.38e-06	2.76e-03	2.42e-01	6.58e-01	9.46e-02	2.50e-03	0.00e+00	0.00e+00	6.43e-11	7.44e-12	4.94e-12
 5.14161e+15	1.04e-10	1.73e-06	3.22e-03	2.59e-01	6.49e-01	8.65e-02	2.09e-03	0.00e+00	0.00e+00	8.72e-11	1.01e-11	6.70e-12
 6.80294e+15	1.37e-10	2.12e-06	3.70e-03	2.76e-01	6.39e-01	7.95e-02	1.76e-03	0.00e+00	0.00e+00	1.15e-10	1.33e-11	8.84e-12
 8.32982e+15	1.75e-10	2.54e-06	4.19e-03	2.91e-01	6.30e-01	7.36e-02	1.51e-03	0.00e+00	0.00e+00	1.47e-10	1.69e-11	1.13e-11
 1.00603e+16	2.31e-10	3.09e-06	4.80e-03	3.08e-01	6.19e-01	6.76e-02	1.28e-03	0.00e+00	0.00e+00	1.93e-10	2.22e-11	1.49e-11
 1.19439e+16	3.05e-10	3.79e-06	5.52e-03	3.26e-01	6.06e-01	6.16e-02	1.07e-03	0.00e+00	0.00e+00	2.56e-10	2.94e-11	1.97e-11
 1.36509e+16	3.90e-10	4.52e-06	6.24e-03	3.42e-01	5.94e-01	5.67e-02	9.09e-04	0.00e+00	0.00e+00	3.27e-10	3.75e-11	2.52e-11
 1.54942e+16	5.06e-10	5.46e-06	7.09e-03	3.60e-01	5.80e-01	5.19e-02	7.66e-04	0.00e+00	0.00e+00	4.24e-10	4.87e-11	3.27e-11
 1.75654e+16	6.72e-10	6.69e-06	8.13e-03	3.79e-01	5.65e-01	4.70e-02	6.34e-04	0.00e+00	0.00e+00	5.63e-10	6.45e-11	4.34e-11
 1.95340e+16	8.75e-10	8.08e-06	9.21e-03	3.97e-01	5.50e-01	4.28e-02	5.32e-04	0.00e+00	0.00e+00	7.34e-10	8.39e-11	5.66e-11
 2.16846e+16	1.16e-09	9.89e-06	1.05e-02	4.16e-01	5.34e-01	3.87e-02	4.40e-04	0.00e+00	0.00e+00	9.75e-10	1.11e-10	7.53e-11
 2.40540e+16	1.57e-09	1.22e-05	1.21e-02	4.37e-01	5.16e-01	3.47e-02	3.59e-04	0.00e+00	0.00e+00	1.32e-09	1.50e-10	1.02e-10
 2.61976e+16	2.03e-09	1.47e-05	1.36e-02	4.55e-01	4.99e-01	3.15e-02	3.00e-04	0.00e+00	0.00e+00	1.71e-09	1.94e-10	1.32e-10
 2.79817e+16	2.51e-09	1.71e-05	1.50e-02	4.70e-01	4.86e-01	2.90e-02	2.59e-04	0.00e+00	0.00e+00	2.10e-09	2.40e-10	1.63e-10
 2.98187e+16	3.11e-09	1.99e-05	1.65e-02	4.84e-01	4.72e-01	2.67e-02	2.22e-04	0.00e+00	0.00e+00	2.61e-09	2.97e-10	2.02e-10
 3.18942e+16	3.93e-09	2.34e-05	1.84e-02	5.00e-01	4.57e-01	2.43e-02	1.88e-04	0.00e+00	0.00e+00	3.30e-09	3.76e-10	2.56e-10
 3.38846e+16	4.90e-09	2.74e-05	2.02e-02	5.15e-01	4.42e-01	2.22e-02	1.60e-04	0.00e+00	0.00e+00	4.11e-09	4.67e-10	3.18e-10
 3.57868e+16	6.00e-09	3.16e-05	2.22e-02	5.29e-01	4.28e-01	2.04e-02	1.38e-04	0.00e+00	0.00e+00	5.04e-09	5.72e-10	3.90e-10
 3.79697e+16	7.58e-09	3.72e-05	2.46e-02	5.44e-01	4.13e-01	1.86e-02	1.16e-04	0.00e+00	0.00e+00	6.36e-09	7.22e-10	4.94e-10
 4.03744e+16	9.69e-09	4.42e-05	2.74e-02	5.60e-01	3.96e-01	1.67e-02	9.65e-05	0.00e+00	0.00e+00	8.13e-09	9.22e-10	6.31e-10
 4.25905e+16	1.20e-08	5.16e-05	3.02e-02	5.73e-01	3.81e-01	1.52e-02	8.17e-05	0.00e+00	0.00e+00	1.01e-08	1.15e-09	7.86e-10
 4.46806e+16	1.48e-08	5.96e-05	3.30e-02	5.86e-01	3.67e-01	1.38e-02	6.98e-05	0.00e+00	0.00e+00	1.24e-08	1.40e-09	9.64e-10
 4.70448e+16	1.86e-08	7.01e-05	3.64e-02	5.99e-01	3.52e-01	1.25e-02	5.85e-05	0.00e+00	0.00e+00	1.56e-08	1.77e-09	1.22e-09
 4.95518e+16	2.35e-08	8.26e-05	4.03e-02	6.12e-01	3.36e-01	1.12e-02	4.87e-05	0.00e+00	0.00e+00	1.97e-08	2.23e-09	1.53e-09
 5.18081e+16	2.88e-08	9.56e-05	4.40e-02	6.23e-01	3.22e-01	1.02e-02	4.13e-05	0.00e+00	0.00e+00	2.42e-08	2.73e-09	1.89e-09
 5.38388e+16	3.46e-08	1.09e-04	4.76e-02	6.33e-01	3.10e-01	9.33e-03	3.57e-05	0.00e+00	0.00e+00	2.90e-08	3.28e-09	2.27e-09
 5.56665e+16	4.07e-08	1.22e-04	5.10e-02	6.41e-01	3.00e-01	8.63e-03	3.14e-05	0.00e+00	0.00e+00	3.42e-08	3.86e-09	2.67e-09
 5.73113e+16	4.71e-08	1.36e-04	5.42e-02	6.47e-01	2.90e-01	8.05e-03	2.79e-05	0.00e+00	0.00e+00	3.95e-08	4.46e-09	3.09e-09
 5.87917e+16	5.37e-08	1.49e-04	5.72e-02	6.53e-01	2.82e-01	7.56e-03	2.51e-05	0.00e+00	0.00e+00	4.50e-08	5.08e-09	3.52e-09
 6.01241e+16	6.03e-08	1.62e-04	6.00e-02	6.58e-01	2.75e-01	7.14e-03	2.29e-05	0.00e+00	0.00e+00	5.06e-08	5.71e-09	3.96e-09
 6.13232e+16	6.71e-08	1.75e-04	6.27e-02	6.62e-01	2.68e-01	6.78e-03	2.10e-05	0.00e+00	0.00e+00	5.63e-08	6.34e-09	4.40e-09
 6.24024e+16	7.37e-08	1.87e-04	6.51e-02	6.65e-01	2.63e-01	6.48e-03	1.95e-05	0.00e+00	0.00e+00	6.19e-08	6.97e-09	4.84e-09
 6.33737e+16	8.03e-08	1.99e-04	6.74e-02	6.68e-01	2.58e-01	6.22e-03	1.82e-05	0.00e+00	0.00e+00	6.74e-08	7.60e-09	5.28e-09
 6.42478e+16	8.69e-08	2.10e-04	6.95e-02	6.71e-01	2.53e-01	5.99e-03	1.71e-05	0.00e+00	0.00e+00	7.29e-08	8.21e-09	5.70e-09
 6.50345e+16	9.32e-08	2.21e-04	7.15e-02	6.73e-01	2.49e-01	5.79e-03	1.62e-05	0.00e+00	0.00e+00	7.82e-08	8.81e-09	6.12e-09
 6.57678e+16	9.94e-08	2.32e-04	7.33e-02	6.75e-01	2.46e-01	5.61e-03	1.54e-05	0.00e+00	0.00e+00	8.34e-08	9.39e-09	6.53e-09
 6.64889e+16	1.06e-07	2.43e-04	7.52e-02	6.77e-01	2.42e-01	5.44e-03	1.46e-05	0.00e+00	0.00e+00	8.93e-08	1.01e-08	6.99e-09
 6.72101e+16	1.13e-07	2.55e-04	7.71e-02	6.79e-01	2.38e-01	5.27e-03	1.39e-05	0.00e+00	0.00e+00	9.52e-08	1.07e-08	7.46e-09
 6.79312e+16	1.22e-07	2.68e-04	7.91e-02	6.81e-01	2.35e-01	5.11e-03	1.32e-05	0.00e+00	0.00e+00	1.02e-07	1.15e-08	8.01e-09
 6.86524e+16	1.30e-07	2.81e-04	8.11e-02	6.82e-01	2.31e-01	4.95e-03	1.26e-05	0.00e+00	0.00e+00	1.09e-07	1.23e-08	8.57e-09
 6.93735e+16	1.40e-07	2.95e-04	8.31e-02	6.84e-01	2.28e-01	4.80e-03	1.20e-05	0.00e+00	0.00e+00	1.17e-07	1.32e-08	9.18e-09
 7.00947e+16	1.50e-07	3.11e-04	8.52e-02	6.85e-01	2.24e-01	4.65e-03	1.14e-05	0.00e+00	0.00e+00	1.26e-07	1.42e-08	9.89e-09
 7.08159e+16	1.64e-07	3.31e-04	8.75e-02	6.87e-01	2.21e-01	4.50e-03	1.08e-05	0.00e+00	0.00e+00	1.37e-07	1.55e-08	1.08e-08
 7.15370e+16	1.80e-07	3.55e-04	8.98e-02	6.88e-01	2.18e-01	4.36e-03	1.02e-05	0.00e+00	0.00e+00	1.51e-07	1.70e-08	1.19e-08
 7.20064e+16	1.95e-07	3.75e-04	9.13e-02	6.89e-01	2.15e-01	4.27e-03	9.85e-06	0.00e+00	0.00e+00	1.63e-07	1.84e-08	1.28e-08
