#depth	He	He+	He+2
 2.05628e+14	1.27e-07	3.44e-03	9.97e-01
 1.22122e+15	1.40e-07	3.62e-03	9.96e-01
 2.87353e+15	1.64e-07	3.91e-03	9.96e-01
 4.59194e+15	1.91e-07	4.22e-03	9.96e-01
 6.24213e+15	2.19e-07	4.53e-03	9.95e-01
 7.77030e+15	2.49e-07	4.83e-03	9.95e-01
 9.49656e+15	2.86e-07	5.19e-03	9.95e-01
 1.14799e+16	3.35e-07	5.62e-03	9.94e-01
 1.34169e+16	3.88e-07	6.05e-03	9.94e-01
 1.51608e+16	4.41e-07	6.45e-03	9.94e-01
 1.70422e+16	5.07e-07	6.92e-03	9.93e-01
 1.91522e+16	5.89e-07	7.46e-03	9.93e-01
 2.11505e+16	6.74e-07	7.98e-03	9.92e-01
 2.33391e+16	7.82e-07	8.61e-03	9.91e-01
 2.57428e+16	9.13e-07	9.32e-03	9.91e-01
 2.79509e+16	1.05e-06	9.99e-03	9.90e-01
 3.03465e+16	1.22e-06	1.08e-02	9.89e-01
 3.29941e+16	1.43e-06	1.17e-02	9.88e-01
 3.54552e+16	1.65e-06	1.27e-02	9.87e-01
 3.81408e+16	1.93e-06	1.38e-02	9.86e-01
 4.07255e+16	2.22e-06	1.48e-02	9.85e-01
 4.26481e+16	2.47e-06	1.57e-02	9.84e-01
 4.46162e+16	2.77e-06	1.67e-02	9.83e-01
 4.70479e+16	3.18e-06	1.81e-02	9.82e-01
 4.95058e+16	3.64e-06	1.95e-02	9.81e-01
 5.16605e+16	4.10e-06	2.08e-02	9.79e-01
 5.36486e+16	4.59e-06	2.22e-02	9.78e-01
 5.54952e+16	5.10e-06	2.36e-02	9.76e-01
 5.71572e+16	5.61e-06	2.49e-02	9.75e-01
 5.86530e+16	6.12e-06	2.62e-02	9.74e-01
 5.99992e+16	6.63e-06	2.75e-02	9.73e-01
 6.12108e+16	7.13e-06	2.86e-02	9.71e-01
 6.23013e+16	7.61e-06	2.98e-02	9.70e-01
 6.32826e+16	8.10e-06	3.09e-02	9.69e-01
 6.41659e+16	8.56e-06	3.19e-02	9.68e-01
 6.49608e+16	8.99e-06	3.29e-02	9.67e-01
 6.56979e+16	9.43e-06	3.38e-02	9.66e-01
 6.64191e+16	9.89e-06	3.48e-02	9.65e-01
 6.71403e+16	1.04e-05	3.58e-02	9.64e-01
 6.78614e+16	1.09e-05	3.68e-02	9.63e-01
 6.85826e+16	1.15e-05	3.79e-02	9.62e-01
 6.93037e+16	1.21e-05	3.91e-02	9.61e-01
 7.00249e+16	1.27e-05	4.03e-02	9.60e-01
 7.07460e+16	1.34e-05	4.16e-02	9.58e-01
 7.14672e+16	1.42e-05	4.29e-02	9.57e-01
 7.19715e+16	1.49e-05	4.39e-02	9.56e-01
