#depth	C	C+	C+2	C+3	C+4	C+5	C+6	C[1]	C[2]	C[3]	C+[1]	C+[2]	CO
 2.35376e+14	2.01e-09	8.36e-06	3.09e-03	4.93e-02	9.48e-01	4.49e-07	0.00e+00	2.02e-10	6.11e-10	1.04e-09	2.78e-06	5.58e-06	1.18e-31
 1.28190e+15	1.77e-09	9.63e-06	3.42e-03	5.21e-02	9.45e-01	4.38e-07	0.00e+00	1.78e-10	5.39e-10	9.17e-10	3.20e-06	6.43e-06	1.85e-31
 2.93664e+15	2.20e-09	1.18e-05	3.97e-03	5.68e-02	9.39e-01	4.44e-07	0.00e+00	2.21e-10	6.69e-10	1.14e-09	3.92e-06	7.87e-06	3.57e-31
 4.65758e+15	2.77e-09	1.45e-05	4.63e-03	6.19e-02	9.33e-01	4.49e-07	0.00e+00	2.78e-10	8.42e-10	1.43e-09	4.81e-06	9.67e-06	6.87e-31
 6.27370e+15	3.40e-09	1.74e-05	5.31e-03	6.69e-02	9.28e-01	4.48e-07	0.00e+00	3.41e-10	1.03e-09	1.76e-09	5.78e-06	1.16e-05	1.23e-30
 7.71785e+15	4.07e-09	2.04e-05	5.99e-03	7.15e-02	9.22e-01	4.61e-07	0.00e+00	4.08e-10	1.24e-09	2.10e-09	6.78e-06	1.36e-05	2.03e-30
 9.34020e+15	4.99e-09	2.43e-05	6.83e-03	7.69e-02	9.16e-01	4.64e-07	0.00e+00	5.01e-10	1.52e-09	2.58e-09	8.09e-06	1.62e-05	3.54e-30
 1.12641e+16	6.26e-09	2.97e-05	7.93e-03	8.37e-02	9.08e-01	4.71e-07	0.00e+00	6.28e-10	1.90e-09	3.24e-09	9.87e-06	1.98e-05	6.65e-30
 1.31739e+16	7.77e-09	3.59e-05	9.14e-03	9.06e-02	9.00e-01	4.77e-07	0.00e+00	7.80e-10	2.36e-09	4.02e-09	1.19e-05	2.40e-05	1.22e-29
 1.49457e+16	9.46e-09	4.26e-05	1.04e-02	9.74e-02	8.92e-01	4.80e-07	0.00e+00	9.50e-10	2.88e-09	4.89e-09	1.42e-05	2.84e-05	2.11e-29
 1.66398e+16	1.13e-08	5.00e-05	1.17e-02	1.04e-01	8.84e-01	4.84e-07	0.00e+00	1.14e-09	3.45e-09	5.87e-09	1.66e-05	3.33e-05	3.49e-29
 1.85380e+16	1.39e-08	5.95e-05	1.33e-02	1.12e-01	8.75e-01	4.87e-07	0.00e+00	1.39e-09	4.22e-09	7.19e-09	1.98e-05	3.97e-05	6.13e-29
 2.06228e+16	1.71e-08	7.14e-05	1.52e-02	1.21e-01	8.64e-01	4.95e-07	0.00e+00	1.72e-09	5.21e-09	8.87e-09	2.38e-05	4.76e-05	1.09e-28
 2.25404e+16	2.06e-08	8.39e-05	1.72e-02	1.29e-01	8.54e-01	4.96e-07	0.00e+00	2.07e-09	6.26e-09	1.07e-08	2.80e-05	5.59e-05	1.81e-28
 2.46231e+16	2.52e-08	9.98e-05	1.95e-02	1.39e-01	8.42e-01	5.02e-07	0.00e+00	2.53e-09	7.67e-09	1.30e-08	3.33e-05	6.65e-05	3.16e-28
 2.69299e+16	3.10e-08	1.20e-04	2.24e-02	1.50e-01	8.28e-01	5.01e-07	0.00e+00	3.12e-09	9.44e-09	1.61e-08	3.99e-05	7.98e-05	5.59e-28
 2.90815e+16	3.75e-08	1.41e-04	2.53e-02	1.60e-01	8.14e-01	5.03e-07	0.00e+00	3.78e-09	1.14e-08	1.94e-08	4.71e-05	9.41e-05	9.31e-28
 3.09600e+16	4.41e-08	1.62e-04	2.80e-02	1.69e-01	8.02e-01	5.09e-07	0.00e+00	4.44e-09	1.34e-08	2.29e-08	5.41e-05	1.08e-04	1.43e-27
 3.29298e+16	5.22e-08	1.88e-04	3.12e-02	1.80e-01	7.89e-01	5.08e-07	0.00e+00	5.26e-09	1.59e-08	2.71e-08	6.26e-05	1.25e-04	2.25e-27
 3.51130e+16	6.22e-08	2.18e-04	3.49e-02	1.91e-01	7.74e-01	5.10e-07	0.00e+00	6.26e-09	1.90e-08	3.22e-08	7.29e-05	1.45e-04	3.62e-27
 3.71593e+16	7.34e-08	2.52e-04	3.87e-02	2.02e-01	7.59e-01	5.11e-07	0.00e+00	7.40e-09	2.24e-08	3.81e-08	8.40e-05	1.68e-04	5.55e-27
 3.90995e+16	8.55e-08	2.87e-04	4.27e-02	2.13e-01	7.44e-01	5.12e-07	0.00e+00	8.62e-09	2.61e-08	4.43e-08	9.57e-05	1.91e-04	8.27e-27
 4.13160e+16	1.02e-07	3.33e-04	4.76e-02	2.25e-01	7.27e-01	5.09e-07	0.00e+00	1.03e-08	3.12e-08	5.30e-08	1.11e-04	2.22e-04	1.31e-26
 4.37317e+16	1.22e-07	3.88e-04	5.33e-02	2.39e-01	7.07e-01	5.10e-07	0.00e+00	1.23e-08	3.73e-08	6.34e-08	1.30e-04	2.58e-04	2.10e-26
 4.59467e+16	1.45e-07	4.47e-04	5.90e-02	2.52e-01	6.89e-01	5.11e-07	0.00e+00	1.46e-08	4.42e-08	7.50e-08	1.49e-04	2.97e-04	3.19e-26
 4.80464e+16	1.69e-07	5.09e-04	6.49e-02	2.64e-01	6.71e-01	5.11e-07	0.00e+00	1.71e-08	5.17e-08	8.78e-08	1.70e-04	3.39e-04	4.73e-26
 5.02450e+16	2.00e-07	5.83e-04	7.16e-02	2.77e-01	6.51e-01	5.08e-07	0.00e+00	2.02e-08	6.10e-08	1.04e-07	1.95e-04	3.88e-04	7.12e-26
 5.24320e+16	2.34e-07	6.65e-04	7.86e-02	2.89e-01	6.31e-01	5.08e-07	0.00e+00	2.36e-08	7.15e-08	1.21e-07	2.22e-04	4.43e-04	1.06e-25
 5.44003e+16	2.71e-07	7.48e-04	8.55e-02	3.01e-01	6.13e-01	5.08e-07	0.00e+00	2.74e-08	8.28e-08	1.41e-07	2.50e-04	4.98e-04	1.51e-25
 5.61718e+16	3.09e-07	8.31e-04	9.21e-02	3.11e-01	5.96e-01	5.09e-07	0.00e+00	3.12e-08	9.44e-08	1.60e-07	2.78e-04	5.53e-04	2.07e-25
 5.77662e+16	3.48e-07	9.14e-04	9.83e-02	3.21e-01	5.80e-01	5.08e-07	0.00e+00	3.52e-08	1.06e-07	1.81e-07	3.06e-04	6.08e-04	2.76e-25
 5.92011e+16	3.88e-07	9.95e-04	1.04e-01	3.29e-01	5.66e-01	5.07e-07	0.00e+00	3.93e-08	1.19e-07	2.02e-07	3.33e-04	6.62e-04	3.57e-25
 6.04925e+16	4.29e-07	1.07e-03	1.10e-01	3.36e-01	5.53e-01	5.06e-07	0.00e+00	4.34e-08	1.31e-07	2.23e-07	3.60e-04	7.15e-04	4.51e-25
 6.16547e+16	4.70e-07	1.15e-03	1.15e-01	3.43e-01	5.41e-01	5.05e-07	0.00e+00	4.76e-08	1.44e-07	2.44e-07	3.86e-04	7.67e-04	5.57e-25
 6.27008e+16	5.11e-07	1.23e-03	1.20e-01	3.49e-01	5.30e-01	5.03e-07	0.00e+00	5.17e-08	1.56e-07	2.66e-07	4.10e-04	8.16e-04	6.76e-25
 6.36422e+16	5.51e-07	1.30e-03	1.25e-01	3.54e-01	5.20e-01	5.03e-07	0.00e+00	5.58e-08	1.69e-07	2.87e-07	4.34e-04	8.63e-04	8.06e-25
 6.44895e+16	5.90e-07	1.36e-03	1.29e-01	3.58e-01	5.11e-01	5.03e-07	0.00e+00	5.98e-08	1.81e-07	3.07e-07	4.57e-04	9.07e-04	9.37e-25
 6.52521e+16	6.30e-07	1.43e-03	1.33e-01	3.63e-01	5.03e-01	5.02e-07	0.00e+00	6.37e-08	1.93e-07	3.27e-07	4.78e-04	9.51e-04	1.09e-24
 6.59739e+16	6.70e-07	1.49e-03	1.37e-01	3.67e-01	4.95e-01	5.02e-07	0.00e+00	6.78e-08	2.05e-07	3.48e-07	5.00e-04	9.94e-04	1.25e-24
 6.66950e+16	7.14e-07	1.56e-03	1.41e-01	3.71e-01	4.87e-01	5.01e-07	0.00e+00	7.23e-08	2.19e-07	3.71e-07	5.23e-04	1.04e-03	1.44e-24
 6.74162e+16	7.62e-07	1.63e-03	1.45e-01	3.74e-01	4.79e-01	5.00e-07	0.00e+00	7.72e-08	2.33e-07	3.96e-07	5.47e-04	1.09e-03	1.67e-24
 6.81373e+16	8.14e-07	1.71e-03	1.49e-01	3.78e-01	4.71e-01	4.99e-07	0.00e+00	8.25e-08	2.50e-07	4.24e-07	5.73e-04	1.14e-03	1.93e-24
 6.88585e+16	8.73e-07	1.79e-03	1.53e-01	3.82e-01	4.63e-01	4.98e-07	0.00e+00	8.85e-08	2.68e-07	4.54e-07	6.00e-04	1.19e-03	2.24e-24
 6.95796e+16	9.38e-07	1.88e-03	1.58e-01	3.86e-01	4.54e-01	4.98e-07	0.00e+00	9.51e-08	2.88e-07	4.88e-07	6.29e-04	1.25e-03	2.62e-24
 7.03008e+16	1.01e-06	1.97e-03	1.62e-01	3.90e-01	4.46e-01	4.97e-07	0.00e+00	1.03e-07	3.10e-07	5.27e-07	6.60e-04	1.31e-03	3.08e-24
 7.10219e+16	1.10e-06	2.07e-03	1.67e-01	3.93e-01	4.37e-01	4.98e-07	0.00e+00	1.12e-07	3.38e-07	5.74e-07	6.94e-04	1.38e-03	3.69e-24
 7.17431e+16	1.22e-06	2.20e-03	1.72e-01	3.97e-01	4.28e-01	4.95e-07	0.00e+00	1.24e-07	3.74e-07	6.35e-07	7.35e-04	1.46e-03	4.51e-24
 7.21094e+16	1.33e-06	2.32e-03	1.75e-01	4.00e-01	4.23e-01	4.92e-07	0.00e+00	1.35e-07	4.07e-07	6.91e-07	7.76e-04	1.54e-03	5.70e-24
