#depth	C	C+	C+2	C+3	C+4	C+5	C+6	C[1]	C[2]	C[3]	C+[1]	C+[2]	CO
 1.93587e+14	7.25e-10	4.18e-06	2.14e-03	4.26e-02	9.55e-01	3.77e-07	0.00e+00	7.10e-11	2.15e-10	3.65e-10	1.38e-06	2.79e-06	8.54e-33
 1.16152e+15	6.60e-10	4.75e-06	2.34e-03	4.48e-02	9.53e-01	3.25e-07	0.00e+00	6.46e-11	1.95e-10	3.32e-10	1.57e-06	3.18e-06	1.26e-32
 2.77632e+15	8.24e-10	5.81e-06	2.71e-03	4.87e-02	9.49e-01	3.29e-07	0.00e+00	8.07e-11	2.44e-10	4.15e-10	1.92e-06	3.89e-06	2.39e-32
 4.49084e+15	1.04e-09	7.15e-06	3.16e-03	5.31e-02	9.44e-01	3.34e-07	0.00e+00	1.02e-10	3.09e-10	5.24e-10	2.37e-06	4.78e-06	4.56e-32
 6.15230e+15	1.29e-09	8.64e-06	3.65e-03	5.76e-02	9.39e-01	3.32e-07	0.00e+00	1.27e-10	3.83e-10	6.51e-10	2.86e-06	5.78e-06	8.26e-32
 7.71280e+15	1.57e-09	1.03e-05	4.15e-03	6.19e-02	9.34e-01	3.40e-07	0.00e+00	1.54e-10	4.67e-10	7.93e-10	3.41e-06	6.88e-06	1.41e-31
 9.45737e+15	1.97e-09	1.24e-05	4.79e-03	6.70e-02	9.28e-01	3.43e-07	0.00e+00	1.93e-10	5.83e-10	9.90e-10	4.12e-06	8.31e-06	2.55e-31
 1.13540e+16	2.47e-09	1.52e-05	5.55e-03	7.28e-02	9.22e-01	3.49e-07	0.00e+00	2.42e-10	7.32e-10	1.24e-09	5.03e-06	1.01e-05	4.76e-31
 1.31310e+16	3.03e-09	1.81e-05	6.34e-03	7.85e-02	9.15e-01	3.51e-07	0.00e+00	2.97e-10	8.99e-10	1.53e-09	6.01e-06	1.21e-05	8.36e-31
 1.50643e+16	3.80e-09	2.20e-05	7.30e-03	8.50e-02	9.08e-01	3.58e-07	0.00e+00	3.73e-10	1.13e-09	1.91e-09	7.29e-06	1.47e-05	1.53e-30
 1.72065e+16	4.79e-09	2.69e-05	8.48e-03	9.25e-02	8.99e-01	3.59e-07	0.00e+00	4.70e-10	1.42e-09	2.41e-09	8.92e-06	1.80e-05	2.88e-30
 1.91269e+16	5.84e-09	3.20e-05	9.65e-03	9.95e-02	8.91e-01	3.63e-07	0.00e+00	5.74e-10	1.74e-09	2.95e-09	1.06e-05	2.14e-05	4.91e-30
 2.08114e+16	6.93e-09	3.71e-05	1.08e-02	1.06e-01	8.83e-01	3.67e-07	0.00e+00	6.82e-10	2.06e-09	3.50e-09	1.23e-05	2.48e-05	7.77e-30
 2.27088e+16	8.41e-09	4.38e-05	1.22e-02	1.14e-01	8.74e-01	3.69e-07	0.00e+00	8.27e-10	2.50e-09	4.24e-09	1.45e-05	2.92e-05	1.31e-29
 2.50586e+16	1.06e-08	5.33e-05	1.41e-02	1.23e-01	8.62e-01	3.78e-07	0.00e+00	1.04e-09	3.15e-09	5.35e-09	1.77e-05	3.56e-05	2.41e-29
 2.74165e+16	1.31e-08	6.42e-05	1.63e-02	1.34e-01	8.50e-01	3.79e-07	0.00e+00	1.29e-09	3.90e-09	6.62e-09	2.13e-05	4.29e-05	4.26e-29
 2.94556e+16	1.57e-08	7.52e-05	1.83e-02	1.43e-01	8.39e-01	3.80e-07	0.00e+00	1.55e-09	4.67e-09	7.93e-09	2.50e-05	5.02e-05	6.88e-29
 3.16603e+16	1.92e-08	8.91e-05	2.08e-02	1.53e-01	8.26e-01	3.85e-07	0.00e+00	1.89e-09	5.70e-09	9.68e-09	2.96e-05	5.95e-05	1.16e-28
 3.43663e+16	2.43e-08	1.09e-04	2.41e-02	1.67e-01	8.09e-01	3.88e-07	0.00e+00	2.39e-09	7.22e-09	1.23e-08	3.62e-05	7.27e-05	2.15e-28
 3.70481e+16	3.01e-08	1.32e-04	2.78e-02	1.80e-01	7.92e-01	3.91e-07	0.00e+00	2.97e-09	8.97e-09	1.52e-08	4.37e-05	8.78e-05	3.77e-28
 3.93520e+16	3.61e-08	1.54e-04	3.14e-02	1.92e-01	7.76e-01	3.96e-07	0.00e+00	3.56e-09	1.08e-08	1.83e-08	5.13e-05	1.03e-04	6.05e-28
 4.13824e+16	4.24e-08	1.77e-04	3.48e-02	2.03e-01	7.62e-01	3.97e-07	0.00e+00	4.18e-09	1.26e-08	2.14e-08	5.88e-05	1.18e-04	9.07e-28
 4.35635e+16	5.07e-08	2.06e-04	3.89e-02	2.16e-01	7.45e-01	3.98e-07	0.00e+00	5.00e-09	1.51e-08	2.56e-08	6.84e-05	1.37e-04	1.42e-27
 4.59329e+16	6.05e-08	2.40e-04	4.37e-02	2.30e-01	7.26e-01	4.02e-07	0.00e+00	5.97e-09	1.80e-08	3.06e-08	7.98e-05	1.60e-04	2.26e-27
 4.80981e+16	7.17e-08	2.76e-04	4.86e-02	2.42e-01	7.09e-01	4.08e-07	0.00e+00	7.08e-09	2.14e-08	3.63e-08	9.20e-05	1.84e-04	3.42e-27
 5.01369e+16	8.40e-08	3.15e-04	5.36e-02	2.55e-01	6.91e-01	4.10e-07	0.00e+00	8.30e-09	2.51e-08	4.25e-08	1.05e-04	2.10e-04	5.04e-27
 5.21953e+16	9.86e-08	3.60e-04	5.91e-02	2.68e-01	6.73e-01	4.14e-07	0.00e+00	9.75e-09	2.95e-08	4.99e-08	1.20e-04	2.40e-04	7.48e-27
 5.41873e+16	1.15e-07	4.09e-04	6.49e-02	2.80e-01	6.55e-01	4.15e-07	0.00e+00	1.14e-08	3.44e-08	5.82e-08	1.36e-04	2.73e-04	1.08e-26
 5.59801e+16	1.32e-07	4.59e-04	7.05e-02	2.92e-01	6.37e-01	4.19e-07	0.00e+00	1.31e-08	3.95e-08	6.69e-08	1.53e-04	3.06e-04	1.52e-26
 5.75936e+16	1.50e-07	5.09e-04	7.60e-02	3.02e-01	6.21e-01	4.23e-07	0.00e+00	1.49e-08	4.49e-08	7.61e-08	1.70e-04	3.39e-04	2.07e-26
 5.90458e+16	1.69e-07	5.59e-04	8.13e-02	3.12e-01	6.07e-01	4.29e-07	0.00e+00	1.67e-08	5.05e-08	8.55e-08	1.86e-04	3.73e-04	2.73e-26
 6.03527e+16	1.88e-07	6.08e-04	8.63e-02	3.20e-01	5.93e-01	4.33e-07	0.00e+00	1.86e-08	5.61e-08	9.51e-08	2.03e-04	4.05e-04	3.52e-26
 6.15289e+16	2.07e-07	6.57e-04	9.11e-02	3.28e-01	5.80e-01	4.37e-07	0.00e+00	2.05e-08	6.19e-08	1.05e-07	2.19e-04	4.38e-04	4.43e-26
 6.25876e+16	2.26e-07	7.04e-04	9.56e-02	3.35e-01	5.69e-01	4.40e-07	0.00e+00	2.24e-08	6.78e-08	1.15e-07	2.35e-04	4.69e-04	5.45e-26
 6.35403e+16	2.45e-07	7.50e-04	9.99e-02	3.41e-01	5.58e-01	4.42e-07	0.00e+00	2.43e-08	7.35e-08	1.24e-07	2.50e-04	5.00e-04	6.60e-26
 6.43978e+16	2.64e-07	7.93e-04	1.04e-01	3.47e-01	5.49e-01	4.45e-07	0.00e+00	2.62e-08	7.90e-08	1.34e-07	2.64e-04	5.28e-04	7.77e-26
 6.51696e+16	2.83e-07	8.35e-04	1.08e-01	3.52e-01	5.40e-01	4.48e-07	0.00e+00	2.80e-08	8.46e-08	1.43e-07	2.79e-04	5.56e-04	9.12e-26
 6.58957e+16	3.02e-07	8.77e-04	1.11e-01	3.57e-01	5.31e-01	4.51e-07	0.00e+00	2.99e-08	9.04e-08	1.53e-07	2.93e-04	5.85e-04	1.06e-25
 6.66168e+16	3.23e-07	9.22e-04	1.15e-01	3.62e-01	5.22e-01	4.54e-07	0.00e+00	3.20e-08	9.67e-08	1.64e-07	3.08e-04	6.14e-04	1.24e-25
 6.73380e+16	3.45e-07	9.69e-04	1.19e-01	3.66e-01	5.14e-01	4.56e-07	0.00e+00	3.43e-08	1.03e-07	1.75e-07	3.23e-04	6.46e-04	1.45e-25
 6.80591e+16	3.70e-07	1.02e-03	1.23e-01	3.71e-01	5.05e-01	4.59e-07	0.00e+00	3.67e-08	1.11e-07	1.88e-07	3.40e-04	6.79e-04	1.71e-25
 6.87803e+16	3.98e-07	1.07e-03	1.27e-01	3.76e-01	4.96e-01	4.62e-07	0.00e+00	3.95e-08	1.19e-07	2.02e-07	3.58e-04	7.15e-04	2.01e-25
 6.95014e+16	4.28e-07	1.13e-03	1.31e-01	3.81e-01	4.87e-01	4.65e-07	0.00e+00	4.25e-08	1.28e-07	2.18e-07	3.77e-04	7.53e-04	2.37e-25
 7.02226e+16	4.63e-07	1.19e-03	1.36e-01	3.86e-01	4.77e-01	4.68e-07	0.00e+00	4.60e-08	1.39e-07	2.35e-07	3.98e-04	7.94e-04	2.81e-25
 7.09437e+16	5.03e-07	1.26e-03	1.41e-01	3.91e-01	4.68e-01	4.75e-07	0.00e+00	5.00e-08	1.51e-07	2.56e-07	4.20e-04	8.39e-04	3.41e-25
 7.16649e+16	5.52e-07	1.34e-03	1.46e-01	3.95e-01	4.58e-01	4.77e-07	0.00e+00	5.49e-08	1.66e-07	2.81e-07	4.46e-04	8.90e-04	4.14e-25
 7.20703e+16	6.08e-07	1.41e-03	1.49e-01	3.98e-01	4.52e-01	4.78e-07	0.00e+00	6.04e-08	1.82e-07	3.09e-07	4.72e-04	9.42e-04	5.15e-25
