#depth	He	He+	He+2
 3.81634e+14	1.85e-07	4.12e-03	9.96e-01
 1.58027e+15	2.08e-07	4.37e-03	9.96e-01
 3.24694e+15	2.44e-07	4.73e-03	9.95e-01
 4.98029e+15	2.86e-07	5.12e-03	9.95e-01
 6.66305e+15	3.32e-07	5.51e-03	9.94e-01
 8.25116e+15	3.80e-07	5.90e-03	9.94e-01
 1.00227e+16	4.40e-07	6.35e-03	9.94e-01
 1.19300e+16	5.12e-07	6.86e-03	9.93e-01
 1.36976e+16	5.85e-07	7.34e-03	9.93e-01
 1.56330e+16	6.78e-07	7.90e-03	9.92e-01
 1.77952e+16	7.94e-07	8.54e-03	9.91e-01
 1.98411e+16	9.16e-07	9.17e-03	9.91e-01
 2.20355e+16	1.07e-06	9.89e-03	9.90e-01
 2.44516e+16	1.25e-06	1.07e-02	9.89e-01
 2.67646e+16	1.45e-06	1.15e-02	9.88e-01
 2.92389e+16	1.70e-06	1.25e-02	9.88e-01
 3.18748e+16	1.98e-06	1.35e-02	9.87e-01
 3.43073e+16	2.28e-06	1.45e-02	9.86e-01
 3.63906e+16	2.57e-06	1.53e-02	9.85e-01
 3.82319e+16	2.84e-06	1.61e-02	9.84e-01
 4.03340e+16	3.19e-06	1.71e-02	9.83e-01
 4.30517e+16	3.70e-06	1.84e-02	9.82e-01
 4.57899e+16	4.26e-06	1.98e-02	9.80e-01
 4.80080e+16	4.77e-06	2.10e-02	9.79e-01
 5.01724e+16	5.33e-06	2.22e-02	9.78e-01
 5.23667e+16	5.94e-06	2.35e-02	9.77e-01
 5.43415e+16	6.55e-06	2.47e-02	9.75e-01
 5.61189e+16	7.15e-06	2.58e-02	9.74e-01
 5.77185e+16	7.73e-06	2.69e-02	9.73e-01
 5.91582e+16	8.29e-06	2.78e-02	9.72e-01
 6.04539e+16	8.83e-06	2.88e-02	9.71e-01
 6.16200e+16	9.35e-06	2.96e-02	9.70e-01
 6.26695e+16	9.84e-06	3.04e-02	9.70e-01
 6.36141e+16	1.03e-05	3.12e-02	9.69e-01
 6.44642e+16	1.07e-05	3.18e-02	9.68e-01
 6.52293e+16	1.12e-05	3.25e-02	9.68e-01
 6.59523e+16	1.16e-05	3.31e-02	9.67e-01
 6.66734e+16	1.20e-05	3.37e-02	9.66e-01
 6.73946e+16	1.24e-05	3.43e-02	9.66e-01
 6.81157e+16	1.29e-05	3.50e-02	9.65e-01
 6.88369e+16	1.34e-05	3.56e-02	9.64e-01
 6.95580e+16	1.39e-05	3.63e-02	9.64e-01
 7.02792e+16	1.45e-05	3.70e-02	9.63e-01
 7.10003e+16	1.51e-05	3.77e-02	9.62e-01
 7.17215e+16	1.58e-05	3.85e-02	9.61e-01
 7.20986e+16	1.64e-05	3.88e-02	9.61e-01
