#depth	O	O+	O+2	O+3	O+4	O+5	O+6	O+7	O+8	O[1]	O[2]	O[3]
 2.13298e+14	7.08e-12	3.69e-07	1.53e-03	2.22e-01	7.03e-01	7.26e-02	1.04e-03	0.00e+00	0.00e+00	5.19e-12	1.28e-12	5.96e-13
 1.23686e+15	8.55e-12	4.26e-07	1.69e-03	2.32e-01	6.97e-01	6.85e-02	9.33e-04	0.00e+00	0.00e+00	6.28e-12	1.54e-12	7.20e-13
 2.88980e+15	1.13e-11	5.26e-07	1.96e-03	2.48e-01	6.87e-01	6.25e-02	7.80e-04	0.00e+00	0.00e+00	8.31e-12	2.03e-12	9.50e-13
 4.60886e+15	1.49e-11	6.50e-07	2.28e-03	2.65e-01	6.75e-01	5.70e-02	6.51e-04	0.00e+00	0.00e+00	1.10e-11	2.68e-12	1.25e-12
 6.32554e+15	1.94e-11	7.93e-07	2.63e-03	2.82e-01	6.63e-01	5.20e-02	5.45e-04	0.00e+00	0.00e+00	1.43e-11	3.48e-12	1.63e-12
 7.96565e+15	2.47e-11	9.50e-07	3.00e-03	2.98e-01	6.51e-01	4.77e-02	4.62e-04	0.00e+00	0.00e+00	1.82e-11	4.42e-12	2.08e-12
 9.74252e+15	3.19e-11	1.15e-06	3.45e-03	3.16e-01	6.37e-01	4.35e-02	3.88e-04	0.00e+00	0.00e+00	2.35e-11	5.69e-12	2.68e-12
 1.16772e+16	4.20e-11	1.41e-06	3.98e-03	3.35e-01	6.22e-01	3.94e-02	3.22e-04	0.00e+00	0.00e+00	3.09e-11	7.48e-12	3.53e-12
 1.35659e+16	5.44e-11	1.72e-06	4.55e-03	3.53e-01	6.06e-01	3.58e-02	2.69e-04	0.00e+00	0.00e+00	4.01e-11	9.69e-12	4.58e-12
 1.53815e+16	6.93e-11	2.05e-06	5.15e-03	3.71e-01	5.91e-01	3.27e-02	2.28e-04	0.00e+00	0.00e+00	5.10e-11	1.23e-11	5.83e-12
 1.73934e+16	9.02e-11	2.50e-06	5.88e-03	3.90e-01	5.74e-01	2.96e-02	1.90e-04	0.00e+00	0.00e+00	6.64e-11	1.60e-11	7.60e-12
 1.96011e+16	1.19e-10	3.06e-06	6.76e-03	4.11e-01	5.56e-01	2.65e-02	1.56e-04	0.00e+00	0.00e+00	8.75e-11	2.11e-11	1.00e-11
 2.16651e+16	1.52e-10	3.68e-06	7.67e-03	4.30e-01	5.38e-01	2.40e-02	1.30e-04	0.00e+00	0.00e+00	1.12e-10	2.70e-11	1.28e-11
 2.39030e+16	1.99e-10	4.48e-06	8.76e-03	4.50e-01	5.20e-01	2.16e-02	1.07e-04	0.00e+00	0.00e+00	1.46e-10	3.52e-11	1.68e-11
 2.63732e+16	2.63e-10	5.51e-06	1.01e-02	4.72e-01	4.99e-01	1.92e-02	8.71e-05	0.00e+00	0.00e+00	1.94e-10	4.65e-11	2.22e-11
 2.86938e+16	3.39e-10	6.64e-06	1.15e-02	4.92e-01	4.80e-01	1.72e-02	7.19e-05	0.00e+00	0.00e+00	2.50e-10	5.99e-11	2.87e-11
 3.11966e+16	4.46e-10	8.11e-06	1.31e-02	5.12e-01	4.59e-01	1.53e-02	5.85e-05	0.00e+00	0.00e+00	3.29e-10	7.87e-11	3.77e-11
 3.39396e+16	5.93e-10	9.99e-06	1.51e-02	5.34e-01	4.37e-01	1.35e-02	4.70e-05	0.00e+00	0.00e+00	4.37e-10	1.05e-10	5.03e-11
 3.65101e+16	7.68e-10	1.21e-05	1.72e-02	5.54e-01	4.17e-01	1.20e-02	3.83e-05	0.00e+00	0.00e+00	5.66e-10	1.35e-10	6.52e-11
 3.92916e+16	1.02e-09	1.49e-05	1.97e-02	5.75e-01	3.95e-01	1.05e-02	3.08e-05	0.00e+00	0.00e+00	7.52e-10	1.80e-10	8.66e-11
 4.23272e+16	1.37e-09	1.84e-05	2.28e-02	5.96e-01	3.72e-01	9.15e-03	2.43e-05	0.00e+00	0.00e+00	1.01e-09	2.41e-10	1.17e-10
 4.51372e+16	1.79e-09	2.24e-05	2.60e-02	6.14e-01	3.52e-01	8.04e-03	1.96e-05	0.00e+00	0.00e+00	1.32e-09	3.15e-10	1.53e-10
 4.74483e+16	2.22e-09	2.63e-05	2.90e-02	6.29e-01	3.35e-01	7.23e-03	1.65e-05	0.00e+00	0.00e+00	1.63e-09	3.90e-10	1.89e-10
 4.93528e+16	2.66e-09	3.00e-05	3.16e-02	6.40e-01	3.22e-01	6.62e-03	1.43e-05	0.00e+00	0.00e+00	1.96e-09	4.67e-10	2.27e-10
 5.13689e+16	3.22e-09	3.46e-05	3.47e-02	6.51e-01	3.08e-01	6.03e-03	1.22e-05	0.00e+00	0.00e+00	2.38e-09	5.66e-10	2.76e-10
 5.34435e+16	3.92e-09	3.99e-05	3.81e-02	6.62e-01	2.94e-01	5.47e-03	1.05e-05	0.00e+00	0.00e+00	2.89e-09	6.88e-10	3.35e-10
 5.53107e+16	4.68e-09	4.56e-05	4.15e-02	6.72e-01	2.82e-01	5.01e-03	9.10e-06	0.00e+00	0.00e+00	3.45e-09	8.21e-10	4.01e-10
 5.69911e+16	5.50e-09	5.13e-05	4.48e-02	6.80e-01	2.71e-01	4.63e-03	8.02e-06	0.00e+00	0.00e+00	4.05e-09	9.64e-10	4.71e-10
 5.85035e+16	6.37e-09	5.72e-05	4.80e-02	6.86e-01	2.61e-01	4.30e-03	7.15e-06	0.00e+00	0.00e+00	4.70e-09	1.12e-09	5.46e-10
 5.98647e+16	7.28e-09	6.32e-05	5.11e-02	6.92e-01	2.53e-01	4.03e-03	6.45e-06	0.00e+00	0.00e+00	5.37e-09	1.28e-09	6.24e-10
 6.10898e+16	8.22e-09	6.92e-05	5.40e-02	6.97e-01	2.45e-01	3.80e-03	5.88e-06	0.00e+00	0.00e+00	6.06e-09	1.44e-09	7.06e-10
 6.21923e+16	9.18e-09	7.51e-05	5.68e-02	7.01e-01	2.39e-01	3.60e-03	5.40e-06	0.00e+00	0.00e+00	6.77e-09	1.61e-09	7.89e-10
 6.31846e+16	1.02e-08	8.10e-05	5.95e-02	7.04e-01	2.33e-01	3.43e-03	5.01e-06	0.00e+00	0.00e+00	7.49e-09	1.78e-09	8.73e-10
 6.40776e+16	1.11e-08	8.68e-05	6.20e-02	7.07e-01	2.27e-01	3.28e-03	4.68e-06	0.00e+00	0.00e+00	8.22e-09	1.95e-09	9.58e-10
 6.48814e+16	1.21e-08	9.25e-05	6.44e-02	7.10e-01	2.22e-01	3.15e-03	4.40e-06	0.00e+00	0.00e+00	8.94e-09	2.12e-09	1.04e-09
 6.56227e+16	1.31e-08	9.78e-05	6.67e-02	7.12e-01	2.18e-01	3.03e-03	4.15e-06	0.00e+00	0.00e+00	9.64e-09	2.29e-09	1.12e-09
 6.63438e+16	1.41e-08	1.04e-04	6.90e-02	7.14e-01	2.14e-01	2.92e-03	3.92e-06	0.00e+00	0.00e+00	1.04e-08	2.47e-09	1.22e-09
 6.70650e+16	1.53e-08	1.10e-04	7.15e-02	7.16e-01	2.10e-01	2.82e-03	3.71e-06	0.00e+00	0.00e+00	1.13e-08	2.68e-09	1.32e-09
 6.77862e+16	1.66e-08	1.17e-04	7.40e-02	7.18e-01	2.05e-01	2.71e-03	3.50e-06	0.00e+00	0.00e+00	1.22e-08	2.90e-09	1.43e-09
 6.85073e+16	1.80e-08	1.24e-04	7.67e-02	7.19e-01	2.01e-01	2.61e-03	3.31e-06	0.00e+00	0.00e+00	1.33e-08	3.15e-09	1.55e-09
 6.92285e+16	1.96e-08	1.32e-04	7.94e-02	7.21e-01	1.97e-01	2.51e-03	3.12e-06	0.00e+00	0.00e+00	1.44e-08	3.43e-09	1.69e-09
 6.99496e+16	2.14e-08	1.41e-04	8.23e-02	7.22e-01	1.93e-01	2.42e-03	2.94e-06	0.00e+00	0.00e+00	1.57e-08	3.74e-09	1.84e-09
 7.06708e+16	2.34e-08	1.51e-04	8.53e-02	7.24e-01	1.89e-01	2.33e-03	2.78e-06	0.00e+00	0.00e+00	1.72e-08	4.09e-09	2.01e-09
 7.13919e+16	2.57e-08	1.62e-04	8.85e-02	7.25e-01	1.85e-01	2.24e-03	2.62e-06	0.00e+00	0.00e+00	1.89e-08	4.49e-09	2.22e-09
 7.19338e+16	2.85e-08	1.75e-04	9.10e-02	7.25e-01	1.82e-01	2.17e-03	2.50e-06	0.00e+00	0.00e+00	2.10e-08	4.98e-09	2.46e-09
