#depth	O	O+	O+2	O+3	O+4	O+5	O+6	O+7	O+8	O[1]	O[2]	O[3]
 2.05628e+14	1.48e-11	5.02e-07	1.60e-03	2.05e-01	6.93e-01	9.78e-02	2.30e-03	0.00e+00	0.00e+00	1.10e-11	2.56e-12	1.22e-12
 1.22122e+15	1.80e-11	5.81e-07	1.77e-03	2.14e-01	6.89e-01	9.25e-02	2.06e-03	0.00e+00	0.00e+00	1.34e-11	3.10e-12	1.49e-12
 2.87353e+15	2.38e-11	7.19e-07	2.06e-03	2.30e-01	6.81e-01	8.49e-02	1.72e-03	0.00e+00	0.00e+00	1.77e-11	4.09e-12	1.97e-12
 4.59194e+15	3.15e-11	8.90e-07	2.41e-03	2.47e-01	6.72e-01	7.76e-02	1.44e-03	0.00e+00	0.00e+00	2.35e-11	5.40e-12	2.60e-12
 6.24213e+15	4.06e-11	1.08e-06	2.78e-03	2.63e-01	6.62e-01	7.13e-02	1.22e-03	0.00e+00	0.00e+00	3.02e-11	6.95e-12	3.35e-12
 7.77030e+15	5.10e-11	1.28e-06	3.15e-03	2.78e-01	6.52e-01	6.59e-02	1.05e-03	0.00e+00	0.00e+00	3.80e-11	8.71e-12	4.21e-12
 9.49656e+15	6.56e-11	1.54e-06	3.61e-03	2.95e-01	6.40e-01	6.04e-02	8.82e-04	0.00e+00	0.00e+00	4.89e-11	1.12e-11	5.43e-12
 1.14799e+16	8.75e-11	1.92e-06	4.21e-03	3.14e-01	6.26e-01	5.47e-02	7.29e-04	0.00e+00	0.00e+00	6.52e-11	1.49e-11	7.25e-12
 1.34169e+16	1.15e-10	2.35e-06	4.85e-03	3.33e-01	6.12e-01	4.97e-02	6.08e-04	0.00e+00	0.00e+00	8.55e-11	1.96e-11	9.50e-12
 1.51608e+16	1.45e-10	2.79e-06	5.48e-03	3.49e-01	5.99e-01	4.57e-02	5.18e-04	0.00e+00	0.00e+00	1.08e-10	2.47e-11	1.20e-11
 1.70422e+16	1.87e-10	3.37e-06	6.23e-03	3.67e-01	5.84e-01	4.17e-02	4.36e-04	0.00e+00	0.00e+00	1.39e-10	3.18e-11	1.55e-11
 1.91522e+16	2.45e-10	4.12e-06	7.16e-03	3.87e-01	5.67e-01	3.77e-02	3.61e-04	0.00e+00	0.00e+00	1.82e-10	4.16e-11	2.03e-11
 2.11505e+16	3.13e-10	4.94e-06	8.12e-03	4.06e-01	5.51e-01	3.43e-02	3.03e-04	0.00e+00	0.00e+00	2.34e-10	5.33e-11	2.61e-11
 2.33391e+16	4.10e-10	6.02e-06	9.29e-03	4.26e-01	5.34e-01	3.09e-02	2.51e-04	0.00e+00	0.00e+00	3.06e-10	6.97e-11	3.42e-11
 2.57428e+16	5.42e-10	7.39e-06	1.07e-02	4.47e-01	5.14e-01	2.76e-02	2.05e-04	0.00e+00	0.00e+00	4.04e-10	9.20e-11	4.52e-11
 2.79509e+16	6.95e-10	8.87e-06	1.21e-02	4.66e-01	4.96e-01	2.49e-02	1.70e-04	0.00e+00	0.00e+00	5.18e-10	1.18e-10	5.80e-11
 3.03465e+16	9.11e-10	1.08e-05	1.39e-02	4.87e-01	4.77e-01	2.23e-02	1.40e-04	0.00e+00	0.00e+00	6.80e-10	1.54e-10	7.61e-11
 3.29941e+16	1.21e-09	1.33e-05	1.60e-02	5.08e-01	4.56e-01	1.98e-02	1.13e-04	0.00e+00	0.00e+00	9.00e-10	2.04e-10	1.01e-10
 3.54552e+16	1.56e-09	1.60e-05	1.82e-02	5.28e-01	4.36e-01	1.77e-02	9.27e-05	0.00e+00	0.00e+00	1.16e-09	2.63e-10	1.30e-10
 3.81408e+16	2.07e-09	1.97e-05	2.09e-02	5.48e-01	4.15e-01	1.56e-02	7.49e-05	0.00e+00	0.00e+00	1.54e-09	3.49e-10	1.73e-10
 4.07255e+16	2.65e-09	2.37e-05	2.37e-02	5.67e-01	3.95e-01	1.39e-02	6.13e-05	0.00e+00	0.00e+00	1.98e-09	4.47e-10	2.22e-10
 4.26481e+16	3.19e-09	2.72e-05	2.60e-02	5.80e-01	3.81e-01	1.27e-02	5.29e-05	0.00e+00	0.00e+00	2.38e-09	5.38e-10	2.68e-10
 4.46162e+16	3.88e-09	3.14e-05	2.86e-02	5.93e-01	3.66e-01	1.16e-02	4.54e-05	0.00e+00	0.00e+00	2.90e-09	6.56e-10	3.27e-10
 4.70479e+16	4.94e-09	3.74e-05	3.22e-02	6.09e-01	3.49e-01	1.04e-02	3.76e-05	0.00e+00	0.00e+00	3.68e-09	8.33e-10	4.16e-10
 4.95058e+16	6.23e-09	4.44e-05	3.61e-02	6.24e-01	3.31e-01	9.25e-03	3.12e-05	0.00e+00	0.00e+00	4.64e-09	1.05e-09	5.25e-10
 5.16605e+16	7.66e-09	5.17e-05	3.99e-02	6.36e-01	3.16e-01	8.36e-03	2.65e-05	0.00e+00	0.00e+00	5.71e-09	1.29e-09	6.47e-10
 5.36486e+16	9.28e-09	5.96e-05	4.37e-02	6.46e-01	3.02e-01	7.62e-03	2.28e-05	0.00e+00	0.00e+00	6.92e-09	1.56e-09	7.84e-10
 5.54952e+16	1.11e-08	6.80e-05	4.77e-02	6.55e-01	2.90e-01	6.98e-03	1.98e-05	0.00e+00	0.00e+00	8.27e-09	1.87e-09	9.38e-10
 5.71572e+16	1.30e-08	7.68e-05	5.15e-02	6.63e-01	2.79e-01	6.45e-03	1.74e-05	0.00e+00	0.00e+00	9.73e-09	2.20e-09	1.10e-09
 5.86530e+16	1.51e-08	8.57e-05	5.52e-02	6.70e-01	2.69e-01	6.00e-03	1.55e-05	0.00e+00	0.00e+00	1.13e-08	2.55e-09	1.28e-09
 5.99992e+16	1.73e-08	9.48e-05	5.88e-02	6.75e-01	2.60e-01	5.62e-03	1.40e-05	0.00e+00	0.00e+00	1.29e-08	2.92e-09	1.47e-09
 6.12108e+16	1.96e-08	1.04e-04	6.22e-02	6.80e-01	2.53e-01	5.29e-03	1.28e-05	0.00e+00	0.00e+00	1.46e-08	3.30e-09	1.66e-09
 6.23013e+16	2.19e-08	1.13e-04	6.54e-02	6.84e-01	2.46e-01	5.01e-03	1.17e-05	0.00e+00	0.00e+00	1.64e-08	3.69e-09	1.86e-09
 6.32826e+16	2.43e-08	1.22e-04	6.86e-02	6.87e-01	2.40e-01	4.77e-03	1.09e-05	0.00e+00	0.00e+00	1.82e-08	4.09e-09	2.07e-09
 6.41659e+16	2.68e-08	1.31e-04	7.15e-02	6.90e-01	2.34e-01	4.56e-03	1.01e-05	0.00e+00	0.00e+00	2.00e-08	4.50e-09	2.27e-09
 6.49608e+16	2.90e-08	1.39e-04	7.42e-02	6.92e-01	2.29e-01	4.38e-03	9.53e-06	0.00e+00	0.00e+00	2.16e-08	4.88e-09	2.47e-09
 6.56979e+16	3.15e-08	1.48e-04	7.69e-02	6.94e-01	2.25e-01	4.22e-03	8.98e-06	0.00e+00	0.00e+00	2.35e-08	5.30e-09	2.68e-09
 6.64191e+16	3.42e-08	1.57e-04	7.97e-02	6.96e-01	2.20e-01	4.06e-03	8.48e-06	0.00e+00	0.00e+00	2.55e-08	5.75e-09	2.91e-09
 6.71403e+16	3.72e-08	1.68e-04	8.26e-02	6.98e-01	2.16e-01	3.91e-03	8.00e-06	0.00e+00	0.00e+00	2.77e-08	6.24e-09	3.16e-09
 6.78614e+16	4.04e-08	1.78e-04	8.55e-02	6.99e-01	2.11e-01	3.76e-03	7.54e-06	0.00e+00	0.00e+00	3.02e-08	6.79e-09	3.44e-09
 6.85826e+16	4.41e-08	1.90e-04	8.87e-02	7.01e-01	2.07e-01	3.62e-03	7.11e-06	0.00e+00	0.00e+00	3.29e-08	7.41e-09	3.75e-09
 6.93037e+16	4.82e-08	2.03e-04	9.19e-02	7.02e-01	2.03e-01	3.48e-03	6.70e-06	0.00e+00	0.00e+00	3.59e-08	8.09e-09	4.10e-09
 7.00249e+16	5.28e-08	2.18e-04	9.53e-02	7.03e-01	1.98e-01	3.35e-03	6.31e-06	0.00e+00	0.00e+00	3.93e-08	8.86e-09	4.50e-09
 7.07460e+16	5.80e-08	2.34e-04	9.89e-02	7.04e-01	1.94e-01	3.21e-03	5.94e-06	0.00e+00	0.00e+00	4.33e-08	9.75e-09	4.95e-09
 7.14672e+16	6.43e-08	2.52e-04	1.03e-01	7.04e-01	1.90e-01	3.08e-03	5.58e-06	0.00e+00	0.00e+00	4.80e-08	1.08e-08	5.48e-09
 7.19715e+16	7.20e-08	2.74e-04	1.05e-01	7.05e-01	1.87e-01	3.00e-03	5.34e-06	0.00e+00	0.00e+00	5.37e-08	1.21e-08	6.14e-09
