#depth	N	N+	N+2	N+3	N+4	N+5	N+6	N+7
 2.34955e+14	5.80e-10	4.10e-06	3.39e-03	1.46e-01	3.69e-01	4.82e-01	1.97e-07	0.00e+00
 1.28104e+15	6.72e-10	4.82e-06	3.83e-03	1.57e-01	3.77e-01	4.63e-01	1.85e-07	0.00e+00
 2.93575e+15	8.88e-10	6.08e-06	4.59e-03	1.74e-01	3.88e-01	4.34e-01	1.77e-07	0.00e+00
 4.65665e+15	1.17e-09	7.67e-06	5.50e-03	1.92e-01	3.98e-01	4.04e-01	1.69e-07	0.00e+00
 6.25866e+15	1.49e-09	9.37e-06	6.44e-03	2.09e-01	4.06e-01	3.78e-01	1.59e-07	0.00e+00
 7.66960e+15	1.83e-09	1.11e-05	7.36e-03	2.25e-01	4.12e-01	3.56e-01	1.55e-07	0.00e+00
 9.24796e+15	2.29e-09	1.34e-05	8.49e-03	2.42e-01	4.17e-01	3.32e-01	1.47e-07	0.00e+00
 1.11446e+16	2.94e-09	1.65e-05	9.99e-03	2.63e-01	4.22e-01	3.05e-01	1.39e-07	0.00e+00
 1.30463e+16	3.74e-09	2.01e-05	1.16e-02	2.84e-01	4.24e-01	2.80e-01	1.30e-07	0.00e+00
 1.47950e+16	4.64e-09	2.40e-05	1.33e-02	3.03e-01	4.25e-01	2.58e-01	0.00e+00	0.00e+00
 1.64478e+16	5.65e-09	2.81e-05	1.50e-02	3.21e-01	4.25e-01	2.39e-01	0.00e+00	0.00e+00
 1.82911e+16	7.00e-09	3.35e-05	1.71e-02	3.41e-01	4.23e-01	2.19e-01	0.00e+00	0.00e+00
 2.03237e+16	8.75e-09	4.02e-05	1.95e-02	3.62e-01	4.20e-01	1.98e-01	0.00e+00	0.00e+00
 2.22047e+16	1.06e-08	4.71e-05	2.20e-02	3.81e-01	4.16e-01	1.81e-01	0.00e+00	0.00e+00
 2.38721e+16	1.26e-08	5.39e-05	2.42e-02	3.97e-01	4.12e-01	1.67e-01	0.00e+00	0.00e+00
 2.56595e+16	1.51e-08	6.24e-05	2.69e-02	4.14e-01	4.06e-01	1.53e-01	0.00e+00	0.00e+00
 2.76354e+16	1.81e-08	7.24e-05	3.00e-02	4.32e-01	3.99e-01	1.39e-01	0.00e+00	0.00e+00
 2.94826e+16	2.15e-08	8.29e-05	3.30e-02	4.49e-01	3.92e-01	1.27e-01	0.00e+00	0.00e+00
 3.15101e+16	2.58e-08	9.60e-05	3.67e-02	4.66e-01	3.83e-01	1.14e-01	0.00e+00	0.00e+00
 3.37189e+16	3.13e-08	1.12e-04	4.08e-02	4.83e-01	3.73e-01	1.03e-01	0.00e+00	0.00e+00
 3.57110e+16	3.68e-08	1.27e-04	4.47e-02	4.98e-01	3.64e-01	9.29e-02	0.00e+00	0.00e+00
 3.78486e+16	4.41e-08	1.47e-04	4.92e-02	5.14e-01	3.53e-01	8.34e-02	0.00e+00	0.00e+00
 4.01946e+16	5.30e-08	1.69e-04	5.45e-02	5.30e-01	3.42e-01	7.41e-02	0.00e+00	0.00e+00
 4.23798e+16	6.28e-08	1.93e-04	5.95e-02	5.44e-01	3.30e-01	6.65e-02	0.00e+00	0.00e+00
 4.44678e+16	7.37e-08	2.19e-04	6.47e-02	5.56e-01	3.19e-01	5.99e-02	0.00e+00	0.00e+00
 4.68387e+16	8.85e-08	2.52e-04	7.10e-02	5.69e-01	3.07e-01	5.30e-02	0.00e+00	0.00e+00
 4.93663e+16	1.06e-07	2.91e-04	7.80e-02	5.81e-01	2.94e-01	4.67e-02	0.00e+00	0.00e+00
 5.16412e+16	1.26e-07	3.30e-04	8.46e-02	5.92e-01	2.82e-01	4.16e-02	0.00e+00	0.00e+00
 5.36886e+16	1.46e-07	3.69e-04	9.09e-02	6.00e-01	2.71e-01	3.75e-02	0.00e+00	0.00e+00
 5.55312e+16	1.67e-07	4.09e-04	9.69e-02	6.07e-01	2.62e-01	3.41e-02	0.00e+00	0.00e+00
 5.71896e+16	1.88e-07	4.48e-04	1.02e-01	6.13e-01	2.53e-01	3.13e-02	0.00e+00	0.00e+00
 5.86822e+16	2.11e-07	4.86e-04	1.08e-01	6.17e-01	2.46e-01	2.89e-02	0.00e+00	0.00e+00
 6.00255e+16	2.33e-07	5.24e-04	1.13e-01	6.21e-01	2.39e-01	2.70e-02	0.00e+00	0.00e+00
 6.12345e+16	2.56e-07	5.61e-04	1.17e-01	6.24e-01	2.33e-01	2.53e-02	0.00e+00	0.00e+00
 6.23225e+16	2.78e-07	5.97e-04	1.21e-01	6.27e-01	2.27e-01	2.39e-02	0.00e+00	0.00e+00
 6.33018e+16	3.00e-07	6.31e-04	1.25e-01	6.29e-01	2.22e-01	2.26e-02	0.00e+00	0.00e+00
 6.41831e+16	3.21e-07	6.62e-04	1.29e-01	6.31e-01	2.18e-01	2.16e-02	0.00e+00	0.00e+00
 6.49763e+16	3.42e-07	6.94e-04	1.32e-01	6.32e-01	2.14e-01	2.07e-02	0.00e+00	0.00e+00
 6.57126e+16	3.64e-07	7.25e-04	1.35e-01	6.34e-01	2.11e-01	1.99e-02	0.00e+00	0.00e+00
 6.64338e+16	3.87e-07	7.57e-04	1.38e-01	6.35e-01	2.07e-01	1.91e-02	0.00e+00	0.00e+00
 6.71549e+16	4.12e-07	7.91e-04	1.42e-01	6.36e-01	2.04e-01	1.83e-02	0.00e+00	0.00e+00
 6.78761e+16	4.39e-07	8.27e-04	1.45e-01	6.37e-01	2.00e-01	1.76e-02	0.00e+00	0.00e+00
 6.85972e+16	4.68e-07	8.66e-04	1.48e-01	6.37e-01	1.97e-01	1.68e-02	0.00e+00	0.00e+00
 6.93184e+16	5.01e-07	9.08e-04	1.52e-01	6.38e-01	1.93e-01	1.62e-02	0.00e+00	0.00e+00
 7.00396e+16	5.40e-07	9.56e-04	1.56e-01	6.39e-01	1.90e-01	1.54e-02	0.00e+00	0.00e+00
 7.07607e+16	5.84e-07	1.01e-03	1.59e-01	6.39e-01	1.86e-01	1.48e-02	0.00e+00	0.00e+00
 7.14819e+16	6.40e-07	1.07e-03	1.63e-01	6.39e-01	1.82e-01	1.41e-02	0.00e+00	0.00e+00
 7.19788e+16	7.12e-07	1.15e-03	1.67e-01	6.39e-01	1.80e-01	1.35e-02	0.00e+00	0.00e+00
