#depth	C	C+	C+2	C+3	C+4	C+5	C+6	C[1]	C[2]	C[3]	C+[1]	C+[2]	CO
 2.40541e+14	2.57e-10	2.63e-06	2.09e-03	4.73e-02	9.51e-01	1.84e-07	0.00e+00	2.55e-11	7.71e-11	1.31e-10	8.72e-07	1.75e-06	6.68e-34
 1.29244e+15	2.64e-10	3.02e-06	2.30e-03	4.99e-02	9.48e-01	1.80e-07	0.00e+00	2.62e-11	7.92e-11	1.35e-10	1.00e-06	2.02e-06	1.03e-33
 2.94760e+15	3.41e-10	3.73e-06	2.68e-03	5.43e-02	9.43e-01	1.82e-07	0.00e+00	3.37e-11	1.02e-10	1.74e-10	1.24e-06	2.49e-06	2.04e-33
 4.66897e+15	4.41e-10	4.62e-06	3.12e-03	5.90e-02	9.38e-01	1.84e-07	0.00e+00	4.37e-11	1.32e-10	2.25e-10	1.53e-06	3.08e-06	4.03e-33
 6.34744e+15	5.60e-10	5.62e-06	3.59e-03	6.38e-02	9.33e-01	1.83e-07	0.00e+00	5.56e-11	1.68e-10	2.86e-10	1.87e-06	3.75e-06	7.51e-33
 7.93996e+15	7.01e-10	6.75e-06	4.10e-03	6.85e-02	9.27e-01	1.86e-07	0.00e+00	6.95e-11	2.10e-10	3.57e-10	2.24e-06	4.51e-06	1.33e-32
 9.70795e+15	8.87e-10	8.19e-06	4.72e-03	7.40e-02	9.21e-01	1.88e-07	0.00e+00	8.79e-11	2.66e-10	4.52e-10	2.72e-06	5.47e-06	2.48e-32
 1.16508e+16	1.14e-09	1.01e-05	5.48e-03	8.03e-02	9.14e-01	1.90e-07	0.00e+00	1.13e-10	3.41e-10	5.80e-10	3.34e-06	6.72e-06	4.77e-32
 1.34802e+16	1.43e-09	1.21e-05	6.26e-03	8.65e-02	9.07e-01	1.92e-07	0.00e+00	1.41e-10	4.28e-10	7.27e-10	4.03e-06	8.10e-06	8.68e-32
 1.54318e+16	1.81e-09	1.47e-05	7.21e-03	9.34e-02	8.99e-01	1.96e-07	0.00e+00	1.79e-10	5.43e-10	9.22e-10	4.90e-06	9.84e-06	1.62e-31
 1.75745e+16	2.31e-09	1.81e-05	8.35e-03	1.01e-01	8.90e-01	1.99e-07	0.00e+00	2.29e-10	6.93e-10	1.18e-09	6.00e-06	1.21e-05	3.08e-31
 1.95970e+16	2.87e-09	2.17e-05	9.53e-03	1.09e-01	8.81e-01	1.99e-07	0.00e+00	2.85e-10	8.63e-10	1.47e-09	7.22e-06	1.45e-05	5.56e-31
 2.17784e+16	3.63e-09	2.64e-05	1.10e-02	1.18e-01	8.71e-01	2.00e-07	0.00e+00	3.61e-10	1.09e-09	1.85e-09	8.77e-06	1.76e-05	1.04e-30
 2.41783e+16	4.63e-09	3.23e-05	1.27e-02	1.28e-01	8.59e-01	2.03e-07	0.00e+00	4.60e-10	1.39e-09	2.36e-09	1.08e-05	2.16e-05	1.99e-30
 2.64625e+16	5.76e-09	3.89e-05	1.46e-02	1.38e-01	8.48e-01	2.03e-07	0.00e+00	5.73e-10	1.73e-09	2.94e-09	1.29e-05	2.60e-05	3.60e-30
 2.89127e+16	7.28e-09	4.73e-05	1.68e-02	1.49e-01	8.34e-01	2.05e-07	0.00e+00	7.24e-10	2.19e-09	3.72e-09	1.57e-05	3.16e-05	6.71e-30
 3.15885e+16	9.25e-09	5.80e-05	1.95e-02	1.62e-01	8.19e-01	2.09e-07	0.00e+00	9.20e-10	2.78e-09	4.73e-09	1.93e-05	3.87e-05	1.28e-29
 3.41408e+16	1.15e-08	6.98e-05	2.23e-02	1.74e-01	8.03e-01	2.08e-07	0.00e+00	1.14e-09	3.46e-09	5.87e-09	2.32e-05	4.65e-05	2.32e-29
 3.68794e+16	1.45e-08	8.50e-05	2.57e-02	1.88e-01	7.86e-01	2.09e-07	0.00e+00	1.44e-09	4.37e-09	7.42e-09	2.83e-05	5.67e-05	4.33e-29
 3.98542e+16	1.85e-08	1.04e-04	2.98e-02	2.04e-01	7.66e-01	2.12e-07	0.00e+00	1.84e-09	5.57e-09	9.46e-09	3.47e-05	6.95e-05	8.28e-29
 4.26788e+16	2.30e-08	1.26e-04	3.42e-02	2.19e-01	7.46e-01	2.13e-07	0.00e+00	2.29e-09	6.94e-09	1.18e-08	4.19e-05	8.38e-05	1.50e-28
 4.50273e+16	2.74e-08	1.46e-04	3.81e-02	2.33e-01	7.29e-01	2.13e-07	0.00e+00	2.73e-09	8.26e-09	1.40e-08	4.87e-05	9.73e-05	2.38e-28
 4.69384e+16	3.17e-08	1.65e-04	4.17e-02	2.43e-01	7.15e-01	2.16e-07	0.00e+00	3.16e-09	9.56e-09	1.62e-08	5.51e-05	1.10e-04	3.48e-28
 4.90580e+16	3.72e-08	1.89e-04	4.60e-02	2.56e-01	6.98e-01	2.15e-07	0.00e+00	3.71e-09	1.12e-08	1.91e-08	6.30e-05	1.26e-04	5.37e-28
 5.13490e+16	4.37e-08	2.17e-04	5.09e-02	2.70e-01	6.79e-01	2.16e-07	0.00e+00	4.37e-09	1.32e-08	2.24e-08	7.25e-05	1.45e-04	8.39e-28
 5.34256e+16	5.11e-08	2.47e-04	5.57e-02	2.82e-01	6.62e-01	2.19e-07	0.00e+00	5.10e-09	1.54e-08	2.62e-08	8.24e-05	1.65e-04	1.24e-27
 5.52945e+16	5.85e-08	2.77e-04	6.04e-02	2.94e-01	6.45e-01	2.20e-07	0.00e+00	5.84e-09	1.77e-08	3.00e-08	9.23e-05	1.84e-04	1.77e-27
 5.69766e+16	6.61e-08	3.06e-04	6.49e-02	3.04e-01	6.30e-01	2.21e-07	0.00e+00	6.60e-09	2.00e-08	3.39e-08	1.02e-04	2.04e-04	2.43e-27
 5.84905e+16	7.38e-08	3.35e-04	6.92e-02	3.14e-01	6.17e-01	2.22e-07	0.00e+00	7.37e-09	2.23e-08	3.78e-08	1.12e-04	2.23e-04	3.24e-27
 5.98529e+16	8.15e-08	3.63e-04	7.32e-02	3.22e-01	6.04e-01	2.23e-07	0.00e+00	8.15e-09	2.46e-08	4.18e-08	1.21e-04	2.42e-04	4.18e-27
 6.10792e+16	8.92e-08	3.91e-04	7.71e-02	3.30e-01	5.92e-01	2.24e-07	0.00e+00	8.92e-09	2.70e-08	4.57e-08	1.31e-04	2.61e-04	5.28e-27
 6.21828e+16	9.69e-08	4.18e-04	8.07e-02	3.37e-01	5.82e-01	2.24e-07	0.00e+00	9.69e-09	2.93e-08	4.97e-08	1.40e-04	2.78e-04	6.48e-27
 6.31760e+16	1.04e-07	4.43e-04	8.40e-02	3.43e-01	5.72e-01	2.25e-07	0.00e+00	1.04e-08	3.15e-08	5.35e-08	1.48e-04	2.95e-04	7.82e-27
 6.40699e+16	1.12e-07	4.68e-04	8.72e-02	3.49e-01	5.63e-01	2.26e-07	0.00e+00	1.12e-08	3.37e-08	5.72e-08	1.56e-04	3.12e-04	9.28e-27
 6.48744e+16	1.19e-07	4.91e-04	9.01e-02	3.54e-01	5.55e-01	2.27e-07	0.00e+00	1.19e-08	3.59e-08	6.09e-08	1.64e-04	3.27e-04	1.08e-26
 6.56161e+16	1.26e-07	5.13e-04	9.29e-02	3.59e-01	5.48e-01	2.28e-07	0.00e+00	1.26e-08	3.80e-08	6.44e-08	1.71e-04	3.42e-04	1.24e-26
 6.63373e+16	1.33e-07	5.36e-04	9.57e-02	3.63e-01	5.41e-01	2.29e-07	0.00e+00	1.33e-08	4.02e-08	6.81e-08	1.79e-04	3.57e-04	1.43e-26
 6.70584e+16	1.40e-07	5.60e-04	9.85e-02	3.68e-01	5.33e-01	2.30e-07	0.00e+00	1.41e-08	4.25e-08	7.21e-08	1.87e-04	3.73e-04	1.65e-26
 6.77796e+16	1.49e-07	5.86e-04	1.01e-01	3.72e-01	5.25e-01	2.31e-07	0.00e+00	1.49e-08	4.50e-08	7.64e-08	1.96e-04	3.90e-04	1.91e-26
 6.85007e+16	1.58e-07	6.12e-04	1.05e-01	3.77e-01	5.18e-01	2.31e-07	0.00e+00	1.58e-08	4.77e-08	8.09e-08	2.05e-04	4.08e-04	2.21e-26
 6.92219e+16	1.67e-07	6.41e-04	1.08e-01	3.82e-01	5.10e-01	2.33e-07	0.00e+00	1.68e-08	5.07e-08	8.59e-08	2.14e-04	4.27e-04	2.55e-26
 6.99430e+16	1.78e-07	6.71e-04	1.11e-01	3.86e-01	5.02e-01	2.34e-07	0.00e+00	1.79e-08	5.40e-08	9.15e-08	2.24e-04	4.47e-04	2.98e-26
 7.06642e+16	1.90e-07	7.02e-04	1.14e-01	3.91e-01	4.94e-01	2.35e-07	0.00e+00	1.90e-08	5.75e-08	9.74e-08	2.35e-04	4.68e-04	3.46e-26
 7.13853e+16	2.03e-07	7.37e-04	1.18e-01	3.95e-01	4.86e-01	2.36e-07	0.00e+00	2.04e-08	6.15e-08	1.04e-07	2.46e-04	4.91e-04	4.06e-26
 7.19305e+16	2.18e-07	7.71e-04	1.20e-01	3.99e-01	4.80e-01	2.37e-07	0.00e+00	2.18e-08	6.59e-08	1.12e-07	2.58e-04	5.13e-04	4.79e-26
