#depth	He	He+	He+2
 3.30316e+14	8.02e-07	5.62e-03	9.94e-01
 1.47558e+15	9.03e-07	5.97e-03	9.94e-01
 3.13807e+15	1.07e-06	6.48e-03	9.94e-01
 4.86706e+15	1.26e-06	7.04e-03	9.93e-01
 6.36567e+15	1.44e-06	7.54e-03	9.92e-01
 7.52413e+15	1.59e-06	7.94e-03	9.92e-01
 8.76909e+15	1.78e-06	8.39e-03	9.92e-01
 1.03875e+16	2.04e-06	8.99e-03	9.91e-01
 1.21060e+16	2.34e-06	9.65e-03	9.90e-01
 1.36162e+16	2.63e-06	1.02e-02	9.90e-01
 1.49726e+16	2.91e-06	1.08e-02	9.89e-01
 1.64671e+16	3.25e-06	1.14e-02	9.89e-01
 1.81338e+16	3.66e-06	1.21e-02	9.88e-01
 1.97365e+16	4.09e-06	1.28e-02	9.87e-01
 2.12789e+16	4.54e-06	1.35e-02	9.86e-01
 2.30309e+16	5.11e-06	1.44e-02	9.86e-01
 2.49926e+16	5.81e-06	1.53e-02	9.85e-01
 2.68479e+16	6.53e-06	1.62e-02	9.84e-01
 2.85649e+16	7.25e-06	1.71e-02	9.83e-01
 3.04814e+16	8.15e-06	1.81e-02	9.82e-01
 3.25953e+16	9.22e-06	1.93e-02	9.81e-01
 3.46234e+16	1.03e-05	2.04e-02	9.80e-01
 3.65881e+16	1.15e-05	2.16e-02	9.78e-01
 3.88129e+16	1.30e-05	2.29e-02	9.77e-01
 4.12423e+16	1.48e-05	2.44e-02	9.76e-01
 4.35467e+16	1.66e-05	2.58e-02	9.74e-01
 4.57864e+16	1.85e-05	2.73e-02	9.73e-01
 4.81547e+16	2.08e-05	2.89e-02	9.71e-01
 5.05447e+16	2.33e-05	3.06e-02	9.69e-01
 5.26958e+16	2.57e-05	3.21e-02	9.68e-01
 5.46378e+16	2.81e-05	3.35e-02	9.66e-01
 5.63855e+16	3.04e-05	3.49e-02	9.65e-01
 5.79585e+16	3.26e-05	3.61e-02	9.64e-01
 5.93741e+16	3.47e-05	3.72e-02	9.63e-01
 6.06482e+16	3.68e-05	3.82e-02	9.62e-01
 6.17949e+16	3.87e-05	3.91e-02	9.61e-01
 6.28270e+16	4.05e-05	4.00e-02	9.60e-01
 6.37558e+16	4.22e-05	4.08e-02	9.59e-01
 6.45917e+16	4.37e-05	4.15e-02	9.58e-01
 6.53483e+16	4.52e-05	4.21e-02	9.58e-01
 6.60694e+16	4.67e-05	4.28e-02	9.57e-01
 6.67906e+16	4.83e-05	4.34e-02	9.57e-01
 6.75117e+16	5.00e-05	4.41e-02	9.56e-01
 6.82329e+16	5.17e-05	4.48e-02	9.55e-01
 6.89540e+16	5.35e-05	4.54e-02	9.55e-01
 6.96752e+16	5.55e-05	4.61e-02	9.54e-01
 7.03963e+16	5.80e-05	4.69e-02	9.53e-01
 7.11175e+16	6.05e-05	4.76e-02	9.52e-01
 7.17966e+16	6.32e-05	4.83e-02	9.52e-01
