#depth	O	O+	O+2	O+3	O+4	O+5	O+6	O+7	O+8	O[1]	O[2]	O[3]
 2.17881e+14	1.71e-11	5.59e-07	1.72e-03	2.12e-01	6.90e-01	9.40e-02	2.12e-03	0.00e+00	0.00e+00	1.29e-11	2.82e-12	1.39e-12
 1.24621e+15	2.08e-11	6.46e-07	1.90e-03	2.22e-01	6.86e-01	8.88e-02	1.90e-03	0.00e+00	0.00e+00	1.57e-11	3.43e-12	1.69e-12
 2.89953e+15	2.76e-11	8.01e-07	2.22e-03	2.38e-01	6.77e-01	8.14e-02	1.59e-03	0.00e+00	0.00e+00	2.08e-11	4.52e-12	2.24e-12
 4.61897e+15	3.65e-11	9.91e-07	2.58e-03	2.55e-01	6.67e-01	7.43e-02	1.33e-03	0.00e+00	0.00e+00	2.75e-11	5.99e-12	2.97e-12
 6.27432e+15	4.72e-11	1.20e-06	2.97e-03	2.71e-01	6.57e-01	6.82e-02	1.12e-03	0.00e+00	0.00e+00	3.55e-11	7.72e-12	3.84e-12
 7.81381e+15	5.94e-11	1.43e-06	3.37e-03	2.86e-01	6.46e-01	6.30e-02	9.59e-04	0.00e+00	0.00e+00	4.48e-11	9.71e-12	4.84e-12
 9.54775e+15	7.66e-11	1.73e-06	3.87e-03	3.03e-01	6.34e-01	5.77e-02	8.08e-04	0.00e+00	0.00e+00	5.78e-11	1.25e-11	6.25e-12
 1.15331e+16	1.02e-10	2.14e-06	4.50e-03	3.23e-01	6.20e-01	5.22e-02	6.67e-04	0.00e+00	0.00e+00	7.70e-11	1.67e-11	8.33e-12
 1.34795e+16	1.34e-10	2.62e-06	5.18e-03	3.42e-01	6.05e-01	4.74e-02	5.55e-04	0.00e+00	0.00e+00	1.01e-10	2.19e-11	1.09e-11
 1.52430e+16	1.70e-10	3.12e-06	5.86e-03	3.59e-01	5.91e-01	4.35e-02	4.72e-04	0.00e+00	0.00e+00	1.28e-10	2.77e-11	1.39e-11
 1.71501e+16	2.20e-10	3.78e-06	6.66e-03	3.77e-01	5.76e-01	3.96e-02	3.96e-04	0.00e+00	0.00e+00	1.66e-10	3.58e-11	1.80e-11
 1.92857e+16	2.89e-10	4.62e-06	7.66e-03	3.97e-01	5.59e-01	3.57e-02	3.27e-04	0.00e+00	0.00e+00	2.18e-10	4.70e-11	2.37e-11
 2.13047e+16	3.71e-10	5.55e-06	8.69e-03	4.16e-01	5.42e-01	3.25e-02	2.74e-04	0.00e+00	0.00e+00	2.80e-10	6.03e-11	3.04e-11
 2.35130e+16	4.87e-10	6.77e-06	9.93e-03	4.36e-01	5.24e-01	2.92e-02	2.26e-04	0.00e+00	0.00e+00	3.68e-10	7.91e-11	4.00e-11
 2.59433e+16	6.47e-10	8.33e-06	1.15e-02	4.58e-01	5.04e-01	2.61e-02	1.84e-04	0.00e+00	0.00e+00	4.88e-10	1.05e-10	5.31e-11
 2.81811e+16	8.31e-10	1.00e-05	1.30e-02	4.77e-01	4.86e-01	2.35e-02	1.53e-04	0.00e+00	0.00e+00	6.27e-10	1.35e-10	6.83e-11
 3.06067e+16	1.09e-09	1.22e-05	1.48e-02	4.97e-01	4.67e-01	2.10e-02	1.25e-04	0.00e+00	0.00e+00	8.24e-10	1.77e-10	8.99e-11
 3.32947e+16	1.46e-09	1.50e-05	1.71e-02	5.19e-01	4.45e-01	1.85e-02	1.01e-04	0.00e+00	0.00e+00	1.10e-09	2.36e-10	1.20e-10
 3.58006e+16	1.89e-09	1.82e-05	1.94e-02	5.38e-01	4.26e-01	1.65e-02	8.23e-05	0.00e+00	0.00e+00	1.42e-09	3.05e-10	1.56e-10
 3.79073e+16	2.32e-09	2.12e-05	2.15e-02	5.54e-01	4.10e-01	1.50e-02	6.98e-05	0.00e+00	0.00e+00	1.75e-09	3.75e-10	1.92e-10
 3.97135e+16	2.78e-09	2.42e-05	2.36e-02	5.67e-01	3.96e-01	1.38e-02	6.06e-05	0.00e+00	0.00e+00	2.10e-09	4.50e-10	2.30e-10
 4.17569e+16	3.43e-09	2.81e-05	2.60e-02	5.81e-01	3.80e-01	1.26e-02	5.16e-05	0.00e+00	0.00e+00	2.59e-09	5.54e-10	2.84e-10
 4.40664e+16	4.29e-09	3.31e-05	2.90e-02	5.96e-01	3.63e-01	1.13e-02	4.32e-05	0.00e+00	0.00e+00	3.24e-09	6.92e-10	3.56e-10
 4.62834e+16	5.31e-09	3.87e-05	3.22e-02	6.10e-01	3.47e-01	1.02e-02	3.64e-05	0.00e+00	0.00e+00	4.01e-09	8.57e-10	4.41e-10
 4.83885e+16	6.49e-09	4.48e-05	3.55e-02	6.23e-01	3.33e-01	9.26e-03	3.10e-05	0.00e+00	0.00e+00	4.90e-09	1.05e-09	5.39e-10
 5.05654e+16	8.01e-09	5.23e-05	3.92e-02	6.35e-01	3.18e-01	8.37e-03	2.63e-05	0.00e+00	0.00e+00	6.04e-09	1.29e-09	6.66e-10
 5.27204e+16	9.82e-09	6.07e-05	4.32e-02	6.46e-01	3.03e-01	7.57e-03	2.23e-05	0.00e+00	0.00e+00	7.41e-09	1.58e-09	8.18e-10
 5.46598e+16	1.18e-08	6.96e-05	4.72e-02	6.56e-01	2.90e-01	6.91e-03	1.93e-05	0.00e+00	0.00e+00	8.92e-09	1.90e-09	9.85e-10
 5.64054e+16	1.40e-08	7.88e-05	5.10e-02	6.64e-01	2.79e-01	6.36e-03	1.69e-05	0.00e+00	0.00e+00	1.06e-08	2.25e-09	1.17e-09
 5.79764e+16	1.63e-08	8.81e-05	5.48e-02	6.70e-01	2.69e-01	5.91e-03	1.50e-05	0.00e+00	0.00e+00	1.23e-08	2.62e-09	1.36e-09
 5.93902e+16	1.87e-08	9.77e-05	5.84e-02	6.76e-01	2.60e-01	5.52e-03	1.35e-05	0.00e+00	0.00e+00	1.41e-08	3.01e-09	1.56e-09
 6.06627e+16	2.12e-08	1.07e-04	6.18e-02	6.81e-01	2.52e-01	5.19e-03	1.22e-05	0.00e+00	0.00e+00	1.60e-08	3.41e-09	1.77e-09
 6.18080e+16	2.38e-08	1.17e-04	6.51e-02	6.85e-01	2.45e-01	4.91e-03	1.12e-05	0.00e+00	0.00e+00	1.80e-08	3.83e-09	1.99e-09
 6.28387e+16	2.65e-08	1.26e-04	6.82e-02	6.88e-01	2.39e-01	4.66e-03	1.03e-05	0.00e+00	0.00e+00	2.00e-08	4.25e-09	2.21e-09
 6.37663e+16	2.92e-08	1.36e-04	7.12e-02	6.91e-01	2.33e-01	4.45e-03	9.62e-06	0.00e+00	0.00e+00	2.20e-08	4.69e-09	2.44e-09
 6.46012e+16	3.17e-08	1.44e-04	7.39e-02	6.94e-01	2.28e-01	4.27e-03	9.02e-06	0.00e+00	0.00e+00	2.39e-08	5.09e-09	2.65e-09
 6.53573e+16	3.44e-08	1.53e-04	7.66e-02	6.96e-01	2.24e-01	4.11e-03	8.51e-06	0.00e+00	0.00e+00	2.59e-08	5.52e-09	2.88e-09
 6.60784e+16	3.72e-08	1.63e-04	7.92e-02	6.97e-01	2.19e-01	3.96e-03	8.03e-06	0.00e+00	0.00e+00	2.81e-08	5.98e-09	3.12e-09
 6.67996e+16	4.03e-08	1.73e-04	8.19e-02	6.99e-01	2.15e-01	3.82e-03	7.59e-06	0.00e+00	0.00e+00	3.04e-08	6.47e-09	3.38e-09
 6.75207e+16	4.37e-08	1.83e-04	8.47e-02	7.01e-01	2.11e-01	3.68e-03	7.17e-06	0.00e+00	0.00e+00	3.30e-08	7.02e-09	3.66e-09
 6.82419e+16	4.75e-08	1.95e-04	8.77e-02	7.02e-01	2.07e-01	3.54e-03	6.76e-06	0.00e+00	0.00e+00	3.58e-08	7.62e-09	3.98e-09
 6.89630e+16	5.17e-08	2.08e-04	9.07e-02	7.03e-01	2.02e-01	3.41e-03	6.38e-06	0.00e+00	0.00e+00	3.90e-08	8.30e-09	4.33e-09
 6.96842e+16	5.64e-08	2.21e-04	9.39e-02	7.04e-01	1.98e-01	3.28e-03	6.02e-06	0.00e+00	0.00e+00	4.25e-08	9.05e-09	4.73e-09
 7.04053e+16	6.17e-08	2.37e-04	9.72e-02	7.05e-01	1.94e-01	3.16e-03	5.67e-06	0.00e+00	0.00e+00	4.65e-08	9.90e-09	5.18e-09
 7.11265e+16	6.82e-08	2.55e-04	1.01e-01	7.06e-01	1.90e-01	3.03e-03	5.34e-06	0.00e+00	0.00e+00	5.14e-08	1.09e-08	5.73e-09
 7.18011e+16	7.58e-08	2.76e-04	1.04e-01	7.07e-01	1.86e-01	2.92e-03	5.04e-06	0.00e+00	0.00e+00	5.72e-08	1.22e-08	6.37e-09
