#depth	He	He+	He+2
 2.33861e+14	1.19e-07	3.33e-03	9.97e-01
 1.27881e+15	1.32e-07	3.51e-03	9.96e-01
 2.93343e+15	1.54e-07	3.79e-03	9.96e-01
 4.65423e+15	1.80e-07	4.10e-03	9.96e-01
 6.35578e+15	2.08e-07	4.41e-03	9.96e-01
 7.95181e+15	2.38e-07	4.71e-03	9.95e-01
 9.69976e+15	2.74e-07	5.07e-03	9.95e-01
 1.16460e+16	3.19e-07	5.48e-03	9.95e-01
 1.35243e+16	3.68e-07	5.88e-03	9.94e-01
 1.52668e+16	4.19e-07	6.27e-03	9.94e-01
 1.71853e+16	4.83e-07	6.74e-03	9.93e-01
 1.93198e+16	5.61e-07	7.26e-03	9.93e-01
 2.13194e+16	6.42e-07	7.77e-03	9.92e-01
 2.35034e+16	7.44e-07	8.38e-03	9.92e-01
 2.59144e+16	8.69e-07	9.06e-03	9.91e-01
 2.81477e+16	9.99e-07	9.72e-03	9.90e-01
 3.05784e+16	1.16e-06	1.05e-02	9.89e-01
 3.32683e+16	1.36e-06	1.14e-02	9.89e-01
 3.57656e+16	1.57e-06	1.23e-02	9.88e-01
 3.84825e+16	1.84e-06	1.33e-02	9.87e-01
 4.10969e+16	2.12e-06	1.44e-02	9.86e-01
 4.30394e+16	2.36e-06	1.52e-02	9.85e-01
 4.50257e+16	2.64e-06	1.61e-02	9.84e-01
 4.74468e+16	3.01e-06	1.74e-02	9.83e-01
 4.98945e+16	3.44e-06	1.86e-02	9.81e-01
 5.20937e+16	3.87e-06	1.99e-02	9.80e-01
 5.40923e+16	4.31e-06	2.11e-02	9.79e-01
 5.58946e+16	4.76e-06	2.23e-02	9.78e-01
 5.75166e+16	5.20e-06	2.35e-02	9.77e-01
 5.89765e+16	5.64e-06	2.46e-02	9.75e-01
 6.02903e+16	6.08e-06	2.56e-02	9.74e-01
 6.14728e+16	6.50e-06	2.66e-02	9.73e-01
 6.25371e+16	6.90e-06	2.75e-02	9.72e-01
 6.34949e+16	7.30e-06	2.84e-02	9.72e-01
 6.43569e+16	7.69e-06	2.92e-02	9.71e-01
 6.51327e+16	8.03e-06	3.00e-02	9.70e-01
 6.58608e+16	8.40e-06	3.08e-02	9.69e-01
 6.65820e+16	8.78e-06	3.16e-02	9.68e-01
 6.73031e+16	9.19e-06	3.24e-02	9.68e-01
 6.80243e+16	9.61e-06	3.32e-02	9.67e-01
 6.87454e+16	1.01e-05	3.41e-02	9.66e-01
 6.94666e+16	1.06e-05	3.50e-02	9.65e-01
 7.01877e+16	1.11e-05	3.60e-02	9.64e-01
 7.09089e+16	1.16e-05	3.70e-02	9.63e-01
 7.16300e+16	1.23e-05	3.80e-02	9.62e-01
 7.20529e+16	1.29e-05	3.86e-02	9.61e-01
