#depth	C	C+	C+2	C+3	C+4	C+5	C+6	C[1]	C[2]	C[3]	C+[1]	C+[2]	CO
 1.84999e+14	2.14e-09	7.93e-06	2.70e-03	4.43e-02	9.53e-01	5.51e-07	0.00e+00	2.13e-10	6.46e-10	1.10e-09	2.63e-06	5.30e-06	1.34e-31
 1.10999e+15	1.78e-09	8.97e-06	2.95e-03	4.66e-02	9.50e-01	5.36e-07	0.00e+00	1.77e-10	5.35e-10	9.11e-10	2.97e-06	5.99e-06	2.00e-31
 2.68872e+15	2.18e-09	1.09e-05	3.42e-03	5.07e-02	9.46e-01	5.43e-07	0.00e+00	2.17e-10	6.56e-10	1.12e-09	3.62e-06	7.29e-06	3.75e-31
 4.39974e+15	2.71e-09	1.34e-05	3.98e-03	5.53e-02	9.41e-01	5.49e-07	0.00e+00	2.70e-10	8.18e-10	1.39e-09	4.44e-06	8.95e-06	7.16e-31
 6.02194e+15	3.31e-09	1.61e-05	4.58e-03	5.98e-02	9.36e-01	5.48e-07	0.00e+00	3.30e-10	9.98e-10	1.70e-09	5.34e-06	1.07e-05	1.27e-30
 7.49389e+15	3.94e-09	1.89e-05	5.18e-03	6.41e-02	9.31e-01	5.63e-07	0.00e+00	3.93e-10	1.19e-09	2.02e-09	6.28e-06	1.26e-05	2.10e-30
 9.15454e+15	4.84e-09	2.26e-05	5.94e-03	6.92e-02	9.25e-01	5.67e-07	0.00e+00	4.83e-10	1.46e-09	2.49e-09	7.52e-06	1.51e-05	3.70e-30
 1.09909e+16	5.96e-09	2.74e-05	6.86e-03	7.50e-02	9.18e-01	5.76e-07	0.00e+00	5.95e-10	1.80e-09	3.06e-09	9.09e-06	1.83e-05	6.69e-30
 1.27021e+16	7.22e-09	3.25e-05	7.80e-03	8.07e-02	9.11e-01	5.79e-07	0.00e+00	7.20e-10	2.18e-09	3.71e-09	1.08e-05	2.17e-05	1.15e-29
 1.45729e+16	8.94e-09	3.91e-05	8.95e-03	8.73e-02	9.04e-01	5.84e-07	0.00e+00	8.92e-10	2.70e-09	4.59e-09	1.30e-05	2.61e-05	2.07e-29
 1.66505e+16	1.12e-08	4.75e-05	1.04e-02	9.48e-02	8.95e-01	5.95e-07	0.00e+00	1.11e-09	3.37e-09	5.73e-09	1.58e-05	3.17e-05	3.82e-29
 1.86042e+16	1.36e-08	5.67e-05	1.18e-02	1.02e-01	8.86e-01	5.97e-07	0.00e+00	1.36e-09	4.11e-09	6.99e-09	1.89e-05	3.78e-05	6.62e-29
 2.03588e+16	1.62e-08	6.61e-05	1.33e-02	1.09e-01	8.78e-01	6.08e-07	0.00e+00	1.62e-09	4.90e-09	8.33e-09	2.20e-05	4.41e-05	1.06e-28
 2.22472e+16	1.96e-08	7.79e-05	1.50e-02	1.17e-01	8.68e-01	6.09e-07	0.00e+00	1.96e-09	5.92e-09	1.01e-08	2.59e-05	5.20e-05	1.78e-28
 2.43546e+16	2.38e-08	9.25e-05	1.71e-02	1.26e-01	8.57e-01	6.10e-07	0.00e+00	2.38e-09	7.20e-09	1.22e-08	3.08e-05	6.17e-05	3.04e-28
 2.63339e+16	2.85e-08	1.08e-04	1.92e-02	1.34e-01	8.46e-01	6.14e-07	0.00e+00	2.85e-09	8.64e-09	1.47e-08	3.61e-05	7.23e-05	4.92e-28
 2.84944e+16	3.49e-08	1.28e-04	2.19e-02	1.44e-01	8.34e-01	6.22e-07	0.00e+00	3.49e-09	1.05e-08	1.79e-08	4.28e-05	8.57e-05	8.38e-28
 3.08569e+16	4.27e-08	1.53e-04	2.50e-02	1.56e-01	8.19e-01	6.21e-07	0.00e+00	4.27e-09	1.29e-08	2.19e-08	5.11e-05	1.02e-04	1.43e-27
 3.30224e+16	5.12e-08	1.79e-04	2.81e-02	1.66e-01	8.06e-01	6.24e-07	0.00e+00	5.13e-09	1.55e-08	2.64e-08	5.98e-05	1.20e-04	2.29e-27
 3.49479e+16	5.98e-08	2.05e-04	3.11e-02	1.76e-01	7.93e-01	6.27e-07	0.00e+00	5.99e-09	1.81e-08	3.08e-08	6.84e-05	1.37e-04	3.42e-27
 3.70212e+16	7.14e-08	2.38e-04	3.47e-02	1.86e-01	7.79e-01	6.29e-07	0.00e+00	7.15e-09	2.16e-08	3.67e-08	7.94e-05	1.59e-04	5.37e-27
 3.92926e+16	8.50e-08	2.77e-04	3.89e-02	1.98e-01	7.63e-01	6.32e-07	0.00e+00	8.52e-09	2.58e-08	4.38e-08	9.24e-05	1.85e-04	8.49e-27
 4.14004e+16	1.00e-07	3.19e-04	4.32e-02	2.09e-01	7.47e-01	6.37e-07	0.00e+00	1.01e-08	3.05e-08	5.17e-08	1.06e-04	2.12e-04	1.28e-26
 4.34137e+16	1.17e-07	3.64e-04	4.76e-02	2.20e-01	7.32e-01	6.36e-07	0.00e+00	1.18e-08	3.56e-08	6.05e-08	1.21e-04	2.42e-04	1.88e-26
 4.57252e+16	1.41e-07	4.24e-04	5.33e-02	2.33e-01	7.13e-01	6.33e-07	0.00e+00	1.42e-08	4.28e-08	7.27e-08	1.41e-04	2.82e-04	2.96e-26
 4.82224e+16	1.70e-07	4.95e-04	5.98e-02	2.48e-01	6.92e-01	6.41e-07	0.00e+00	1.71e-08	5.17e-08	8.78e-08	1.65e-04	3.30e-04	4.69e-26
 5.04716e+16	2.02e-07	5.69e-04	6.62e-02	2.60e-01	6.73e-01	6.36e-07	0.00e+00	2.03e-08	6.12e-08	1.04e-07	1.90e-04	3.79e-04	7.01e-26
 5.25594e+16	2.36e-07	6.47e-04	7.27e-02	2.73e-01	6.54e-01	6.35e-07	0.00e+00	2.37e-08	7.17e-08	1.22e-07	2.16e-04	4.31e-04	1.03e-25
 5.45150e+16	2.74e-07	7.30e-04	7.92e-02	2.84e-01	6.36e-01	6.36e-07	0.00e+00	2.75e-08	8.31e-08	1.41e-07	2.44e-04	4.86e-04	1.46e-25
 5.62750e+16	3.13e-07	8.12e-04	8.55e-02	2.94e-01	6.19e-01	6.39e-07	0.00e+00	3.15e-08	9.52e-08	1.62e-07	2.71e-04	5.41e-04	2.01e-25
 5.78590e+16	3.54e-07	8.94e-04	9.15e-02	3.04e-01	6.04e-01	6.41e-07	0.00e+00	3.56e-08	1.08e-07	1.83e-07	2.99e-04	5.95e-04	2.67e-25
 5.92846e+16	3.96e-07	9.76e-04	9.73e-02	3.12e-01	5.90e-01	6.42e-07	0.00e+00	3.98e-08	1.20e-07	2.04e-07	3.26e-04	6.50e-04	3.46e-25
 6.05677e+16	4.39e-07	1.06e-03	1.03e-01	3.19e-01	5.77e-01	6.41e-07	0.00e+00	4.42e-08	1.34e-07	2.27e-07	3.53e-04	7.03e-04	4.39e-25
 6.17224e+16	4.83e-07	1.13e-03	1.08e-01	3.26e-01	5.65e-01	6.41e-07	0.00e+00	4.86e-08	1.47e-07	2.49e-07	3.79e-04	7.55e-04	5.43e-25
 6.27617e+16	5.27e-07	1.21e-03	1.13e-01	3.32e-01	5.54e-01	6.40e-07	0.00e+00	5.30e-08	1.60e-07	2.72e-07	4.05e-04	8.06e-04	6.61e-25
 6.36971e+16	5.69e-07	1.28e-03	1.17e-01	3.37e-01	5.44e-01	6.40e-07	0.00e+00	5.72e-08	1.73e-07	2.94e-07	4.28e-04	8.52e-04	7.80e-25
 6.45389e+16	6.12e-07	1.35e-03	1.21e-01	3.42e-01	5.35e-01	6.39e-07	0.00e+00	6.16e-08	1.86e-07	3.16e-07	4.52e-04	8.99e-04	9.22e-25
 6.52982e+16	6.55e-07	1.42e-03	1.25e-01	3.47e-01	5.26e-01	6.39e-07	0.00e+00	6.59e-08	1.99e-07	3.38e-07	4.74e-04	9.44e-04	1.07e-24
 6.60193e+16	6.99e-07	1.48e-03	1.29e-01	3.51e-01	5.18e-01	6.39e-07	0.00e+00	7.04e-08	2.13e-07	3.61e-07	4.97e-04	9.88e-04	1.24e-24
 6.67405e+16	7.48e-07	1.56e-03	1.33e-01	3.55e-01	5.10e-01	6.39e-07	0.00e+00	7.53e-08	2.28e-07	3.86e-07	5.20e-04	1.04e-03	1.44e-24
 6.74616e+16	8.02e-07	1.63e-03	1.37e-01	3.59e-01	5.02e-01	6.38e-07	0.00e+00	8.08e-08	2.44e-07	4.14e-07	5.46e-04	1.09e-03	1.68e-24
 6.81828e+16	8.62e-07	1.71e-03	1.42e-01	3.63e-01	4.94e-01	6.38e-07	0.00e+00	8.68e-08	2.62e-07	4.45e-07	5.73e-04	1.14e-03	1.96e-24
 6.89040e+16	9.31e-07	1.80e-03	1.46e-01	3.67e-01	4.85e-01	6.41e-07	0.00e+00	9.38e-08	2.84e-07	4.81e-07	6.02e-04	1.20e-03	2.33e-24
 6.96251e+16	1.01e-06	1.89e-03	1.51e-01	3.71e-01	4.76e-01	6.38e-07	0.00e+00	1.02e-07	3.07e-07	5.21e-07	6.34e-04	1.26e-03	2.74e-24
 7.03463e+16	1.09e-06	1.99e-03	1.55e-01	3.75e-01	4.68e-01	6.37e-07	0.00e+00	1.10e-07	3.32e-07	5.64e-07	6.66e-04	1.32e-03	3.21e-24
 7.10674e+16	1.20e-06	2.10e-03	1.60e-01	3.80e-01	4.58e-01	6.38e-07	0.00e+00	1.21e-07	3.65e-07	6.19e-07	7.03e-04	1.40e-03	3.92e-24
 7.17716e+16	1.34e-06	2.24e-03	1.65e-01	3.83e-01	4.49e-01	6.33e-07	0.00e+00	1.35e-07	4.09e-07	6.94e-07	7.48e-04	1.49e-03	4.87e-24
