#depth	C	C+	C+2	C+3	C+4	C+5	C+6	C[1]	C[2]	C[3]	C+[1]	C+[2]	CO
 1.98048e+14	3.60e-10	3.40e-06	2.50e-03	5.20e-02	9.46e-01	1.88e-07	0.00e+00	3.55e-11	1.07e-10	1.82e-10	1.13e-06	2.27e-06	1.57e-33
 1.18829e+15	3.66e-10	3.89e-06	2.74e-03	5.47e-02	9.43e-01	1.84e-07	0.00e+00	3.60e-11	1.09e-10	1.85e-10	1.29e-06	2.60e-06	2.37e-33
 2.82182e+15	4.67e-10	4.78e-06	3.18e-03	5.95e-02	9.37e-01	1.86e-07	0.00e+00	4.60e-11	1.39e-10	2.37e-10	1.59e-06	3.19e-06	4.59e-33
 4.53816e+15	6.01e-10	5.89e-06	3.70e-03	6.46e-02	9.32e-01	1.88e-07	0.00e+00	5.93e-11	1.79e-10	3.05e-10	1.96e-06	3.94e-06	8.96e-33
 6.22620e+15	7.61e-10	7.17e-06	4.27e-03	7.00e-02	9.26e-01	1.87e-07	0.00e+00	7.51e-11	2.27e-10	3.86e-10	2.38e-06	4.79e-06	1.66e-32
 7.84951e+15	9.52e-10	8.63e-06	4.88e-03	7.53e-02	9.20e-01	1.90e-07	0.00e+00	9.39e-11	2.84e-10	4.83e-10	2.86e-06	5.76e-06	2.96e-32
 9.63471e+15	1.20e-09	1.05e-05	5.63e-03	8.15e-02	9.13e-01	1.91e-07	0.00e+00	1.19e-10	3.59e-10	6.10e-10	3.48e-06	7.00e-06	5.51e-32
 1.15193e+16	1.53e-09	1.28e-05	6.50e-03	8.82e-02	9.05e-01	1.93e-07	0.00e+00	1.51e-10	4.56e-10	7.75e-10	4.25e-06	8.54e-06	1.04e-31
 1.32707e+16	1.89e-09	1.53e-05	7.40e-03	9.48e-02	8.98e-01	1.95e-07	0.00e+00	1.87e-10	5.65e-10	9.60e-10	5.08e-06	1.02e-05	1.83e-31
 1.51963e+16	2.39e-09	1.85e-05	8.50e-03	1.02e-01	8.89e-01	1.97e-07	0.00e+00	2.36e-10	7.13e-10	1.21e-09	6.16e-06	1.24e-05	3.37e-31
 1.73423e+16	3.04e-09	2.27e-05	9.86e-03	1.11e-01	8.79e-01	2.00e-07	0.00e+00	3.00e-10	9.09e-10	1.54e-09	7.55e-06	1.52e-05	6.45e-31
 1.93745e+16	3.78e-09	2.73e-05	1.13e-02	1.20e-01	8.69e-01	2.01e-07	0.00e+00	3.73e-10	1.13e-09	1.92e-09	9.08e-06	1.82e-05	1.16e-30
 2.15532e+16	4.77e-09	3.32e-05	1.30e-02	1.29e-01	8.58e-01	2.02e-07	0.00e+00	4.72e-10	1.43e-09	2.42e-09	1.10e-05	2.22e-05	2.16e-30
 2.39403e+16	6.02e-09	4.05e-05	1.50e-02	1.41e-01	8.44e-01	2.05e-07	0.00e+00	5.96e-10	1.80e-09	3.06e-09	1.35e-05	2.71e-05	4.10e-30
 2.62034e+16	7.53e-09	4.89e-05	1.72e-02	1.51e-01	8.31e-01	2.06e-07	0.00e+00	7.45e-10	2.25e-09	3.82e-09	1.63e-05	3.26e-05	7.33e-30
 2.86354e+16	9.45e-09	5.93e-05	1.98e-02	1.64e-01	8.16e-01	2.06e-07	0.00e+00	9.35e-10	2.83e-09	4.80e-09	1.97e-05	3.96e-05	1.36e-29
 3.12928e+16	1.20e-08	7.27e-05	2.30e-02	1.78e-01	7.99e-01	2.09e-07	0.00e+00	1.19e-09	3.59e-09	6.10e-09	2.42e-05	4.85e-05	2.58e-29
 3.38153e+16	1.49e-08	8.74e-05	2.64e-02	1.91e-01	7.82e-01	2.11e-07	0.00e+00	1.47e-09	4.46e-09	7.56e-09	2.91e-05	5.83e-05	4.61e-29
 3.65302e+16	1.88e-08	1.06e-04	3.05e-02	2.07e-01	7.63e-01	2.12e-07	0.00e+00	1.86e-09	5.63e-09	9.55e-09	3.55e-05	7.10e-05	8.59e-29
 3.94774e+16	2.38e-08	1.31e-04	3.54e-02	2.24e-01	7.41e-01	2.14e-07	0.00e+00	2.36e-09	7.14e-09	1.21e-08	4.35e-05	8.71e-05	1.63e-28
 4.18806e+16	2.85e-08	1.53e-04	3.98e-02	2.38e-01	7.22e-01	2.13e-07	0.00e+00	2.83e-09	8.55e-09	1.45e-08	5.09e-05	1.02e-04	2.64e-28
 4.36860e+16	3.28e-08	1.72e-04	4.34e-02	2.49e-01	7.07e-01	2.16e-07	0.00e+00	3.25e-09	9.83e-09	1.67e-08	5.74e-05	1.15e-04	3.82e-28
 4.56341e+16	3.83e-08	1.96e-04	4.77e-02	2.62e-01	6.90e-01	2.18e-07	0.00e+00	3.80e-09	1.15e-08	1.95e-08	6.54e-05	1.31e-04	5.74e-28
 4.80042e+16	4.58e-08	2.29e-04	5.34e-02	2.77e-01	6.69e-01	2.18e-07	0.00e+00	4.55e-09	1.38e-08	2.33e-08	7.63e-05	1.52e-04	9.32e-28
 5.04153e+16	5.51e-08	2.67e-04	5.97e-02	2.93e-01	6.47e-01	2.18e-07	0.00e+00	5.48e-09	1.66e-08	2.81e-08	8.90e-05	1.78e-04	1.49e-27
 5.25853e+16	6.47e-08	3.06e-04	6.58e-02	3.07e-01	6.27e-01	2.19e-07	0.00e+00	6.43e-09	1.94e-08	3.30e-08	1.02e-04	2.04e-04	2.26e-27
 5.45383e+16	7.52e-08	3.46e-04	7.19e-02	3.20e-01	6.08e-01	2.24e-07	0.00e+00	7.49e-09	2.26e-08	3.84e-08	1.15e-04	2.30e-04	3.30e-27
 5.62960e+16	8.54e-08	3.85e-04	7.77e-02	3.32e-01	5.90e-01	2.25e-07	0.00e+00	8.50e-09	2.57e-08	4.35e-08	1.29e-04	2.57e-04	4.62e-27
 5.78779e+16	9.64e-08	4.25e-04	8.33e-02	3.42e-01	5.74e-01	2.28e-07	0.00e+00	9.60e-09	2.90e-08	4.92e-08	1.42e-04	2.83e-04	6.28e-27
 5.93016e+16	1.07e-07	4.65e-04	8.87e-02	3.52e-01	5.59e-01	2.29e-07	0.00e+00	1.07e-08	3.23e-08	5.48e-08	1.55e-04	3.10e-04	8.25e-27
 6.05830e+16	1.18e-07	5.03e-04	9.38e-02	3.61e-01	5.45e-01	2.30e-07	0.00e+00	1.18e-08	3.56e-08	6.04e-08	1.68e-04	3.35e-04	1.06e-26
 6.17362e+16	1.29e-07	5.41e-04	9.86e-02	3.68e-01	5.32e-01	2.32e-07	0.00e+00	1.29e-08	3.90e-08	6.60e-08	1.81e-04	3.60e-04	1.33e-26
 6.27741e+16	1.40e-07	5.77e-04	1.03e-01	3.75e-01	5.21e-01	2.34e-07	0.00e+00	1.40e-08	4.23e-08	7.16e-08	1.93e-04	3.84e-04	1.63e-26
 6.37082e+16	1.51e-07	6.12e-04	1.07e-01	3.82e-01	5.10e-01	2.36e-07	0.00e+00	1.51e-08	4.55e-08	7.71e-08	2.04e-04	4.08e-04	1.96e-26
 6.45489e+16	1.62e-07	6.46e-04	1.11e-01	3.87e-01	5.01e-01	2.38e-07	0.00e+00	1.61e-08	4.87e-08	8.25e-08	2.16e-04	4.30e-04	2.32e-26
 6.53077e+16	1.72e-07	6.77e-04	1.15e-01	3.92e-01	4.92e-01	2.40e-07	0.00e+00	1.71e-08	5.17e-08	8.77e-08	2.26e-04	4.51e-04	2.68e-26
 6.60288e+16	1.82e-07	7.09e-04	1.19e-01	3.97e-01	4.84e-01	2.41e-07	0.00e+00	1.82e-08	5.49e-08	9.30e-08	2.37e-04	4.72e-04	3.11e-26
 6.67500e+16	1.93e-07	7.43e-04	1.22e-01	4.02e-01	4.75e-01	2.42e-07	0.00e+00	1.93e-08	5.82e-08	9.87e-08	2.48e-04	4.95e-04	3.62e-26
 6.74711e+16	2.05e-07	7.78e-04	1.26e-01	4.07e-01	4.66e-01	2.44e-07	0.00e+00	2.05e-08	6.19e-08	1.05e-07	2.60e-04	5.18e-04	4.20e-26
 6.81923e+16	2.18e-07	8.16e-04	1.30e-01	4.11e-01	4.58e-01	2.46e-07	0.00e+00	2.18e-08	6.59e-08	1.12e-07	2.72e-04	5.43e-04	4.90e-26
 6.89134e+16	2.33e-07	8.55e-04	1.34e-01	4.16e-01	4.49e-01	2.48e-07	0.00e+00	2.32e-08	7.02e-08	1.19e-07	2.86e-04	5.70e-04	5.71e-26
 6.96346e+16	2.48e-07	8.98e-04	1.39e-01	4.21e-01	4.40e-01	2.50e-07	0.00e+00	2.48e-08	7.48e-08	1.27e-07	3.00e-04	5.98e-04	6.68e-26
 7.03558e+16	2.65e-07	9.42e-04	1.43e-01	4.25e-01	4.31e-01	2.52e-07	0.00e+00	2.65e-08	8.00e-08	1.35e-07	3.15e-04	6.28e-04	7.85e-26
 7.10769e+16	2.84e-07	9.91e-04	1.48e-01	4.30e-01	4.22e-01	2.54e-07	0.00e+00	2.84e-08	8.57e-08	1.45e-07	3.31e-04	6.60e-04	9.27e-26
 7.17763e+16	3.06e-07	1.04e-03	1.52e-01	4.34e-01	4.13e-01	2.56e-07	0.00e+00	3.05e-08	9.23e-08	1.56e-07	3.48e-04	6.94e-04	1.10e-25
