#depth	C	C+	C+2	C+3	C+4	C+5	C+6	C[1]	C[2]	C[3]	C+[1]	C+[2]	CO
 1.81752e+14	1.19e-09	5.49e-06	2.31e-03	4.24e-02	9.55e-01	4.29e-07	0.00e+00	1.16e-10	3.52e-10	5.98e-10	1.82e-06	3.68e-06	2.97e-32
 1.09051e+15	1.04e-09	6.20e-06	2.52e-03	4.46e-02	9.53e-01	4.19e-07	0.00e+00	1.01e-10	3.07e-10	5.21e-10	2.05e-06	4.15e-06	4.39e-32
 2.65560e+15	1.27e-09	7.53e-06	2.90e-03	4.84e-02	9.49e-01	4.24e-07	0.00e+00	1.24e-10	3.76e-10	6.40e-10	2.49e-06	5.04e-06	8.11e-32
 4.36529e+15	1.58e-09	9.23e-06	3.38e-03	5.28e-02	9.44e-01	4.29e-07	0.00e+00	1.55e-10	4.69e-10	7.98e-10	3.06e-06	6.18e-06	1.53e-31
 5.99931e+15	1.94e-09	1.11e-05	3.90e-03	5.72e-02	9.39e-01	4.27e-07	0.00e+00	1.90e-10	5.75e-10	9.77e-10	3.68e-06	7.42e-06	2.70e-31
 7.50059e+15	2.32e-09	1.31e-05	4.42e-03	6.13e-02	9.34e-01	4.39e-07	0.00e+00	2.28e-10	6.89e-10	1.17e-09	4.34e-06	8.76e-06	4.46e-31
 9.20001e+15	2.87e-09	1.58e-05	5.08e-03	6.63e-02	9.29e-01	4.42e-07	0.00e+00	2.82e-10	8.52e-10	1.45e-09	5.22e-06	1.05e-05	7.90e-31
 1.10717e+16	3.57e-09	1.92e-05	5.88e-03	7.21e-02	9.22e-01	4.49e-07	0.00e+00	3.50e-10	1.06e-09	1.80e-09	6.35e-06	1.28e-05	1.46e-30
 1.28064e+16	4.34e-09	2.28e-05	6.70e-03	7.77e-02	9.16e-01	4.52e-07	0.00e+00	4.26e-10	1.29e-09	2.19e-09	7.55e-06	1.52e-05	2.50e-30
 1.47004e+16	5.40e-09	2.75e-05	7.71e-03	8.41e-02	9.08e-01	4.61e-07	0.00e+00	5.30e-10	1.60e-09	2.72e-09	9.13e-06	1.84e-05	4.51e-30
 1.68064e+16	6.75e-09	3.35e-05	8.95e-03	9.15e-02	8.99e-01	4.62e-07	0.00e+00	6.63e-10	2.00e-09	3.40e-09	1.11e-05	2.24e-05	8.34e-30
 1.87951e+16	8.30e-09	4.02e-05	1.03e-02	9.89e-02	8.91e-01	4.67e-07	0.00e+00	8.15e-10	2.46e-09	4.18e-09	1.33e-05	2.69e-05	1.45e-29
 2.05862e+16	9.90e-09	4.70e-05	1.15e-02	1.06e-01	8.83e-01	4.71e-07	0.00e+00	9.73e-10	2.94e-09	4.99e-09	1.56e-05	3.14e-05	2.33e-29
 2.25132e+16	1.20e-08	5.56e-05	1.31e-02	1.14e-01	8.73e-01	4.75e-07	0.00e+00	1.18e-09	3.58e-09	6.08e-09	1.85e-05	3.71e-05	3.93e-29
 2.46569e+16	1.47e-08	6.63e-05	1.50e-02	1.23e-01	8.62e-01	4.78e-07	0.00e+00	1.45e-09	4.37e-09	7.42e-09	2.20e-05	4.43e-05	6.73e-29
 2.66609e+16	1.77e-08	7.78e-05	1.69e-02	1.31e-01	8.52e-01	4.83e-07	0.00e+00	1.74e-09	5.26e-09	8.93e-09	2.59e-05	5.20e-05	1.09e-28
 2.88446e+16	2.17e-08	9.26e-05	1.92e-02	1.41e-01	8.39e-01	4.90e-07	0.00e+00	2.13e-09	6.45e-09	1.09e-08	3.08e-05	6.18e-05	1.85e-28
 3.12313e+16	2.66e-08	1.11e-04	2.20e-02	1.52e-01	8.25e-01	4.94e-07	0.00e+00	2.62e-09	7.92e-09	1.34e-08	3.68e-05	7.39e-05	3.17e-28
 3.34100e+16	3.21e-08	1.30e-04	2.49e-02	1.63e-01	8.12e-01	4.96e-07	0.00e+00	3.16e-09	9.55e-09	1.62e-08	4.32e-05	8.68e-05	5.06e-28
 3.53170e+16	3.74e-08	1.49e-04	2.76e-02	1.73e-01	8.00e-01	4.99e-07	0.00e+00	3.69e-09	1.11e-08	1.89e-08	4.95e-05	9.93e-05	7.51e-28
 3.73429e+16	4.45e-08	1.72e-04	3.08e-02	1.83e-01	7.86e-01	5.02e-07	0.00e+00	4.39e-09	1.33e-08	2.25e-08	5.74e-05	1.15e-04	1.17e-27
 3.95711e+16	5.30e-08	2.01e-04	3.46e-02	1.95e-01	7.70e-01	5.07e-07	0.00e+00	5.22e-09	1.58e-08	2.68e-08	6.68e-05	1.34e-04	1.83e-27
 4.16471e+16	6.26e-08	2.31e-04	3.85e-02	2.07e-01	7.55e-01	5.13e-07	0.00e+00	6.18e-09	1.87e-08	3.17e-08	7.69e-05	1.54e-04	2.75e-27
 4.36177e+16	7.32e-08	2.64e-04	4.26e-02	2.18e-01	7.39e-01	5.15e-07	0.00e+00	7.23e-09	2.19e-08	3.71e-08	8.79e-05	1.76e-04	4.04e-27
 4.58666e+16	8.80e-08	3.08e-04	4.77e-02	2.31e-01	7.21e-01	5.16e-07	0.00e+00	8.69e-09	2.63e-08	4.45e-08	1.02e-04	2.05e-04	6.33e-27
 4.82879e+16	1.06e-07	3.60e-04	5.37e-02	2.46e-01	7.00e-01	5.22e-07	0.00e+00	1.05e-08	3.16e-08	5.36e-08	1.20e-04	2.40e-04	9.99e-27
 5.04544e+16	1.25e-07	4.14e-04	5.96e-02	2.59e-01	6.81e-01	5.27e-07	0.00e+00	1.24e-08	3.75e-08	6.36e-08	1.38e-04	2.76e-04	1.49e-26
 5.24789e+16	1.47e-07	4.73e-04	6.57e-02	2.72e-01	6.62e-01	5.33e-07	0.00e+00	1.46e-08	4.40e-08	7.46e-08	1.58e-04	3.15e-04	2.19e-26
 5.44185e+16	1.72e-07	5.36e-04	7.21e-02	2.84e-01	6.44e-01	5.38e-07	0.00e+00	1.70e-08	5.13e-08	8.70e-08	1.79e-04	3.57e-04	3.15e-26
 5.61882e+16	1.98e-07	6.01e-04	7.84e-02	2.95e-01	6.26e-01	5.43e-07	0.00e+00	1.96e-08	5.91e-08	1.00e-07	2.00e-04	4.01e-04	4.38e-26
 5.77809e+16	2.25e-07	6.67e-04	8.45e-02	3.05e-01	6.09e-01	5.48e-07	0.00e+00	2.23e-08	6.73e-08	1.14e-07	2.22e-04	4.44e-04	5.93e-26
 5.92143e+16	2.53e-07	7.32e-04	9.03e-02	3.15e-01	5.94e-01	5.52e-07	0.00e+00	2.51e-08	7.58e-08	1.28e-07	2.44e-04	4.88e-04	7.80e-26
 6.05044e+16	2.82e-07	7.97e-04	9.60e-02	3.23e-01	5.80e-01	5.57e-07	0.00e+00	2.80e-08	8.46e-08	1.43e-07	2.66e-04	5.31e-04	1.00e-25
 6.16655e+16	3.12e-07	8.61e-04	1.01e-01	3.31e-01	5.67e-01	5.61e-07	0.00e+00	3.09e-08	9.35e-08	1.58e-07	2.87e-04	5.74e-04	1.27e-25
 6.27104e+16	3.42e-07	9.24e-04	1.06e-01	3.38e-01	5.55e-01	5.64e-07	0.00e+00	3.39e-08	1.03e-07	1.74e-07	3.08e-04	6.16e-04	1.56e-25
 6.36509e+16	3.71e-07	9.82e-04	1.11e-01	3.44e-01	5.44e-01	5.68e-07	0.00e+00	3.68e-08	1.11e-07	1.88e-07	3.28e-04	6.55e-04	1.86e-25
 6.44973e+16	4.01e-07	1.04e-03	1.16e-01	3.49e-01	5.34e-01	5.71e-07	0.00e+00	3.98e-08	1.20e-07	2.03e-07	3.47e-04	6.94e-04	2.22e-25
 6.52591e+16	4.31e-07	1.10e-03	1.20e-01	3.54e-01	5.25e-01	5.74e-07	0.00e+00	4.27e-08	1.29e-07	2.19e-07	3.66e-04	7.31e-04	2.62e-25
 6.59805e+16	4.61e-07	1.15e-03	1.24e-01	3.59e-01	5.16e-01	5.78e-07	0.00e+00	4.58e-08	1.38e-07	2.34e-07	3.85e-04	7.69e-04	3.07e-25
 6.67017e+16	4.95e-07	1.22e-03	1.28e-01	3.64e-01	5.07e-01	5.81e-07	0.00e+00	4.91e-08	1.48e-07	2.51e-07	4.06e-04	8.10e-04	3.60e-25
 6.74228e+16	5.33e-07	1.28e-03	1.33e-01	3.68e-01	4.98e-01	5.84e-07	0.00e+00	5.29e-08	1.60e-07	2.70e-07	4.27e-04	8.53e-04	4.23e-25
 6.81440e+16	5.74e-07	1.35e-03	1.37e-01	3.73e-01	4.88e-01	5.87e-07	0.00e+00	5.70e-08	1.72e-07	2.92e-07	4.50e-04	8.99e-04	4.99e-25
 6.88651e+16	6.22e-07	1.43e-03	1.42e-01	3.78e-01	4.79e-01	5.94e-07	0.00e+00	6.17e-08	1.87e-07	3.16e-07	4.76e-04	9.50e-04	6.01e-25
 6.95863e+16	6.75e-07	1.51e-03	1.47e-01	3.82e-01	4.69e-01	5.96e-07	0.00e+00	6.70e-08	2.02e-07	3.43e-07	5.02e-04	1.00e-03	7.15e-25
 7.03074e+16	7.31e-07	1.59e-03	1.52e-01	3.87e-01	4.59e-01	5.98e-07	0.00e+00	7.26e-08	2.19e-07	3.71e-07	5.30e-04	1.06e-03	8.46e-25
 7.10286e+16	8.02e-07	1.68e-03	1.58e-01	3.92e-01	4.49e-01	6.05e-07	0.00e+00	7.97e-08	2.41e-07	4.07e-07	5.62e-04	1.12e-03	1.04e-24
 7.17498e+16	8.90e-07	1.79e-03	1.63e-01	3.96e-01	4.39e-01	6.06e-07	0.00e+00	8.85e-08	2.67e-07	4.52e-07	5.98e-04	1.19e-03	1.29e-24
 7.21128e+16	9.83e-07	1.91e-03	1.67e-01	3.99e-01	4.32e-01	6.05e-07	0.00e+00	9.78e-08	2.95e-07	5.00e-07	6.36e-04	1.27e-03	1.67e-24
