#depth	He	He+	He+2
 2.46453e+14	1.99e-07	3.94e-03	9.96e-01
 1.30450e+15	2.21e-07	4.16e-03	9.96e-01
 2.96014e+15	2.58e-07	4.49e-03	9.96e-01
 4.68202e+15	3.01e-07	4.86e-03	9.95e-01
 6.32093e+15	3.47e-07	5.22e-03	9.95e-01
 7.81774e+15	3.93e-07	5.56e-03	9.94e-01
 9.50987e+15	4.51e-07	5.97e-03	9.94e-01
 1.14774e+16	5.27e-07	6.46e-03	9.94e-01
 1.34075e+16	6.11e-07	6.96e-03	9.93e-01
 1.51235e+16	6.94e-07	7.42e-03	9.93e-01
 1.69565e+16	7.95e-07	7.94e-03	9.92e-01
 1.90189e+16	9.21e-07	8.55e-03	9.91e-01
 2.09819e+16	1.05e-06	9.14e-03	9.91e-01
 2.31359e+16	1.22e-06	9.85e-03	9.90e-01
 2.54983e+16	1.42e-06	1.06e-02	9.89e-01
 2.76682e+16	1.63e-06	1.14e-02	9.89e-01
 3.00259e+16	1.88e-06	1.23e-02	9.88e-01
 3.26418e+16	2.20e-06	1.33e-02	9.87e-01
 3.50873e+16	2.53e-06	1.43e-02	9.86e-01
 3.71839e+16	2.85e-06	1.52e-02	9.85e-01
 3.90270e+16	3.16e-06	1.60e-02	9.84e-01
 4.11170e+16	3.55e-06	1.71e-02	9.83e-01
 4.34598e+16	4.03e-06	1.83e-02	9.82e-01
 4.56940e+16	4.55e-06	1.95e-02	9.81e-01
 4.78357e+16	5.10e-06	2.07e-02	9.79e-01
 5.00651e+16	5.74e-06	2.21e-02	9.78e-01
 5.22701e+16	6.46e-06	2.35e-02	9.76e-01
 5.42546e+16	7.18e-06	2.49e-02	9.75e-01
 5.60407e+16	7.89e-06	2.63e-02	9.74e-01
 5.76481e+16	8.60e-06	2.75e-02	9.72e-01
 5.90948e+16	9.31e-06	2.87e-02	9.71e-01
 6.03969e+16	1.00e-05	2.99e-02	9.70e-01
 6.15687e+16	1.07e-05	3.10e-02	9.69e-01
 6.26233e+16	1.13e-05	3.20e-02	9.68e-01
 6.35725e+16	1.19e-05	3.30e-02	9.67e-01
 6.44268e+16	1.25e-05	3.39e-02	9.66e-01
 6.51956e+16	1.31e-05	3.47e-02	9.65e-01
 6.59204e+16	1.37e-05	3.56e-02	9.64e-01
 6.66415e+16	1.43e-05	3.64e-02	9.64e-01
 6.73627e+16	1.49e-05	3.73e-02	9.63e-01
 6.80838e+16	1.56e-05	3.82e-02	9.62e-01
 6.88050e+16	1.63e-05	3.92e-02	9.61e-01
 6.95261e+16	1.70e-05	4.02e-02	9.60e-01
 7.02473e+16	1.79e-05	4.12e-02	9.59e-01
 7.09684e+16	1.88e-05	4.22e-02	9.58e-01
 7.16896e+16	1.98e-05	4.33e-02	9.57e-01
 7.20827e+16	2.10e-05	4.40e-02	9.56e-01
