#depth	C	C+	C+2	C+3	C+4	C+5	C+6	C[1]	C[2]	C[3]	C+[1]	C+[2]	CO
 2.30607e+14	4.33e-10	3.93e-06	2.76e-03	5.46e-02	9.43e-01	1.91e-07	0.00e+00	4.32e-11	1.31e-10	2.22e-10	1.31e-06	2.63e-06	2.48e-33
 1.27217e+15	4.42e-10	4.52e-06	3.04e-03	5.76e-02	9.39e-01	1.86e-07	0.00e+00	4.41e-11	1.33e-10	2.27e-10	1.50e-06	3.02e-06	3.83e-33
 2.92653e+15	5.68e-10	5.57e-06	3.53e-03	6.26e-02	9.34e-01	1.89e-07	0.00e+00	5.66e-11	1.71e-10	2.92e-10	1.85e-06	3.72e-06	7.52e-33
 4.64705e+15	7.33e-10	6.88e-06	4.11e-03	6.80e-02	9.28e-01	1.91e-07	0.00e+00	7.31e-11	2.21e-10	3.76e-10	2.29e-06	4.59e-06	1.48e-32
 6.34569e+15	9.31e-10	8.38e-06	4.74e-03	7.36e-02	9.22e-01	1.90e-07	0.00e+00	9.28e-11	2.81e-10	4.78e-10	2.79e-06	5.60e-06	2.77e-32
 7.96516e+15	1.16e-09	1.01e-05	5.41e-03	7.90e-02	9.16e-01	1.93e-07	0.00e+00	1.16e-10	3.52e-10	5.98e-10	3.35e-06	6.73e-06	4.95e-32
 9.74012e+15	1.47e-09	1.22e-05	6.23e-03	8.54e-02	9.08e-01	1.95e-07	0.00e+00	1.47e-10	4.44e-10	7.55e-10	4.06e-06	8.16e-06	9.18e-32
 1.16517e+16	1.87e-09	1.49e-05	7.20e-03	9.25e-02	9.00e-01	1.96e-07	0.00e+00	1.87e-10	5.65e-10	9.62e-10	4.97e-06	9.97e-06	1.75e-31
 1.34537e+16	2.33e-09	1.79e-05	8.22e-03	9.94e-02	8.92e-01	2.01e-07	0.00e+00	2.33e-10	7.05e-10	1.20e-09	5.97e-06	1.20e-05	3.14e-31
 1.54093e+16	2.95e-09	2.18e-05	9.44e-03	1.07e-01	8.83e-01	2.02e-07	0.00e+00	2.94e-10	8.91e-10	1.52e-09	7.24e-06	1.45e-05	5.84e-31
 1.75714e+16	3.76e-09	2.67e-05	1.09e-02	1.16e-01	8.73e-01	2.04e-07	0.00e+00	3.76e-10	1.14e-09	1.93e-09	8.88e-06	1.78e-05	1.12e-30
 1.96419e+16	4.69e-09	3.21e-05	1.25e-02	1.25e-01	8.62e-01	2.05e-07	0.00e+00	4.69e-10	1.42e-09	2.41e-09	1.07e-05	2.14e-05	2.05e-30
 2.18529e+16	5.93e-09	3.91e-05	1.44e-02	1.35e-01	8.50e-01	2.08e-07	0.00e+00	5.93e-10	1.79e-09	3.05e-09	1.30e-05	2.61e-05	3.83e-30
 2.42651e+16	7.52e-09	4.78e-05	1.67e-02	1.47e-01	8.36e-01	2.07e-07	0.00e+00	7.52e-10	2.28e-09	3.87e-09	1.59e-05	3.19e-05	7.34e-30
 2.65895e+16	9.39e-09	5.76e-05	1.91e-02	1.58e-01	8.23e-01	2.10e-07	0.00e+00	9.39e-10	2.84e-09	4.83e-09	1.92e-05	3.84e-05	1.34e-29
 2.90722e+16	1.18e-08	7.01e-05	2.20e-02	1.71e-01	8.07e-01	2.10e-07	0.00e+00	1.18e-09	3.58e-09	6.09e-09	2.33e-05	4.67e-05	2.51e-29
 3.17671e+16	1.50e-08	8.58e-05	2.55e-02	1.85e-01	7.89e-01	2.12e-07	0.00e+00	1.50e-09	4.55e-09	7.74e-09	2.86e-05	5.72e-05	4.80e-29
 3.43716e+16	1.87e-08	1.04e-04	2.92e-02	1.99e-01	7.71e-01	2.13e-07	0.00e+00	1.88e-09	5.67e-09	9.64e-09	3.45e-05	6.90e-05	8.76e-29
 3.71517e+16	2.36e-08	1.26e-04	3.37e-02	2.15e-01	7.51e-01	2.14e-07	0.00e+00	2.37e-09	7.17e-09	1.22e-08	4.21e-05	8.40e-05	1.65e-28
 3.97090e+16	2.87e-08	1.49e-04	3.81e-02	2.30e-01	7.32e-01	2.15e-07	0.00e+00	2.88e-09	8.71e-09	1.48e-08	4.98e-05	9.95e-05	2.81e-28
 4.16013e+16	3.32e-08	1.69e-04	4.17e-02	2.41e-01	7.17e-01	2.16e-07	0.00e+00	3.33e-09	1.01e-08	1.71e-08	5.64e-05	1.13e-04	4.16e-28
 4.35553e+16	3.87e-08	1.92e-04	4.58e-02	2.53e-01	7.01e-01	2.16e-07	0.00e+00	3.88e-09	1.18e-08	2.00e-08	6.42e-05	1.28e-04	6.30e-28
 4.60325e+16	4.69e-08	2.26e-04	5.14e-02	2.68e-01	6.81e-01	2.15e-07	0.00e+00	4.70e-09	1.42e-08	2.42e-08	7.54e-05	1.50e-04	1.05e-27
 4.85888e+16	5.65e-08	2.65e-04	5.76e-02	2.83e-01	6.59e-01	2.16e-07	0.00e+00	5.68e-09	1.72e-08	2.91e-08	8.84e-05	1.76e-04	1.73e-27
 5.08049e+16	6.64e-08	3.03e-04	6.34e-02	2.97e-01	6.39e-01	2.16e-07	0.00e+00	6.67e-09	2.02e-08	3.43e-08	1.01e-04	2.02e-04	2.65e-27
 5.28515e+16	7.71e-08	3.43e-04	6.92e-02	3.10e-01	6.20e-01	2.17e-07	0.00e+00	7.75e-09	2.34e-08	3.98e-08	1.15e-04	2.29e-04	3.92e-27
 5.47779e+16	8.85e-08	3.85e-04	7.51e-02	3.22e-01	6.02e-01	2.18e-07	0.00e+00	8.89e-09	2.69e-08	4.56e-08	1.29e-04	2.56e-04	5.65e-27
 5.65116e+16	1.00e-07	4.27e-04	8.07e-02	3.33e-01	5.86e-01	2.19e-07	0.00e+00	1.01e-08	3.05e-08	5.17e-08	1.43e-04	2.84e-04	7.84e-27
 5.80719e+16	1.12e-07	4.68e-04	8.61e-02	3.43e-01	5.71e-01	2.21e-07	0.00e+00	1.13e-08	3.41e-08	5.79e-08	1.56e-04	3.12e-04	1.05e-26
 5.94763e+16	1.24e-07	5.09e-04	9.12e-02	3.52e-01	5.57e-01	2.21e-07	0.00e+00	1.25e-08	3.78e-08	6.41e-08	1.70e-04	3.39e-04	1.36e-26
 6.07402e+16	1.36e-07	5.48e-04	9.60e-02	3.60e-01	5.44e-01	2.22e-07	0.00e+00	1.37e-08	4.15e-08	7.04e-08	1.83e-04	3.65e-04	1.73e-26
 6.18777e+16	1.48e-07	5.86e-04	1.00e-01	3.67e-01	5.32e-01	2.22e-07	0.00e+00	1.49e-08	4.51e-08	7.65e-08	1.96e-04	3.90e-04	2.14e-26
 6.29014e+16	1.60e-07	6.23e-04	1.05e-01	3.73e-01	5.22e-01	2.23e-07	0.00e+00	1.61e-08	4.87e-08	8.27e-08	2.08e-04	4.15e-04	2.59e-26
 6.38228e+16	1.71e-07	6.58e-04	1.09e-01	3.79e-01	5.12e-01	2.23e-07	0.00e+00	1.73e-08	5.22e-08	8.85e-08	2.20e-04	4.38e-04	3.09e-26
 6.46520e+16	1.83e-07	6.91e-04	1.12e-01	3.84e-01	5.03e-01	2.24e-07	0.00e+00	1.84e-08	5.56e-08	9.43e-08	2.31e-04	4.60e-04	3.63e-26
 6.54054e+16	1.93e-07	7.22e-04	1.16e-01	3.88e-01	4.96e-01	2.25e-07	0.00e+00	1.95e-08	5.89e-08	9.99e-08	2.42e-04	4.81e-04	4.17e-26
 6.61266e+16	2.04e-07	7.54e-04	1.19e-01	3.93e-01	4.88e-01	2.25e-07	0.00e+00	2.06e-08	6.22e-08	1.06e-07	2.52e-04	5.02e-04	4.81e-26
 6.68477e+16	2.16e-07	7.88e-04	1.22e-01	3.97e-01	4.80e-01	2.26e-07	0.00e+00	2.18e-08	6.59e-08	1.12e-07	2.63e-04	5.24e-04	5.53e-26
 6.75689e+16	2.29e-07	8.23e-04	1.26e-01	4.01e-01	4.72e-01	2.26e-07	0.00e+00	2.31e-08	6.98e-08	1.18e-07	2.75e-04	5.48e-04	6.38e-26
 6.82900e+16	2.43e-07	8.60e-04	1.30e-01	4.05e-01	4.64e-01	2.27e-07	0.00e+00	2.45e-08	7.40e-08	1.25e-07	2.88e-04	5.72e-04	7.36e-26
 6.90112e+16	2.58e-07	8.99e-04	1.33e-01	4.10e-01	4.56e-01	2.28e-07	0.00e+00	2.60e-08	7.85e-08	1.33e-07	3.01e-04	5.98e-04	8.53e-26
 6.97323e+16	2.74e-07	9.40e-04	1.37e-01	4.14e-01	4.48e-01	2.29e-07	0.00e+00	2.76e-08	8.34e-08	1.42e-07	3.14e-04	6.25e-04	9.89e-26
 7.04535e+16	2.91e-07	9.83e-04	1.41e-01	4.18e-01	4.40e-01	2.30e-07	0.00e+00	2.94e-08	8.89e-08	1.51e-07	3.29e-04	6.54e-04	1.15e-25
 7.11746e+16	3.11e-07	1.03e-03	1.45e-01	4.22e-01	4.32e-01	2.30e-07	0.00e+00	3.14e-08	9.50e-08	1.61e-07	3.45e-04	6.86e-04	1.35e-25
 7.18252e+16	3.34e-07	1.08e-03	1.49e-01	4.26e-01	4.24e-01	2.31e-07	0.00e+00	3.37e-08	1.02e-07	1.73e-07	3.61e-04	7.19e-04	1.60e-25
