#depth	C	C+	C+2	C+3	C+4	C+5	C+6	C[1]	C[2]	C[3]	C+[1]	C+[2]	CO
 2.09343e+14	2.97e-10	2.93e-06	2.25e-03	4.93e-02	9.48e-01	1.86e-07	0.00e+00	2.92e-11	8.84e-11	1.50e-10	9.73e-07	1.96e-06	9.64e-34
 1.22879e+15	3.03e-10	3.36e-06	2.48e-03	5.20e-02	9.46e-01	1.82e-07	0.00e+00	2.99e-11	9.04e-11	1.54e-10	1.12e-06	2.25e-06	1.47e-33
 2.88141e+15	3.89e-10	4.14e-06	2.88e-03	5.65e-02	9.41e-01	1.83e-07	0.00e+00	3.84e-11	1.16e-10	1.97e-10	1.38e-06	2.77e-06	2.88e-33
 4.60014e+15	5.03e-10	5.12e-06	3.35e-03	6.14e-02	9.35e-01	1.86e-07	0.00e+00	4.95e-11	1.50e-10	2.55e-10	1.70e-06	3.42e-06	5.65e-33
 6.28252e+15	6.37e-10	6.23e-06	3.87e-03	6.65e-02	9.30e-01	1.85e-07	0.00e+00	6.28e-11	1.90e-10	3.23e-10	2.07e-06	4.16e-06	1.05e-32
 7.88841e+15	7.95e-10	7.48e-06	4.42e-03	7.14e-02	9.24e-01	1.87e-07	0.00e+00	7.84e-11	2.37e-10	4.03e-10	2.48e-06	5.00e-06	1.86e-32
 9.66364e+15	1.00e-09	9.08e-06	5.09e-03	7.72e-02	9.18e-01	1.89e-07	0.00e+00	9.91e-11	3.00e-10	5.09e-10	3.02e-06	6.07e-06	3.45e-32
 1.15992e+16	1.29e-09	1.12e-05	5.90e-03	8.38e-02	9.10e-01	1.91e-07	0.00e+00	1.27e-10	3.84e-10	6.52e-10	3.70e-06	7.45e-06	6.65e-32
 1.34175e+16	1.61e-09	1.34e-05	6.75e-03	9.03e-02	9.03e-01	1.95e-07	0.00e+00	1.59e-10	4.80e-10	8.16e-10	4.46e-06	8.97e-06	1.20e-31
 1.53629e+16	2.04e-09	1.63e-05	7.77e-03	9.75e-02	8.95e-01	1.96e-07	0.00e+00	2.01e-10	6.08e-10	1.03e-09	5.42e-06	1.09e-05	2.21e-31
 1.75051e+16	2.59e-09	2.00e-05	9.00e-03	1.06e-01	8.85e-01	1.98e-07	0.00e+00	2.56e-10	7.74e-10	1.32e-09	6.64e-06	1.33e-05	4.23e-31
 1.95235e+16	3.22e-09	2.40e-05	1.03e-02	1.14e-01	8.76e-01	1.99e-07	0.00e+00	3.18e-10	9.62e-10	1.63e-09	7.97e-06	1.60e-05	7.59e-31
 2.16983e+16	4.07e-09	2.91e-05	1.18e-02	1.23e-01	8.65e-01	2.02e-07	0.00e+00	4.02e-10	1.22e-09	2.06e-09	9.68e-06	1.94e-05	1.41e-30
 2.40903e+16	5.15e-09	3.56e-05	1.37e-02	1.34e-01	8.52e-01	2.02e-07	0.00e+00	5.09e-10	1.54e-09	2.61e-09	1.18e-05	2.38e-05	2.68e-30
 2.63572e+16	6.43e-09	4.29e-05	1.57e-02	1.44e-01	8.40e-01	2.04e-07	0.00e+00	6.36e-10	1.92e-09	3.26e-09	1.43e-05	2.87e-05	4.81e-30
 2.87941e+16	8.09e-09	5.21e-05	1.81e-02	1.56e-01	8.26e-01	2.05e-07	0.00e+00	8.00e-10	2.42e-09	4.11e-09	1.73e-05	3.48e-05	8.95e-30
 3.14559e+16	1.03e-08	6.39e-05	2.10e-02	1.69e-01	8.10e-01	2.08e-07	0.00e+00	1.02e-09	3.07e-09	5.22e-09	2.13e-05	4.26e-05	1.69e-29
 3.39785e+16	1.27e-08	7.68e-05	2.41e-02	1.82e-01	7.93e-01	2.08e-07	0.00e+00	1.26e-09	3.81e-09	6.46e-09	2.55e-05	5.12e-05	3.02e-29
 3.66955e+16	1.60e-08	9.35e-05	2.78e-02	1.97e-01	7.75e-01	2.09e-07	0.00e+00	1.59e-09	4.81e-09	8.16e-09	3.11e-05	6.24e-05	5.66e-29
 3.96501e+16	2.04e-08	1.15e-04	3.23e-02	2.14e-01	7.54e-01	2.12e-07	0.00e+00	2.03e-09	6.12e-09	1.04e-08	3.82e-05	7.66e-05	1.07e-28
 4.24264e+16	2.54e-08	1.38e-04	3.70e-02	2.30e-01	7.33e-01	2.14e-07	0.00e+00	2.52e-09	7.61e-09	1.29e-08	4.61e-05	9.22e-05	1.92e-28
 4.47276e+16	3.01e-08	1.60e-04	4.13e-02	2.43e-01	7.15e-01	2.14e-07	0.00e+00	2.99e-09	9.04e-09	1.53e-08	5.34e-05	1.07e-04	3.02e-28
 4.66155e+16	3.49e-08	1.81e-04	4.51e-02	2.55e-01	7.00e-01	2.17e-07	0.00e+00	3.46e-09	1.05e-08	1.78e-08	6.05e-05	1.21e-04	4.42e-28
 4.87174e+16	4.10e-08	2.08e-04	4.99e-02	2.68e-01	6.82e-01	2.17e-07	0.00e+00	4.07e-09	1.23e-08	2.09e-08	6.93e-05	1.39e-04	6.80e-28
 5.10160e+16	4.84e-08	2.40e-04	5.54e-02	2.83e-01	6.61e-01	2.19e-07	0.00e+00	4.81e-09	1.45e-08	2.47e-08	8.00e-05	1.60e-04	1.07e-27
 5.31259e+16	5.68e-08	2.74e-04	6.09e-02	2.96e-01	6.42e-01	2.21e-07	0.00e+00	5.65e-09	1.71e-08	2.90e-08	9.14e-05	1.83e-04	1.60e-27
 5.50248e+16	6.54e-08	3.08e-04	6.63e-02	3.09e-01	6.25e-01	2.23e-07	0.00e+00	6.51e-09	1.97e-08	3.33e-08	1.03e-04	2.06e-04	2.30e-27
 5.67339e+16	7.43e-08	3.43e-04	7.15e-02	3.20e-01	6.08e-01	2.25e-07	0.00e+00	7.39e-09	2.23e-08	3.79e-08	1.14e-04	2.28e-04	3.20e-27
 5.82720e+16	8.34e-08	3.77e-04	7.65e-02	3.30e-01	5.93e-01	2.26e-07	0.00e+00	8.30e-09	2.51e-08	4.25e-08	1.26e-04	2.51e-04	4.29e-27
 5.96563e+16	9.25e-08	4.11e-04	8.12e-02	3.39e-01	5.79e-01	2.28e-07	0.00e+00	9.21e-09	2.78e-08	4.72e-08	1.37e-04	2.74e-04	5.59e-27
 6.09022e+16	1.02e-07	4.43e-04	8.57e-02	3.48e-01	5.66e-01	2.30e-07	0.00e+00	1.01e-08	3.06e-08	5.19e-08	1.48e-04	2.95e-04	7.11e-27
 6.20235e+16	1.11e-07	4.76e-04	9.00e-02	3.55e-01	5.55e-01	2.31e-07	0.00e+00	1.11e-08	3.34e-08	5.66e-08	1.59e-04	3.17e-04	8.81e-27
 6.30327e+16	1.20e-07	5.06e-04	9.40e-02	3.62e-01	5.44e-01	2.32e-07	0.00e+00	1.19e-08	3.61e-08	6.12e-08	1.69e-04	3.37e-04	1.07e-26
 6.39409e+16	1.29e-07	5.36e-04	9.77e-02	3.68e-01	5.34e-01	2.34e-07	0.00e+00	1.28e-08	3.88e-08	6.57e-08	1.79e-04	3.57e-04	1.29e-26
 6.47583e+16	1.37e-07	5.64e-04	1.01e-01	3.73e-01	5.25e-01	2.35e-07	0.00e+00	1.37e-08	4.14e-08	7.01e-08	1.88e-04	3.76e-04	1.51e-26
 6.55061e+16	1.46e-07	5.91e-04	1.04e-01	3.78e-01	5.17e-01	2.37e-07	0.00e+00	1.45e-08	4.39e-08	7.44e-08	1.97e-04	3.94e-04	1.74e-26
 6.62273e+16	1.54e-07	6.18e-04	1.08e-01	3.83e-01	5.09e-01	2.38e-07	0.00e+00	1.54e-08	4.65e-08	7.88e-08	2.06e-04	4.12e-04	2.02e-26
 6.69484e+16	1.64e-07	6.47e-04	1.11e-01	3.88e-01	5.00e-01	2.40e-07	0.00e+00	1.63e-08	4.94e-08	8.37e-08	2.16e-04	4.31e-04	2.34e-26
 6.76696e+16	1.74e-07	6.78e-04	1.15e-01	3.93e-01	4.92e-01	2.41e-07	0.00e+00	1.74e-08	5.24e-08	8.88e-08	2.26e-04	4.52e-04	2.72e-26
 6.83907e+16	1.85e-07	7.10e-04	1.18e-01	3.97e-01	4.84e-01	2.43e-07	0.00e+00	1.84e-08	5.57e-08	9.44e-08	2.37e-04	4.73e-04	3.16e-26
 6.91119e+16	1.97e-07	7.45e-04	1.22e-01	4.02e-01	4.75e-01	2.44e-07	0.00e+00	1.96e-08	5.93e-08	1.00e-07	2.49e-04	4.96e-04	3.68e-26
 6.98330e+16	2.10e-07	7.81e-04	1.26e-01	4.07e-01	4.67e-01	2.46e-07	0.00e+00	2.09e-08	6.32e-08	1.07e-07	2.61e-04	5.20e-04	4.31e-26
 7.05542e+16	2.24e-07	8.20e-04	1.30e-01	4.12e-01	4.58e-01	2.48e-07	0.00e+00	2.24e-08	6.75e-08	1.14e-07	2.74e-04	5.46e-04	5.05e-26
 7.12753e+16	2.40e-07	8.62e-04	1.34e-01	4.16e-01	4.49e-01	2.50e-07	0.00e+00	2.40e-08	7.24e-08	1.23e-07	2.88e-04	5.74e-04	5.96e-26
 7.18755e+16	2.58e-07	9.04e-04	1.37e-01	4.20e-01	4.42e-01	2.52e-07	0.00e+00	2.57e-08	7.77e-08	1.32e-07	3.02e-04	6.02e-04	7.06e-26
