#depth	He	He+	He+2
 2.92617e+14	4.11e-07	4.64e-03	9.95e-01
 1.39867e+15	4.61e-07	4.91e-03	9.95e-01
 3.05809e+15	5.41e-07	5.32e-03	9.95e-01
 4.78388e+15	6.36e-07	5.77e-03	9.94e-01
 6.37877e+15	7.32e-07	6.20e-03	9.94e-01
 7.75505e+15	8.24e-07	6.58e-03	9.93e-01
 9.27581e+15	9.36e-07	7.02e-03	9.93e-01
 1.11398e+16	1.09e-06	7.59e-03	9.92e-01
 1.30287e+16	1.26e-06	8.18e-03	9.92e-01
 1.47320e+16	1.43e-06	8.72e-03	9.91e-01
 1.63260e+16	1.61e-06	9.26e-03	9.91e-01
 1.81091e+16	1.83e-06	9.89e-03	9.90e-01
 2.00843e+16	2.10e-06	1.06e-02	9.89e-01
 2.19229e+16	2.38e-06	1.13e-02	9.89e-01
 2.35646e+16	2.65e-06	1.19e-02	9.88e-01
 2.53363e+16	2.97e-06	1.26e-02	9.87e-01
 2.72961e+16	3.36e-06	1.34e-02	9.87e-01
 2.91281e+16	3.76e-06	1.42e-02	9.86e-01
 3.11371e+16	4.25e-06	1.51e-02	9.85e-01
 3.33232e+16	4.82e-06	1.61e-02	9.84e-01
 3.53100e+16	5.38e-06	1.70e-02	9.83e-01
 3.74632e+16	6.08e-06	1.81e-02	9.82e-01
 3.98347e+16	6.90e-06	1.93e-02	9.81e-01
 4.20254e+16	7.72e-06	2.04e-02	9.80e-01
 4.44090e+16	8.78e-06	2.17e-02	9.78e-01
 4.70219e+16	9.99e-06	2.32e-02	9.77e-01
 4.93962e+16	1.12e-05	2.46e-02	9.75e-01
 5.15854e+16	1.25e-05	2.60e-02	9.74e-01
 5.36384e+16	1.38e-05	2.73e-02	9.73e-01
 5.54861e+16	1.50e-05	2.86e-02	9.71e-01
 5.71490e+16	1.63e-05	2.97e-02	9.70e-01
 5.86456e+16	1.75e-05	3.08e-02	9.69e-01
 5.99926e+16	1.86e-05	3.18e-02	9.68e-01
 6.12048e+16	1.97e-05	3.28e-02	9.67e-01
 6.22959e+16	2.08e-05	3.36e-02	9.66e-01
 6.32778e+16	2.18e-05	3.44e-02	9.66e-01
 6.41615e+16	2.27e-05	3.51e-02	9.65e-01
 6.49569e+16	2.36e-05	3.58e-02	9.64e-01
 6.56942e+16	2.45e-05	3.64e-02	9.64e-01
 6.64154e+16	2.53e-05	3.71e-02	9.63e-01
 6.71365e+16	2.63e-05	3.77e-02	9.62e-01
 6.78577e+16	2.73e-05	3.84e-02	9.62e-01
 6.85788e+16	2.83e-05	3.91e-02	9.61e-01
 6.93000e+16	2.94e-05	3.98e-02	9.60e-01
 7.00211e+16	3.06e-05	4.05e-02	9.59e-01
 7.07423e+16	3.19e-05	4.12e-02	9.59e-01
 7.14634e+16	3.37e-05	4.20e-02	9.58e-01
 7.19696e+16	3.51e-05	4.25e-02	9.57e-01
