#depth	O	O+	O+2	O+3	O+4	O+5	O+6	O+7	O+8	O[1]	O[2]	O[3]
 3.50657e+14	1.99e-11	6.27e-07	1.86e-03	2.21e-01	6.86e-01	8.97e-02	1.94e-03	0.00e+00	0.00e+00	1.59e-11	2.51e-12	1.46e-12
 1.51707e+15	2.48e-11	7.38e-07	2.08e-03	2.32e-01	6.80e-01	8.41e-02	1.71e-03	0.00e+00	0.00e+00	1.98e-11	3.12e-12	1.81e-12
 3.18122e+15	3.31e-11	9.19e-07	2.42e-03	2.48e-01	6.71e-01	7.70e-02	1.43e-03	0.00e+00	0.00e+00	2.65e-11	4.16e-12	2.42e-12
 4.91194e+15	4.44e-11	1.14e-06	2.81e-03	2.66e-01	6.60e-01	7.03e-02	1.19e-03	0.00e+00	0.00e+00	3.55e-11	5.56e-12	3.25e-12
 6.57983e+15	5.80e-11	1.39e-06	3.23e-03	2.82e-01	6.49e-01	6.45e-02	1.01e-03	0.00e+00	0.00e+00	4.65e-11	7.25e-12	4.25e-12
 8.13459e+15	7.39e-11	1.67e-06	3.66e-03	2.97e-01	6.39e-01	5.95e-02	8.61e-04	0.00e+00	0.00e+00	5.92e-11	9.23e-12	5.41e-12
 9.88359e+15	9.63e-11	2.03e-06	4.19e-03	3.15e-01	6.26e-01	5.44e-02	7.26e-04	0.00e+00	0.00e+00	7.72e-11	1.20e-11	7.05e-12
 1.18824e+16	1.28e-10	2.50e-06	4.85e-03	3.34e-01	6.11e-01	4.93e-02	5.99e-04	0.00e+00	0.00e+00	1.03e-10	1.60e-11	9.41e-12
 1.37661e+16	1.66e-10	3.02e-06	5.53e-03	3.52e-01	5.97e-01	4.49e-02	5.02e-04	0.00e+00	0.00e+00	1.33e-10	2.06e-11	1.22e-11
 1.54562e+16	2.10e-10	3.58e-06	6.20e-03	3.68e-01	5.84e-01	4.13e-02	4.30e-04	0.00e+00	0.00e+00	1.68e-10	2.61e-11	1.54e-11
 1.73546e+16	2.71e-10	4.31e-06	7.03e-03	3.86e-01	5.69e-01	3.77e-02	3.62e-04	0.00e+00	0.00e+00	2.17e-10	3.37e-11	1.99e-11
 1.95978e+16	3.64e-10	5.33e-06	8.09e-03	4.07e-01	5.51e-01	3.39e-02	2.97e-04	0.00e+00	0.00e+00	2.92e-10	4.51e-11	2.67e-11
 2.18150e+16	4.80e-10	6.51e-06	9.24e-03	4.27e-01	5.33e-01	3.05e-02	2.45e-04	0.00e+00	0.00e+00	3.85e-10	5.94e-11	3.53e-11
 2.38599e+16	6.15e-10	7.78e-06	1.04e-02	4.44e-01	5.17e-01	2.78e-02	2.06e-04	0.00e+00	0.00e+00	4.93e-10	7.61e-11	4.53e-11
 2.61550e+16	8.10e-10	9.47e-06	1.18e-02	4.64e-01	4.99e-01	2.50e-02	1.70e-04	0.00e+00	0.00e+00	6.50e-10	1.00e-10	5.97e-11
 2.87413e+16	1.09e-09	1.17e-05	1.36e-02	4.85e-01	4.79e-01	2.22e-02	1.37e-04	0.00e+00	0.00e+00	8.74e-10	1.35e-10	8.04e-11
 3.12147e+16	1.43e-09	1.42e-05	1.54e-02	5.05e-01	4.60e-01	1.98e-02	1.12e-04	0.00e+00	0.00e+00	1.15e-09	1.77e-10	1.06e-10
 3.35430e+16	1.84e-09	1.70e-05	1.73e-02	5.23e-01	4.42e-01	1.79e-02	9.33e-05	0.00e+00	0.00e+00	1.47e-09	2.27e-10	1.36e-10
 3.61738e+16	2.43e-09	2.07e-05	1.97e-02	5.42e-01	4.22e-01	1.59e-02	7.59e-05	0.00e+00	0.00e+00	1.95e-09	3.00e-10	1.80e-10
 3.91196e+16	3.28e-09	2.56e-05	2.25e-02	5.62e-01	4.01e-01	1.39e-02	6.05e-05	0.00e+00	0.00e+00	2.63e-09	4.04e-10	2.43e-10
 4.15760e+16	4.16e-09	3.03e-05	2.51e-02	5.79e-01	3.84e-01	1.25e-02	5.03e-05	0.00e+00	0.00e+00	3.33e-09	5.11e-10	3.08e-10
 4.34643e+16	4.99e-09	3.45e-05	2.73e-02	5.90e-01	3.71e-01	1.15e-02	4.37e-05	0.00e+00	0.00e+00	4.00e-09	6.13e-10	3.70e-10
 4.55129e+16	6.09e-09	3.97e-05	2.98e-02	6.03e-01	3.57e-01	1.05e-02	3.75e-05	0.00e+00	0.00e+00	4.88e-09	7.48e-10	4.52e-10
 4.79430e+16	7.66e-09	4.67e-05	3.30e-02	6.17e-01	3.41e-01	9.48e-03	3.13e-05	0.00e+00	0.00e+00	6.14e-09	9.40e-10	5.69e-10
 5.03603e+16	9.56e-09	5.48e-05	3.64e-02	6.29e-01	3.25e-01	8.53e-03	2.63e-05	0.00e+00	0.00e+00	7.67e-09	1.17e-09	7.11e-10
 5.25357e+16	1.17e-08	6.30e-05	3.98e-02	6.40e-01	3.12e-01	7.77e-03	2.25e-05	0.00e+00	0.00e+00	9.35e-09	1.43e-09	8.68e-10
 5.44937e+16	1.39e-08	7.15e-05	4.30e-02	6.50e-01	3.00e-01	7.14e-03	1.95e-05	0.00e+00	0.00e+00	1.12e-08	1.70e-09	1.04e-09
 5.62558e+16	1.63e-08	8.00e-05	4.60e-02	6.57e-01	2.90e-01	6.61e-03	1.72e-05	0.00e+00	0.00e+00	1.31e-08	1.99e-09	1.21e-09
 5.78418e+16	1.88e-08	8.86e-05	4.89e-02	6.64e-01	2.81e-01	6.18e-03	1.54e-05	0.00e+00	0.00e+00	1.51e-08	2.30e-09	1.40e-09
 5.92691e+16	2.13e-08	9.71e-05	5.17e-02	6.70e-01	2.73e-01	5.81e-03	1.39e-05	0.00e+00	0.00e+00	1.71e-08	2.61e-09	1.59e-09
 6.05537e+16	2.39e-08	1.05e-04	5.42e-02	6.75e-01	2.66e-01	5.49e-03	1.27e-05	0.00e+00	0.00e+00	1.92e-08	2.93e-09	1.79e-09
 6.17099e+16	2.66e-08	1.14e-04	5.66e-02	6.79e-01	2.59e-01	5.22e-03	1.17e-05	0.00e+00	0.00e+00	2.13e-08	3.25e-09	1.98e-09
 6.27504e+16	2.92e-08	1.22e-04	5.89e-02	6.82e-01	2.54e-01	4.99e-03	1.09e-05	0.00e+00	0.00e+00	2.34e-08	3.57e-09	2.18e-09
 6.36869e+16	3.18e-08	1.29e-04	6.10e-02	6.85e-01	2.49e-01	4.79e-03	1.02e-05	0.00e+00	0.00e+00	2.55e-08	3.89e-09	2.38e-09
 6.45297e+16	3.44e-08	1.37e-04	6.30e-02	6.88e-01	2.44e-01	4.62e-03	9.62e-06	0.00e+00	0.00e+00	2.76e-08	4.20e-09	2.57e-09
 6.52895e+16	3.69e-08	1.44e-04	6.48e-02	6.90e-01	2.40e-01	4.47e-03	9.12e-06	0.00e+00	0.00e+00	2.96e-08	4.51e-09	2.76e-09
 6.60107e+16	3.94e-08	1.51e-04	6.65e-02	6.92e-01	2.37e-01	4.33e-03	8.67e-06	0.00e+00	0.00e+00	3.16e-08	4.81e-09	2.94e-09
 6.67318e+16	4.23e-08	1.59e-04	6.84e-02	6.94e-01	2.33e-01	4.19e-03	8.24e-06	0.00e+00	0.00e+00	3.39e-08	5.16e-09	3.16e-09
 6.74530e+16	4.51e-08	1.67e-04	7.02e-02	6.96e-01	2.29e-01	4.06e-03	7.83e-06	0.00e+00	0.00e+00	3.62e-08	5.51e-09	3.38e-09
 6.81741e+16	4.86e-08	1.76e-04	7.22e-02	6.98e-01	2.26e-01	3.93e-03	7.44e-06	0.00e+00	0.00e+00	3.90e-08	5.93e-09	3.64e-09
 6.88953e+16	5.20e-08	1.84e-04	7.41e-02	7.00e-01	2.22e-01	3.81e-03	7.07e-06	0.00e+00	0.00e+00	4.17e-08	6.35e-09	3.90e-09
 6.96164e+16	5.62e-08	1.95e-04	7.62e-02	7.02e-01	2.18e-01	3.69e-03	6.71e-06	0.00e+00	0.00e+00	4.51e-08	6.86e-09	4.21e-09
 7.03376e+16	6.06e-08	2.06e-04	7.82e-02	7.03e-01	2.15e-01	3.57e-03	6.38e-06	0.00e+00	0.00e+00	4.86e-08	7.40e-09	4.54e-09
 7.10587e+16	6.56e-08	2.18e-04	8.04e-02	7.05e-01	2.11e-01	3.46e-03	6.06e-06	0.00e+00	0.00e+00	5.27e-08	8.01e-09	4.92e-09
 7.17672e+16	7.32e-08	2.36e-04	8.27e-02	7.06e-01	2.08e-01	3.34e-03	5.73e-06	0.00e+00	0.00e+00	5.87e-08	8.93e-09	5.49e-09
