#depth	O	O+	O+2	O+3	O+4	O+5	O+6	O+7	O+8	O[1]	O[2]	O[3]
 2.06148e+14	2.96e-11	5.63e-07	1.32e-03	1.56e-01	6.61e-01	1.72e-01	9.93e-03	0.00e+00	0.00e+00	2.23e-11	4.85e-12	2.39e-12
 1.22228e+15	3.63e-11	6.56e-07	1.47e-03	1.64e-01	6.61e-01	1.64e-01	8.93e-03	0.00e+00	0.00e+00	2.74e-11	5.94e-12	2.94e-12
 2.87463e+15	4.84e-11	8.21e-07	1.73e-03	1.78e-01	6.60e-01	1.52e-01	7.55e-03	0.00e+00	0.00e+00	3.65e-11	7.91e-12	3.92e-12
 4.59309e+15	6.47e-11	1.02e-06	2.05e-03	1.93e-01	6.58e-01	1.41e-01	6.37e-03	0.00e+00	0.00e+00	4.88e-11	1.06e-11	5.24e-12
 6.24431e+15	8.39e-11	1.25e-06	2.38e-03	2.08e-01	6.54e-01	1.31e-01	5.42e-03	0.00e+00	0.00e+00	6.33e-11	1.37e-11	6.80e-12
 7.77549e+15	1.06e-10	1.49e-06	2.73e-03	2.21e-01	6.50e-01	1.22e-01	4.68e-03	0.00e+00	0.00e+00	7.99e-11	1.73e-11	8.60e-12
 9.50388e+15	1.37e-10	1.82e-06	3.16e-03	2.37e-01	6.44e-01	1.13e-01	3.98e-03	0.00e+00	0.00e+00	1.04e-10	2.24e-11	1.12e-11
 1.13975e+16	1.82e-10	2.25e-06	3.69e-03	2.54e-01	6.36e-01	1.03e-01	3.34e-03	0.00e+00	0.00e+00	1.38e-10	2.96e-11	1.48e-11
 1.31552e+16	2.35e-10	2.73e-06	4.23e-03	2.70e-01	6.28e-01	9.55e-02	2.85e-03	0.00e+00	0.00e+00	1.77e-10	3.82e-11	1.91e-11
 1.50733e+16	3.10e-10	3.35e-06	4.90e-03	2.87e-01	6.18e-01	8.77e-02	2.40e-03	0.00e+00	0.00e+00	2.34e-10	5.04e-11	2.53e-11
 1.72088e+16	4.15e-10	4.17e-06	5.72e-03	3.06e-01	6.06e-01	7.98e-02	1.99e-03	0.00e+00	0.00e+00	3.13e-10	6.73e-11	3.39e-11
 1.90992e+16	5.30e-10	5.01e-06	6.52e-03	3.23e-01	5.95e-01	7.34e-02	1.69e-03	0.00e+00	0.00e+00	4.00e-10	8.60e-11	4.33e-11
 2.07352e+16	6.55e-10	5.87e-06	7.28e-03	3.38e-01	5.85e-01	6.83e-02	1.47e-03	0.00e+00	0.00e+00	4.94e-10	1.06e-10	5.35e-11
 2.25741e+16	8.29e-10	6.99e-06	8.22e-03	3.54e-01	5.73e-01	6.30e-02	1.26e-03	0.00e+00	0.00e+00	6.26e-10	1.34e-10	6.78e-11
 2.48874e+16	1.11e-09	8.65e-06	9.53e-03	3.75e-01	5.58e-01	5.70e-02	1.04e-03	0.00e+00	0.00e+00	8.34e-10	1.79e-10	9.06e-11
 2.72305e+16	1.45e-09	1.06e-05	1.10e-02	3.95e-01	5.41e-01	5.15e-02	8.58e-04	0.00e+00	0.00e+00	1.09e-09	2.34e-10	1.19e-10
 2.92345e+16	1.81e-09	1.25e-05	1.24e-02	4.12e-01	5.27e-01	4.72e-02	7.31e-04	0.00e+00	0.00e+00	1.37e-09	2.93e-10	1.49e-10
 3.13847e+16	2.32e-09	1.50e-05	1.40e-02	4.31e-01	5.12e-01	4.30e-02	6.15e-04	0.00e+00	0.00e+00	1.75e-09	3.75e-10	1.91e-10
 3.36208e+16	2.94e-09	1.80e-05	1.59e-02	4.49e-01	4.96e-01	3.90e-02	5.17e-04	0.00e+00	0.00e+00	2.22e-09	4.76e-10	2.43e-10
 3.55230e+16	3.59e-09	2.08e-05	1.76e-02	4.64e-01	4.82e-01	3.60e-02	4.46e-04	0.00e+00	0.00e+00	2.71e-09	5.79e-10	2.96e-10
 3.75502e+16	4.46e-09	2.45e-05	1.96e-02	4.80e-01	4.67e-01	3.29e-02	3.81e-04	0.00e+00	0.00e+00	3.36e-09	7.19e-10	3.68e-10
 3.97950e+16	5.60e-09	2.90e-05	2.21e-02	4.97e-01	4.50e-01	2.99e-02	3.21e-04	0.00e+00	0.00e+00	4.23e-09	9.04e-10	4.63e-10
 4.19022e+16	6.89e-09	3.39e-05	2.46e-02	5.13e-01	4.35e-01	2.73e-02	2.74e-04	0.00e+00	0.00e+00	5.20e-09	1.11e-09	5.70e-10
 4.39175e+16	8.42e-09	3.94e-05	2.72e-02	5.27e-01	4.20e-01	2.50e-02	2.35e-04	0.00e+00	0.00e+00	6.36e-09	1.36e-09	6.97e-10
 4.62342e+16	1.07e-08	4.69e-05	3.06e-02	5.43e-01	4.03e-01	2.25e-02	1.97e-04	0.00e+00	0.00e+00	8.05e-09	1.72e-09	8.85e-10
 4.87284e+16	1.36e-08	5.62e-05	3.45e-02	5.60e-01	3.85e-01	2.02e-02	1.63e-04	0.00e+00	0.00e+00	1.03e-08	2.19e-09	1.13e-09
 5.09586e+16	1.68e-08	6.60e-05	3.84e-02	5.74e-01	3.69e-01	1.83e-02	1.39e-04	0.00e+00	0.00e+00	1.27e-08	2.70e-09	1.40e-09
 5.30095e+16	2.05e-08	7.66e-05	4.24e-02	5.86e-01	3.55e-01	1.67e-02	1.19e-04	0.00e+00	0.00e+00	1.55e-08	3.30e-09	1.71e-09
 5.49201e+16	2.47e-08	8.81e-05	4.64e-02	5.97e-01	3.41e-01	1.53e-02	1.03e-04	0.00e+00	0.00e+00	1.87e-08	3.98e-09	2.06e-09
 5.66396e+16	2.93e-08	1.00e-04	5.03e-02	6.06e-01	3.29e-01	1.41e-02	9.06e-05	0.00e+00	0.00e+00	2.21e-08	4.71e-09	2.44e-09
 5.81872e+16	3.42e-08	1.12e-04	5.41e-02	6.14e-01	3.19e-01	1.32e-02	8.06e-05	0.00e+00	0.00e+00	2.58e-08	5.50e-09	2.86e-09
 5.95800e+16	3.95e-08	1.25e-04	5.78e-02	6.21e-01	3.09e-01	1.23e-02	7.26e-05	0.00e+00	0.00e+00	2.98e-08	6.34e-09	3.29e-09
 6.08335e+16	4.49e-08	1.38e-04	6.14e-02	6.26e-01	3.01e-01	1.16e-02	6.59e-05	0.00e+00	0.00e+00	3.39e-08	7.22e-09	3.75e-09
 6.19616e+16	5.06e-08	1.51e-04	6.48e-02	6.31e-01	2.93e-01	1.10e-02	6.05e-05	0.00e+00	0.00e+00	3.82e-08	8.12e-09	4.23e-09
 6.29770e+16	5.64e-08	1.63e-04	6.80e-02	6.35e-01	2.86e-01	1.05e-02	5.59e-05	0.00e+00	0.00e+00	4.26e-08	9.06e-09	4.72e-09
 6.38908e+16	6.19e-08	1.75e-04	7.10e-02	6.39e-01	2.80e-01	1.00e-02	5.22e-05	0.00e+00	0.00e+00	4.67e-08	9.94e-09	5.17e-09
 6.47133e+16	6.80e-08	1.88e-04	7.39e-02	6.42e-01	2.74e-01	9.64e-03	4.89e-05	0.00e+00	0.00e+00	5.13e-08	1.09e-08	5.68e-09
 6.54634e+16	7.41e-08	2.00e-04	7.66e-02	6.45e-01	2.69e-01	9.28e-03	4.61e-05	0.00e+00	0.00e+00	5.59e-08	1.19e-08	6.20e-09
 6.61846e+16	8.06e-08	2.13e-04	7.94e-02	6.47e-01	2.64e-01	8.95e-03	4.35e-05	0.00e+00	0.00e+00	6.09e-08	1.29e-08	6.75e-09
 6.69057e+16	8.79e-08	2.27e-04	8.23e-02	6.49e-01	2.60e-01	8.63e-03	4.11e-05	0.00e+00	0.00e+00	6.63e-08	1.41e-08	7.36e-09
 6.76269e+16	9.59e-08	2.42e-04	8.52e-02	6.51e-01	2.55e-01	8.32e-03	3.87e-05	0.00e+00	0.00e+00	7.24e-08	1.54e-08	8.04e-09
 6.83480e+16	1.05e-07	2.59e-04	8.83e-02	6.53e-01	2.50e-01	8.01e-03	3.65e-05	0.00e+00	0.00e+00	7.92e-08	1.68e-08	8.79e-09
 6.90692e+16	1.15e-07	2.77e-04	9.16e-02	6.55e-01	2.45e-01	7.71e-03	3.44e-05	0.00e+00	0.00e+00	8.69e-08	1.85e-08	9.65e-09
 6.97903e+16	1.28e-07	2.99e-04	9.51e-02	6.57e-01	2.40e-01	7.41e-03	3.23e-05	0.00e+00	0.00e+00	9.64e-08	2.05e-08	1.07e-08
 7.05115e+16	1.41e-07	3.22e-04	9.86e-02	6.58e-01	2.35e-01	7.13e-03	3.04e-05	0.00e+00	0.00e+00	1.06e-07	2.26e-08	1.18e-08
 7.12326e+16	1.56e-07	3.47e-04	1.02e-01	6.60e-01	2.31e-01	6.85e-03	2.86e-05	0.00e+00	0.00e+00	1.18e-07	2.51e-08	1.31e-08
 7.18542e+16	1.79e-07	3.82e-04	1.06e-01	6.61e-01	2.26e-01	6.61e-03	2.69e-05	0.00e+00	0.00e+00	1.35e-07	2.87e-08	1.50e-08
