#depth	He	He+	He+2
 2.74226e+14	3.67e-07	4.65e-03	9.95e-01
 1.36115e+15	4.10e-07	4.92e-03	9.95e-01
 3.01907e+15	4.81e-07	5.32e-03	9.95e-01
 4.74330e+15	5.64e-07	5.76e-03	9.94e-01
 6.34936e+15	6.49e-07	6.19e-03	9.94e-01
 7.76524e+15	7.31e-07	6.58e-03	9.93e-01
 9.34956e+15	8.35e-07	7.04e-03	9.93e-01
 1.12517e+16	9.72e-07	7.61e-03	9.92e-01
 1.31593e+16	1.12e-06	8.20e-03	9.92e-01
 1.48068e+16	1.27e-06	8.72e-03	9.91e-01
 1.65235e+16	1.44e-06	9.30e-03	9.91e-01
 1.86454e+16	1.68e-06	1.01e-02	9.90e-01
 2.07484e+16	1.95e-06	1.08e-02	9.89e-01
 2.25404e+16	2.19e-06	1.15e-02	9.89e-01
 2.41563e+16	2.44e-06	1.21e-02	9.88e-01
 2.59391e+16	2.73e-06	1.28e-02	9.87e-01
 2.79153e+16	3.09e-06	1.36e-02	9.86e-01
 2.97697e+16	3.46e-06	1.44e-02	9.86e-01
 3.18073e+16	3.92e-06	1.54e-02	9.85e-01
 3.40265e+16	4.44e-06	1.64e-02	9.84e-01
 3.60321e+16	4.96e-06	1.73e-02	9.83e-01
 3.81898e+16	5.61e-06	1.84e-02	9.82e-01
 4.05625e+16	6.38e-06	1.97e-02	9.80e-01
 4.27673e+16	7.15e-06	2.09e-02	9.79e-01
 4.51860e+16	8.13e-06	2.23e-02	9.78e-01
 4.77996e+16	9.28e-06	2.39e-02	9.76e-01
 5.01606e+16	1.04e-05	2.54e-02	9.75e-01
 5.23171e+16	1.16e-05	2.68e-02	9.73e-01
 5.42969e+16	1.28e-05	2.82e-02	9.72e-01
 5.60788e+16	1.40e-05	2.96e-02	9.70e-01
 5.76824e+16	1.51e-05	3.08e-02	9.69e-01
 5.91257e+16	1.62e-05	3.20e-02	9.68e-01
 6.04246e+16	1.73e-05	3.30e-02	9.67e-01
 6.15937e+16	1.84e-05	3.40e-02	9.66e-01
 6.26458e+16	1.94e-05	3.50e-02	9.65e-01
 6.35928e+16	2.03e-05	3.59e-02	9.64e-01
 6.44450e+16	2.12e-05	3.67e-02	9.63e-01
 6.52120e+16	2.20e-05	3.74e-02	9.63e-01
 6.59359e+16	2.29e-05	3.81e-02	9.62e-01
 6.66571e+16	2.38e-05	3.89e-02	9.61e-01
 6.73782e+16	2.47e-05	3.96e-02	9.60e-01
 6.80994e+16	2.57e-05	4.04e-02	9.60e-01
 6.88205e+16	2.68e-05	4.12e-02	9.59e-01
 6.95417e+16	2.79e-05	4.20e-02	9.58e-01
 7.02628e+16	2.91e-05	4.29e-02	9.57e-01
 7.09840e+16	3.04e-05	4.37e-02	9.56e-01
 7.17051e+16	3.22e-05	4.47e-02	9.55e-01
 7.20904e+16	3.39e-05	4.52e-02	9.55e-01
