#depth	O	O+	O+2	O+3	O+4	O+5	O+6	O+7	O+8	O[1]	O[2]	O[3]
 2.08318e+14	4.30e-11	7.44e-07	1.59e-03	1.71e-01	6.61e-01	1.58e-01	8.22e-03	0.00e+00	0.00e+00	3.29e-11	6.69e-12	3.42e-12
 1.22670e+15	5.27e-11	8.66e-07	1.77e-03	1.80e-01	6.60e-01	1.51e-01	7.37e-03	0.00e+00	0.00e+00	4.03e-11	8.19e-12	4.19e-12
 2.87924e+15	7.05e-11	1.08e-06	2.09e-03	1.95e-01	6.58e-01	1.39e-01	6.22e-03	0.00e+00	0.00e+00	5.39e-11	1.09e-11	5.61e-12
 4.59787e+15	9.42e-11	1.35e-06	2.46e-03	2.11e-01	6.53e-01	1.28e-01	5.22e-03	0.00e+00	0.00e+00	7.20e-11	1.46e-11	7.51e-12
 6.21379e+15	1.21e-10	1.64e-06	2.85e-03	2.26e-01	6.48e-01	1.19e-01	4.45e-03	0.00e+00	0.00e+00	9.28e-11	1.88e-11	9.68e-12
 7.66085e+15	1.52e-10	1.93e-06	3.23e-03	2.39e-01	6.43e-01	1.11e-01	3.87e-03	0.00e+00	0.00e+00	1.16e-10	2.34e-11	1.21e-11
 9.28769e+15	1.94e-10	2.33e-06	3.71e-03	2.54e-01	6.36e-01	1.03e-01	3.31e-03	0.00e+00	0.00e+00	1.48e-10	3.00e-11	1.55e-11
 1.12131e+16	2.60e-10	2.90e-06	4.33e-03	2.72e-01	6.27e-01	9.40e-02	2.75e-03	0.00e+00	0.00e+00	1.98e-10	4.01e-11	2.08e-11
 1.31194e+16	3.42e-10	3.56e-06	5.02e-03	2.90e-01	6.16e-01	8.61e-02	2.31e-03	0.00e+00	0.00e+00	2.62e-10	5.28e-11	2.74e-11
 1.48881e+16	4.40e-10	4.29e-06	5.73e-03	3.07e-01	6.06e-01	7.94e-02	1.97e-03	0.00e+00	0.00e+00	3.36e-10	6.78e-11	3.52e-11
 1.65780e+16	5.55e-10	5.10e-06	6.48e-03	3.23e-01	5.96e-01	7.35e-02	1.69e-03	0.00e+00	0.00e+00	4.24e-10	8.54e-11	4.45e-11
 1.84676e+16	7.19e-10	6.18e-06	7.40e-03	3.40e-01	5.84e-01	6.74e-02	1.43e-03	0.00e+00	0.00e+00	5.50e-10	1.11e-10	5.77e-11
 2.05404e+16	9.41e-10	7.55e-06	8.50e-03	3.59e-01	5.70e-01	6.13e-02	1.19e-03	0.00e+00	0.00e+00	7.20e-10	1.45e-10	7.56e-11
 2.24429e+16	1.19e-09	9.00e-06	9.62e-03	3.76e-01	5.57e-01	5.63e-02	1.01e-03	0.00e+00	0.00e+00	9.11e-10	1.83e-10	9.59e-11
 2.45077e+16	1.55e-09	1.09e-05	1.10e-02	3.95e-01	5.42e-01	5.13e-02	8.49e-04	0.00e+00	0.00e+00	1.18e-09	2.38e-10	1.25e-10
 2.67933e+16	2.02e-09	1.33e-05	1.26e-02	4.15e-01	5.25e-01	4.63e-02	7.02e-04	0.00e+00	0.00e+00	1.55e-09	3.11e-10	1.63e-10
 2.89232e+16	2.58e-09	1.59e-05	1.43e-02	4.33e-01	5.10e-01	4.21e-02	5.90e-04	0.00e+00	0.00e+00	1.97e-09	3.96e-10	2.08e-10
 3.07889e+16	3.17e-09	1.85e-05	1.58e-02	4.49e-01	4.96e-01	3.87e-02	5.07e-04	0.00e+00	0.00e+00	2.42e-09	4.86e-10	2.56e-10
 3.27536e+16	3.95e-09	2.18e-05	1.77e-02	4.65e-01	4.81e-01	3.55e-02	4.33e-04	0.00e+00	0.00e+00	3.02e-09	6.06e-10	3.20e-10
 3.49269e+16	4.98e-09	2.59e-05	1.99e-02	4.83e-01	4.65e-01	3.22e-02	3.64e-04	0.00e+00	0.00e+00	3.81e-09	7.64e-10	4.04e-10
 3.69548e+16	6.14e-09	3.03e-05	2.22e-02	4.99e-01	4.49e-01	2.94e-02	3.10e-04	0.00e+00	0.00e+00	4.70e-09	9.41e-10	4.98e-10
 3.88776e+16	7.48e-09	3.50e-05	2.45e-02	5.13e-01	4.35e-01	2.70e-02	2.67e-04	0.00e+00	0.00e+00	5.72e-09	1.15e-09	6.07e-10
 4.10805e+16	9.40e-09	4.15e-05	2.74e-02	5.29e-01	4.19e-01	2.45e-02	2.25e-04	0.00e+00	0.00e+00	7.19e-09	1.44e-09	7.64e-10
 4.34738e+16	1.19e-08	4.95e-05	3.09e-02	5.46e-01	4.01e-01	2.20e-02	1.87e-04	0.00e+00	0.00e+00	9.11e-09	1.82e-09	9.70e-10
 4.56555e+16	1.47e-08	5.79e-05	3.43e-02	5.60e-01	3.85e-01	1.99e-02	1.58e-04	0.00e+00	0.00e+00	1.12e-08	2.25e-09	1.20e-09
 4.77218e+16	1.80e-08	6.73e-05	3.79e-02	5.73e-01	3.70e-01	1.82e-02	1.35e-04	0.00e+00	0.00e+00	1.38e-08	2.75e-09	1.47e-09
 4.99226e+16	2.23e-08	7.89e-05	4.21e-02	5.87e-01	3.55e-01	1.64e-02	1.14e-04	0.00e+00	0.00e+00	1.71e-08	3.41e-09	1.82e-09
 5.21418e+16	2.77e-08	9.27e-05	4.68e-02	5.99e-01	3.39e-01	1.48e-02	9.65e-05	0.00e+00	0.00e+00	2.12e-08	4.22e-09	2.26e-09
 5.41392e+16	3.35e-08	1.07e-04	5.13e-02	6.10e-01	3.25e-01	1.35e-02	8.30e-05	0.00e+00	0.00e+00	2.56e-08	5.12e-09	2.74e-09
 5.59368e+16	4.00e-08	1.22e-04	5.58e-02	6.19e-01	3.13e-01	1.24e-02	7.24e-05	0.00e+00	0.00e+00	3.06e-08	6.10e-09	3.27e-09
 5.75546e+16	4.69e-08	1.37e-04	6.01e-02	6.26e-01	3.02e-01	1.15e-02	6.39e-05	0.00e+00	0.00e+00	3.58e-08	7.15e-09	3.84e-09
 5.90107e+16	5.43e-08	1.53e-04	6.43e-02	6.33e-01	2.92e-01	1.07e-02	5.72e-05	0.00e+00	0.00e+00	4.15e-08	8.28e-09	4.45e-09
 6.03211e+16	6.21e-08	1.70e-04	6.84e-02	6.38e-01	2.83e-01	1.01e-02	5.17e-05	0.00e+00	0.00e+00	4.75e-08	9.46e-09	5.09e-09
 6.15005e+16	7.02e-08	1.86e-04	7.22e-02	6.42e-01	2.76e-01	9.53e-03	4.71e-05	0.00e+00	0.00e+00	5.37e-08	1.07e-08	5.76e-09
 6.25620e+16	7.85e-08	2.02e-04	7.59e-02	6.46e-01	2.69e-01	9.05e-03	4.34e-05	0.00e+00	0.00e+00	6.00e-08	1.20e-08	6.44e-09
 6.35173e+16	8.62e-08	2.17e-04	7.93e-02	6.49e-01	2.62e-01	8.63e-03	4.03e-05	0.00e+00	0.00e+00	6.59e-08	1.31e-08	7.08e-09
 6.43771e+16	9.49e-08	2.33e-04	8.26e-02	6.52e-01	2.57e-01	8.26e-03	3.76e-05	0.00e+00	0.00e+00	7.26e-08	1.45e-08	7.80e-09
 6.51509e+16	1.04e-07	2.49e-04	8.57e-02	6.54e-01	2.52e-01	7.95e-03	3.54e-05	0.00e+00	0.00e+00	7.93e-08	1.58e-08	8.53e-09
 6.58780e+16	1.13e-07	2.65e-04	8.87e-02	6.56e-01	2.47e-01	7.65e-03	3.33e-05	0.00e+00	0.00e+00	8.62e-08	1.72e-08	9.28e-09
 6.65992e+16	1.23e-07	2.82e-04	9.18e-02	6.58e-01	2.42e-01	7.37e-03	3.14e-05	0.00e+00	0.00e+00	9.38e-08	1.87e-08	1.01e-08
 6.73203e+16	1.34e-07	3.00e-04	9.50e-02	6.60e-01	2.38e-01	7.10e-03	2.96e-05	0.00e+00	0.00e+00	1.02e-07	2.04e-08	1.10e-08
 6.80415e+16	1.46e-07	3.20e-04	9.84e-02	6.61e-01	2.33e-01	6.83e-03	2.79e-05	0.00e+00	0.00e+00	1.12e-07	2.22e-08	1.20e-08
 6.87626e+16	1.61e-07	3.44e-04	1.02e-01	6.63e-01	2.28e-01	6.57e-03	2.62e-05	0.00e+00	0.00e+00	1.23e-07	2.45e-08	1.33e-08
 6.94838e+16	1.77e-07	3.68e-04	1.06e-01	6.64e-01	2.24e-01	6.32e-03	2.47e-05	0.00e+00	0.00e+00	1.35e-07	2.69e-08	1.46e-08
 7.02049e+16	1.93e-07	3.94e-04	1.09e-01	6.65e-01	2.19e-01	6.07e-03	2.32e-05	0.00e+00	0.00e+00	1.48e-07	2.94e-08	1.59e-08
 7.09261e+16	2.16e-07	4.27e-04	1.14e-01	6.66e-01	2.15e-01	5.83e-03	2.18e-05	0.00e+00	0.00e+00	1.65e-07	3.29e-08	1.78e-08
 7.16472e+16	2.42e-07	4.64e-04	1.18e-01	6.66e-01	2.10e-01	5.59e-03	2.04e-05	0.00e+00	0.00e+00	1.85e-07	3.69e-08	2.00e-08
 7.20615e+16	2.82e-07	5.14e-04	1.21e-01	6.66e-01	2.07e-01	5.43e-03	1.94e-05	0.00e+00	0.00e+00	2.16e-07	4.29e-08	2.33e-08
