#depth	He	He+	He+2
 3.58076e+14	2.47e-07	4.37e-03	9.96e-01
 1.53221e+15	2.77e-07	4.63e-03	9.95e-01
 3.19696e+15	3.25e-07	5.01e-03	9.95e-01
 4.92831e+15	3.81e-07	5.43e-03	9.95e-01
 6.58477e+15	4.41e-07	5.84e-03	9.94e-01
 8.11161e+15	5.02e-07	6.24e-03	9.94e-01
 9.84355e+15	5.80e-07	6.71e-03	9.93e-01
 1.17196e+16	6.73e-07	7.24e-03	9.93e-01
 1.34075e+16	7.65e-07	7.72e-03	9.92e-01
 1.52263e+16	8.80e-07	8.28e-03	9.92e-01
 1.72714e+16	1.02e-06	8.93e-03	9.91e-01
 1.92178e+16	1.17e-06	9.56e-03	9.90e-01
 2.13518e+16	1.36e-06	1.03e-02	9.90e-01
 2.37016e+16	1.59e-06	1.11e-02	9.89e-01
 2.58339e+16	1.83e-06	1.19e-02	9.88e-01
 2.81042e+16	2.11e-06	1.28e-02	9.87e-01
 3.03745e+16	2.42e-06	1.37e-02	9.86e-01
 3.21755e+16	2.69e-06	1.45e-02	9.86e-01
 3.40479e+16	3.00e-06	1.53e-02	9.85e-01
 3.64820e+16	3.46e-06	1.64e-02	9.84e-01
 3.89741e+16	3.96e-06	1.76e-02	9.82e-01
 4.10366e+16	4.42e-06	1.86e-02	9.81e-01
 4.32127e+16	4.97e-06	1.97e-02	9.80e-01
 4.58262e+16	5.71e-06	2.12e-02	9.79e-01
 4.84026e+16	6.51e-06	2.26e-02	9.77e-01
 5.06928e+16	7.30e-06	2.40e-02	9.76e-01
 5.28066e+16	8.11e-06	2.54e-02	9.75e-01
 5.47374e+16	8.92e-06	2.66e-02	9.73e-01
 5.64752e+16	9.71e-06	2.79e-02	9.72e-01
 5.80392e+16	1.05e-05	2.90e-02	9.71e-01
 5.94468e+16	1.12e-05	3.00e-02	9.70e-01
 6.07136e+16	1.20e-05	3.10e-02	9.69e-01
 6.18538e+16	1.27e-05	3.19e-02	9.68e-01
 6.28799e+16	1.33e-05	3.28e-02	9.67e-01
 6.38035e+16	1.40e-05	3.36e-02	9.66e-01
 6.46346e+16	1.45e-05	3.43e-02	9.66e-01
 6.53889e+16	1.51e-05	3.50e-02	9.65e-01
 6.61101e+16	1.57e-05	3.56e-02	9.64e-01
 6.68312e+16	1.63e-05	3.63e-02	9.64e-01
 6.75524e+16	1.69e-05	3.70e-02	9.63e-01
 6.82735e+16	1.75e-05	3.78e-02	9.62e-01
 6.89947e+16	1.82e-05	3.85e-02	9.61e-01
 6.97158e+16	1.90e-05	3.92e-02	9.61e-01
 7.04370e+16	1.97e-05	4.00e-02	9.60e-01
 7.11581e+16	2.06e-05	4.08e-02	9.59e-01
 7.18169e+16	2.17e-05	4.16e-02	9.58e-01
