#depth	N	N+	N+2	N+3	N+4	N+5	N+6	N+7
 3.61838e+14	9.81e-10	5.62e-06	3.86e-03	1.44e-01	3.60e-01	4.92e-01	2.48e-07	0.00e+00
 1.53988e+15	1.10e-09	6.74e-06	4.43e-03	1.56e-01	3.70e-01	4.69e-01	2.37e-07	0.00e+00
 3.20495e+15	1.48e-09	8.60e-06	5.34e-03	1.73e-01	3.82e-01	4.39e-01	2.27e-07	0.00e+00
 4.93661e+15	1.98e-09	1.10e-05	6.43e-03	1.92e-01	3.93e-01	4.08e-01	2.17e-07	0.00e+00
 6.53080e+15	2.54e-09	1.35e-05	7.54e-03	2.09e-01	4.01e-01	3.82e-01	2.06e-07	0.00e+00
 7.90728e+15	3.13e-09	1.60e-05	8.61e-03	2.25e-01	4.08e-01	3.59e-01	2.00e-07	0.00e+00
 9.43699e+15	3.92e-09	1.93e-05	9.91e-03	2.42e-01	4.13e-01	3.35e-01	1.90e-07	0.00e+00
 1.13094e+16	5.10e-09	2.40e-05	1.17e-02	2.63e-01	4.18e-01	3.08e-01	1.79e-07	0.00e+00
 1.31986e+16	6.51e-09	2.94e-05	1.36e-02	2.83e-01	4.21e-01	2.82e-01	1.67e-07	0.00e+00
 1.47992e+16	7.95e-09	3.46e-05	1.54e-02	3.01e-01	4.22e-01	2.62e-01	1.60e-07	0.00e+00
 1.64533e+16	9.75e-09	4.09e-05	1.74e-02	3.19e-01	4.22e-01	2.42e-01	1.50e-07	0.00e+00
 1.85378e+16	1.25e-08	4.99e-05	2.02e-02	3.41e-01	4.21e-01	2.18e-01	1.39e-07	0.00e+00
 2.06371e+16	1.58e-08	6.05e-05	2.32e-02	3.62e-01	4.18e-01	1.97e-01	1.28e-07	0.00e+00
 2.24080e+16	1.91e-08	7.06e-05	2.60e-02	3.80e-01	4.14e-01	1.80e-01	0.00e+00	0.00e+00
 2.39887e+16	2.26e-08	8.07e-05	2.86e-02	3.95e-01	4.10e-01	1.67e-01	0.00e+00	0.00e+00
 2.57360e+16	2.71e-08	9.35e-05	3.16e-02	4.11e-01	4.04e-01	1.53e-01	0.00e+00	0.00e+00
 2.76883e+16	3.29e-08	1.09e-04	3.53e-02	4.29e-01	3.98e-01	1.38e-01	0.00e+00	0.00e+00
 2.95388e+16	3.92e-08	1.26e-04	3.89e-02	4.45e-01	3.90e-01	1.26e-01	0.00e+00	0.00e+00
 3.15762e+16	4.76e-08	1.46e-04	4.31e-02	4.61e-01	3.82e-01	1.14e-01	0.00e+00	0.00e+00
 3.37927e+16	5.81e-08	1.71e-04	4.80e-02	4.78e-01	3.72e-01	1.02e-01	0.00e+00	0.00e+00
 3.57896e+16	6.91e-08	1.96e-04	5.25e-02	4.93e-01	3.63e-01	9.18e-02	0.00e+00	0.00e+00
 3.79328e+16	8.32e-08	2.27e-04	5.78e-02	5.07e-01	3.52e-01	8.23e-02	0.00e+00	0.00e+00
 4.03034e+16	1.01e-07	2.64e-04	6.39e-02	5.22e-01	3.41e-01	7.29e-02	0.00e+00	0.00e+00
 4.25279e+16	1.21e-07	3.03e-04	6.98e-02	5.35e-01	3.30e-01	6.52e-02	0.00e+00	0.00e+00
 4.46549e+16	1.43e-07	3.44e-04	7.58e-02	5.47e-01	3.19e-01	5.86e-02	0.00e+00	0.00e+00
 4.70366e+16	1.72e-07	3.97e-04	8.29e-02	5.58e-01	3.06e-01	5.19e-02	0.00e+00	0.00e+00
 4.95445e+16	2.08e-07	4.58e-04	9.06e-02	5.69e-01	2.94e-01	4.57e-02	0.00e+00	0.00e+00
 5.18015e+16	2.45e-07	5.19e-04	9.77e-02	5.78e-01	2.82e-01	4.08e-02	0.00e+00	0.00e+00
 5.38329e+16	2.85e-07	5.80e-04	1.04e-01	5.86e-01	2.72e-01	3.69e-02	0.00e+00	0.00e+00
 5.56611e+16	3.25e-07	6.39e-04	1.11e-01	5.92e-01	2.63e-01	3.36e-02	0.00e+00	0.00e+00
 5.73065e+16	3.66e-07	6.98e-04	1.17e-01	5.97e-01	2.55e-01	3.10e-02	0.00e+00	0.00e+00
 5.87874e+16	4.07e-07	7.55e-04	1.22e-01	6.00e-01	2.48e-01	2.87e-02	0.00e+00	0.00e+00
 6.01202e+16	4.49e-07	8.10e-04	1.27e-01	6.04e-01	2.42e-01	2.69e-02	0.00e+00	0.00e+00
 6.13197e+16	4.90e-07	8.63e-04	1.31e-01	6.06e-01	2.36e-01	2.53e-02	0.00e+00	0.00e+00
 6.23992e+16	5.30e-07	9.14e-04	1.36e-01	6.08e-01	2.31e-01	2.39e-02	0.00e+00	0.00e+00
 6.33708e+16	5.69e-07	9.62e-04	1.39e-01	6.10e-01	2.27e-01	2.28e-02	0.00e+00	0.00e+00
 6.42453e+16	6.08e-07	1.01e-03	1.43e-01	6.12e-01	2.23e-01	2.18e-02	0.00e+00	0.00e+00
 6.50322e+16	6.44e-07	1.05e-03	1.46e-01	6.13e-01	2.19e-01	2.09e-02	0.00e+00	0.00e+00
 6.57656e+16	6.81e-07	1.09e-03	1.49e-01	6.14e-01	2.16e-01	2.01e-02	0.00e+00	0.00e+00
 6.64868e+16	7.20e-07	1.14e-03	1.52e-01	6.15e-01	2.13e-01	1.94e-02	0.00e+00	0.00e+00
 6.72079e+16	7.62e-07	1.18e-03	1.55e-01	6.16e-01	2.09e-01	1.87e-02	0.00e+00	0.00e+00
 6.79291e+16	8.08e-07	1.23e-03	1.58e-01	6.16e-01	2.06e-01	1.80e-02	0.00e+00	0.00e+00
 6.86502e+16	8.58e-07	1.29e-03	1.62e-01	6.17e-01	2.03e-01	1.73e-02	0.00e+00	0.00e+00
 6.93714e+16	9.13e-07	1.34e-03	1.65e-01	6.17e-01	2.00e-01	1.66e-02	0.00e+00	0.00e+00
 7.00925e+16	9.75e-07	1.40e-03	1.68e-01	6.18e-01	1.96e-01	1.60e-02	0.00e+00	0.00e+00
 7.08137e+16	1.06e-06	1.48e-03	1.72e-01	6.18e-01	1.93e-01	1.53e-02	0.00e+00	0.00e+00
 7.15348e+16	1.16e-06	1.58e-03	1.76e-01	6.18e-01	1.90e-01	1.46e-02	0.00e+00	0.00e+00
 7.20053e+16	1.26e-06	1.66e-03	1.79e-01	6.18e-01	1.88e-01	1.41e-02	0.00e+00	0.00e+00
