#depth	He	He+	He+2
 1.81752e+14	1.79e-07	3.50e-03	9.96e-01
 1.09051e+15	1.96e-07	3.67e-03	9.96e-01
 2.65560e+15	2.27e-07	3.94e-03	9.96e-01
 4.36529e+15	2.64e-07	4.26e-03	9.96e-01
 5.99931e+15	3.02e-07	4.57e-03	9.95e-01
 7.50059e+15	3.41e-07	4.86e-03	9.95e-01
 9.20001e+15	3.91e-07	5.22e-03	9.95e-01
 1.10717e+16	4.53e-07	5.63e-03	9.94e-01
 1.28064e+16	5.17e-07	6.02e-03	9.94e-01
 1.47004e+16	5.97e-07	6.47e-03	9.94e-01
 1.68064e+16	6.95e-07	6.99e-03	9.93e-01
 1.87951e+16	7.98e-07	7.50e-03	9.93e-01
 2.05862e+16	9.00e-07	7.97e-03	9.92e-01
 2.25132e+16	1.03e-06	8.53e-03	9.91e-01
 2.46569e+16	1.18e-06	9.16e-03	9.91e-01
 2.66609e+16	1.34e-06	9.77e-03	9.90e-01
 2.88446e+16	1.54e-06	1.05e-02	9.89e-01
 3.12313e+16	1.77e-06	1.13e-02	9.89e-01
 3.34100e+16	2.01e-06	1.21e-02	9.88e-01
 3.53170e+16	2.24e-06	1.28e-02	9.87e-01
 3.73429e+16	2.52e-06	1.37e-02	9.86e-01
 3.95711e+16	2.86e-06	1.47e-02	9.85e-01
 4.16471e+16	3.21e-06	1.56e-02	9.84e-01
 4.36177e+16	3.58e-06	1.66e-02	9.83e-01
 4.58666e+16	4.07e-06	1.79e-02	9.82e-01
 4.82879e+16	4.66e-06	1.93e-02	9.81e-01
 5.04544e+16	5.26e-06	2.07e-02	9.79e-01
 5.24789e+16	5.90e-06	2.21e-02	9.78e-01
 5.44185e+16	6.59e-06	2.36e-02	9.76e-01
 5.61882e+16	7.31e-06	2.50e-02	9.75e-01
 5.77809e+16	8.04e-06	2.65e-02	9.74e-01
 5.92143e+16	8.77e-06	2.79e-02	9.72e-01
 6.05044e+16	9.50e-06	2.92e-02	9.71e-01
 6.16655e+16	1.02e-05	3.05e-02	9.69e-01
 6.27104e+16	1.09e-05	3.17e-02	9.68e-01
 6.36509e+16	1.16e-05	3.29e-02	9.67e-01
 6.44973e+16	1.23e-05	3.40e-02	9.66e-01
 6.52591e+16	1.29e-05	3.51e-02	9.65e-01
 6.59805e+16	1.36e-05	3.62e-02	9.64e-01
 6.67017e+16	1.43e-05	3.73e-02	9.63e-01
 6.74228e+16	1.51e-05	3.84e-02	9.62e-01
 6.81440e+16	1.59e-05	3.97e-02	9.60e-01
 6.88651e+16	1.69e-05	4.10e-02	9.59e-01
 6.95863e+16	1.78e-05	4.23e-02	9.58e-01
 7.03074e+16	1.88e-05	4.37e-02	9.56e-01
 7.10286e+16	2.01e-05	4.53e-02	9.55e-01
 7.17498e+16	2.14e-05	4.68e-02	9.53e-01
 7.21128e+16	2.29e-05	4.77e-02	9.52e-01
