#depth	He	He+	He+2
 2.13207e+14	1.18e-07	3.66e-03	9.96e-01
 1.23667e+15	1.31e-07	3.86e-03	9.96e-01
 2.88961e+15	1.52e-07	4.16e-03	9.96e-01
 4.60866e+15	1.78e-07	4.49e-03	9.96e-01
 6.30220e+15	2.05e-07	4.83e-03	9.95e-01
 7.93555e+15	2.35e-07	5.17e-03	9.95e-01
 9.72852e+15	2.72e-07	5.57e-03	9.94e-01
 1.16216e+16	3.16e-07	6.00e-03	9.94e-01
 1.33899e+16	3.62e-07	6.42e-03	9.94e-01
 1.53284e+16	4.19e-07	6.92e-03	9.93e-01
 1.74842e+16	4.90e-07	7.48e-03	9.93e-01
 1.95372e+16	5.66e-07	8.03e-03	9.92e-01
 2.17331e+16	6.59e-07	8.67e-03	9.91e-01
 2.41339e+16	7.74e-07	9.41e-03	9.91e-01
 2.64261e+16	8.94e-07	1.01e-02	9.90e-01
 2.88819e+16	1.05e-06	1.10e-02	9.89e-01
 3.15583e+16	1.23e-06	1.19e-02	9.88e-01
 3.41209e+16	1.43e-06	1.29e-02	9.87e-01
 3.68682e+16	1.69e-06	1.41e-02	9.86e-01
 3.98027e+16	2.00e-06	1.54e-02	9.85e-01
 4.21923e+16	2.28e-06	1.65e-02	9.83e-01
 4.40227e+16	2.52e-06	1.74e-02	9.83e-01
 4.60152e+16	2.83e-06	1.86e-02	9.81e-01
 4.83901e+16	3.24e-06	2.00e-02	9.80e-01
 5.07626e+16	3.69e-06	2.15e-02	9.78e-01
 5.28979e+16	4.15e-06	2.30e-02	9.77e-01
 5.48196e+16	4.63e-06	2.45e-02	9.76e-01
 5.65492e+16	5.11e-06	2.59e-02	9.74e-01
 5.81058e+16	5.59e-06	2.73e-02	9.73e-01
 5.95067e+16	6.06e-06	2.86e-02	9.71e-01
 6.07676e+16	6.53e-06	2.99e-02	9.70e-01
 6.19023e+16	6.99e-06	3.11e-02	9.69e-01
 6.29236e+16	7.43e-06	3.22e-02	9.68e-01
 6.38428e+16	7.87e-06	3.33e-02	9.67e-01
 6.46700e+16	8.29e-06	3.43e-02	9.66e-01
 6.54224e+16	8.68e-06	3.53e-02	9.65e-01
 6.61436e+16	9.09e-06	3.63e-02	9.64e-01
 6.68647e+16	9.53e-06	3.73e-02	9.63e-01
 6.75859e+16	9.99e-06	3.84e-02	9.62e-01
 6.83070e+16	1.05e-05	3.95e-02	9.60e-01
 6.90282e+16	1.10e-05	4.07e-02	9.59e-01
 6.97493e+16	1.16e-05	4.20e-02	9.58e-01
 7.04705e+16	1.22e-05	4.32e-02	9.57e-01
 7.11916e+16	1.28e-05	4.46e-02	9.55e-01
 7.18337e+16	1.35e-05	4.58e-02	9.54e-01
