#depth	O	O+	O+2	O+3	O+4	O+5	O+6	O+7	O+8	O[1]	O[2]	O[3]
 2.20652e+14	8.62e-12	4.27e-07	1.69e-03	2.32e-01	6.97e-01	6.85e-02	9.32e-04	0.00e+00	0.00e+00	6.39e-12	1.50e-12	7.17e-13
 1.25186e+15	1.04e-11	4.93e-07	1.86e-03	2.42e-01	6.91e-01	6.45e-02	8.31e-04	0.00e+00	0.00e+00	7.73e-12	1.81e-12	8.67e-13
 2.90540e+15	1.38e-11	6.10e-07	2.16e-03	2.59e-01	6.80e-01	5.89e-02	6.94e-04	0.00e+00	0.00e+00	1.02e-11	2.38e-12	1.14e-12
 4.62509e+15	1.82e-11	7.53e-07	2.51e-03	2.76e-01	6.67e-01	5.36e-02	5.78e-04	0.00e+00	0.00e+00	1.35e-11	3.14e-12	1.51e-12
 6.30103e+15	2.36e-11	9.13e-07	2.88e-03	2.93e-01	6.55e-01	4.89e-02	4.86e-04	0.00e+00	0.00e+00	1.75e-11	4.05e-12	1.95e-12
 7.88967e+15	2.98e-11	1.09e-06	3.27e-03	3.09e-01	6.42e-01	4.49e-02	4.14e-04	0.00e+00	0.00e+00	2.22e-11	5.12e-12	2.47e-12
 9.65438e+15	3.84e-11	1.32e-06	3.75e-03	3.27e-01	6.28e-01	4.09e-02	3.47e-04	0.00e+00	0.00e+00	2.86e-11	6.59e-12	3.19e-12
 1.15939e+16	5.05e-11	1.62e-06	4.32e-03	3.46e-01	6.12e-01	3.70e-02	2.88e-04	0.00e+00	0.00e+00	3.76e-11	8.66e-12	4.20e-12
 1.34139e+16	6.49e-11	1.95e-06	4.91e-03	3.64e-01	5.97e-01	3.37e-02	2.42e-04	0.00e+00	0.00e+00	4.83e-11	1.11e-11	5.39e-12
 1.51241e+16	8.16e-11	2.31e-06	5.52e-03	3.81e-01	5.83e-01	3.09e-02	2.06e-04	0.00e+00	0.00e+00	6.08e-11	1.40e-11	6.79e-12
 1.70894e+16	1.06e-10	2.79e-06	6.28e-03	4.00e-01	5.66e-01	2.80e-02	1.72e-04	0.00e+00	0.00e+00	7.87e-11	1.81e-11	8.80e-12
 1.92964e+16	1.40e-10	3.43e-06	7.22e-03	4.21e-01	5.47e-01	2.51e-02	1.41e-04	0.00e+00	0.00e+00	1.04e-10	2.38e-11	1.16e-11
 2.13956e+16	1.80e-10	4.13e-06	8.20e-03	4.40e-01	5.29e-01	2.27e-02	1.17e-04	0.00e+00	0.00e+00	1.34e-10	3.06e-11	1.50e-11
 2.36482e+16	2.36e-10	5.03e-06	9.36e-03	4.61e-01	5.10e-01	2.03e-02	9.65e-05	0.00e+00	0.00e+00	1.75e-10	4.01e-11	1.96e-11
 2.61106e+16	3.12e-10	6.18e-06	1.08e-02	4.82e-01	4.89e-01	1.81e-02	7.82e-05	0.00e+00	0.00e+00	2.32e-10	5.30e-11	2.60e-11
 2.84395e+16	4.03e-10	7.46e-06	1.22e-02	5.02e-01	4.69e-01	1.62e-02	6.44e-05	0.00e+00	0.00e+00	3.00e-10	6.85e-11	3.37e-11
 3.09488e+16	5.31e-10	9.12e-06	1.40e-02	5.23e-01	4.49e-01	1.44e-02	5.23e-05	0.00e+00	0.00e+00	3.96e-10	9.01e-11	4.44e-11
 3.36892e+16	7.06e-10	1.12e-05	1.61e-02	5.45e-01	4.27e-01	1.26e-02	4.19e-05	0.00e+00	0.00e+00	5.26e-10	1.20e-10	5.92e-11
 3.62819e+16	9.19e-10	1.36e-05	1.83e-02	5.64e-01	4.06e-01	1.12e-02	3.41e-05	0.00e+00	0.00e+00	6.85e-10	1.56e-10	7.70e-11
 3.90793e+16	1.22e-09	1.67e-05	2.10e-02	5.84e-01	3.85e-01	9.83e-03	2.73e-05	0.00e+00	0.00e+00	9.11e-10	2.07e-10	1.03e-10
 4.21205e+16	1.64e-09	2.07e-05	2.42e-02	6.05e-01	3.62e-01	8.54e-03	2.16e-05	0.00e+00	0.00e+00	1.22e-09	2.78e-10	1.38e-10
 4.49458e+16	2.15e-09	2.52e-05	2.76e-02	6.23e-01	3.42e-01	7.49e-03	1.74e-05	0.00e+00	0.00e+00	1.60e-09	3.64e-10	1.81e-10
 4.72691e+16	2.66e-09	2.95e-05	3.07e-02	6.37e-01	3.25e-01	6.73e-03	1.46e-05	0.00e+00	0.00e+00	1.99e-09	4.50e-10	2.25e-10
 4.91906e+16	3.20e-09	3.37e-05	3.35e-02	6.48e-01	3.12e-01	6.16e-03	1.26e-05	0.00e+00	0.00e+00	2.38e-09	5.40e-10	2.70e-10
 5.12247e+16	3.88e-09	3.88e-05	3.67e-02	6.59e-01	2.98e-01	5.60e-03	1.08e-05	0.00e+00	0.00e+00	2.90e-09	6.56e-10	3.28e-10
 5.33138e+16	4.72e-09	4.48e-05	4.02e-02	6.70e-01	2.85e-01	5.08e-03	9.21e-06	0.00e+00	0.00e+00	3.52e-09	7.96e-10	3.99e-10
 5.51939e+16	5.64e-09	5.11e-05	4.37e-02	6.79e-01	2.73e-01	4.65e-03	7.99e-06	0.00e+00	0.00e+00	4.20e-09	9.51e-10	4.77e-10
 5.68860e+16	6.62e-09	5.75e-05	4.72e-02	6.86e-01	2.62e-01	4.29e-03	7.04e-06	0.00e+00	0.00e+00	4.94e-09	1.12e-09	5.60e-10
 5.84090e+16	7.67e-09	6.40e-05	5.05e-02	6.93e-01	2.53e-01	3.99e-03	6.27e-06	0.00e+00	0.00e+00	5.72e-09	1.29e-09	6.50e-10
 5.97796e+16	8.76e-09	7.06e-05	5.37e-02	6.98e-01	2.45e-01	3.73e-03	5.65e-06	0.00e+00	0.00e+00	6.53e-09	1.48e-09	7.42e-10
 6.10131e+16	9.88e-09	7.72e-05	5.67e-02	7.03e-01	2.37e-01	3.52e-03	5.15e-06	0.00e+00	0.00e+00	7.37e-09	1.66e-09	8.38e-10
 6.21233e+16	1.10e-08	8.38e-05	5.96e-02	7.06e-01	2.31e-01	3.33e-03	4.73e-06	0.00e+00	0.00e+00	8.23e-09	1.86e-09	9.36e-10
 6.31225e+16	1.22e-08	9.03e-05	6.23e-02	7.10e-01	2.25e-01	3.17e-03	4.39e-06	0.00e+00	0.00e+00	9.09e-09	2.05e-09	1.04e-09
 6.40218e+16	1.34e-08	9.67e-05	6.49e-02	7.12e-01	2.20e-01	3.03e-03	4.09e-06	0.00e+00	0.00e+00	9.97e-09	2.25e-09	1.14e-09
 6.48311e+16	1.45e-08	1.03e-04	6.74e-02	7.15e-01	2.15e-01	2.91e-03	3.85e-06	0.00e+00	0.00e+00	1.08e-08	2.45e-09	1.24e-09
 6.55751e+16	1.57e-08	1.09e-04	6.97e-02	7.17e-01	2.11e-01	2.81e-03	3.63e-06	0.00e+00	0.00e+00	1.17e-08	2.63e-09	1.33e-09
 6.62962e+16	1.69e-08	1.15e-04	7.21e-02	7.18e-01	2.07e-01	2.70e-03	3.44e-06	0.00e+00	0.00e+00	1.26e-08	2.85e-09	1.44e-09
 6.70174e+16	1.83e-08	1.22e-04	7.45e-02	7.20e-01	2.03e-01	2.61e-03	3.25e-06	0.00e+00	0.00e+00	1.36e-08	3.08e-09	1.55e-09
 6.77385e+16	1.98e-08	1.29e-04	7.71e-02	7.22e-01	1.99e-01	2.51e-03	3.07e-06	0.00e+00	0.00e+00	1.48e-08	3.33e-09	1.68e-09
 6.84597e+16	2.14e-08	1.37e-04	7.97e-02	7.23e-01	1.95e-01	2.42e-03	2.90e-06	0.00e+00	0.00e+00	1.60e-08	3.61e-09	1.83e-09
 6.91808e+16	2.33e-08	1.46e-04	8.25e-02	7.24e-01	1.91e-01	2.33e-03	2.74e-06	0.00e+00	0.00e+00	1.74e-08	3.92e-09	1.98e-09
 6.99020e+16	2.53e-08	1.56e-04	8.54e-02	7.26e-01	1.87e-01	2.24e-03	2.58e-06	0.00e+00	0.00e+00	1.89e-08	4.26e-09	2.16e-09
 7.06231e+16	2.77e-08	1.66e-04	8.84e-02	7.27e-01	1.83e-01	2.16e-03	2.44e-06	0.00e+00	0.00e+00	2.06e-08	4.65e-09	2.36e-09
 7.13443e+16	3.04e-08	1.78e-04	9.16e-02	7.28e-01	1.79e-01	2.07e-03	2.30e-06	0.00e+00	0.00e+00	2.26e-08	5.11e-09	2.59e-09
 7.19100e+16	3.36e-08	1.92e-04	9.42e-02	7.28e-01	1.76e-01	2.01e-03	2.19e-06	0.00e+00	0.00e+00	2.51e-08	5.65e-09	2.87e-09
