#depth	He	He+	He+2
 1.94276e+14	1.19e-07	3.34e-03	9.97e-01
 1.16566e+15	1.31e-07	3.51e-03	9.96e-01
 2.78335e+15	1.52e-07	3.78e-03	9.96e-01
 4.49815e+15	1.77e-07	4.08e-03	9.96e-01
 6.19053e+15	2.05e-07	4.38e-03	9.96e-01
 7.77708e+15	2.33e-07	4.68e-03	9.95e-01
 9.51811e+15	2.68e-07	5.03e-03	9.95e-01
 1.14558e+16	3.13e-07	5.44e-03	9.95e-01
 1.33240e+16	3.61e-07	5.84e-03	9.94e-01
 1.50494e+16	4.09e-07	6.22e-03	9.94e-01
 1.69406e+16	4.71e-07	6.68e-03	9.93e-01
 1.90428e+16	5.47e-07	7.20e-03	9.93e-01
 2.10083e+16	6.24e-07	7.69e-03	9.92e-01
 2.31526e+16	7.22e-07	8.29e-03	9.92e-01
 2.55161e+16	8.41e-07	8.96e-03	9.91e-01
 2.76996e+16	9.65e-07	9.61e-03	9.90e-01
 3.00730e+16	1.12e-06	1.04e-02	9.90e-01
 3.26938e+16	1.31e-06	1.13e-02	9.89e-01
 3.51171e+16	1.51e-06	1.22e-02	9.88e-01
 3.77480e+16	1.77e-06	1.32e-02	9.87e-01
 4.06345e+16	2.08e-06	1.45e-02	9.86e-01
 4.32748e+16	2.41e-06	1.57e-02	9.84e-01
 4.54799e+16	2.72e-06	1.68e-02	9.83e-01
 4.73792e+16	3.03e-06	1.78e-02	9.82e-01
 4.95042e+16	3.43e-06	1.91e-02	9.81e-01
 5.17653e+16	3.90e-06	2.05e-02	9.79e-01
 5.38003e+16	4.38e-06	2.20e-02	9.78e-01
 5.56318e+16	4.87e-06	2.34e-02	9.77e-01
 5.72801e+16	5.37e-06	2.47e-02	9.75e-01
 5.87636e+16	5.87e-06	2.61e-02	9.74e-01
 6.00988e+16	6.37e-06	2.73e-02	9.73e-01
 6.13004e+16	6.86e-06	2.86e-02	9.71e-01
 6.23819e+16	7.34e-06	2.98e-02	9.70e-01
 6.33552e+16	7.82e-06	3.09e-02	9.69e-01
 6.42312e+16	8.28e-06	3.20e-02	9.68e-01
 6.50196e+16	8.71e-06	3.30e-02	9.67e-01
 6.57536e+16	9.16e-06	3.40e-02	9.66e-01
 6.64748e+16	9.62e-06	3.50e-02	9.65e-01
 6.71960e+16	1.01e-05	3.61e-02	9.64e-01
 6.79171e+16	1.07e-05	3.72e-02	9.63e-01
 6.86383e+16	1.12e-05	3.84e-02	9.62e-01
 6.93594e+16	1.18e-05	3.97e-02	9.60e-01
 7.00806e+16	1.25e-05	4.10e-02	9.59e-01
 7.08017e+16	1.32e-05	4.24e-02	9.58e-01
 7.15229e+16	1.40e-05	4.38e-02	9.56e-01
 7.19993e+16	1.48e-05	4.48e-02	9.55e-01
