#depth	O	O+	O+2	O+3	O+4	O+5	O+6	O+7	O+8	O[1]	O[2]	O[3]
 1.98048e+14	1.28e-11	5.73e-07	2.04e-03	2.52e-01	6.84e-01	6.08e-02	7.41e-04	0.00e+00	0.00e+00	9.49e-12	2.22e-12	1.06e-12
 1.18829e+15	1.54e-11	6.57e-07	2.24e-03	2.63e-01	6.77e-01	5.74e-02	6.62e-04	0.00e+00	0.00e+00	1.14e-11	2.66e-12	1.28e-12
 2.82182e+15	2.02e-11	8.09e-07	2.60e-03	2.80e-01	6.64e-01	5.23e-02	5.53e-04	0.00e+00	0.00e+00	1.50e-11	3.49e-12	1.68e-12
 4.53816e+15	2.66e-11	9.95e-07	3.01e-03	2.98e-01	6.51e-01	4.74e-02	4.59e-04	0.00e+00	0.00e+00	1.98e-11	4.58e-12	2.21e-12
 6.22620e+15	3.44e-11	1.21e-06	3.46e-03	3.16e-01	6.37e-01	4.32e-02	3.84e-04	0.00e+00	0.00e+00	2.56e-11	5.91e-12	2.86e-12
 7.84951e+15	4.37e-11	1.44e-06	3.93e-03	3.33e-01	6.23e-01	3.95e-02	3.25e-04	0.00e+00	0.00e+00	3.25e-11	7.49e-12	3.63e-12
 9.63471e+15	5.65e-11	1.74e-06	4.51e-03	3.52e-01	6.07e-01	3.59e-02	2.71e-04	0.00e+00	0.00e+00	4.20e-11	9.68e-12	4.69e-12
 1.15193e+16	7.38e-11	2.13e-06	5.17e-03	3.71e-01	5.91e-01	3.24e-02	2.25e-04	0.00e+00	0.00e+00	5.49e-11	1.26e-11	6.13e-12
 1.32707e+16	9.39e-11	2.54e-06	5.84e-03	3.89e-01	5.75e-01	2.96e-02	1.90e-04	0.00e+00	0.00e+00	6.99e-11	1.60e-11	7.80e-12
 1.51963e+16	1.22e-10	3.08e-06	6.66e-03	4.09e-01	5.58e-01	2.67e-02	1.58e-04	0.00e+00	0.00e+00	9.08e-11	2.08e-11	1.01e-11
 1.73423e+16	1.61e-10	3.78e-06	7.66e-03	4.30e-01	5.39e-01	2.39e-02	1.29e-04	0.00e+00	0.00e+00	1.20e-10	2.75e-11	1.34e-11
 1.93745e+16	2.07e-10	4.55e-06	8.69e-03	4.49e-01	5.20e-01	2.16e-02	1.07e-04	0.00e+00	0.00e+00	1.54e-10	3.53e-11	1.73e-11
 2.15532e+16	2.71e-10	5.54e-06	9.92e-03	4.70e-01	5.01e-01	1.93e-02	8.80e-05	0.00e+00	0.00e+00	2.02e-10	4.62e-11	2.26e-11
 2.39403e+16	3.59e-10	6.81e-06	1.14e-02	4.91e-01	4.80e-01	1.72e-02	7.12e-05	0.00e+00	0.00e+00	2.67e-10	6.10e-11	3.00e-11
 2.62034e+16	4.64e-10	8.20e-06	1.29e-02	5.11e-01	4.61e-01	1.53e-02	5.86e-05	0.00e+00	0.00e+00	3.46e-10	7.88e-11	3.88e-11
 2.86354e+16	6.10e-10	1.00e-05	1.48e-02	5.32e-01	4.40e-01	1.36e-02	4.75e-05	0.00e+00	0.00e+00	4.55e-10	1.04e-10	5.11e-11
 3.12928e+16	8.12e-10	1.23e-05	1.70e-02	5.53e-01	4.18e-01	1.19e-02	3.80e-05	0.00e+00	0.00e+00	6.05e-10	1.38e-10	6.81e-11
 3.38153e+16	1.06e-09	1.49e-05	1.94e-02	5.73e-01	3.97e-01	1.06e-02	3.08e-05	0.00e+00	0.00e+00	7.87e-10	1.79e-10	8.86e-11
 3.65302e+16	1.40e-09	1.83e-05	2.22e-02	5.93e-01	3.76e-01	9.26e-03	2.47e-05	0.00e+00	0.00e+00	1.05e-09	2.37e-10	1.18e-10
 3.94774e+16	1.88e-09	2.26e-05	2.56e-02	6.13e-01	3.53e-01	8.03e-03	1.94e-05	0.00e+00	0.00e+00	1.40e-09	3.18e-10	1.58e-10
 4.18806e+16	2.36e-09	2.67e-05	2.87e-02	6.29e-01	3.35e-01	7.16e-03	1.61e-05	0.00e+00	0.00e+00	1.76e-09	3.99e-10	1.99e-10
 4.36860e+16	2.81e-09	3.04e-05	3.12e-02	6.40e-01	3.22e-01	6.56e-03	1.39e-05	0.00e+00	0.00e+00	2.09e-09	4.75e-10	2.37e-10
 4.56341e+16	3.41e-09	3.49e-05	3.42e-02	6.51e-01	3.08e-01	5.97e-03	1.19e-05	0.00e+00	0.00e+00	2.54e-09	5.76e-10	2.88e-10
 4.80042e+16	4.30e-09	4.13e-05	3.82e-02	6.65e-01	2.92e-01	5.31e-03	9.88e-06	0.00e+00	0.00e+00	3.20e-09	7.25e-10	3.63e-10
 5.04153e+16	5.39e-09	4.88e-05	4.27e-02	6.77e-01	2.76e-01	4.72e-03	8.18e-06	0.00e+00	0.00e+00	4.02e-09	9.10e-10	4.56e-10
 5.25853e+16	6.63e-09	5.69e-05	4.71e-02	6.87e-01	2.62e-01	4.25e-03	6.90e-06	0.00e+00	0.00e+00	4.95e-09	1.12e-09	5.62e-10
 5.45383e+16	8.00e-09	6.52e-05	5.15e-02	6.95e-01	2.49e-01	3.85e-03	5.93e-06	0.00e+00	0.00e+00	5.96e-09	1.35e-09	6.78e-10
 5.62960e+16	9.49e-09	7.40e-05	5.58e-02	7.02e-01	2.38e-01	3.53e-03	5.16e-06	0.00e+00	0.00e+00	7.07e-09	1.60e-09	8.04e-10
 5.78779e+16	1.11e-08	8.30e-05	6.00e-02	7.08e-01	2.29e-01	3.26e-03	4.56e-06	0.00e+00	0.00e+00	8.27e-09	1.87e-09	9.41e-10
 5.93016e+16	1.28e-08	9.22e-05	6.41e-02	7.12e-01	2.20e-01	3.03e-03	4.08e-06	0.00e+00	0.00e+00	9.51e-09	2.15e-09	1.08e-09
 6.05830e+16	1.45e-08	1.01e-04	6.80e-02	7.16e-01	2.13e-01	2.84e-03	3.68e-06	0.00e+00	0.00e+00	1.08e-08	2.45e-09	1.23e-09
 6.17362e+16	1.63e-08	1.11e-04	7.18e-02	7.19e-01	2.06e-01	2.67e-03	3.36e-06	0.00e+00	0.00e+00	1.22e-08	2.75e-09	1.39e-09
 6.27741e+16	1.82e-08	1.20e-04	7.54e-02	7.22e-01	2.00e-01	2.53e-03	3.09e-06	0.00e+00	0.00e+00	1.36e-08	3.06e-09	1.55e-09
 6.37082e+16	2.01e-08	1.29e-04	7.88e-02	7.24e-01	1.95e-01	2.41e-03	2.86e-06	0.00e+00	0.00e+00	1.50e-08	3.38e-09	1.71e-09
 6.45489e+16	2.20e-08	1.38e-04	8.21e-02	7.25e-01	1.90e-01	2.30e-03	2.68e-06	0.00e+00	0.00e+00	1.64e-08	3.70e-09	1.87e-09
 6.53077e+16	2.38e-08	1.47e-04	8.51e-02	7.27e-01	1.86e-01	2.21e-03	2.52e-06	0.00e+00	0.00e+00	1.77e-08	4.00e-09	2.02e-09
 6.60288e+16	2.58e-08	1.56e-04	8.82e-02	7.28e-01	1.82e-01	2.12e-03	2.37e-06	0.00e+00	0.00e+00	1.92e-08	4.33e-09	2.20e-09
 6.67500e+16	2.80e-08	1.66e-04	9.13e-02	7.29e-01	1.78e-01	2.04e-03	2.23e-06	0.00e+00	0.00e+00	2.08e-08	4.70e-09	2.38e-09
 6.74711e+16	3.04e-08	1.76e-04	9.47e-02	7.29e-01	1.74e-01	1.96e-03	2.10e-06	0.00e+00	0.00e+00	2.26e-08	5.10e-09	2.59e-09
 6.81923e+16	3.30e-08	1.88e-04	9.81e-02	7.30e-01	1.70e-01	1.88e-03	1.98e-06	0.00e+00	0.00e+00	2.46e-08	5.55e-09	2.82e-09
 6.89134e+16	3.60e-08	2.00e-04	1.02e-01	7.30e-01	1.66e-01	1.80e-03	1.86e-06	0.00e+00	0.00e+00	2.68e-08	6.05e-09	3.07e-09
 6.96346e+16	3.93e-08	2.14e-04	1.06e-01	7.30e-01	1.62e-01	1.73e-03	1.75e-06	0.00e+00	0.00e+00	2.93e-08	6.61e-09	3.36e-09
 7.03558e+16	4.30e-08	2.29e-04	1.10e-01	7.30e-01	1.58e-01	1.66e-03	1.64e-06	0.00e+00	0.00e+00	3.21e-08	7.23e-09	3.68e-09
 7.10769e+16	4.73e-08	2.46e-04	1.14e-01	7.30e-01	1.54e-01	1.59e-03	1.54e-06	0.00e+00	0.00e+00	3.53e-08	7.95e-09	4.04e-09
 7.17763e+16	5.24e-08	2.65e-04	1.18e-01	7.30e-01	1.51e-01	1.52e-03	1.45e-06	0.00e+00	0.00e+00	3.90e-08	8.80e-09	4.48e-09
