#depth	O	O+	O+2	O+3	O+4	O+5	O+6	O+7	O+8	O[1]	O[2]	O[3]
 3.61838e+14	1.32e-10	1.24e-06	1.81e-03	1.57e-01	6.18e-01	2.06e-01	1.76e-02	0.00e+00	0.00e+00	1.14e-10	1.04e-11	7.53e-12
 1.53988e+15	1.69e-10	1.49e-06	2.06e-03	1.67e-01	6.20e-01	1.96e-01	1.56e-02	0.00e+00	0.00e+00	1.46e-10	1.33e-11	9.64e-12
 3.20495e+15	2.35e-10	1.90e-06	2.45e-03	1.82e-01	6.21e-01	1.82e-01	1.31e-02	0.00e+00	0.00e+00	2.03e-10	1.86e-11	1.34e-11
 4.93661e+15	3.27e-10	2.43e-06	2.90e-03	1.97e-01	6.21e-01	1.68e-01	1.10e-02	0.00e+00	0.00e+00	2.82e-10	2.58e-11	1.87e-11
 6.53080e+15	4.36e-10	3.00e-06	3.37e-03	2.12e-01	6.19e-01	1.57e-01	9.43e-03	0.00e+00	0.00e+00	3.77e-10	3.44e-11	2.50e-11
 7.90728e+15	5.55e-10	3.59e-06	3.82e-03	2.24e-01	6.16e-01	1.47e-01	8.25e-03	0.00e+00	0.00e+00	4.80e-10	4.38e-11	3.18e-11
 9.43699e+15	7.24e-10	4.36e-06	4.37e-03	2.38e-01	6.12e-01	1.38e-01	7.11e-03	0.00e+00	0.00e+00	6.25e-10	5.70e-11	4.15e-11
 1.13094e+16	9.87e-10	5.47e-06	5.11e-03	2.56e-01	6.07e-01	1.27e-01	5.95e-03	0.00e+00	0.00e+00	8.52e-10	7.76e-11	5.66e-11
 1.31986e+16	1.32e-09	6.78e-06	5.94e-03	2.73e-01	6.00e-01	1.16e-01	4.99e-03	0.00e+00	0.00e+00	1.14e-09	1.04e-10	7.60e-11
 1.47992e+16	1.68e-09	8.08e-06	6.72e-03	2.88e-01	5.93e-01	1.09e-01	4.31e-03	0.00e+00	0.00e+00	1.45e-09	1.32e-10	9.66e-11
 1.64533e+16	2.15e-09	9.66e-06	7.60e-03	3.03e-01	5.85e-01	1.01e-01	3.71e-03	0.00e+00	0.00e+00	1.86e-09	1.69e-10	1.24e-10
 1.85378e+16	2.91e-09	1.20e-05	8.81e-03	3.22e-01	5.75e-01	9.19e-02	3.08e-03	0.00e+00	0.00e+00	2.52e-09	2.28e-10	1.68e-10
 2.06371e+16	3.91e-09	1.49e-05	1.02e-02	3.40e-01	5.63e-01	8.38e-02	2.56e-03	0.00e+00	0.00e+00	3.37e-09	3.06e-10	2.25e-10
 2.24080e+16	4.96e-09	1.77e-05	1.14e-02	3.56e-01	5.53e-01	7.75e-02	2.20e-03	0.00e+00	0.00e+00	4.29e-09	3.88e-10	2.86e-10
 2.39887e+16	6.13e-09	2.06e-05	1.26e-02	3.69e-01	5.44e-01	7.24e-02	1.92e-03	0.00e+00	0.00e+00	5.29e-09	4.79e-10	3.53e-10
 2.57360e+16	7.71e-09	2.44e-05	1.40e-02	3.84e-01	5.33e-01	6.70e-02	1.65e-03	0.00e+00	0.00e+00	6.66e-09	6.03e-10	4.45e-10
 2.76883e+16	9.87e-09	2.91e-05	1.58e-02	4.01e-01	5.21e-01	6.15e-02	1.40e-03	0.00e+00	0.00e+00	8.53e-09	7.71e-10	5.70e-10
 2.95388e+16	1.24e-08	3.43e-05	1.75e-02	4.16e-01	5.09e-01	5.68e-02	1.20e-03	0.00e+00	0.00e+00	1.07e-08	9.64e-10	7.14e-10
 3.15762e+16	1.58e-08	4.10e-05	1.97e-02	4.32e-01	4.96e-01	5.19e-02	1.02e-03	0.00e+00	0.00e+00	1.37e-08	1.24e-09	9.16e-10
 3.37927e+16	2.04e-08	4.93e-05	2.21e-02	4.49e-01	4.81e-01	4.72e-02	8.53e-04	0.00e+00	0.00e+00	1.76e-08	1.59e-09	1.18e-09
 3.57896e+16	2.54e-08	5.79e-05	2.45e-02	4.63e-01	4.68e-01	4.33e-02	7.28e-04	0.00e+00	0.00e+00	2.20e-08	1.98e-09	1.47e-09
 3.79328e+16	3.23e-08	6.88e-05	2.73e-02	4.79e-01	4.54e-01	3.95e-02	6.14e-04	0.00e+00	0.00e+00	2.79e-08	2.51e-09	1.87e-09
 4.03034e+16	4.15e-08	8.26e-05	3.07e-02	4.95e-01	4.38e-01	3.56e-02	5.10e-04	0.00e+00	0.00e+00	3.59e-08	3.23e-09	2.41e-09
 4.25279e+16	5.19e-08	9.73e-05	3.40e-02	5.09e-01	4.24e-01	3.24e-02	4.31e-04	0.00e+00	0.00e+00	4.49e-08	4.04e-09	3.01e-09
 4.46549e+16	6.42e-08	1.14e-04	3.74e-02	5.23e-01	4.10e-01	2.96e-02	3.66e-04	0.00e+00	0.00e+00	5.55e-08	4.99e-09	3.73e-09
 4.70366e+16	8.14e-08	1.35e-04	4.15e-02	5.37e-01	3.95e-01	2.67e-02	3.06e-04	0.00e+00	0.00e+00	7.03e-08	6.32e-09	4.73e-09
 4.95445e+16	1.03e-07	1.61e-04	4.62e-02	5.51e-01	3.79e-01	2.40e-02	2.54e-04	0.00e+00	0.00e+00	8.92e-08	8.01e-09	6.01e-09
 5.18015e+16	1.27e-07	1.87e-04	5.07e-02	5.62e-01	3.65e-01	2.18e-02	2.15e-04	0.00e+00	0.00e+00	1.10e-07	9.84e-09	7.39e-09
 5.38329e+16	1.53e-07	2.14e-04	5.50e-02	5.72e-01	3.52e-01	2.00e-02	1.86e-04	0.00e+00	0.00e+00	1.32e-07	1.18e-08	8.89e-09
 5.56611e+16	1.80e-07	2.42e-04	5.91e-02	5.81e-01	3.41e-01	1.85e-02	1.63e-04	0.00e+00	0.00e+00	1.55e-07	1.39e-08	1.05e-08
 5.73065e+16	2.08e-07	2.69e-04	6.29e-02	5.88e-01	3.32e-01	1.73e-02	1.44e-04	0.00e+00	0.00e+00	1.80e-07	1.61e-08	1.22e-08
 5.87874e+16	2.38e-07	2.97e-04	6.65e-02	5.94e-01	3.23e-01	1.62e-02	1.30e-04	0.00e+00	0.00e+00	2.06e-07	1.84e-08	1.39e-08
 6.01202e+16	2.68e-07	3.24e-04	6.99e-02	5.99e-01	3.16e-01	1.53e-02	1.18e-04	0.00e+00	0.00e+00	2.31e-07	2.07e-08	1.56e-08
 6.13197e+16	2.98e-07	3.50e-04	7.31e-02	6.03e-01	3.09e-01	1.46e-02	1.08e-04	0.00e+00	0.00e+00	2.57e-07	2.30e-08	1.74e-08
 6.23992e+16	3.28e-07	3.76e-04	7.61e-02	6.07e-01	3.03e-01	1.39e-02	1.00e-04	0.00e+00	0.00e+00	2.83e-07	2.54e-08	1.92e-08
 6.33708e+16	3.58e-07	4.01e-04	7.88e-02	6.10e-01	2.97e-01	1.34e-02	9.34e-05	0.00e+00	0.00e+00	3.09e-07	2.77e-08	2.09e-08
 6.42453e+16	3.88e-07	4.25e-04	8.13e-02	6.13e-01	2.92e-01	1.29e-02	8.77e-05	0.00e+00	0.00e+00	3.35e-07	3.00e-08	2.26e-08
 6.50322e+16	4.15e-07	4.47e-04	8.36e-02	6.15e-01	2.88e-01	1.24e-02	8.30e-05	0.00e+00	0.00e+00	3.59e-07	3.21e-08	2.43e-08
 6.57656e+16	4.45e-07	4.70e-04	8.59e-02	6.17e-01	2.84e-01	1.20e-02	7.87e-05	0.00e+00	0.00e+00	3.84e-07	3.44e-08	2.60e-08
 6.64868e+16	4.76e-07	4.94e-04	8.82e-02	6.19e-01	2.80e-01	1.17e-02	7.46e-05	0.00e+00	0.00e+00	4.11e-07	3.68e-08	2.78e-08
 6.72079e+16	5.10e-07	5.19e-04	9.05e-02	6.21e-01	2.76e-01	1.13e-02	7.08e-05	0.00e+00	0.00e+00	4.41e-07	3.94e-08	2.98e-08
 6.79291e+16	5.47e-07	5.47e-04	9.28e-02	6.23e-01	2.73e-01	1.10e-02	6.71e-05	0.00e+00	0.00e+00	4.73e-07	4.22e-08	3.20e-08
 6.86502e+16	5.88e-07	5.76e-04	9.53e-02	6.25e-01	2.69e-01	1.06e-02	6.37e-05	0.00e+00	0.00e+00	5.08e-07	4.54e-08	3.44e-08
 6.93714e+16	6.33e-07	6.08e-04	9.78e-02	6.26e-01	2.65e-01	1.03e-02	6.03e-05	0.00e+00	0.00e+00	5.47e-07	4.89e-08	3.71e-08
 7.00925e+16	6.85e-07	6.44e-04	1.00e-01	6.28e-01	2.61e-01	9.95e-03	5.71e-05	0.00e+00	0.00e+00	5.92e-07	5.28e-08	4.01e-08
 7.08137e+16	7.59e-07	6.93e-04	1.03e-01	6.29e-01	2.57e-01	9.60e-03	5.38e-05	0.00e+00	0.00e+00	6.56e-07	5.85e-08	4.45e-08
 7.15348e+16	8.44e-07	7.47e-04	1.06e-01	6.30e-01	2.53e-01	9.27e-03	5.07e-05	0.00e+00	0.00e+00	7.29e-07	6.51e-08	4.94e-08
 7.20053e+16	9.25e-07	7.97e-04	1.08e-01	6.31e-01	2.51e-01	9.04e-03	4.84e-05	0.00e+00	0.00e+00	8.00e-07	7.13e-08	5.42e-08
