#depth	C	C+	C+2	C+3	C+4	C+5	C+6	C[1]	C[2]	C[3]	C+[1]	C+[2]	CO
 2.08318e+14	2.02e-09	8.37e-06	3.10e-03	4.94e-02	9.47e-01	4.49e-07	0.00e+00	2.01e-10	6.10e-10	1.04e-09	2.78e-06	5.60e-06	1.19e-31
 1.22670e+15	1.77e-09	9.59e-06	3.41e-03	5.22e-02	9.44e-01	4.38e-07	0.00e+00	1.77e-10	5.35e-10	9.11e-10	3.18e-06	6.41e-06	1.85e-31
 2.87924e+15	2.20e-09	1.17e-05	3.97e-03	5.69e-02	9.39e-01	4.44e-07	0.00e+00	2.20e-10	6.65e-10	1.13e-09	3.90e-06	7.85e-06	3.55e-31
 4.59787e+15	2.76e-09	1.44e-05	4.62e-03	6.20e-02	9.33e-01	4.49e-07	0.00e+00	2.75e-10	8.33e-10	1.42e-09	4.79e-06	9.63e-06	6.76e-31
 6.21379e+15	3.38e-09	1.73e-05	5.31e-03	6.71e-02	9.28e-01	4.47e-07	0.00e+00	3.37e-10	1.02e-09	1.73e-09	5.74e-06	1.15e-05	1.20e-30
 7.66085e+15	4.02e-09	2.03e-05	5.99e-03	7.17e-02	9.22e-01	4.59e-07	0.00e+00	4.01e-10	1.21e-09	2.07e-09	6.73e-06	1.35e-05	1.96e-30
 9.28769e+15	4.93e-09	2.41e-05	6.83e-03	7.72e-02	9.16e-01	4.62e-07	0.00e+00	4.92e-10	1.49e-09	2.53e-09	8.02e-06	1.61e-05	3.39e-30
 1.12131e+16	6.19e-09	2.95e-05	7.94e-03	8.40e-02	9.08e-01	4.70e-07	0.00e+00	6.17e-10	1.87e-09	3.18e-09	9.81e-06	1.97e-05	6.43e-30
 1.31194e+16	7.67e-09	3.57e-05	9.15e-03	9.11e-02	9.00e-01	4.76e-07	0.00e+00	7.65e-10	2.32e-09	3.94e-09	1.19e-05	2.38e-05	1.17e-29
 1.48881e+16	9.32e-09	4.24e-05	1.04e-02	9.79e-02	8.92e-01	4.78e-07	0.00e+00	9.30e-10	2.81e-09	4.79e-09	1.41e-05	2.83e-05	2.01e-29
 1.65780e+16	1.12e-08	4.96e-05	1.17e-02	1.05e-01	8.84e-01	4.82e-07	0.00e+00	1.11e-09	3.37e-09	5.73e-09	1.65e-05	3.31e-05	3.30e-29
 1.84676e+16	1.36e-08	5.90e-05	1.33e-02	1.13e-01	8.74e-01	4.85e-07	0.00e+00	1.36e-09	4.12e-09	7.01e-09	1.96e-05	3.94e-05	5.76e-29
 2.05404e+16	1.68e-08	7.08e-05	1.52e-02	1.21e-01	8.63e-01	4.92e-07	0.00e+00	1.68e-09	5.08e-09	8.63e-09	2.36e-05	4.72e-05	1.02e-28
 2.24429e+16	2.01e-08	8.31e-05	1.72e-02	1.30e-01	8.53e-01	4.94e-07	0.00e+00	2.01e-09	6.09e-09	1.04e-08	2.77e-05	5.54e-05	1.67e-28
 2.45077e+16	2.46e-08	9.87e-05	1.95e-02	1.40e-01	8.41e-01	4.99e-07	0.00e+00	2.46e-09	7.45e-09	1.27e-08	3.29e-05	6.59e-05	2.89e-28
 2.67933e+16	3.02e-08	1.18e-04	2.24e-02	1.51e-01	8.27e-01	4.99e-07	0.00e+00	3.02e-09	9.15e-09	1.56e-08	3.94e-05	7.89e-05	5.05e-28
 2.89232e+16	3.65e-08	1.39e-04	2.53e-02	1.61e-01	8.14e-01	5.01e-07	0.00e+00	3.65e-09	1.10e-08	1.88e-08	4.64e-05	9.29e-05	8.31e-28
 3.07889e+16	4.29e-08	1.60e-04	2.80e-02	1.70e-01	8.01e-01	5.07e-07	0.00e+00	4.29e-09	1.30e-08	2.21e-08	5.33e-05	1.07e-04	1.27e-27
 3.27536e+16	5.08e-08	1.85e-04	3.12e-02	1.81e-01	7.88e-01	5.06e-07	0.00e+00	5.09e-09	1.54e-08	2.61e-08	6.17e-05	1.23e-04	1.99e-27
 3.49269e+16	6.05e-08	2.16e-04	3.50e-02	1.93e-01	7.72e-01	5.09e-07	0.00e+00	6.06e-09	1.83e-08	3.12e-08	7.19e-05	1.44e-04	3.19e-27
 3.69548e+16	7.13e-08	2.48e-04	3.89e-02	2.04e-01	7.57e-01	5.11e-07	0.00e+00	7.15e-09	2.16e-08	3.67e-08	8.28e-05	1.65e-04	4.84e-27
 3.88776e+16	8.31e-08	2.83e-04	4.28e-02	2.14e-01	7.42e-01	5.12e-07	0.00e+00	8.33e-09	2.52e-08	4.28e-08	9.44e-05	1.89e-04	7.17e-27
 4.10805e+16	9.94e-08	3.29e-04	4.79e-02	2.27e-01	7.25e-01	5.10e-07	0.00e+00	9.97e-09	3.02e-08	5.12e-08	1.10e-04	2.19e-04	1.13e-26
 4.34738e+16	1.19e-07	3.84e-04	5.37e-02	2.41e-01	7.05e-01	5.12e-07	0.00e+00	1.19e-08	3.61e-08	6.13e-08	1.28e-04	2.56e-04	1.80e-26
 4.56555e+16	1.41e-07	4.41e-04	5.95e-02	2.54e-01	6.86e-01	5.13e-07	0.00e+00	1.41e-08	4.27e-08	7.25e-08	1.47e-04	2.94e-04	2.72e-26
 4.77218e+16	1.64e-07	5.03e-04	6.55e-02	2.66e-01	6.68e-01	5.14e-07	0.00e+00	1.65e-08	4.99e-08	8.48e-08	1.68e-04	3.35e-04	4.01e-26
 4.99226e+16	1.95e-07	5.79e-04	7.24e-02	2.80e-01	6.47e-01	5.12e-07	0.00e+00	1.96e-08	5.92e-08	1.01e-07	1.93e-04	3.85e-04	6.07e-26
 5.21418e+16	2.30e-07	6.63e-04	7.99e-02	2.93e-01	6.26e-01	5.14e-07	0.00e+00	2.31e-08	6.98e-08	1.18e-07	2.21e-04	4.41e-04	9.12e-26
 5.41392e+16	2.67e-07	7.49e-04	8.73e-02	3.05e-01	6.07e-01	5.15e-07	0.00e+00	2.69e-08	8.12e-08	1.38e-07	2.50e-04	4.99e-04	1.31e-25
 5.59368e+16	3.06e-07	8.36e-04	9.43e-02	3.16e-01	5.89e-01	5.16e-07	0.00e+00	3.08e-08	9.31e-08	1.58e-07	2.79e-04	5.57e-04	1.81e-25
 5.75546e+16	3.47e-07	9.22e-04	1.01e-01	3.26e-01	5.72e-01	5.18e-07	0.00e+00	3.49e-08	1.05e-07	1.79e-07	3.08e-04	6.14e-04	2.43e-25
 5.90107e+16	3.89e-07	1.01e-03	1.08e-01	3.34e-01	5.57e-01	5.17e-07	0.00e+00	3.91e-08	1.18e-07	2.01e-07	3.37e-04	6.72e-04	3.18e-25
 6.03211e+16	4.31e-07	1.09e-03	1.14e-01	3.42e-01	5.43e-01	5.18e-07	0.00e+00	4.34e-08	1.31e-07	2.23e-07	3.66e-04	7.28e-04	4.06e-25
 6.15005e+16	4.75e-07	1.18e-03	1.19e-01	3.49e-01	5.30e-01	5.18e-07	0.00e+00	4.78e-08	1.44e-07	2.45e-07	3.93e-04	7.83e-04	5.07e-25
 6.25620e+16	5.18e-07	1.26e-03	1.25e-01	3.55e-01	5.19e-01	5.18e-07	0.00e+00	5.22e-08	1.58e-07	2.68e-07	4.20e-04	8.36e-04	6.19e-25
 6.35173e+16	5.60e-07	1.33e-03	1.30e-01	3.61e-01	5.08e-01	5.18e-07	0.00e+00	5.64e-08	1.70e-07	2.89e-07	4.45e-04	8.86e-04	7.34e-25
 6.43771e+16	6.03e-07	1.40e-03	1.35e-01	3.66e-01	4.98e-01	5.18e-07	0.00e+00	6.07e-08	1.83e-07	3.11e-07	4.70e-04	9.35e-04	8.70e-25
 6.51509e+16	6.45e-07	1.48e-03	1.39e-01	3.70e-01	4.89e-01	5.19e-07	0.00e+00	6.49e-08	1.96e-07	3.33e-07	4.94e-04	9.82e-04	1.02e-24
 6.58780e+16	6.88e-07	1.55e-03	1.43e-01	3.74e-01	4.81e-01	5.19e-07	0.00e+00	6.93e-08	2.09e-07	3.55e-07	5.17e-04	1.03e-03	1.18e-24
 6.65992e+16	7.35e-07	1.62e-03	1.48e-01	3.78e-01	4.72e-01	5.19e-07	0.00e+00	7.40e-08	2.24e-07	3.80e-07	5.42e-04	1.08e-03	1.37e-24
 6.73203e+16	7.87e-07	1.70e-03	1.52e-01	3.82e-01	4.64e-01	5.19e-07	0.00e+00	7.93e-08	2.40e-07	4.07e-07	5.68e-04	1.13e-03	1.59e-24
 6.80415e+16	8.43e-07	1.78e-03	1.57e-01	3.86e-01	4.55e-01	5.19e-07	0.00e+00	8.50e-08	2.57e-07	4.36e-07	5.96e-04	1.19e-03	1.85e-24
 6.87626e+16	9.08e-07	1.87e-03	1.62e-01	3.90e-01	4.46e-01	5.22e-07	0.00e+00	9.16e-08	2.77e-07	4.70e-07	6.26e-04	1.25e-03	2.19e-24
 6.94838e+16	9.80e-07	1.97e-03	1.67e-01	3.94e-01	4.37e-01	5.21e-07	0.00e+00	9.89e-08	2.99e-07	5.07e-07	6.58e-04	1.31e-03	2.57e-24
 7.02049e+16	1.06e-06	2.07e-03	1.72e-01	3.98e-01	4.29e-01	5.20e-07	0.00e+00	1.07e-07	3.22e-07	5.46e-07	6.91e-04	1.37e-03	3.01e-24
 7.09261e+16	1.15e-06	2.18e-03	1.77e-01	4.02e-01	4.19e-01	5.22e-07	0.00e+00	1.16e-07	3.51e-07	5.96e-07	7.29e-04	1.45e-03	3.64e-24
 7.16472e+16	1.27e-06	2.31e-03	1.83e-01	4.05e-01	4.10e-01	5.20e-07	0.00e+00	1.28e-07	3.88e-07	6.57e-07	7.71e-04	1.53e-03	4.41e-24
 7.20615e+16	1.40e-06	2.44e-03	1.86e-01	4.08e-01	4.03e-01	5.17e-07	0.00e+00	1.41e-07	4.28e-07	7.25e-07	8.17e-04	1.63e-03	5.64e-24
