#depth	C	C+	C+2	C+3	C+4	C+5	C+6	C[1]	C[2]	C[3]	C+[1]	C+[2]	CO
 2.09243e+14	1.05e-09	5.60e-06	2.62e-03	4.73e-02	9.50e-01	3.90e-07	0.00e+00	1.04e-10	3.15e-10	5.36e-10	1.86e-06	3.74e-06	2.22e-32
 1.22859e+15	9.60e-10	6.41e-06	2.88e-03	4.99e-02	9.47e-01	3.35e-07	0.00e+00	9.51e-11	2.88e-10	4.89e-10	2.13e-06	4.29e-06	3.37e-32
 2.88120e+15	1.21e-09	7.87e-06	3.35e-03	5.43e-02	9.42e-01	3.39e-07	0.00e+00	1.19e-10	3.61e-10	6.15e-10	2.61e-06	5.26e-06	6.48e-32
 4.59992e+15	1.53e-09	9.68e-06	3.90e-03	5.92e-02	9.37e-01	3.44e-07	0.00e+00	1.51e-10	4.58e-10	7.78e-10	3.21e-06	6.47e-06	1.24e-31
 6.27965e+15	1.90e-09	1.17e-05	4.51e-03	6.42e-02	9.31e-01	3.42e-07	0.00e+00	1.88e-10	5.70e-10	9.69e-10	3.89e-06	7.83e-06	2.27e-31
 7.83113e+15	2.31e-09	1.39e-05	5.12e-03	6.89e-02	9.26e-01	3.50e-07	0.00e+00	2.29e-10	6.93e-10	1.18e-09	4.62e-06	9.30e-06	3.88e-31
 9.55143e+15	2.88e-09	1.68e-05	5.89e-03	7.44e-02	9.20e-01	3.54e-07	0.00e+00	2.85e-10	8.63e-10	1.47e-09	5.57e-06	1.12e-05	6.96e-31
 1.14825e+16	3.63e-09	2.05e-05	6.84e-03	8.09e-02	9.12e-01	3.60e-07	0.00e+00	3.60e-10	1.09e-09	1.85e-09	6.81e-06	1.37e-05	1.32e-30
 1.33240e+16	4.48e-09	2.46e-05	7.84e-03	8.74e-02	9.05e-01	3.62e-07	0.00e+00	4.44e-10	1.34e-09	2.28e-09	8.19e-06	1.65e-05	2.36e-30
 1.52926e+16	5.62e-09	2.99e-05	9.04e-03	9.47e-02	8.96e-01	3.66e-07	0.00e+00	5.58e-10	1.69e-09	2.87e-09	9.94e-06	2.00e-05	4.37e-30
 1.73217e+16	6.97e-09	3.61e-05	1.04e-02	1.03e-01	8.87e-01	3.72e-07	0.00e+00	6.92e-10	2.09e-09	3.56e-09	1.20e-05	2.41e-05	7.93e-30
 1.90958e+16	8.38e-09	4.24e-05	1.17e-02	1.10e-01	8.79e-01	3.75e-07	0.00e+00	8.32e-10	2.52e-09	4.28e-09	1.41e-05	2.83e-05	1.31e-29
 2.10069e+16	1.02e-08	5.03e-05	1.33e-02	1.18e-01	8.69e-01	3.77e-07	0.00e+00	1.02e-09	3.08e-09	5.23e-09	1.67e-05	3.36e-05	2.24e-29
 2.33305e+16	1.29e-08	6.13e-05	1.54e-02	1.28e-01	8.57e-01	3.82e-07	0.00e+00	1.28e-09	3.88e-09	6.59e-09	2.04e-05	4.09e-05	4.20e-29
 2.56310e+16	1.59e-08	7.38e-05	1.77e-02	1.38e-01	8.44e-01	3.85e-07	0.00e+00	1.58e-09	4.79e-09	8.14e-09	2.45e-05	4.92e-05	7.46e-29
 2.76452e+16	1.91e-08	8.64e-05	1.99e-02	1.47e-01	8.33e-01	3.86e-07	0.00e+00	1.90e-09	5.75e-09	9.77e-09	2.88e-05	5.77e-05	1.22e-28
 2.98467e+16	2.33e-08	1.03e-04	2.26e-02	1.58e-01	8.19e-01	3.90e-07	0.00e+00	2.32e-09	7.02e-09	1.19e-08	3.41e-05	6.84e-05	2.10e-28
 3.25145e+16	2.95e-08	1.25e-04	2.62e-02	1.72e-01	8.02e-01	3.93e-07	0.00e+00	2.94e-09	8.89e-09	1.51e-08	4.17e-05	8.36e-05	3.90e-28
 3.51540e+16	3.66e-08	1.51e-04	3.01e-02	1.85e-01	7.84e-01	3.95e-07	0.00e+00	3.65e-09	1.10e-08	1.87e-08	5.04e-05	1.01e-04	6.91e-28
 3.74714e+16	4.40e-08	1.77e-04	3.39e-02	1.98e-01	7.68e-01	3.97e-07	0.00e+00	4.38e-09	1.32e-08	2.25e-08	5.91e-05	1.18e-04	1.13e-27
 3.95280e+16	5.17e-08	2.04e-04	3.76e-02	2.09e-01	7.53e-01	3.98e-07	0.00e+00	5.16e-09	1.56e-08	2.65e-08	6.80e-05	1.36e-04	1.71e-27
 4.14378e+16	6.01e-08	2.32e-04	4.14e-02	2.20e-01	7.38e-01	4.00e-07	0.00e+00	5.99e-09	1.81e-08	3.08e-08	7.73e-05	1.55e-04	2.52e-27
 4.36341e+16	7.17e-08	2.69e-04	4.61e-02	2.33e-01	7.21e-01	3.99e-07	0.00e+00	7.15e-09	2.16e-08	3.67e-08	8.97e-05	1.79e-04	3.96e-27
 4.60392e+16	8.60e-08	3.14e-04	5.17e-02	2.47e-01	7.01e-01	4.05e-07	0.00e+00	8.58e-09	2.59e-08	4.40e-08	1.05e-04	2.09e-04	6.33e-27
 4.82477e+16	1.02e-07	3.61e-04	5.73e-02	2.60e-01	6.82e-01	4.03e-07	0.00e+00	1.01e-08	3.06e-08	5.20e-08	1.20e-04	2.41e-04	9.58e-27
 5.03338e+16	1.19e-07	4.12e-04	6.31e-02	2.73e-01	6.64e-01	4.04e-07	0.00e+00	1.19e-08	3.59e-08	6.09e-08	1.37e-04	2.74e-04	1.43e-26
 5.24121e+16	1.39e-07	4.69e-04	6.94e-02	2.86e-01	6.44e-01	4.05e-07	0.00e+00	1.39e-08	4.20e-08	7.13e-08	1.57e-04	3.13e-04	2.10e-26
 5.43824e+16	1.61e-07	5.30e-04	7.57e-02	2.98e-01	6.26e-01	4.07e-07	0.00e+00	1.61e-08	4.87e-08	8.27e-08	1.77e-04	3.53e-04	3.03e-26
 5.61557e+16	1.84e-07	5.91e-04	8.19e-02	3.09e-01	6.09e-01	4.10e-07	0.00e+00	1.84e-08	5.58e-08	9.46e-08	1.97e-04	3.94e-04	4.21e-26
 5.77517e+16	2.08e-07	6.53e-04	8.78e-02	3.19e-01	5.93e-01	4.14e-07	0.00e+00	2.08e-08	6.30e-08	1.07e-07	2.18e-04	4.35e-04	5.68e-26
 5.91880e+16	2.33e-07	7.13e-04	9.35e-02	3.28e-01	5.78e-01	4.17e-07	0.00e+00	2.33e-08	7.04e-08	1.19e-07	2.38e-04	4.75e-04	7.41e-26
 6.04807e+16	2.58e-07	7.73e-04	9.89e-02	3.36e-01	5.64e-01	4.18e-07	0.00e+00	2.58e-08	7.80e-08	1.32e-07	2.58e-04	5.15e-04	9.46e-26
 6.16442e+16	2.83e-07	8.31e-04	1.04e-01	3.43e-01	5.52e-01	4.20e-07	0.00e+00	2.83e-08	8.57e-08	1.45e-07	2.78e-04	5.53e-04	1.18e-25
 6.26913e+16	3.09e-07	8.88e-04	1.09e-01	3.50e-01	5.41e-01	4.21e-07	0.00e+00	3.09e-08	9.34e-08	1.58e-07	2.97e-04	5.91e-04	1.44e-25
 6.36337e+16	3.33e-07	9.42e-04	1.13e-01	3.56e-01	5.30e-01	4.21e-07	0.00e+00	3.34e-08	1.01e-07	1.71e-07	3.15e-04	6.27e-04	1.73e-25
 6.44818e+16	3.57e-07	9.92e-04	1.17e-01	3.61e-01	5.21e-01	4.23e-07	0.00e+00	3.58e-08	1.08e-07	1.83e-07	3.32e-04	6.61e-04	2.03e-25
 6.52451e+16	3.82e-07	1.04e-03	1.21e-01	3.65e-01	5.12e-01	4.24e-07	0.00e+00	3.82e-08	1.16e-07	1.96e-07	3.48e-04	6.94e-04	2.36e-25
 6.59673e+16	4.06e-07	1.09e-03	1.25e-01	3.70e-01	5.04e-01	4.26e-07	0.00e+00	4.07e-08	1.23e-07	2.09e-07	3.65e-04	7.27e-04	2.74e-25
 6.66885e+16	4.33e-07	1.14e-03	1.29e-01	3.74e-01	4.96e-01	4.27e-07	0.00e+00	4.34e-08	1.31e-07	2.22e-07	3.82e-04	7.62e-04	3.17e-25
 6.74096e+16	4.63e-07	1.20e-03	1.33e-01	3.79e-01	4.87e-01	4.28e-07	0.00e+00	4.64e-08	1.40e-07	2.38e-07	4.01e-04	7.99e-04	3.69e-25
 6.81308e+16	4.95e-07	1.26e-03	1.37e-01	3.83e-01	4.79e-01	4.29e-07	0.00e+00	4.96e-08	1.50e-07	2.54e-07	4.21e-04	8.38e-04	4.30e-25
 6.88519e+16	5.30e-07	1.32e-03	1.42e-01	3.87e-01	4.70e-01	4.31e-07	0.00e+00	5.31e-08	1.61e-07	2.72e-07	4.42e-04	8.80e-04	5.03e-25
 6.95731e+16	5.70e-07	1.39e-03	1.46e-01	3.91e-01	4.61e-01	4.32e-07	0.00e+00	5.71e-08	1.73e-07	2.93e-07	4.64e-04	9.24e-04	5.90e-25
 7.02942e+16	6.14e-07	1.46e-03	1.51e-01	3.96e-01	4.52e-01	4.34e-07	0.00e+00	6.16e-08	1.86e-07	3.15e-07	4.88e-04	9.72e-04	6.95e-25
 7.10154e+16	6.66e-07	1.54e-03	1.55e-01	4.00e-01	4.43e-01	4.38e-07	0.00e+00	6.68e-08	2.02e-07	3.42e-07	5.14e-04	1.02e-03	8.35e-25
 7.17365e+16	7.30e-07	1.63e-03	1.60e-01	4.04e-01	4.34e-01	4.38e-07	0.00e+00	7.32e-08	2.21e-07	3.75e-07	5.44e-04	1.08e-03	1.01e-24
 7.21061e+16	8.00e-07	1.72e-03	1.63e-01	4.07e-01	4.28e-01	4.37e-07	0.00e+00	8.04e-08	2.43e-07	4.12e-07	5.76e-04	1.15e-03	1.29e-24
