#depth	He	He+	He+2
 2.03783e+14	8.95e-08	3.19e-03	9.97e-01
 1.21745e+15	9.89e-08	3.36e-03	9.97e-01
 2.86962e+15	1.15e-07	3.62e-03	9.96e-01
 4.58787e+15	1.34e-07	3.91e-03	9.96e-01
 6.26178e+15	1.55e-07	4.20e-03	9.96e-01
 7.84722e+15	1.76e-07	4.49e-03	9.96e-01
 9.60914e+15	2.03e-07	4.83e-03	9.95e-01
 1.15456e+16	2.37e-07	5.21e-03	9.95e-01
 1.33567e+16	2.72e-07	5.58e-03	9.94e-01
 1.50515e+16	3.08e-07	5.94e-03	9.94e-01
 1.69963e+16	3.56e-07	6.39e-03	9.94e-01
 1.91864e+16	4.15e-07	6.90e-03	9.93e-01
 2.12731e+16	4.79e-07	7.41e-03	9.93e-01
 2.35159e+16	5.57e-07	8.00e-03	9.92e-01
 2.59643e+16	6.53e-07	8.68e-03	9.91e-01
 2.82621e+16	7.52e-07	9.33e-03	9.91e-01
 3.07476e+16	8.80e-07	1.01e-02	9.90e-01
 3.34750e+16	1.04e-06	1.10e-02	9.89e-01
 3.60344e+16	1.20e-06	1.19e-02	9.88e-01
 3.88020e+16	1.42e-06	1.30e-02	9.87e-01
 4.18184e+16	1.68e-06	1.43e-02	9.86e-01
 4.46110e+16	1.97e-06	1.55e-02	9.84e-01
 4.69095e+16	2.23e-06	1.66e-02	9.83e-01
 4.88054e+16	2.48e-06	1.77e-02	9.82e-01
 5.08453e+16	2.79e-06	1.89e-02	9.81e-01
 5.29723e+16	3.15e-06	2.02e-02	9.80e-01
 5.48865e+16	3.51e-06	2.15e-02	9.78e-01
 5.66094e+16	3.88e-06	2.28e-02	9.77e-01
 5.81600e+16	4.25e-06	2.41e-02	9.76e-01
 5.95555e+16	4.62e-06	2.53e-02	9.75e-01
 6.08115e+16	4.99e-06	2.64e-02	9.74e-01
 6.19418e+16	5.34e-06	2.75e-02	9.72e-01
 6.29592e+16	5.69e-06	2.86e-02	9.71e-01
 6.38748e+16	6.03e-06	2.96e-02	9.70e-01
 6.46988e+16	6.36e-06	3.06e-02	9.69e-01
 6.54497e+16	6.67e-06	3.15e-02	9.69e-01
 6.61709e+16	7.00e-06	3.24e-02	9.68e-01
 6.68920e+16	7.35e-06	3.34e-02	9.67e-01
 6.76132e+16	7.72e-06	3.44e-02	9.66e-01
 6.83343e+16	8.11e-06	3.54e-02	9.65e-01
 6.90555e+16	8.54e-06	3.65e-02	9.63e-01
 6.97766e+16	8.99e-06	3.77e-02	9.62e-01
 7.04978e+16	9.49e-06	3.89e-02	9.61e-01
 7.12189e+16	1.00e-05	4.02e-02	9.60e-01
 7.18473e+16	1.06e-05	4.14e-02	9.59e-01
