#depth	O	O+	O+2	O+3	O+4	O+5	O+6	O+7	O+8	O[1]	O[2]	O[3]
 2.30607e+14	1.53e-11	6.56e-07	2.23e-03	2.63e-01	6.77e-01	5.74e-02	6.65e-04	0.00e+00	0.00e+00	1.17e-11	2.42e-12	1.23e-12
 1.27217e+15	1.86e-11	7.57e-07	2.46e-03	2.74e-01	6.69e-01	5.40e-02	5.90e-04	0.00e+00	0.00e+00	1.41e-11	2.93e-12	1.49e-12
 2.92653e+15	2.46e-11	9.34e-07	2.85e-03	2.92e-01	6.56e-01	4.91e-02	4.91e-04	0.00e+00	0.00e+00	1.87e-11	3.85e-12	1.97e-12
 4.64705e+15	3.25e-11	1.15e-06	3.30e-03	3.10e-01	6.41e-01	4.45e-02	4.08e-04	0.00e+00	0.00e+00	2.48e-11	5.08e-12	2.61e-12
 6.34569e+15	4.22e-11	1.40e-06	3.79e-03	3.29e-01	6.27e-01	4.05e-02	3.40e-04	0.00e+00	0.00e+00	3.22e-11	6.59e-12	3.39e-12
 7.96516e+15	5.37e-11	1.67e-06	4.29e-03	3.46e-01	6.13e-01	3.70e-02	2.88e-04	0.00e+00	0.00e+00	4.09e-11	8.37e-12	4.31e-12
 9.74012e+15	6.93e-11	2.02e-06	4.90e-03	3.64e-01	5.97e-01	3.36e-02	2.40e-04	0.00e+00	0.00e+00	5.28e-11	1.08e-11	5.57e-12
 1.16517e+16	9.07e-11	2.46e-06	5.62e-03	3.84e-01	5.80e-01	3.03e-02	1.99e-04	0.00e+00	0.00e+00	6.92e-11	1.41e-11	7.29e-12
 1.34537e+16	1.16e-10	2.95e-06	6.37e-03	4.02e-01	5.64e-01	2.75e-02	1.67e-04	0.00e+00	0.00e+00	8.87e-11	1.81e-11	9.36e-12
 1.54093e+16	1.52e-10	3.58e-06	7.25e-03	4.22e-01	5.46e-01	2.49e-02	1.38e-04	0.00e+00	0.00e+00	1.16e-10	2.35e-11	1.22e-11
 1.75714e+16	2.01e-10	4.40e-06	8.32e-03	4.43e-01	5.26e-01	2.22e-02	1.13e-04	0.00e+00	0.00e+00	1.53e-10	3.11e-11	1.62e-11
 1.96419e+16	2.60e-10	5.31e-06	9.44e-03	4.63e-01	5.08e-01	2.00e-02	9.36e-05	0.00e+00	0.00e+00	1.98e-10	4.02e-11	2.10e-11
 2.18529e+16	3.41e-10	6.47e-06	1.08e-02	4.83e-01	4.88e-01	1.79e-02	7.67e-05	0.00e+00	0.00e+00	2.61e-10	5.28e-11	2.76e-11
 2.42651e+16	4.53e-10	7.94e-06	1.23e-02	5.04e-01	4.67e-01	1.59e-02	6.20e-05	0.00e+00	0.00e+00	3.46e-10	7.00e-11	3.66e-11
 2.65895e+16	5.90e-10	9.61e-06	1.40e-02	5.24e-01	4.47e-01	1.41e-02	5.07e-05	0.00e+00	0.00e+00	4.51e-10	9.11e-11	4.78e-11
 2.90722e+16	7.80e-10	1.17e-05	1.60e-02	5.45e-01	4.27e-01	1.25e-02	4.10e-05	0.00e+00	0.00e+00	5.96e-10	1.20e-10	6.31e-11
 3.17671e+16	1.04e-09	1.44e-05	1.83e-02	5.66e-01	4.05e-01	1.10e-02	3.27e-05	0.00e+00	0.00e+00	7.96e-10	1.60e-10	8.44e-11
 3.43716e+16	1.37e-09	1.75e-05	2.09e-02	5.85e-01	3.84e-01	9.68e-03	2.64e-05	0.00e+00	0.00e+00	1.04e-09	2.10e-10	1.11e-10
 3.71517e+16	1.82e-09	2.15e-05	2.38e-02	6.05e-01	3.63e-01	8.46e-03	2.11e-05	0.00e+00	0.00e+00	1.39e-09	2.80e-10	1.48e-10
 3.97090e+16	2.33e-09	2.57e-05	2.68e-02	6.21e-01	3.44e-01	7.50e-03	1.72e-05	0.00e+00	0.00e+00	1.78e-09	3.58e-10	1.89e-10
 4.16013e+16	2.79e-09	2.93e-05	2.93e-02	6.33e-01	3.31e-01	6.85e-03	1.48e-05	0.00e+00	0.00e+00	2.13e-09	4.29e-10	2.27e-10
 4.35553e+16	3.39e-09	3.37e-05	3.20e-02	6.45e-01	3.17e-01	6.24e-03	1.27e-05	0.00e+00	0.00e+00	2.59e-09	5.20e-10	2.76e-10
 4.60325e+16	4.31e-09	4.00e-05	3.57e-02	6.59e-01	3.00e-01	5.54e-03	1.04e-05	0.00e+00	0.00e+00	3.29e-09	6.61e-10	3.52e-10
 4.85888e+16	5.47e-09	4.75e-05	3.99e-02	6.72e-01	2.83e-01	4.91e-03	8.57e-06	0.00e+00	0.00e+00	4.18e-09	8.39e-10	4.47e-10
 5.08049e+16	6.72e-09	5.51e-05	4.39e-02	6.82e-01	2.69e-01	4.42e-03	7.23e-06	0.00e+00	0.00e+00	5.14e-09	1.03e-09	5.49e-10
 5.28515e+16	8.14e-09	6.33e-05	4.80e-02	6.91e-01	2.57e-01	4.00e-03	6.18e-06	0.00e+00	0.00e+00	6.22e-09	1.25e-09	6.67e-10
 5.47779e+16	9.76e-09	7.21e-05	5.21e-02	6.99e-01	2.45e-01	3.65e-03	5.33e-06	0.00e+00	0.00e+00	7.46e-09	1.49e-09	7.99e-10
 5.65116e+16	1.15e-08	8.12e-05	5.61e-02	7.05e-01	2.35e-01	3.36e-03	4.67e-06	0.00e+00	0.00e+00	8.77e-09	1.76e-09	9.41e-10
 5.80719e+16	1.33e-08	9.04e-05	6.00e-02	7.11e-01	2.26e-01	3.11e-03	4.14e-06	0.00e+00	0.00e+00	1.02e-08	2.03e-09	1.09e-09
 5.94763e+16	1.52e-08	9.96e-05	6.37e-02	7.15e-01	2.18e-01	2.90e-03	3.72e-06	0.00e+00	0.00e+00	1.16e-08	2.32e-09	1.25e-09
 6.07402e+16	1.72e-08	1.09e-04	6.72e-02	7.19e-01	2.11e-01	2.73e-03	3.38e-06	0.00e+00	0.00e+00	1.31e-08	2.62e-09	1.41e-09
 6.18777e+16	1.92e-08	1.18e-04	7.06e-02	7.21e-01	2.05e-01	2.58e-03	3.10e-06	0.00e+00	0.00e+00	1.47e-08	2.93e-09	1.58e-09
 6.29014e+16	2.12e-08	1.27e-04	7.37e-02	7.24e-01	2.00e-01	2.45e-03	2.86e-06	0.00e+00	0.00e+00	1.62e-08	3.24e-09	1.74e-09
 6.38228e+16	2.33e-08	1.36e-04	7.67e-02	7.26e-01	1.95e-01	2.34e-03	2.67e-06	0.00e+00	0.00e+00	1.78e-08	3.55e-09	1.91e-09
 6.46520e+16	2.53e-08	1.45e-04	7.95e-02	7.27e-01	1.91e-01	2.24e-03	2.50e-06	0.00e+00	0.00e+00	1.93e-08	3.86e-09	2.08e-09
 6.54054e+16	2.72e-08	1.53e-04	8.21e-02	7.29e-01	1.87e-01	2.16e-03	2.36e-06	0.00e+00	0.00e+00	2.08e-08	4.15e-09	2.24e-09
 6.61266e+16	2.93e-08	1.61e-04	8.48e-02	7.30e-01	1.83e-01	2.08e-03	2.23e-06	0.00e+00	0.00e+00	2.24e-08	4.48e-09	2.41e-09
 6.68477e+16	3.16e-08	1.71e-04	8.75e-02	7.31e-01	1.79e-01	2.00e-03	2.10e-06	0.00e+00	0.00e+00	2.42e-08	4.83e-09	2.61e-09
 6.75689e+16	3.42e-08	1.81e-04	9.03e-02	7.32e-01	1.76e-01	1.93e-03	1.99e-06	0.00e+00	0.00e+00	2.61e-08	5.21e-09	2.82e-09
 6.82900e+16	3.70e-08	1.92e-04	9.33e-02	7.33e-01	1.72e-01	1.86e-03	1.88e-06	0.00e+00	0.00e+00	2.82e-08	5.64e-09	3.05e-09
 6.90112e+16	4.00e-08	2.03e-04	9.63e-02	7.33e-01	1.69e-01	1.79e-03	1.77e-06	0.00e+00	0.00e+00	3.06e-08	6.10e-09	3.30e-09
 6.97323e+16	4.34e-08	2.16e-04	9.95e-02	7.34e-01	1.65e-01	1.72e-03	1.67e-06	0.00e+00	0.00e+00	3.32e-08	6.62e-09	3.58e-09
 7.04535e+16	4.73e-08	2.30e-04	1.03e-01	7.34e-01	1.61e-01	1.66e-03	1.58e-06	0.00e+00	0.00e+00	3.61e-08	7.21e-09	3.90e-09
 7.11746e+16	5.17e-08	2.46e-04	1.06e-01	7.34e-01	1.58e-01	1.59e-03	1.49e-06	0.00e+00	0.00e+00	3.95e-08	7.88e-09	4.27e-09
 7.18252e+16	5.70e-08	2.64e-04	1.09e-01	7.34e-01	1.55e-01	1.54e-03	1.41e-06	0.00e+00	0.00e+00	4.36e-08	8.69e-09	4.71e-09
