#depth	O	O+	O+2	O+3	O+4	O+5	O+6	O+7	O+8	O[1]	O[2]	O[3]
 3.30316e+14	2.77e-10	1.46e-06	1.56e-03	1.17e-01	5.39e-01	2.93e-01	4.87e-02	0.00e+00	0.00e+00	2.48e-10	1.62e-11	1.30e-11
 1.47558e+15	3.61e-10	1.78e-06	1.79e-03	1.26e-01	5.47e-01	2.81e-01	4.35e-02	0.00e+00	0.00e+00	3.23e-10	2.10e-11	1.69e-11
 3.13807e+15	5.18e-10	2.34e-06	2.16e-03	1.39e-01	5.57e-01	2.65e-01	3.69e-02	0.00e+00	0.00e+00	4.63e-10	3.02e-11	2.43e-11
 4.86706e+15	7.44e-10	3.06e-06	2.62e-03	1.54e-01	5.65e-01	2.48e-01	3.12e-02	0.00e+00	0.00e+00	6.65e-10	4.33e-11	3.49e-11
 6.36567e+15	9.98e-10	3.82e-06	3.06e-03	1.66e-01	5.70e-01	2.34e-01	2.71e-02	0.00e+00	0.00e+00	8.93e-10	5.80e-11	4.68e-11
 7.52413e+15	1.25e-09	4.51e-06	3.44e-03	1.76e-01	5.72e-01	2.24e-01	2.43e-02	0.00e+00	0.00e+00	1.12e-09	7.24e-11	5.85e-11
 8.76909e+15	1.58e-09	5.38e-06	3.88e-03	1.87e-01	5.75e-01	2.13e-01	2.16e-02	0.00e+00	0.00e+00	1.41e-09	9.18e-11	7.42e-11
 1.03875e+16	2.13e-09	6.71e-06	4.52e-03	2.01e-01	5.76e-01	2.00e-01	1.85e-02	0.00e+00	0.00e+00	1.91e-09	1.24e-10	1.00e-10
 1.21060e+16	2.87e-09	8.37e-06	5.28e-03	2.16e-01	5.77e-01	1.87e-01	1.58e-02	0.00e+00	0.00e+00	2.57e-09	1.66e-10	1.35e-10
 1.36162e+16	3.68e-09	1.01e-05	6.00e-03	2.29e-01	5.76e-01	1.76e-01	1.38e-02	0.00e+00	0.00e+00	3.29e-09	2.13e-10	1.73e-10
 1.49726e+16	4.58e-09	1.19e-05	6.72e-03	2.41e-01	5.74e-01	1.66e-01	1.22e-02	0.00e+00	0.00e+00	4.10e-09	2.65e-10	2.16e-10
 1.64671e+16	5.82e-09	1.42e-05	7.58e-03	2.54e-01	5.72e-01	1.56e-01	1.06e-02	0.00e+00	0.00e+00	5.21e-09	3.36e-10	2.74e-10
 1.81338e+16	7.49e-09	1.71e-05	8.63e-03	2.69e-01	5.68e-01	1.46e-01	9.18e-03	0.00e+00	0.00e+00	6.70e-09	4.33e-10	3.53e-10
 1.97365e+16	9.45e-09	2.03e-05	9.72e-03	2.82e-01	5.63e-01	1.36e-01	7.99e-03	0.00e+00	0.00e+00	8.46e-09	5.46e-10	4.45e-10
 2.12789e+16	1.18e-08	2.39e-05	1.09e-02	2.96e-01	5.58e-01	1.28e-01	6.99e-03	0.00e+00	0.00e+00	1.06e-08	6.81e-10	5.56e-10
 2.30309e+16	1.52e-08	2.89e-05	1.23e-02	3.11e-01	5.52e-01	1.19e-01	5.99e-03	0.00e+00	0.00e+00	1.36e-08	8.79e-10	7.19e-10
 2.49926e+16	2.00e-08	3.54e-05	1.40e-02	3.28e-01	5.44e-01	1.09e-01	5.07e-03	0.00e+00	0.00e+00	1.79e-08	1.15e-09	9.44e-10
 2.68479e+16	2.56e-08	4.24e-05	1.58e-02	3.43e-01	5.36e-01	1.01e-01	4.34e-03	0.00e+00	0.00e+00	2.29e-08	1.47e-09	1.21e-09
 2.85649e+16	3.20e-08	5.01e-05	1.76e-02	3.57e-01	5.27e-01	9.42e-02	3.76e-03	0.00e+00	0.00e+00	2.86e-08	1.84e-09	1.51e-09
 3.04814e+16	4.09e-08	6.01e-05	1.98e-02	3.72e-01	5.18e-01	8.68e-02	3.20e-03	0.00e+00	0.00e+00	3.66e-08	2.35e-09	1.93e-09
 3.25953e+16	5.30e-08	7.28e-05	2.24e-02	3.89e-01	5.06e-01	7.94e-02	2.69e-03	0.00e+00	0.00e+00	4.74e-08	3.04e-09	2.50e-09
 3.46234e+16	6.71e-08	8.68e-05	2.50e-02	4.04e-01	4.95e-01	7.29e-02	2.29e-03	0.00e+00	0.00e+00	6.01e-08	3.85e-09	3.18e-09
 3.65881e+16	8.40e-08	1.03e-04	2.78e-02	4.19e-01	4.84e-01	6.71e-02	1.95e-03	0.00e+00	0.00e+00	7.52e-08	4.82e-09	3.98e-09
 3.88129e+16	1.08e-07	1.24e-04	3.13e-02	4.35e-01	4.71e-01	6.10e-02	1.63e-03	0.00e+00	0.00e+00	9.71e-08	6.22e-09	5.14e-09
 4.12423e+16	1.40e-07	1.50e-04	3.53e-02	4.51e-01	4.57e-01	5.51e-02	1.35e-03	0.00e+00	0.00e+00	1.26e-07	8.05e-09	6.66e-09
 4.35467e+16	1.78e-07	1.80e-04	3.94e-02	4.66e-01	4.43e-01	5.00e-02	1.13e-03	0.00e+00	0.00e+00	1.59e-07	1.02e-08	8.44e-09
 4.57864e+16	2.23e-07	2.12e-04	4.37e-02	4.80e-01	4.30e-01	4.55e-02	9.56e-04	0.00e+00	0.00e+00	1.99e-07	1.28e-08	1.06e-08
 4.81547e+16	2.83e-07	2.54e-04	4.87e-02	4.94e-01	4.16e-01	4.12e-02	7.98e-04	0.00e+00	0.00e+00	2.53e-07	1.62e-08	1.34e-08
 5.05447e+16	3.54e-07	3.00e-04	5.39e-02	5.07e-01	4.01e-01	3.72e-02	6.68e-04	0.00e+00	0.00e+00	3.17e-07	2.02e-08	1.68e-08
 5.26958e+16	4.32e-07	3.49e-04	5.90e-02	5.18e-01	3.88e-01	3.40e-02	5.70e-04	0.00e+00	0.00e+00	3.86e-07	2.47e-08	2.05e-08
 5.46378e+16	5.16e-07	3.99e-04	6.38e-02	5.27e-01	3.77e-01	3.13e-02	4.94e-04	0.00e+00	0.00e+00	4.62e-07	2.94e-08	2.45e-08
 5.63855e+16	6.03e-07	4.49e-04	6.84e-02	5.35e-01	3.67e-01	2.91e-02	4.35e-04	0.00e+00	0.00e+00	5.40e-07	3.44e-08	2.87e-08
 5.79585e+16	6.94e-07	4.99e-04	7.27e-02	5.42e-01	3.58e-01	2.73e-02	3.88e-04	0.00e+00	0.00e+00	6.21e-07	3.96e-08	3.30e-08
 5.93741e+16	7.88e-07	5.48e-04	7.67e-02	5.47e-01	3.49e-01	2.57e-02	3.50e-04	0.00e+00	0.00e+00	7.05e-07	4.49e-08	3.75e-08
 6.06482e+16	8.82e-07	5.97e-04	8.05e-02	5.52e-01	3.42e-01	2.43e-02	3.19e-04	0.00e+00	0.00e+00	7.90e-07	5.03e-08	4.20e-08
 6.17949e+16	9.76e-07	6.44e-04	8.39e-02	5.56e-01	3.36e-01	2.32e-02	2.93e-04	0.00e+00	0.00e+00	8.74e-07	5.56e-08	4.65e-08
 6.28270e+16	1.07e-06	6.90e-04	8.72e-02	5.60e-01	3.30e-01	2.22e-02	2.72e-04	0.00e+00	0.00e+00	9.59e-07	6.10e-08	5.10e-08
 6.37558e+16	1.16e-06	7.35e-04	9.02e-02	5.63e-01	3.25e-01	2.13e-02	2.54e-04	0.00e+00	0.00e+00	1.04e-06	6.63e-08	5.55e-08
 6.45917e+16	1.25e-06	7.76e-04	9.29e-02	5.66e-01	3.20e-01	2.06e-02	2.39e-04	0.00e+00	0.00e+00	1.12e-06	7.13e-08	5.97e-08
 6.53483e+16	1.34e-06	8.18e-04	9.55e-02	5.68e-01	3.16e-01	1.99e-02	2.26e-04	0.00e+00	0.00e+00	1.20e-06	7.65e-08	6.40e-08
 6.60694e+16	1.44e-06	8.60e-04	9.81e-02	5.70e-01	3.12e-01	1.93e-02	2.14e-04	0.00e+00	0.00e+00	1.29e-06	8.18e-08	6.85e-08
 6.67906e+16	1.54e-06	9.05e-04	1.01e-01	5.72e-01	3.08e-01	1.87e-02	2.03e-04	0.00e+00	0.00e+00	1.38e-06	8.76e-08	7.34e-08
 6.75117e+16	1.65e-06	9.53e-04	1.03e-01	5.74e-01	3.04e-01	1.81e-02	1.92e-04	0.00e+00	0.00e+00	1.48e-06	9.39e-08	7.87e-08
 6.82329e+16	1.77e-06	1.00e-03	1.06e-01	5.76e-01	3.00e-01	1.75e-02	1.82e-04	0.00e+00	0.00e+00	1.59e-06	1.01e-07	8.46e-08
 6.89540e+16	1.91e-06	1.06e-03	1.09e-01	5.77e-01	2.96e-01	1.69e-02	1.72e-04	0.00e+00	0.00e+00	1.71e-06	1.09e-07	9.11e-08
 6.96752e+16	2.07e-06	1.13e-03	1.12e-01	5.79e-01	2.92e-01	1.64e-02	1.63e-04	0.00e+00	0.00e+00	1.86e-06	1.18e-07	9.89e-08
 7.03963e+16	2.30e-06	1.21e-03	1.15e-01	5.80e-01	2.88e-01	1.58e-02	1.52e-04	0.00e+00	0.00e+00	2.06e-06	1.31e-07	1.10e-07
 7.11175e+16	2.54e-06	1.31e-03	1.19e-01	5.81e-01	2.84e-01	1.52e-02	1.43e-04	0.00e+00	0.00e+00	2.28e-06	1.45e-07	1.22e-07
 7.17966e+16	2.83e-06	1.41e-03	1.22e-01	5.82e-01	2.80e-01	1.47e-02	1.34e-04	0.00e+00	0.00e+00	2.53e-06	1.61e-07	1.35e-07
