#depth	He	He+	He+2
 2.88079e+14	1.63e-07	3.88e-03	9.96e-01
 1.38941e+15	1.81e-07	4.09e-03	9.96e-01
 3.04846e+15	2.12e-07	4.43e-03	9.96e-01
 4.77386e+15	2.48e-07	4.79e-03	9.95e-01
 6.44294e+15	2.87e-07	5.15e-03	9.95e-01
 8.00822e+15	3.27e-07	5.50e-03	9.94e-01
 9.76146e+15	3.78e-07	5.92e-03	9.94e-01
 1.16482e+16	4.38e-07	6.38e-03	9.94e-01
 1.33768e+16	5.00e-07	6.82e-03	9.93e-01
 1.52611e+16	5.78e-07	7.33e-03	9.93e-01
 1.73702e+16	6.74e-07	7.91e-03	9.92e-01
 1.93646e+16	7.76e-07	8.48e-03	9.92e-01
 2.15231e+16	9.01e-07	9.15e-03	9.91e-01
 2.38987e+16	1.06e-06	9.90e-03	9.90e-01
 2.61342e+16	1.22e-06	1.06e-02	9.89e-01
 2.85480e+16	1.42e-06	1.15e-02	9.89e-01
 3.12067e+16	1.67e-06	1.25e-02	9.88e-01
 3.36776e+16	1.93e-06	1.34e-02	9.87e-01
 3.57394e+16	2.16e-06	1.42e-02	9.86e-01
 3.75252e+16	2.39e-06	1.50e-02	9.85e-01
 3.95538e+16	2.68e-06	1.59e-02	9.84e-01
 4.21909e+16	3.11e-06	1.72e-02	9.83e-01
 4.48600e+16	3.58e-06	1.84e-02	9.82e-01
 4.70189e+16	4.00e-06	1.96e-02	9.80e-01
 4.92051e+16	4.50e-06	2.08e-02	9.79e-01
 5.14961e+16	5.07e-06	2.22e-02	9.78e-01
 5.35580e+16	5.64e-06	2.35e-02	9.77e-01
 5.54137e+16	6.21e-06	2.47e-02	9.75e-01
 5.70838e+16	6.77e-06	2.59e-02	9.74e-01
 5.85870e+16	7.32e-06	2.70e-02	9.73e-01
 5.99398e+16	7.85e-06	2.80e-02	9.72e-01
 6.11573e+16	8.37e-06	2.90e-02	9.71e-01
 6.22531e+16	8.87e-06	2.99e-02	9.70e-01
 6.32393e+16	9.35e-06	3.08e-02	9.69e-01
 6.41269e+16	9.80e-06	3.16e-02	9.68e-01
 6.49257e+16	1.02e-05	3.23e-02	9.68e-01
 6.56647e+16	1.06e-05	3.30e-02	9.67e-01
 6.63859e+16	1.11e-05	3.38e-02	9.66e-01
 6.71070e+16	1.15e-05	3.45e-02	9.65e-01
 6.78282e+16	1.20e-05	3.53e-02	9.65e-01
 6.85493e+16	1.25e-05	3.61e-02	9.64e-01
 6.92705e+16	1.31e-05	3.69e-02	9.63e-01
 6.99916e+16	1.36e-05	3.77e-02	9.62e-01
 7.07128e+16	1.43e-05	3.86e-02	9.61e-01
 7.14339e+16	1.49e-05	3.95e-02	9.61e-01
 7.19548e+16	1.56e-05	4.02e-02	9.60e-01
