#depth	C	C+	C+2	C+3	C+4	C+5	C+6	C[1]	C[2]	C[3]	C+[1]	C+[2]	CO
 4.54749e+14	1.82e-09	8.81e-06	3.59e-03	5.49e-02	9.41e-01	3.49e-07	0.00e+00	1.88e-10	5.70e-10	9.73e-10	2.96e-06	5.86e-06	9.22e-32
 1.72942e+15	1.67e-09	1.04e-05	4.03e-03	5.87e-02	9.37e-01	3.51e-07	0.00e+00	1.73e-10	5.24e-10	8.95e-10	3.49e-06	6.90e-06	1.56e-31
 3.40206e+15	2.15e-09	1.28e-05	4.69e-03	6.38e-02	9.32e-01	3.57e-07	0.00e+00	2.22e-10	6.73e-10	1.15e-09	4.31e-06	8.52e-06	3.13e-31
 5.14161e+15	2.76e-09	1.58e-05	5.46e-03	6.94e-02	9.25e-01	3.64e-07	0.00e+00	2.85e-10	8.66e-10	1.48e-09	5.32e-06	1.05e-05	6.26e-31
 6.80294e+15	3.47e-09	1.92e-05	6.28e-03	7.49e-02	9.19e-01	3.65e-07	0.00e+00	3.59e-10	1.09e-09	1.86e-09	6.45e-06	1.28e-05	1.18e-30
 8.32982e+15	4.25e-09	2.28e-05	7.11e-03	8.02e-02	9.13e-01	3.72e-07	0.00e+00	4.40e-10	1.33e-09	2.28e-09	7.66e-06	1.51e-05	2.06e-30
 1.00603e+16	5.33e-09	2.75e-05	8.15e-03	8.64e-02	9.05e-01	3.75e-07	0.00e+00	5.51e-10	1.67e-09	2.85e-09	9.24e-06	1.83e-05	3.83e-30
 1.19439e+16	6.70e-09	3.34e-05	9.39e-03	9.35e-02	8.97e-01	3.79e-07	0.00e+00	6.93e-10	2.10e-09	3.59e-09	1.12e-05	2.22e-05	7.25e-30
 1.36509e+16	8.20e-09	3.96e-05	1.06e-02	1.00e-01	8.89e-01	3.85e-07	0.00e+00	8.48e-10	2.57e-09	4.39e-09	1.33e-05	2.63e-05	1.26e-29
 1.54942e+16	1.01e-08	4.73e-05	1.21e-02	1.07e-01	8.80e-01	3.89e-07	0.00e+00	1.05e-09	3.18e-09	5.43e-09	1.59e-05	3.14e-05	2.27e-29
 1.75654e+16	1.27e-08	5.72e-05	1.39e-02	1.16e-01	8.70e-01	3.92e-07	0.00e+00	1.31e-09	3.98e-09	6.80e-09	1.92e-05	3.80e-05	4.27e-29
 1.95340e+16	1.56e-08	6.83e-05	1.58e-02	1.24e-01	8.60e-01	3.96e-07	0.00e+00	1.62e-09	4.91e-09	8.38e-09	2.30e-05	4.53e-05	7.66e-29
 2.16846e+16	1.96e-08	8.24e-05	1.81e-02	1.34e-01	8.48e-01	4.00e-07	0.00e+00	2.03e-09	6.14e-09	1.05e-08	2.77e-05	5.47e-05	1.43e-28
 2.40540e+16	2.47e-08	1.00e-04	2.09e-02	1.45e-01	8.34e-01	4.06e-07	0.00e+00	2.56e-09	7.75e-09	1.32e-08	3.37e-05	6.65e-05	2.76e-28
 2.61976e+16	3.01e-08	1.19e-04	2.36e-02	1.55e-01	8.21e-01	4.08e-07	0.00e+00	3.12e-09	9.45e-09	1.61e-08	4.00e-05	7.88e-05	4.85e-28
 2.79817e+16	3.53e-08	1.36e-04	2.61e-02	1.64e-01	8.10e-01	4.11e-07	0.00e+00	3.66e-09	1.11e-08	1.89e-08	4.59e-05	9.04e-05	7.63e-28
 2.98187e+16	4.17e-08	1.57e-04	2.88e-02	1.73e-01	7.98e-01	4.12e-07	0.00e+00	4.32e-09	1.31e-08	2.24e-08	5.28e-05	1.04e-04	1.22e-27
 3.18942e+16	4.98e-08	1.82e-04	3.21e-02	1.83e-01	7.85e-01	4.09e-07	0.00e+00	5.17e-09	1.57e-08	2.67e-08	6.14e-05	1.21e-04	2.01e-27
 3.38846e+16	5.88e-08	2.10e-04	3.55e-02	1.93e-01	7.71e-01	4.11e-07	0.00e+00	6.10e-09	1.85e-08	3.15e-08	7.07e-05	1.39e-04	3.20e-27
 3.57868e+16	6.88e-08	2.39e-04	3.90e-02	2.03e-01	7.58e-01	4.09e-07	0.00e+00	7.14e-09	2.17e-08	3.69e-08	8.07e-05	1.59e-04	4.93e-27
 3.79697e+16	8.19e-08	2.77e-04	4.33e-02	2.14e-01	7.42e-01	4.06e-07	0.00e+00	8.50e-09	2.58e-08	4.39e-08	9.34e-05	1.84e-04	8.08e-27
 4.03744e+16	9.85e-08	3.24e-04	4.83e-02	2.27e-01	7.24e-01	4.04e-07	0.00e+00	1.02e-08	3.10e-08	5.28e-08	1.09e-04	2.15e-04	1.35e-26
 4.25905e+16	1.17e-07	3.72e-04	5.33e-02	2.39e-01	7.08e-01	4.03e-07	0.00e+00	1.21e-08	3.67e-08	6.25e-08	1.26e-04	2.47e-04	2.13e-26
 4.46806e+16	1.36e-07	4.23e-04	5.83e-02	2.50e-01	6.92e-01	4.01e-07	0.00e+00	1.41e-08	4.28e-08	7.29e-08	1.43e-04	2.81e-04	3.24e-26
 4.70448e+16	1.61e-07	4.88e-04	6.44e-02	2.62e-01	6.73e-01	4.00e-07	0.00e+00	1.68e-08	5.08e-08	8.66e-08	1.65e-04	3.23e-04	5.22e-26
 4.95518e+16	1.93e-07	5.64e-04	7.12e-02	2.76e-01	6.53e-01	3.94e-07	0.00e+00	2.00e-08	6.08e-08	1.03e-07	1.90e-04	3.74e-04	8.37e-26
 5.18081e+16	2.26e-07	6.41e-04	7.77e-02	2.87e-01	6.34e-01	3.92e-07	0.00e+00	2.35e-08	7.11e-08	1.21e-07	2.16e-04	4.25e-04	1.27e-25
 5.38388e+16	2.59e-07	7.17e-04	8.39e-02	2.98e-01	6.17e-01	3.88e-07	0.00e+00	2.69e-08	8.17e-08	1.39e-07	2.42e-04	4.75e-04	1.83e-25
 5.56665e+16	2.94e-07	7.91e-04	8.97e-02	3.08e-01	6.02e-01	3.86e-07	0.00e+00	3.05e-08	9.25e-08	1.58e-07	2.67e-04	5.24e-04	2.53e-25
 5.73113e+16	3.28e-07	8.64e-04	9.52e-02	3.16e-01	5.88e-01	3.82e-07	0.00e+00	3.41e-08	1.03e-07	1.76e-07	2.92e-04	5.72e-04	3.38e-25
 5.87917e+16	3.63e-07	9.35e-04	1.00e-01	3.23e-01	5.75e-01	3.79e-07	0.00e+00	3.78e-08	1.14e-07	1.95e-07	3.16e-04	6.19e-04	4.37e-25
 6.01241e+16	3.98e-07	1.00e-03	1.05e-01	3.30e-01	5.64e-01	3.75e-07	0.00e+00	4.14e-08	1.25e-07	2.14e-07	3.38e-04	6.64e-04	5.49e-25
 6.13232e+16	4.32e-07	1.07e-03	1.09e-01	3.36e-01	5.54e-01	3.72e-07	0.00e+00	4.50e-08	1.36e-07	2.32e-07	3.60e-04	7.07e-04	6.75e-25
 6.24024e+16	4.66e-07	1.13e-03	1.13e-01	3.41e-01	5.44e-01	3.69e-07	0.00e+00	4.85e-08	1.47e-07	2.50e-07	3.81e-04	7.48e-04	8.10e-25
 6.33737e+16	4.99e-07	1.19e-03	1.17e-01	3.46e-01	5.36e-01	3.66e-07	0.00e+00	5.19e-08	1.57e-07	2.68e-07	4.01e-04	7.86e-04	9.57e-25
 6.42478e+16	5.31e-07	1.24e-03	1.21e-01	3.50e-01	5.28e-01	3.64e-07	0.00e+00	5.52e-08	1.67e-07	2.85e-07	4.19e-04	8.22e-04	1.11e-24
 6.50345e+16	5.61e-07	1.29e-03	1.24e-01	3.54e-01	5.21e-01	3.62e-07	0.00e+00	5.84e-08	1.77e-07	3.01e-07	4.36e-04	8.56e-04	1.27e-24
 6.57678e+16	5.92e-07	1.34e-03	1.27e-01	3.57e-01	5.15e-01	3.60e-07	0.00e+00	6.16e-08	1.87e-07	3.18e-07	4.53e-04	8.89e-04	1.44e-24
 6.64889e+16	6.24e-07	1.39e-03	1.30e-01	3.60e-01	5.09e-01	3.59e-07	0.00e+00	6.50e-08	1.97e-07	3.35e-07	4.70e-04	9.22e-04	1.63e-24
 6.72101e+16	6.59e-07	1.45e-03	1.33e-01	3.64e-01	5.02e-01	3.56e-07	0.00e+00	6.86e-08	2.08e-07	3.54e-07	4.89e-04	9.58e-04	1.84e-24
 6.79312e+16	6.96e-07	1.50e-03	1.36e-01	3.67e-01	4.96e-01	3.54e-07	0.00e+00	7.24e-08	2.20e-07	3.74e-07	5.07e-04	9.94e-04	2.10e-24
 6.86524e+16	7.38e-07	1.56e-03	1.39e-01	3.70e-01	4.89e-01	3.52e-07	0.00e+00	7.68e-08	2.33e-07	3.96e-07	5.27e-04	1.03e-03	2.39e-24
 6.93735e+16	7.81e-07	1.62e-03	1.42e-01	3.73e-01	4.83e-01	3.50e-07	0.00e+00	8.13e-08	2.46e-07	4.19e-07	5.47e-04	1.07e-03	2.71e-24
 7.00947e+16	8.30e-07	1.68e-03	1.46e-01	3.76e-01	4.76e-01	3.47e-07	0.00e+00	8.64e-08	2.62e-07	4.46e-07	5.69e-04	1.12e-03	3.10e-24
 7.08159e+16	8.88e-07	1.76e-03	1.49e-01	3.80e-01	4.70e-01	3.46e-07	0.00e+00	9.26e-08	2.80e-07	4.77e-07	5.93e-04	1.16e-03	3.63e-24
 7.15370e+16	9.61e-07	1.84e-03	1.52e-01	3.83e-01	4.63e-01	3.42e-07	0.00e+00	1.00e-07	3.04e-07	5.16e-07	6.22e-04	1.22e-03	4.30e-24
 7.20064e+16	1.03e-06	1.91e-03	1.55e-01	3.85e-01	4.58e-01	3.40e-07	0.00e+00	1.07e-07	3.25e-07	5.53e-07	6.44e-04	1.26e-03	4.91e-24
