#depth	O	O+	O+2	O+3	O+4	O+5	O+6	O+7	O+8	O[1]	O[2]	O[3]
 3.28396e+14	1.02e-10	1.19e-06	1.96e-03	1.75e-01	6.40e-01	1.72e-01	1.08e-02	0.00e+00	0.00e+00	8.53e-11	9.84e-12	6.53e-12
 1.47166e+15	1.28e-10	1.41e-06	2.20e-03	1.86e-01	6.40e-01	1.63e-01	9.60e-03	0.00e+00	0.00e+00	1.08e-10	1.24e-11	8.24e-12
 3.13399e+15	1.76e-10	1.79e-06	2.60e-03	2.01e-01	6.38e-01	1.51e-01	8.07e-03	0.00e+00	0.00e+00	1.48e-10	1.70e-11	1.13e-11
 4.86282e+15	2.42e-10	2.26e-06	3.07e-03	2.17e-01	6.34e-01	1.39e-01	6.76e-03	0.00e+00	0.00e+00	2.03e-10	2.33e-11	1.56e-11
 6.47570e+15	3.20e-10	2.78e-06	3.56e-03	2.33e-01	6.29e-01	1.29e-01	5.76e-03	0.00e+00	0.00e+00	2.69e-10	3.08e-11	2.06e-11
 7.90134e+15	4.07e-10	3.32e-06	4.03e-03	2.46e-01	6.25e-01	1.20e-01	5.00e-03	0.00e+00	0.00e+00	3.41e-10	3.91e-11	2.62e-11
 9.49780e+15	5.30e-10	4.03e-06	4.61e-03	2.61e-01	6.18e-01	1.12e-01	4.28e-03	0.00e+00	0.00e+00	4.45e-10	5.09e-11	3.41e-11
 1.14099e+16	7.17e-10	5.03e-06	5.38e-03	2.79e-01	6.10e-01	1.02e-01	3.56e-03	0.00e+00	0.00e+00	6.02e-10	6.88e-11	4.62e-11
 1.33265e+16	9.53e-10	6.19e-06	6.24e-03	2.97e-01	6.00e-01	9.36e-02	2.98e-03	0.00e+00	0.00e+00	7.99e-10	9.13e-11	6.14e-11
 1.49890e+16	1.21e-09	7.37e-06	7.06e-03	3.13e-01	5.91e-01	8.67e-02	2.56e-03	0.00e+00	0.00e+00	1.01e-09	1.16e-10	7.80e-11
 1.67269e+16	1.56e-09	8.88e-06	7.99e-03	3.29e-01	5.81e-01	8.00e-02	2.18e-03	0.00e+00	0.00e+00	1.31e-09	1.50e-10	1.01e-10
 1.88652e+16	2.13e-09	1.11e-05	9.27e-03	3.49e-01	5.68e-01	7.26e-02	1.80e-03	0.00e+00	0.00e+00	1.78e-09	2.03e-10	1.37e-10
 2.09829e+16	2.83e-09	1.36e-05	1.07e-02	3.68e-01	5.54e-01	6.59e-02	1.49e-03	0.00e+00	0.00e+00	2.37e-09	2.70e-10	1.83e-10
 2.28012e+16	3.59e-09	1.62e-05	1.19e-02	3.84e-01	5.42e-01	6.08e-02	1.27e-03	0.00e+00	0.00e+00	3.01e-09	3.42e-10	2.32e-10
 2.44379e+16	4.43e-09	1.89e-05	1.32e-02	3.98e-01	5.31e-01	5.65e-02	1.11e-03	0.00e+00	0.00e+00	3.71e-09	4.22e-10	2.87e-10
 2.62323e+16	5.56e-09	2.22e-05	1.47e-02	4.14e-01	5.19e-01	5.21e-02	9.50e-04	0.00e+00	0.00e+00	4.67e-09	5.31e-10	3.61e-10
 2.82213e+16	7.09e-09	2.65e-05	1.65e-02	4.30e-01	5.05e-01	4.77e-02	8.05e-04	0.00e+00	0.00e+00	5.95e-09	6.75e-10	4.60e-10
 3.00865e+16	8.82e-09	3.10e-05	1.83e-02	4.45e-01	4.92e-01	4.39e-02	6.90e-04	0.00e+00	0.00e+00	7.40e-09	8.40e-10	5.73e-10
 3.21348e+16	1.12e-08	3.69e-05	2.05e-02	4.61e-01	4.77e-01	4.00e-02	5.83e-04	0.00e+00	0.00e+00	9.44e-09	1.07e-09	7.31e-10
 3.43697e+16	1.44e-08	4.41e-05	2.30e-02	4.78e-01	4.62e-01	3.63e-02	4.87e-04	0.00e+00	0.00e+00	1.21e-08	1.37e-09	9.35e-10
 3.63933e+16	1.79e-08	5.16e-05	2.54e-02	4.93e-01	4.48e-01	3.32e-02	4.15e-04	0.00e+00	0.00e+00	1.50e-08	1.70e-09	1.16e-09
 3.85699e+16	2.26e-08	6.12e-05	2.83e-02	5.09e-01	4.33e-01	3.02e-02	3.49e-04	0.00e+00	0.00e+00	1.90e-08	2.15e-09	1.47e-09
 4.09680e+16	2.90e-08	7.32e-05	3.17e-02	5.25e-01	4.16e-01	2.72e-02	2.90e-04	0.00e+00	0.00e+00	2.43e-08	2.75e-09	1.89e-09
 4.32038e+16	3.61e-08	8.60e-05	3.51e-02	5.39e-01	4.01e-01	2.46e-02	2.44e-04	0.00e+00	0.00e+00	3.03e-08	3.42e-09	2.36e-09
 4.53393e+16	4.44e-08	1.00e-04	3.86e-02	5.52e-01	3.87e-01	2.25e-02	2.08e-04	0.00e+00	0.00e+00	3.73e-08	4.21e-09	2.90e-09
 4.76922e+16	5.60e-08	1.18e-04	4.28e-02	5.65e-01	3.71e-01	2.03e-02	1.74e-04	0.00e+00	0.00e+00	4.70e-08	5.31e-09	3.66e-09
 5.01345e+16	7.02e-08	1.40e-04	4.74e-02	5.78e-01	3.56e-01	1.82e-02	1.45e-04	0.00e+00	0.00e+00	5.90e-08	6.65e-09	4.60e-09
 5.23326e+16	8.60e-08	1.62e-04	5.19e-02	5.89e-01	3.42e-01	1.66e-02	1.23e-04	0.00e+00	0.00e+00	7.22e-08	8.14e-09	5.63e-09
 5.43108e+16	1.03e-07	1.85e-04	5.62e-02	5.99e-01	3.30e-01	1.52e-02	1.07e-04	0.00e+00	0.00e+00	8.64e-08	9.73e-09	6.74e-09
 5.60913e+16	1.21e-07	2.08e-04	6.03e-02	6.07e-01	3.19e-01	1.41e-02	9.37e-05	0.00e+00	0.00e+00	1.01e-07	1.14e-08	7.92e-09
 5.76937e+16	1.40e-07	2.31e-04	6.42e-02	6.13e-01	3.09e-01	1.31e-02	8.34e-05	0.00e+00	0.00e+00	1.17e-07	1.32e-08	9.15e-09
 5.91358e+16	1.59e-07	2.54e-04	6.78e-02	6.19e-01	3.01e-01	1.23e-02	7.51e-05	0.00e+00	0.00e+00	1.33e-07	1.50e-08	1.04e-08
 6.04337e+16	1.79e-07	2.77e-04	7.13e-02	6.23e-01	2.93e-01	1.16e-02	6.83e-05	0.00e+00	0.00e+00	1.50e-07	1.69e-08	1.17e-08
 6.16019e+16	1.99e-07	2.99e-04	7.45e-02	6.27e-01	2.87e-01	1.11e-02	6.28e-05	0.00e+00	0.00e+00	1.67e-07	1.88e-08	1.30e-08
 6.26532e+16	2.19e-07	3.21e-04	7.75e-02	6.31e-01	2.81e-01	1.06e-02	5.81e-05	0.00e+00	0.00e+00	1.84e-07	2.07e-08	1.44e-08
 6.35994e+16	2.39e-07	3.42e-04	8.03e-02	6.34e-01	2.75e-01	1.01e-02	5.43e-05	0.00e+00	0.00e+00	2.00e-07	2.25e-08	1.57e-08
 6.44510e+16	2.59e-07	3.63e-04	8.29e-02	6.36e-01	2.71e-01	9.75e-03	5.10e-05	0.00e+00	0.00e+00	2.17e-07	2.44e-08	1.70e-08
 6.52174e+16	2.77e-07	3.81e-04	8.52e-02	6.38e-01	2.67e-01	9.43e-03	4.83e-05	0.00e+00	0.00e+00	2.32e-07	2.61e-08	1.82e-08
 6.59410e+16	2.97e-07	4.01e-04	8.75e-02	6.40e-01	2.63e-01	9.13e-03	4.57e-05	0.00e+00	0.00e+00	2.49e-07	2.80e-08	1.95e-08
 6.66622e+16	3.18e-07	4.22e-04	8.99e-02	6.42e-01	2.59e-01	8.84e-03	4.34e-05	0.00e+00	0.00e+00	2.67e-07	3.00e-08	2.10e-08
 6.73833e+16	3.42e-07	4.45e-04	9.24e-02	6.44e-01	2.55e-01	8.55e-03	4.11e-05	0.00e+00	0.00e+00	2.87e-07	3.22e-08	2.25e-08
 6.81045e+16	3.68e-07	4.69e-04	9.49e-02	6.45e-01	2.51e-01	8.28e-03	3.89e-05	0.00e+00	0.00e+00	3.09e-07	3.47e-08	2.42e-08
 6.88256e+16	3.96e-07	4.95e-04	9.75e-02	6.47e-01	2.47e-01	8.01e-03	3.69e-05	0.00e+00	0.00e+00	3.33e-07	3.73e-08	2.61e-08
 6.95468e+16	4.28e-07	5.24e-04	1.00e-01	6.48e-01	2.43e-01	7.74e-03	3.49e-05	0.00e+00	0.00e+00	3.59e-07	4.03e-08	2.82e-08
 7.02679e+16	4.64e-07	5.55e-04	1.03e-01	6.50e-01	2.39e-01	7.49e-03	3.30e-05	0.00e+00	0.00e+00	3.90e-07	4.37e-08	3.06e-08
 7.09891e+16	5.10e-07	5.94e-04	1.06e-01	6.51e-01	2.36e-01	7.23e-03	3.12e-05	0.00e+00	0.00e+00	4.28e-07	4.80e-08	3.36e-08
 7.17102e+16	5.77e-07	6.49e-04	1.09e-01	6.52e-01	2.32e-01	6.97e-03	2.92e-05	0.00e+00	0.00e+00	4.85e-07	5.43e-08	3.81e-08
 7.20930e+16	6.47e-07	6.97e-04	1.11e-01	6.52e-01	2.29e-01	6.80e-03	2.79e-05	0.00e+00	0.00e+00	5.43e-07	6.09e-08	4.27e-08
