#depth	C	C+	C+2	C+3	C+4	C+5	C+6	C[1]	C[2]	C[3]	C+[1]	C+[2]	CO
 4.63210e+14	5.55e-10	4.09e-06	2.45e-03	4.82e-02	9.49e-01	2.24e-07	0.00e+00	5.66e-11	1.72e-10	2.92e-10	1.36e-06	2.73e-06	4.62e-33
 2.54462e+15	5.17e-10	4.70e-06	2.70e-03	5.09e-02	9.46e-01	1.95e-07	0.00e+00	5.28e-11	1.60e-10	2.72e-10	1.57e-06	3.13e-06	7.06e-33
 5.84574e+15	6.58e-10	5.79e-06	3.13e-03	5.53e-02	9.42e-01	1.97e-07	0.00e+00	6.71e-11	2.03e-10	3.46e-10	1.93e-06	3.86e-06	1.38e-32
 9.27891e+15	8.41e-10	7.15e-06	3.65e-03	6.01e-02	9.36e-01	1.99e-07	0.00e+00	8.58e-11	2.60e-10	4.43e-10	2.39e-06	4.77e-06	2.68e-32
 1.25791e+16	1.05e-09	8.68e-06	4.20e-03	6.50e-02	9.31e-01	1.98e-07	0.00e+00	1.08e-10	3.26e-10	5.55e-10	2.90e-06	5.78e-06	4.92e-32
 1.56434e+16	1.29e-09	1.03e-05	4.77e-03	6.97e-02	9.26e-01	2.02e-07	0.00e+00	1.32e-10	4.00e-10	6.81e-10	3.45e-06	6.88e-06	8.48e-32
 1.91005e+16	1.63e-09	1.25e-05	5.48e-03	7.52e-02	9.19e-01	2.04e-07	0.00e+00	1.66e-10	5.03e-10	8.57e-10	4.18e-06	8.34e-06	1.55e-31
 2.30638e+16	2.09e-09	1.55e-05	6.39e-03	8.18e-02	9.12e-01	2.07e-07	0.00e+00	2.13e-10	6.45e-10	1.10e-09	5.16e-06	1.03e-05	3.00e-31
 2.69488e+16	2.63e-09	1.88e-05	7.38e-03	8.85e-02	9.04e-01	2.08e-07	0.00e+00	2.69e-10	8.15e-10	1.39e-09	6.29e-06	1.25e-05	5.61e-31
 3.04821e+16	3.25e-09	2.25e-05	8.37e-03	9.49e-02	8.97e-01	2.10e-07	0.00e+00	3.32e-10	1.00e-09	1.71e-09	7.51e-06	1.50e-05	9.69e-31
 3.43205e+16	4.05e-09	2.71e-05	9.57e-03	1.02e-01	8.88e-01	2.11e-07	0.00e+00	4.14e-10	1.25e-09	2.14e-09	9.05e-06	1.80e-05	1.75e-30
 3.86197e+16	5.11e-09	3.30e-05	1.10e-02	1.11e-01	8.78e-01	2.12e-07	0.00e+00	5.22e-10	1.58e-09	2.69e-09	1.10e-05	2.20e-05	3.25e-30
 4.26864e+16	6.36e-09	3.96e-05	1.26e-02	1.19e-01	8.69e-01	2.14e-07	0.00e+00	6.50e-10	1.97e-09	3.35e-09	1.32e-05	2.64e-05	5.72e-30
 4.71157e+16	8.01e-09	4.81e-05	1.45e-02	1.28e-01	8.57e-01	2.15e-07	0.00e+00	8.18e-10	2.48e-09	4.22e-09	1.61e-05	3.20e-05	1.05e-29
 5.19854e+16	1.01e-08	5.88e-05	1.68e-02	1.39e-01	8.44e-01	2.16e-07	0.00e+00	1.04e-09	3.14e-09	5.35e-09	1.97e-05	3.91e-05	1.96e-29
 5.65128e+16	1.26e-08	7.05e-05	1.91e-02	1.49e-01	8.32e-01	2.17e-07	0.00e+00	1.29e-09	3.90e-09	6.65e-09	2.36e-05	4.69e-05	3.43e-29
 6.14356e+16	1.59e-08	8.56e-05	2.20e-02	1.61e-01	8.17e-01	2.20e-07	0.00e+00	1.63e-09	4.92e-09	8.38e-09	2.86e-05	5.69e-05	6.27e-29
 6.68697e+16	2.02e-08	1.05e-04	2.55e-02	1.74e-01	8.00e-01	2.19e-07	0.00e+00	2.07e-09	6.26e-09	1.07e-08	3.51e-05	6.98e-05	1.17e-28
 7.19466e+16	2.51e-08	1.26e-04	2.91e-02	1.87e-01	7.84e-01	2.19e-07	0.00e+00	2.57e-09	7.79e-09	1.33e-08	4.22e-05	8.38e-05	2.04e-28
 7.67466e+16	3.08e-08	1.49e-04	3.29e-02	2.00e-01	7.67e-01	2.21e-07	0.00e+00	3.15e-09	9.55e-09	1.63e-08	5.00e-05	9.93e-05	3.43e-28
 8.10656e+16	3.66e-08	1.73e-04	3.66e-02	2.11e-01	7.52e-01	2.20e-07	0.00e+00	3.75e-09	1.13e-08	1.93e-08	5.78e-05	1.15e-04	5.33e-28
 8.48485e+16	4.26e-08	1.96e-04	4.01e-02	2.21e-01	7.38e-01	2.21e-07	0.00e+00	4.36e-09	1.32e-08	2.25e-08	6.56e-05	1.30e-04	7.85e-28
 8.90990e+16	5.07e-08	2.26e-04	4.45e-02	2.33e-01	7.22e-01	2.21e-07	0.00e+00	5.20e-09	1.57e-08	2.68e-08	7.58e-05	1.50e-04	1.21e-27
 9.38344e+16	6.10e-08	2.63e-04	4.97e-02	2.47e-01	7.03e-01	2.22e-07	0.00e+00	6.25e-09	1.89e-08	3.22e-08	8.83e-05	1.75e-04	1.94e-27
 9.82941e+16	7.23e-08	3.03e-04	5.49e-02	2.60e-01	6.85e-01	2.20e-07	0.00e+00	7.41e-09	2.24e-08	3.82e-08	1.02e-04	2.02e-04	2.96e-27
 1.02527e+17	8.51e-08	3.46e-04	6.04e-02	2.72e-01	6.67e-01	2.20e-07	0.00e+00	8.72e-09	2.64e-08	4.49e-08	1.16e-04	2.30e-04	4.43e-27
 1.06596e+17	9.98e-08	3.93e-04	6.61e-02	2.84e-01	6.49e-01	2.22e-07	0.00e+00	1.02e-08	3.10e-08	5.27e-08	1.32e-04	2.61e-04	6.49e-27
 1.10325e+17	1.14e-07	4.40e-04	7.16e-02	2.95e-01	6.32e-01	2.22e-07	0.00e+00	1.17e-08	3.55e-08	6.03e-08	1.47e-04	2.92e-04	9.17e-27
 1.13682e+17	1.30e-07	4.87e-04	7.70e-02	3.05e-01	6.17e-01	2.23e-07	0.00e+00	1.33e-08	4.03e-08	6.86e-08	1.63e-04	3.24e-04	1.25e-26
 1.16702e+17	1.46e-07	5.33e-04	8.20e-02	3.15e-01	6.03e-01	2.23e-07	0.00e+00	1.50e-08	4.53e-08	7.70e-08	1.79e-04	3.54e-04	1.65e-26
 1.19421e+17	1.62e-07	5.79e-04	8.68e-02	3.23e-01	5.90e-01	2.23e-07	0.00e+00	1.66e-08	5.03e-08	8.55e-08	1.94e-04	3.85e-04	2.13e-26
 1.21868e+17	1.78e-07	6.24e-04	9.14e-02	3.30e-01	5.78e-01	2.23e-07	0.00e+00	1.83e-08	5.54e-08	9.42e-08	2.09e-04	4.14e-04	2.67e-26
 1.24070e+17	1.94e-07	6.66e-04	9.56e-02	3.37e-01	5.67e-01	2.23e-07	0.00e+00	1.99e-08	6.03e-08	1.03e-07	2.24e-04	4.43e-04	3.28e-26
 1.26052e+17	2.10e-07	7.07e-04	9.96e-02	3.43e-01	5.57e-01	2.23e-07	0.00e+00	2.16e-08	6.53e-08	1.11e-07	2.37e-04	4.70e-04	3.96e-26
 1.27835e+17	2.26e-07	7.47e-04	1.03e-01	3.48e-01	5.48e-01	2.24e-07	0.00e+00	2.32e-08	7.02e-08	1.19e-07	2.51e-04	4.96e-04	4.69e-26
 1.29441e+17	2.41e-07	7.83e-04	1.07e-01	3.53e-01	5.40e-01	2.24e-07	0.00e+00	2.48e-08	7.49e-08	1.27e-07	2.63e-04	5.21e-04	5.44e-26
 1.30921e+17	2.56e-07	8.20e-04	1.10e-01	3.57e-01	5.32e-01	2.24e-07	0.00e+00	2.63e-08	7.96e-08	1.35e-07	2.75e-04	5.44e-04	6.28e-26
 1.32360e+17	2.72e-07	8.57e-04	1.13e-01	3.62e-01	5.24e-01	2.25e-07	0.00e+00	2.79e-08	8.46e-08	1.44e-07	2.88e-04	5.69e-04	7.25e-26
 1.33798e+17	2.89e-07	8.96e-04	1.17e-01	3.66e-01	5.16e-01	2.25e-07	0.00e+00	2.97e-08	9.00e-08	1.53e-07	3.01e-04	5.95e-04	8.36e-26
 1.35237e+17	3.08e-07	9.36e-04	1.20e-01	3.70e-01	5.08e-01	2.25e-07	0.00e+00	3.16e-08	9.58e-08	1.63e-07	3.14e-04	6.22e-04	9.67e-26
 1.36676e+17	3.29e-07	9.80e-04	1.24e-01	3.75e-01	5.01e-01	2.25e-07	0.00e+00	3.37e-08	1.02e-07	1.74e-07	3.29e-04	6.51e-04	1.12e-25
 1.38115e+17	3.51e-07	1.03e-03	1.27e-01	3.79e-01	4.93e-01	2.26e-07	0.00e+00	3.61e-08	1.09e-07	1.86e-07	3.44e-04	6.81e-04	1.30e-25
 1.39554e+17	3.76e-07	1.07e-03	1.31e-01	3.83e-01	4.85e-01	2.26e-07	0.00e+00	3.86e-08	1.17e-07	1.99e-07	3.61e-04	7.13e-04	1.52e-25
 1.40993e+17	4.05e-07	1.13e-03	1.35e-01	3.87e-01	4.76e-01	2.27e-07	0.00e+00	4.16e-08	1.26e-07	2.14e-07	3.78e-04	7.48e-04	1.78e-25
 1.42432e+17	4.38e-07	1.18e-03	1.39e-01	3.92e-01	4.68e-01	2.28e-07	0.00e+00	4.50e-08	1.36e-07	2.31e-07	3.97e-04	7.86e-04	2.13e-25
 1.43520e+17	4.79e-07	1.24e-03	1.42e-01	3.95e-01	4.61e-01	2.28e-07	0.00e+00	4.92e-08	1.49e-07	2.53e-07	4.17e-04	8.26e-04	2.53e-25
