#depth	He	He+	He+2
 4.63210e+14	1.38e-07	3.56e-03	9.96e-01
 2.54462e+15	1.53e-07	3.75e-03	9.96e-01
 5.84574e+15	1.78e-07	4.05e-03	9.96e-01
 9.27891e+15	2.08e-07	4.37e-03	9.96e-01
 1.25791e+16	2.39e-07	4.69e-03	9.95e-01
 1.56434e+16	2.71e-07	5.00e-03	9.95e-01
 1.91005e+16	3.12e-07	5.37e-03	9.95e-01
 2.30638e+16	3.65e-07	5.81e-03	9.94e-01
 2.69488e+16	4.23e-07	6.26e-03	9.94e-01
 3.04821e+16	4.81e-07	6.67e-03	9.93e-01
 3.43205e+16	5.54e-07	7.16e-03	9.93e-01
 3.86197e+16	6.44e-07	7.72e-03	9.92e-01
 4.26864e+16	7.36e-07	8.26e-03	9.92e-01
 4.71157e+16	8.54e-07	8.90e-03	9.91e-01
 5.19854e+16	9.97e-07	9.63e-03	9.90e-01
 5.65128e+16	1.14e-06	1.03e-02	9.90e-01
 6.14356e+16	1.33e-06	1.12e-02	9.89e-01
 6.68697e+16	1.56e-06	1.21e-02	9.88e-01
 7.19466e+16	1.80e-06	1.30e-02	9.87e-01
 7.67466e+16	2.06e-06	1.40e-02	9.86e-01
 8.10656e+16	2.31e-06	1.49e-02	9.85e-01
 8.48485e+16	2.57e-06	1.57e-02	9.84e-01
 8.90990e+16	2.88e-06	1.67e-02	9.83e-01
 9.38344e+16	3.28e-06	1.79e-02	9.82e-01
 9.82941e+16	3.69e-06	1.91e-02	9.81e-01
 1.02527e+17	4.13e-06	2.03e-02	9.80e-01
 1.06596e+17	4.60e-06	2.15e-02	9.78e-01
 1.10325e+17	5.09e-06	2.28e-02	9.77e-01
 1.13682e+17	5.57e-06	2.40e-02	9.76e-01
 1.16702e+17	6.05e-06	2.51e-02	9.75e-01
 1.19421e+17	6.52e-06	2.62e-02	9.74e-01
 1.21868e+17	6.98e-06	2.72e-02	9.73e-01
 1.24070e+17	7.43e-06	2.82e-02	9.72e-01
 1.26052e+17	7.87e-06	2.91e-02	9.71e-01
 1.27835e+17	8.28e-06	2.99e-02	9.70e-01
 1.29441e+17	8.67e-06	3.07e-02	9.69e-01
 1.30921e+17	9.06e-06	3.15e-02	9.68e-01
 1.32360e+17	9.47e-06	3.23e-02	9.68e-01
 1.33798e+17	9.89e-06	3.31e-02	9.67e-01
 1.35237e+17	1.03e-05	3.40e-02	9.66e-01
 1.36676e+17	1.08e-05	3.48e-02	9.65e-01
 1.38115e+17	1.13e-05	3.58e-02	9.64e-01
 1.39554e+17	1.19e-05	3.67e-02	9.63e-01
 1.40993e+17	1.25e-05	3.77e-02	9.62e-01
 1.42432e+17	1.31e-05	3.88e-02	9.61e-01
 1.43520e+17	1.38e-05	3.95e-02	9.60e-01
