#depth	O	O+	O+2	O+3	O+4	O+5	O+6	O+7	O+8	O[1]	O[2]	O[3]
 4.63210e+14	1.58e-11	5.37e-07	1.69e-03	2.11e-01	6.90e-01	9.57e-02	2.17e-03	0.00e+00	0.00e+00	1.27e-11	1.99e-12	1.17e-12
 2.54462e+15	1.93e-11	6.23e-07	1.87e-03	2.21e-01	6.85e-01	9.04e-02	1.94e-03	0.00e+00	0.00e+00	1.55e-11	2.43e-12	1.42e-12
 5.84574e+15	2.58e-11	7.74e-07	2.18e-03	2.37e-01	6.76e-01	8.28e-02	1.62e-03	0.00e+00	0.00e+00	2.06e-11	3.22e-12	1.89e-12
 9.27891e+15	3.43e-11	9.60e-07	2.54e-03	2.54e-01	6.67e-01	7.56e-02	1.35e-03	0.00e+00	0.00e+00	2.75e-11	4.29e-12	2.52e-12
 1.25791e+16	4.45e-11	1.17e-06	2.93e-03	2.70e-01	6.56e-01	6.94e-02	1.14e-03	0.00e+00	0.00e+00	3.57e-11	5.55e-12	3.28e-12
 1.56434e+16	5.63e-11	1.39e-06	3.32e-03	2.85e-01	6.46e-01	6.41e-02	9.81e-04	0.00e+00	0.00e+00	4.51e-11	7.01e-12	4.14e-12
 1.91005e+16	7.30e-11	1.68e-06	3.80e-03	3.02e-01	6.34e-01	5.86e-02	8.27e-04	0.00e+00	0.00e+00	5.85e-11	9.08e-12	5.37e-12
 2.30638e+16	9.74e-11	2.08e-06	4.42e-03	3.22e-01	6.20e-01	5.30e-02	6.83e-04	0.00e+00	0.00e+00	7.81e-11	1.21e-11	7.17e-12
 2.69488e+16	1.28e-10	2.55e-06	5.09e-03	3.41e-01	6.06e-01	4.82e-02	5.69e-04	0.00e+00	0.00e+00	1.03e-10	1.59e-11	9.45e-12
 3.04821e+16	1.64e-10	3.05e-06	5.75e-03	3.58e-01	5.92e-01	4.41e-02	4.83e-04	0.00e+00	0.00e+00	1.31e-10	2.03e-11	1.21e-11
 3.43205e+16	2.13e-10	3.69e-06	6.55e-03	3.76e-01	5.77e-01	4.02e-02	4.05e-04	0.00e+00	0.00e+00	1.70e-10	2.63e-11	1.57e-11
 3.86197e+16	2.81e-10	4.52e-06	7.52e-03	3.96e-01	5.60e-01	3.62e-02	3.35e-04	0.00e+00	0.00e+00	2.25e-10	3.47e-11	2.07e-11
 4.26864e+16	3.62e-10	5.44e-06	8.53e-03	4.15e-01	5.44e-01	3.28e-02	2.80e-04	0.00e+00	0.00e+00	2.90e-10	4.47e-11	2.67e-11
 4.71157e+16	4.76e-10	6.63e-06	9.74e-03	4.35e-01	5.26e-01	2.95e-02	2.31e-04	0.00e+00	0.00e+00	3.82e-10	5.88e-11	3.52e-11
 5.19854e+16	6.33e-10	8.16e-06	1.12e-02	4.56e-01	5.06e-01	2.63e-02	1.88e-04	0.00e+00	0.00e+00	5.08e-10	7.81e-11	4.68e-11
 5.65128e+16	8.18e-10	9.82e-06	1.27e-02	4.75e-01	4.88e-01	2.37e-02	1.56e-04	0.00e+00	0.00e+00	6.56e-10	1.01e-10	6.05e-11
 6.14356e+16	1.08e-09	1.20e-05	1.45e-02	4.96e-01	4.69e-01	2.11e-02	1.28e-04	0.00e+00	0.00e+00	8.66e-10	1.33e-10	8.00e-11
 6.68697e+16	1.44e-09	1.48e-05	1.67e-02	5.17e-01	4.47e-01	1.86e-02	1.03e-04	0.00e+00	0.00e+00	1.16e-09	1.77e-10	1.07e-10
 7.19466e+16	1.87e-09	1.79e-05	1.90e-02	5.37e-01	4.28e-01	1.66e-02	8.39e-05	0.00e+00	0.00e+00	1.50e-09	2.30e-10	1.39e-10
 7.67466e+16	2.39e-09	2.13e-05	2.13e-02	5.54e-01	4.10e-01	1.49e-02	6.95e-05	0.00e+00	0.00e+00	1.92e-09	2.94e-10	1.77e-10
 8.10656e+16	2.95e-09	2.49e-05	2.36e-02	5.69e-01	3.94e-01	1.35e-02	5.89e-05	0.00e+00	0.00e+00	2.37e-09	3.62e-10	2.19e-10
 8.48485e+16	3.55e-09	2.84e-05	2.58e-02	5.82e-01	3.80e-01	1.24e-02	5.09e-05	0.00e+00	0.00e+00	2.85e-09	4.36e-10	2.64e-10
 8.90990e+16	4.38e-09	3.31e-05	2.85e-02	5.96e-01	3.64e-01	1.12e-02	4.33e-05	0.00e+00	0.00e+00	3.52e-09	5.38e-10	3.26e-10
 9.38344e+16	5.50e-09	3.90e-05	3.18e-02	6.10e-01	3.48e-01	1.01e-02	3.62e-05	0.00e+00	0.00e+00	4.41e-09	6.74e-10	4.09e-10
 9.82941e+16	6.77e-09	4.54e-05	3.51e-02	6.23e-01	3.32e-01	9.10e-03	3.06e-05	0.00e+00	0.00e+00	5.44e-09	8.30e-10	5.04e-10
 1.02527e+17	8.28e-09	5.25e-05	3.85e-02	6.35e-01	3.18e-01	8.26e-03	2.61e-05	0.00e+00	0.00e+00	6.64e-09	1.01e-09	6.17e-10
 1.06596e+17	1.00e-08	6.04e-05	4.21e-02	6.45e-01	3.05e-01	7.53e-03	2.24e-05	0.00e+00	0.00e+00	8.04e-09	1.23e-09	7.47e-10
 1.10325e+17	1.20e-08	6.87e-05	4.57e-02	6.55e-01	2.93e-01	6.91e-03	1.95e-05	0.00e+00	0.00e+00	9.59e-09	1.46e-09	8.92e-10
 1.13682e+17	1.40e-08	7.71e-05	4.91e-02	6.62e-01	2.82e-01	6.39e-03	1.72e-05	0.00e+00	0.00e+00	1.12e-08	1.71e-09	1.05e-09
 1.16702e+17	1.62e-08	8.57e-05	5.25e-02	6.69e-01	2.73e-01	5.96e-03	1.54e-05	0.00e+00	0.00e+00	1.30e-08	1.98e-09	1.21e-09
 1.19421e+17	1.85e-08	9.44e-05	5.57e-02	6.74e-01	2.64e-01	5.59e-03	1.39e-05	0.00e+00	0.00e+00	1.48e-08	2.26e-09	1.38e-09
 1.21868e+17	2.08e-08	1.03e-04	5.87e-02	6.79e-01	2.57e-01	5.28e-03	1.27e-05	0.00e+00	0.00e+00	1.67e-08	2.54e-09	1.55e-09
 1.24070e+17	2.32e-08	1.12e-04	6.16e-02	6.83e-01	2.50e-01	5.01e-03	1.17e-05	0.00e+00	0.00e+00	1.86e-08	2.84e-09	1.74e-09
 1.26052e+17	2.56e-08	1.20e-04	6.43e-02	6.86e-01	2.44e-01	4.78e-03	1.08e-05	0.00e+00	0.00e+00	2.06e-08	3.13e-09	1.92e-09
 1.27835e+17	2.81e-08	1.28e-04	6.69e-02	6.89e-01	2.39e-01	4.58e-03	1.01e-05	0.00e+00	0.00e+00	2.25e-08	3.43e-09	2.10e-09
 1.29441e+17	3.04e-08	1.36e-04	6.92e-02	6.92e-01	2.35e-01	4.40e-03	9.55e-06	0.00e+00	0.00e+00	2.44e-08	3.71e-09	2.27e-09
 1.30921e+17	3.29e-08	1.44e-04	7.15e-02	6.94e-01	2.30e-01	4.25e-03	9.02e-06	0.00e+00	0.00e+00	2.64e-08	4.01e-09	2.46e-09
 1.32360e+17	3.55e-08	1.52e-04	7.39e-02	6.96e-01	2.26e-01	4.10e-03	8.53e-06	0.00e+00	0.00e+00	2.85e-08	4.33e-09	2.66e-09
 1.33798e+17	3.84e-08	1.61e-04	7.63e-02	6.98e-01	2.22e-01	3.96e-03	8.07e-06	0.00e+00	0.00e+00	3.08e-08	4.68e-09	2.87e-09
 1.35237e+17	4.15e-08	1.71e-04	7.88e-02	6.99e-01	2.18e-01	3.82e-03	7.63e-06	0.00e+00	0.00e+00	3.33e-08	5.07e-09	3.11e-09
 1.36676e+17	4.51e-08	1.82e-04	8.14e-02	7.01e-01	2.14e-01	3.68e-03	7.21e-06	0.00e+00	0.00e+00	3.62e-08	5.50e-09	3.38e-09
 1.38115e+17	4.90e-08	1.93e-04	8.41e-02	7.03e-01	2.10e-01	3.55e-03	6.82e-06	0.00e+00	0.00e+00	3.93e-08	5.97e-09	3.67e-09
 1.39554e+17	5.33e-08	2.05e-04	8.69e-02	7.04e-01	2.06e-01	3.42e-03	6.44e-06	0.00e+00	0.00e+00	4.28e-08	6.51e-09	4.00e-09
 1.40993e+17	5.84e-08	2.19e-04	8.98e-02	7.05e-01	2.01e-01	3.30e-03	6.08e-06	0.00e+00	0.00e+00	4.68e-08	7.12e-09	4.38e-09
 1.42432e+17	6.46e-08	2.36e-04	9.30e-02	7.06e-01	1.97e-01	3.17e-03	5.73e-06	0.00e+00	0.00e+00	5.18e-08	7.88e-09	4.85e-09
 1.43520e+17	7.22e-08	2.56e-04	9.54e-02	7.07e-01	1.94e-01	3.08e-03	5.47e-06	0.00e+00	0.00e+00	5.79e-08	8.80e-09	5.42e-09
