#depth	He	He+	He+2
 2.69797e+09	1.49e-01	8.51e-01	4.19e-04
 1.61878e+10	1.50e-01	8.50e-01	4.17e-04
 7.01473e+10	1.50e-01	8.49e-01	4.14e-04
 2.85985e+11	1.53e-01	8.47e-01	4.01e-04
 6.83127e+11	1.54e-01	8.45e-01	3.89e-04
 1.19941e+12	1.59e-01	8.41e-01	3.68e-04
 1.87058e+12	1.66e-01	8.33e-01	3.37e-04
 2.74310e+12	1.79e-01	8.21e-01	2.96e-04
 3.76788e+12	1.98e-01	8.02e-01	2.51e-04
 4.78721e+12	2.22e-01	7.78e-01	2.10e-04
 5.71771e+12	2.51e-01	7.48e-01	1.75e-04
 6.53358e+12	2.84e-01	7.15e-01	1.47e-04
 7.22323e+12	3.19e-01	6.81e-01	1.25e-04
 7.82211e+12	3.56e-01	6.44e-01	1.07e-04
 8.36040e+12	3.94e-01	6.06e-01	9.27e-05
 8.85905e+12	4.35e-01	5.65e-01	8.00e-05
 9.32098e+12	4.77e-01	5.23e-01	6.93e-05
 9.74628e+12	5.20e-01	4.80e-01	5.99e-05
 1.01421e+13	5.62e-01	4.38e-01	5.22e-05
 1.05028e+13	6.01e-01	3.99e-01	4.58e-05
 1.08074e+13	6.35e-01	3.65e-01	4.10e-05
 1.10426e+13	6.60e-01	3.40e-01	3.77e-05
 1.12303e+13	6.80e-01	3.20e-01	3.53e-05
 1.13993e+13	6.98e-01	3.02e-01	3.33e-05
 1.15592e+13	7.14e-01	2.86e-01	3.15e-05
 1.17068e+13	7.29e-01	2.71e-01	3.00e-05
 1.18413e+13	7.41e-01	2.59e-01	2.88e-05
 1.19647e+13	7.52e-01	2.48e-01	2.77e-05
 1.20805e+13	7.62e-01	2.38e-01	2.68e-05
 1.21911e+13	7.72e-01	2.28e-01	2.60e-05
 1.22974e+13	7.80e-01	2.20e-01	2.53e-05
 1.23838e+13	7.87e-01	2.13e-01	2.48e-05
 1.24473e+13	7.91e-01	2.09e-01	2.45e-05
 1.25078e+13	7.96e-01	2.04e-01	2.42e-05
 1.25744e+13	8.01e-01	1.99e-01	2.38e-05
 1.26441e+13	8.05e-01	1.95e-01	2.35e-05
 1.27133e+13	8.10e-01	1.90e-01	2.32e-05
 1.27814e+13	8.15e-01	1.85e-01	2.28e-05
 1.28476e+13	8.19e-01	1.81e-01	2.26e-05
 1.29136e+13	8.23e-01	1.77e-01	2.24e-05
 1.29811e+13	8.27e-01	1.73e-01	2.21e-05
 1.30482e+13	8.31e-01	1.69e-01	2.19e-05
 1.31150e+13	8.35e-01	1.65e-01	2.17e-05
 1.31814e+13	8.38e-01	1.62e-01	2.16e-05
 1.32481e+13	8.41e-01	1.59e-01	2.14e-05
 1.33155e+13	8.45e-01	1.55e-01	2.12e-05
 1.33817e+13	8.48e-01	1.52e-01	2.11e-05
 1.34475e+13	8.51e-01	1.49e-01	2.10e-05
 1.35144e+13	8.54e-01	1.46e-01	2.09e-05
 1.35811e+13	8.57e-01	1.43e-01	2.08e-05
 1.36478e+13	8.60e-01	1.40e-01	2.07e-05
 1.37145e+13	8.63e-01	1.37e-01	2.07e-05
 1.37813e+13	8.65e-01	1.34e-01	2.06e-05
 1.38487e+13	8.68e-01	1.32e-01	2.05e-05
 1.39153e+13	8.71e-01	1.29e-01	2.05e-05
 1.39821e+13	8.73e-01	1.27e-01	2.05e-05
 1.40494e+13	8.75e-01	1.25e-01	2.04e-05
 1.41163e+13	8.78e-01	1.22e-01	2.05e-05
 1.41826e+13	8.80e-01	1.20e-01	2.04e-05
 1.42487e+13	8.82e-01	1.18e-01	2.05e-05
 1.43144e+13	8.84e-01	1.16e-01	2.04e-05
 1.43801e+13	8.86e-01	1.14e-01	2.04e-05
 1.44460e+13	8.88e-01	1.12e-01	2.04e-05
 1.45115e+13	8.90e-01	1.10e-01	2.05e-05
 1.45764e+13	8.92e-01	1.08e-01	2.05e-05
 1.46413e+13	8.94e-01	1.06e-01	2.05e-05
 1.47068e+13	8.95e-01	1.05e-01	2.05e-05
 1.47728e+13	8.97e-01	1.03e-01	2.05e-05
 1.48385e+13	8.99e-01	1.01e-01	2.05e-05
 1.49042e+13	9.00e-01	9.97e-02	2.06e-05
 1.49700e+13	9.02e-01	9.80e-02	2.06e-05
 1.50355e+13	9.04e-01	9.64e-02	2.06e-05
 1.51015e+13	9.05e-01	9.48e-02	2.06e-05
 1.51685e+13	9.07e-01	9.32e-02	2.06e-05
 1.52361e+13	9.08e-01	9.17e-02	2.06e-05
 1.53030e+13	9.10e-01	9.02e-02	2.06e-05
 1.53697e+13	9.11e-01	8.87e-02	2.06e-05
 1.54374e+13	9.13e-01	8.72e-02	2.06e-05
 1.55064e+13	9.14e-01	8.57e-02	2.05e-05
 1.55752e+13	9.16e-01	8.43e-02	2.05e-05
 1.56436e+13	9.17e-01	8.29e-02	2.05e-05
 1.57125e+13	9.19e-01	8.14e-02	2.04e-05
 1.57828e+13	9.20e-01	7.99e-02	2.04e-05
 1.58545e+13	9.21e-01	7.86e-02	2.03e-05
 1.59262e+13	9.23e-01	7.71e-02	2.02e-05
 1.59975e+13	9.24e-01	7.57e-02	2.02e-05
 1.60699e+13	9.26e-01	7.42e-02	2.00e-05
 1.61443e+13	9.27e-01	7.29e-02	2.00e-05
 1.62191e+13	9.29e-01	7.14e-02	1.98e-05
 1.62937e+13	9.30e-01	7.00e-02	1.97e-05
 1.63699e+13	9.31e-01	6.86e-02	1.95e-05
 1.64472e+13	9.33e-01	6.71e-02	1.94e-05
 1.65248e+13	9.34e-01	6.57e-02	1.92e-05
 1.66035e+13	9.36e-01	6.43e-02	1.90e-05
 1.66838e+13	9.37e-01	6.29e-02	1.88e-05
 1.67650e+13	9.39e-01	6.14e-02	1.85e-05
 1.68471e+13	9.40e-01	6.00e-02	1.83e-05
 1.69304e+13	9.41e-01	5.86e-02	1.81e-05
 1.70143e+13	9.43e-01	5.72e-02	1.78e-05
 1.70996e+13	9.44e-01	5.57e-02	1.75e-05
 1.71873e+13	9.46e-01	5.43e-02	1.72e-05
 1.72763e+13	9.47e-01	5.28e-02	1.68e-05
 1.73663e+13	9.49e-01	5.14e-02	1.65e-05
 1.74573e+13	9.50e-01	5.00e-02	1.62e-05
 1.75501e+13	9.51e-01	4.86e-02	1.58e-05
 1.76441e+13	9.53e-01	4.72e-02	1.55e-05
 1.77380e+13	9.54e-01	4.58e-02	1.51e-05
 1.78345e+13	9.56e-01	4.44e-02	1.47e-05
 1.79336e+13	9.57e-01	4.29e-02	1.43e-05
 1.80347e+13	9.58e-01	4.16e-02	1.38e-05
 1.81374e+13	9.60e-01	4.02e-02	1.34e-05
 1.82406e+13	9.61e-01	3.88e-02	1.30e-05
 1.83451e+13	9.62e-01	3.75e-02	1.26e-05
 1.84501e+13	9.64e-01	3.63e-02	1.22e-05
 1.85561e+13	9.65e-01	3.50e-02	1.17e-05
 1.86645e+13	9.66e-01	3.37e-02	1.13e-05
 1.87766e+13	9.68e-01	3.25e-02	1.09e-05
 1.88909e+13	9.69e-01	3.13e-02	1.04e-05
 1.90041e+13	9.70e-01	3.01e-02	1.00e-05
 1.91173e+13	9.71e-01	2.90e-02	9.63e-06
 1.92324e+13	9.72e-01	2.79e-02	9.26e-06
 1.93463e+13	9.73e-01	2.69e-02	8.87e-06
 1.94599e+13	9.74e-01	2.59e-02	8.50e-06
 1.95773e+13	9.75e-01	2.49e-02	8.13e-06
 1.96969e+13	9.76e-01	2.39e-02	7.77e-06
 1.98155e+13	9.77e-01	2.30e-02	7.43e-06
 1.99327e+13	9.78e-01	2.22e-02	7.10e-06
 2.00502e+13	9.79e-01	2.14e-02	6.79e-06
 2.01669e+13	9.79e-01	2.06e-02	6.49e-06
 2.02828e+13	9.80e-01	1.99e-02	6.20e-06
 2.03990e+13	9.81e-01	1.92e-02	5.93e-06
 2.05148e+13	9.81e-01	1.85e-02	5.66e-06
 2.06290e+13	9.82e-01	1.79e-02	5.42e-06
 2.07410e+13	9.83e-01	1.73e-02	5.19e-06
 2.08513e+13	9.83e-01	1.68e-02	4.97e-06
