#depth	O	O+	O+2	O+3	O+4	O+5	O+6	O+7	O+8	O[1]	O[2]	O[3]
 5.68837e+12	1.12e-07	5.91e-03	8.15e-01	1.79e-01	1.98e-05	0.00e+00	0.00e+00	0.00e+00	0.00e+00	9.76e-08	8.00e-09	6.69e-09
 3.41302e+13	1.13e-07	5.91e-03	8.16e-01	1.78e-01	1.97e-05	0.00e+00	0.00e+00	0.00e+00	0.00e+00	9.78e-08	8.02e-09	6.70e-09
 1.47898e+14	1.14e-07	5.96e-03	8.19e-01	1.75e-01	1.92e-05	0.00e+00	0.00e+00	0.00e+00	0.00e+00	9.91e-08	8.11e-09	6.79e-09
 6.02968e+14	1.20e-07	6.13e-03	8.29e-01	1.65e-01	1.73e-05	0.00e+00	0.00e+00	0.00e+00	0.00e+00	1.04e-07	8.51e-09	7.13e-09
 1.44030e+15	1.31e-07	6.43e-03	8.44e-01	1.49e-01	1.45e-05	0.00e+00	0.00e+00	0.00e+00	0.00e+00	1.14e-07	9.19e-09	7.73e-09
 2.52882e+15	1.46e-07	6.83e-03	8.62e-01	1.31e-01	1.15e-05	0.00e+00	0.00e+00	0.00e+00	0.00e+00	1.27e-07	1.02e-08	8.58e-09
 3.94391e+15	1.67e-07	7.35e-03	8.84e-01	1.09e-01	8.46e-06	0.00e+00	0.00e+00	0.00e+00	0.00e+00	1.45e-07	1.15e-08	9.78e-09
 5.78352e+15	1.97e-07	8.04e-03	9.07e-01	8.45e-02	5.57e-06	0.00e+00	0.00e+00	0.00e+00	0.00e+00	1.72e-07	1.34e-08	1.15e-08
 7.95984e+15	2.37e-07	8.86e-03	9.30e-01	6.14e-02	3.34e-06	0.00e+00	0.00e+00	0.00e+00	0.00e+00	2.07e-07	1.59e-08	1.36e-08
 1.02784e+16	2.84e-07	9.75e-03	9.48e-01	4.27e-02	1.88e-06	0.00e+00	0.00e+00	0.00e+00	0.00e+00	2.49e-07	1.89e-08	1.63e-08
 1.26896e+16	3.42e-07	1.07e-02	9.61e-01	2.86e-02	1.01e-06	0.00e+00	0.00e+00	0.00e+00	0.00e+00	3.00e-07	2.23e-08	1.94e-08
 1.51974e+16	4.10e-07	1.17e-02	9.70e-01	1.86e-02	5.22e-07	0.00e+00	0.00e+00	0.00e+00	0.00e+00	3.60e-07	2.64e-08	2.30e-08
 1.78054e+16	4.91e-07	1.28e-02	9.75e-01	1.18e-02	2.60e-07	0.00e+00	0.00e+00	0.00e+00	0.00e+00	4.32e-07	3.13e-08	2.73e-08
 2.05178e+16	5.88e-07	1.40e-02	9.79e-01	7.29e-03	1.25e-07	0.00e+00	0.00e+00	0.00e+00	0.00e+00	5.19e-07	3.70e-08	3.25e-08
 2.33386e+16	7.03e-07	1.52e-02	9.80e-01	4.45e-03	0.00e+00	0.00e+00	0.00e+00	0.00e+00	0.00e+00	6.21e-07	4.38e-08	3.85e-08
 2.62723e+16	8.41e-07	1.66e-02	9.81e-01	2.67e-03	0.00e+00	0.00e+00	0.00e+00	0.00e+00	0.00e+00	7.44e-07	5.18e-08	4.57e-08
 2.93233e+16	1.01e-06	1.80e-02	9.80e-01	1.59e-03	0.00e+00	0.00e+00	0.00e+00	0.00e+00	0.00e+00	8.90e-07	6.13e-08	5.42e-08
 3.24964e+16	1.20e-06	1.96e-02	9.80e-01	9.37e-04	0.00e+00	0.00e+00	0.00e+00	0.00e+00	0.00e+00	1.07e-06	7.25e-08	6.43e-08
 3.57964e+16	1.44e-06	2.12e-02	9.78e-01	5.49e-04	0.00e+00	0.00e+00	0.00e+00	0.00e+00	0.00e+00	1.27e-06	8.58e-08	7.63e-08
 3.92284e+16	1.72e-06	2.30e-02	9.77e-01	3.19e-04	0.00e+00	0.00e+00	0.00e+00	0.00e+00	0.00e+00	1.52e-06	1.02e-07	9.05e-08
 4.27976e+16	2.05e-06	2.50e-02	9.75e-01	1.85e-04	0.00e+00	0.00e+00	0.00e+00	0.00e+00	0.00e+00	1.82e-06	1.21e-07	1.08e-07
 4.65097e+16	2.46e-06	2.71e-02	9.73e-01	1.08e-04	0.00e+00	0.00e+00	0.00e+00	0.00e+00	0.00e+00	2.18e-06	1.43e-07	1.28e-07
 5.03702e+16	2.94e-06	2.94e-02	9.71e-01	6.24e-05	0.00e+00	0.00e+00	0.00e+00	0.00e+00	0.00e+00	2.62e-06	1.70e-07	1.52e-07
 5.43852e+16	3.52e-06	3.19e-02	9.68e-01	3.63e-05	0.00e+00	0.00e+00	0.00e+00	0.00e+00	0.00e+00	3.14e-06	2.02e-07	1.81e-07
 5.85607e+16	4.22e-06	3.46e-02	9.65e-01	2.13e-05	0.00e+00	0.00e+00	0.00e+00	0.00e+00	0.00e+00	3.76e-06	2.41e-07	2.16e-07
 6.29033e+16	5.06e-06	3.76e-02	9.62e-01	1.26e-05	0.00e+00	0.00e+00	0.00e+00	0.00e+00	0.00e+00	4.51e-06	2.87e-07	2.58e-07
 6.74195e+16	6.07e-06	4.08e-02	9.59e-01	7.51e-06	0.00e+00	0.00e+00	0.00e+00	0.00e+00	0.00e+00	5.42e-06	3.42e-07	3.08e-07
 7.21165e+16	7.28e-06	4.44e-02	9.56e-01	4.58e-06	0.00e+00	0.00e+00	0.00e+00	0.00e+00	0.00e+00	6.51e-06	4.08e-07	3.68e-07
 7.70013e+16	8.75e-06	4.82e-02	9.52e-01	2.85e-06	0.00e+00	0.00e+00	0.00e+00	0.00e+00	0.00e+00	7.82e-06	4.88e-07	4.40e-07
 8.20814e+16	1.05e-05	5.25e-02	9.48e-01	1.83e-06	0.00e+00	0.00e+00	0.00e+00	0.00e+00	0.00e+00	9.40e-06	5.84e-07	5.27e-07
 8.73648e+16	1.26e-05	5.71e-02	9.43e-01	1.22e-06	0.00e+00	0.00e+00	0.00e+00	0.00e+00	0.00e+00	1.13e-05	6.99e-07	6.32e-07
 9.28596e+16	1.52e-05	6.21e-02	9.38e-01	8.49e-07	0.00e+00	0.00e+00	0.00e+00	0.00e+00	0.00e+00	1.36e-05	8.38e-07	7.58e-07
 9.85741e+16	1.83e-05	6.77e-02	9.32e-01	6.15e-07	0.00e+00	0.00e+00	0.00e+00	0.00e+00	0.00e+00	1.64e-05	1.00e-06	9.11e-07
 1.04517e+17	2.21e-05	7.38e-02	9.26e-01	4.65e-07	0.00e+00	0.00e+00	0.00e+00	0.00e+00	0.00e+00	1.98e-05	1.21e-06	1.09e-06
 1.10698e+17	2.67e-05	8.04e-02	9.20e-01	3.65e-07	0.00e+00	0.00e+00	0.00e+00	0.00e+00	0.00e+00	2.39e-05	1.45e-06	1.32e-06
 1.17126e+17	3.22e-05	8.78e-02	9.12e-01	2.96e-07	0.00e+00	0.00e+00	0.00e+00	0.00e+00	0.00e+00	2.89e-05	1.75e-06	1.59e-06
 1.23567e+17	3.86e-05	9.55e-02	9.04e-01	2.47e-07	0.00e+00	0.00e+00	0.00e+00	0.00e+00	0.00e+00	3.46e-05	2.09e-06	1.90e-06
 1.29892e+17	4.60e-05	1.04e-01	8.96e-01	2.11e-07	0.00e+00	0.00e+00	0.00e+00	0.00e+00	0.00e+00	4.12e-05	2.48e-06	2.26e-06
 1.36716e+17	5.53e-05	1.13e-01	8.87e-01	1.81e-07	0.00e+00	0.00e+00	0.00e+00	0.00e+00	0.00e+00	4.96e-05	2.97e-06	2.71e-06
 1.43988e+17	6.68e-05	1.23e-01	8.77e-01	1.56e-07	0.00e+00	0.00e+00	0.00e+00	0.00e+00	0.00e+00	5.99e-05	3.58e-06	3.27e-06
 1.51041e+17	7.98e-05	1.34e-01	8.66e-01	1.35e-07	0.00e+00	0.00e+00	0.00e+00	0.00e+00	0.00e+00	7.17e-05	4.27e-06	3.90e-06
 1.57806e+17	9.43e-05	1.45e-01	8.55e-01	0.00e+00	0.00e+00	0.00e+00	0.00e+00	0.00e+00	0.00e+00	8.47e-05	5.03e-06	4.60e-06
 1.65353e+17	1.14e-04	1.58e-01	8.42e-01	0.00e+00	0.00e+00	0.00e+00	0.00e+00	0.00e+00	0.00e+00	1.02e-04	6.04e-06	5.53e-06
 1.73437e+17	1.37e-04	1.72e-01	8.27e-01	0.00e+00	0.00e+00	0.00e+00	0.00e+00	0.00e+00	0.00e+00	1.23e-04	7.30e-06	6.68e-06
 1.80696e+17	1.62e-04	1.86e-01	8.13e-01	0.00e+00	0.00e+00	0.00e+00	0.00e+00	0.00e+00	0.00e+00	1.46e-04	8.61e-06	7.89e-06
 1.88510e+17	1.95e-04	2.03e-01	7.97e-01	0.00e+00	0.00e+00	0.00e+00	0.00e+00	0.00e+00	0.00e+00	1.75e-04	1.03e-05	9.46e-06
 1.96941e+17	2.36e-04	2.22e-01	7.78e-01	0.00e+00	0.00e+00	0.00e+00	0.00e+00	0.00e+00	0.00e+00	2.12e-04	1.25e-05	1.14e-05
 2.04419e+17	2.79e-04	2.39e-01	7.60e-01	0.00e+00	0.00e+00	0.00e+00	0.00e+00	0.00e+00	0.00e+00	2.51e-04	1.47e-05	1.35e-05
 2.11303e+17	3.26e-04	2.57e-01	7.43e-01	0.00e+00	0.00e+00	0.00e+00	0.00e+00	0.00e+00	0.00e+00	2.93e-04	1.71e-05	1.57e-05
 2.19170e+17	3.90e-04	2.79e-01	7.21e-01	0.00e+00	0.00e+00	0.00e+00	0.00e+00	0.00e+00	0.00e+00	3.51e-04	2.05e-05	1.88e-05
 2.27606e+17	4.71e-04	3.03e-01	6.96e-01	0.00e+00	0.00e+00	0.00e+00	0.00e+00	0.00e+00	0.00e+00	4.24e-04	2.48e-05	2.27e-05
 2.34962e+17	5.57e-04	3.27e-01	6.73e-01	0.00e+00	0.00e+00	0.00e+00	0.00e+00	0.00e+00	0.00e+00	5.01e-04	2.92e-05	2.68e-05
 2.41572e+17	6.49e-04	3.49e-01	6.50e-01	0.00e+00	0.00e+00	0.00e+00	0.00e+00	0.00e+00	0.00e+00	5.84e-04	3.40e-05	3.13e-05
 2.49034e+17	7.76e-04	3.77e-01	6.22e-01	0.00e+00	0.00e+00	0.00e+00	0.00e+00	0.00e+00	0.00e+00	6.98e-04	4.06e-05	3.74e-05
 2.56978e+17	9.38e-04	4.09e-01	5.90e-01	0.00e+00	0.00e+00	0.00e+00	0.00e+00	0.00e+00	0.00e+00	8.43e-04	4.91e-05	4.52e-05
 2.63756e+17	1.11e-03	4.39e-01	5.60e-01	0.00e+00	0.00e+00	0.00e+00	0.00e+00	0.00e+00	0.00e+00	9.98e-04	5.80e-05	5.34e-05
 2.69674e+17	1.29e-03	4.66e-01	5.32e-01	0.00e+00	0.00e+00	0.00e+00	0.00e+00	0.00e+00	0.00e+00	1.16e-03	6.74e-05	6.20e-05
 2.76265e+17	1.53e-03	5.00e-01	4.99e-01	0.00e+00	0.00e+00	0.00e+00	0.00e+00	0.00e+00	0.00e+00	1.38e-03	8.03e-05	7.38e-05
 2.83271e+17	1.86e-03	5.38e-01	4.60e-01	0.00e+00	0.00e+00	0.00e+00	0.00e+00	0.00e+00	0.00e+00	1.67e-03	9.70e-05	8.92e-05
 2.89167e+17	2.19e-03	5.73e-01	4.25e-01	0.00e+00	0.00e+00	0.00e+00	0.00e+00	0.00e+00	0.00e+00	1.97e-03	1.15e-04	1.05e-04
 2.94168e+17	2.54e-03	6.04e-01	3.93e-01	0.00e+00	0.00e+00	0.00e+00	0.00e+00	0.00e+00	0.00e+00	2.28e-03	1.33e-04	1.22e-04
 2.99656e+17	3.02e-03	6.41e-01	3.56e-01	0.00e+00	0.00e+00	0.00e+00	0.00e+00	0.00e+00	0.00e+00	2.72e-03	1.58e-04	1.45e-04
 3.05477e+17	3.64e-03	6.82e-01	3.15e-01	0.00e+00	0.00e+00	0.00e+00	0.00e+00	0.00e+00	0.00e+00	3.27e-03	1.90e-04	1.75e-04
 3.10341e+17	4.29e-03	7.17e-01	2.78e-01	0.00e+00	0.00e+00	0.00e+00	0.00e+00	0.00e+00	0.00e+00	3.86e-03	2.24e-04	2.06e-04
 3.14407e+17	4.97e-03	7.49e-01	2.46e-01	0.00e+00	0.00e+00	0.00e+00	0.00e+00	0.00e+00	0.00e+00	4.47e-03	2.59e-04	2.38e-04
 3.18239e+17	5.72e-03	7.78e-01	2.16e-01	0.00e+00	0.00e+00	0.00e+00	0.00e+00	0.00e+00	0.00e+00	5.15e-03	2.99e-04	2.74e-04
 3.21955e+17	6.64e-03	8.08e-01	1.86e-01	0.00e+00	0.00e+00	0.00e+00	0.00e+00	0.00e+00	0.00e+00	5.97e-03	3.46e-04	3.18e-04
 3.25370e+17	7.64e-03	8.34e-01	1.58e-01	0.00e+00	0.00e+00	0.00e+00	0.00e+00	0.00e+00	0.00e+00	6.88e-03	3.98e-04	3.66e-04
 3.28233e+17	8.65e-03	8.57e-01	1.35e-01	0.00e+00	0.00e+00	0.00e+00	0.00e+00	0.00e+00	0.00e+00	7.78e-03	4.50e-04	4.14e-04
 3.30619e+17	9.62e-03	8.75e-01	1.16e-01	0.00e+00	0.00e+00	0.00e+00	0.00e+00	0.00e+00	0.00e+00	8.66e-03	5.01e-04	4.60e-04
 3.32847e+17	1.07e-02	8.91e-01	9.84e-02	0.00e+00	0.00e+00	0.00e+00	0.00e+00	0.00e+00	0.00e+00	9.60e-03	5.55e-04	5.10e-04
 3.34949e+17	1.18e-02	9.06e-01	8.25e-02	0.00e+00	0.00e+00	0.00e+00	0.00e+00	0.00e+00	0.00e+00	1.07e-02	6.16e-04	5.66e-04
 3.36846e+17	1.30e-02	9.18e-01	6.88e-02	0.00e+00	0.00e+00	0.00e+00	0.00e+00	0.00e+00	0.00e+00	1.17e-02	6.77e-04	6.23e-04
 3.38524e+17	1.43e-02	9.29e-01	5.72e-02	0.00e+00	0.00e+00	0.00e+00	0.00e+00	0.00e+00	0.00e+00	1.28e-02	7.40e-04	6.80e-04
 3.40014e+17	1.55e-02	9.37e-01	4.74e-02	0.00e+00	0.00e+00	0.00e+00	0.00e+00	0.00e+00	0.00e+00	1.40e-02	8.05e-04	7.40e-04
 3.41363e+17	1.68e-02	9.44e-01	3.90e-02	0.00e+00	0.00e+00	0.00e+00	0.00e+00	0.00e+00	0.00e+00	1.51e-02	8.72e-04	8.02e-04
 3.42602e+17	1.81e-02	9.50e-01	3.20e-02	0.00e+00	0.00e+00	0.00e+00	0.00e+00	0.00e+00	0.00e+00	1.63e-02	9.36e-04	8.60e-04
 3.43753e+17	1.93e-02	9.55e-01	2.60e-02	0.00e+00	0.00e+00	0.00e+00	0.00e+00	0.00e+00	0.00e+00	1.74e-02	9.98e-04	9.18e-04
 3.44843e+17	2.06e-02	9.59e-01	2.08e-02	0.00e+00	0.00e+00	0.00e+00	0.00e+00	0.00e+00	0.00e+00	1.85e-02	1.06e-03	9.79e-04
 3.45878e+17	2.20e-02	9.62e-01	1.64e-02	0.00e+00	0.00e+00	0.00e+00	0.00e+00	0.00e+00	0.00e+00	1.98e-02	1.14e-03	1.04e-03
 3.46850e+17	2.34e-02	9.64e-01	1.28e-02	0.00e+00	0.00e+00	0.00e+00	0.00e+00	0.00e+00	0.00e+00	2.10e-02	1.21e-03	1.11e-03
 3.47789e+17	2.49e-02	9.65e-01	9.75e-03	0.00e+00	0.00e+00	0.00e+00	0.00e+00	0.00e+00	0.00e+00	2.24e-02	1.29e-03	1.18e-03
 3.48864e+17	2.68e-02	9.66e-01	6.95e-03	0.00e+00	0.00e+00	0.00e+00	0.00e+00	0.00e+00	0.00e+00	2.42e-02	1.38e-03	1.27e-03
 3.50048e+17	2.91e-02	9.66e-01	4.64e-03	0.00e+00	0.00e+00	0.00e+00	0.00e+00	0.00e+00	0.00e+00	2.62e-02	1.50e-03	1.38e-03
 3.51196e+17	3.17e-02	9.65e-01	3.03e-03	0.00e+00	0.00e+00	0.00e+00	0.00e+00	0.00e+00	0.00e+00	2.86e-02	1.63e-03	1.50e-03
 3.52511e+17	3.51e-02	9.63e-01	1.81e-03	0.00e+00	0.00e+00	0.00e+00	0.00e+00	0.00e+00	0.00e+00	3.17e-02	1.80e-03	1.66e-03
 3.54221e+17	4.06e-02	9.58e-01	9.04e-04	0.00e+00	0.00e+00	0.00e+00	0.00e+00	0.00e+00	0.00e+00	3.66e-02	2.08e-03	1.91e-03
 3.56128e+17	4.85e-02	9.51e-01	4.08e-04	0.00e+00	0.00e+00	0.00e+00	0.00e+00	0.00e+00	0.00e+00	4.38e-02	2.47e-03	2.28e-03
 3.57801e+17	5.79e-02	9.42e-01	2.01e-04	0.00e+00	0.00e+00	0.00e+00	0.00e+00	0.00e+00	0.00e+00	5.23e-02	2.93e-03	2.71e-03
 3.59102e+17	6.78e-02	9.32e-01	1.15e-04	0.00e+00	0.00e+00	0.00e+00	0.00e+00	0.00e+00	0.00e+00	6.12e-02	3.42e-03	3.16e-03
 3.60170e+17	7.81e-02	9.22e-01	7.17e-05	0.00e+00	0.00e+00	0.00e+00	0.00e+00	0.00e+00	0.00e+00	7.06e-02	3.91e-03	3.62e-03
 3.61160e+17	9.02e-02	9.10e-01	4.56e-05	0.00e+00	0.00e+00	0.00e+00	0.00e+00	0.00e+00	0.00e+00	8.16e-02	4.49e-03	4.16e-03
 3.62121e+17	1.05e-01	8.95e-01	2.90e-05	0.00e+00	0.00e+00	0.00e+00	0.00e+00	0.00e+00	0.00e+00	9.52e-02	5.18e-03	4.81e-03
 3.63013e+17	1.23e-01	8.77e-01	1.87e-05	0.00e+00	0.00e+00	0.00e+00	0.00e+00	0.00e+00	0.00e+00	1.11e-01	5.99e-03	5.58e-03
 3.63800e+17	1.43e-01	8.57e-01	1.25e-05	0.00e+00	0.00e+00	0.00e+00	0.00e+00	0.00e+00	0.00e+00	1.30e-01	6.88e-03	6.42e-03
 3.64495e+17	1.66e-01	8.34e-01	8.56e-06	0.00e+00	0.00e+00	0.00e+00	0.00e+00	0.00e+00	0.00e+00	1.51e-01	7.84e-03	7.33e-03
 3.65128e+17	1.91e-01	8.09e-01	5.96e-06	0.00e+00	0.00e+00	0.00e+00	0.00e+00	0.00e+00	0.00e+00	1.74e-01	8.86e-03	8.32e-03
 3.65725e+17	2.21e-01	7.79e-01	4.14e-06	0.00e+00	0.00e+00	0.00e+00	0.00e+00	0.00e+00	0.00e+00	2.01e-01	1.00e-02	9.44e-03
 3.66287e+17	2.55e-01	7.45e-01	2.88e-06	0.00e+00	0.00e+00	0.00e+00	0.00e+00	0.00e+00	0.00e+00	2.33e-01	1.13e-02	1.07e-02
 3.66805e+17	2.94e-01	7.06e-01	2.01e-06	0.00e+00	0.00e+00	0.00e+00	0.00e+00	0.00e+00	0.00e+00	2.69e-01	1.25e-02	1.20e-02
 3.67266e+17	3.35e-01	6.65e-01	1.43e-06	0.00e+00	0.00e+00	0.00e+00	0.00e+00	0.00e+00	0.00e+00	3.08e-01	1.38e-02	1.32e-02
 3.67644e+17	3.73e-01	6.27e-01	1.07e-06	0.00e+00	0.00e+00	0.00e+00	0.00e+00	0.00e+00	0.00e+00	3.44e-01	1.48e-02	1.43e-02
 3.67930e+17	4.07e-01	5.93e-01	8.48e-07	0.00e+00	0.00e+00	0.00e+00	0.00e+00	0.00e+00	0.00e+00	3.76e-01	1.55e-02	1.51e-02
 3.68164e+17	4.35e-01	5.65e-01	6.97e-07	0.00e+00	0.00e+00	0.00e+00	0.00e+00	0.00e+00	0.00e+00	4.03e-01	1.61e-02	1.57e-02
 3.68369e+17	4.62e-01	5.38e-01	5.83e-07	0.00e+00	0.00e+00	0.00e+00	0.00e+00	0.00e+00	0.00e+00	4.29e-01	1.65e-02	1.62e-02
 3.68556e+17	4.87e-01	5.13e-01	4.93e-07	0.00e+00	0.00e+00	0.00e+00	0.00e+00	0.00e+00	0.00e+00	4.53e-01	1.69e-02	1.66e-02
 3.68729e+17	5.11e-01	4.89e-01	4.21e-07	0.00e+00	0.00e+00	0.00e+00	0.00e+00	0.00e+00	0.00e+00	4.77e-01	1.72e-02	1.70e-02
 3.68885e+17	5.34e-01	4.66e-01	3.63e-07	0.00e+00	0.00e+00	0.00e+00	0.00e+00	0.00e+00	0.00e+00	4.99e-01	1.74e-02	1.73e-02
 3.69032e+17	5.55e-01	4.45e-01	3.16e-07	0.00e+00	0.00e+00	0.00e+00	0.00e+00	0.00e+00	0.00e+00	5.20e-01	1.75e-02	1.75e-02
 3.69171e+17	5.75e-01	4.25e-01	2.76e-07	0.00e+00	0.00e+00	0.00e+00	0.00e+00	0.00e+00	0.00e+00	5.40e-01	1.76e-02	1.77e-02
 3.69297e+17	5.95e-01	4.05e-01	2.44e-07	0.00e+00	0.00e+00	0.00e+00	0.00e+00	0.00e+00	0.00e+00	5.59e-01	1.77e-02	1.78e-02
 3.69396e+17	6.09e-01	3.91e-01	2.22e-07	0.00e+00	0.00e+00	0.00e+00	0.00e+00	0.00e+00	0.00e+00	5.73e-01	1.77e-02	1.78e-02
 3.69470e+17	6.20e-01	3.80e-01	2.06e-07	0.00e+00	0.00e+00	0.00e+00	0.00e+00	0.00e+00	0.00e+00	5.84e-01	1.77e-02	1.78e-02
 3.69543e+17	6.31e-01	3.69e-01	1.92e-07	0.00e+00	0.00e+00	0.00e+00	0.00e+00	0.00e+00	0.00e+00	5.95e-01	1.76e-02	1.78e-02
 3.69622e+17	6.43e-01	3.57e-01	1.76e-07	0.00e+00	0.00e+00	0.00e+00	0.00e+00	0.00e+00	0.00e+00	6.08e-01	1.76e-02	1.78e-02
 3.69704e+17	6.56e-01	3.44e-01	1.62e-07	0.00e+00	0.00e+00	0.00e+00	0.00e+00	0.00e+00	0.00e+00	6.20e-01	1.75e-02	1.78e-02
 3.69783e+17	6.67e-01	3.33e-01	1.49e-07	0.00e+00	0.00e+00	0.00e+00	0.00e+00	0.00e+00	0.00e+00	6.32e-01	1.74e-02	1.78e-02
 3.69859e+17	6.78e-01	3.22e-01	1.38e-07	0.00e+00	0.00e+00	0.00e+00	0.00e+00	0.00e+00	0.00e+00	6.43e-01	1.73e-02	1.77e-02
 3.69936e+17	6.90e-01	3.10e-01	1.27e-07	0.00e+00	0.00e+00	0.00e+00	0.00e+00	0.00e+00	0.00e+00	6.55e-01	1.72e-02	1.76e-02
 3.70013e+17	7.01e-01	2.99e-01	1.17e-07	0.00e+00	0.00e+00	0.00e+00	0.00e+00	0.00e+00	0.00e+00	6.67e-01	1.71e-02	1.75e-02
 3.70087e+17	7.12e-01	2.88e-01	1.08e-07	0.00e+00	0.00e+00	0.00e+00	0.00e+00	0.00e+00	0.00e+00	6.78e-01	1.69e-02	1.73e-02
 3.70160e+17	7.22e-01	2.78e-01	1.00e-07	0.00e+00	0.00e+00	0.00e+00	0.00e+00	0.00e+00	0.00e+00	6.88e-01	1.67e-02	1.71e-02
 3.70233e+17	7.32e-01	2.68e-01	9.25e-08	0.00e+00	0.00e+00	0.00e+00	0.00e+00	0.00e+00	0.00e+00	6.99e-01	1.66e-02	1.69e-02
 3.70306e+17	7.43e-01	2.57e-01	8.55e-08	0.00e+00	0.00e+00	0.00e+00	0.00e+00	0.00e+00	0.00e+00	7.09e-01	1.64e-02	1.67e-02
 3.70379e+17	7.52e-01	2.48e-01	7.90e-08	0.00e+00	0.00e+00	0.00e+00	0.00e+00	0.00e+00	0.00e+00	7.20e-01	1.62e-02	1.65e-02
 3.70451e+17	7.62e-01	2.38e-01	7.30e-08	0.00e+00	0.00e+00	0.00e+00	0.00e+00	0.00e+00	0.00e+00	7.30e-01	1.60e-02	1.63e-02
 3.70521e+17	7.71e-01	2.29e-01	6.76e-08	0.00e+00	0.00e+00	0.00e+00	0.00e+00	0.00e+00	0.00e+00	7.40e-01	1.57e-02	1.60e-02
 3.70590e+17	7.80e-01	2.20e-01	6.27e-08	0.00e+00	0.00e+00	0.00e+00	0.00e+00	0.00e+00	0.00e+00	7.49e-01	1.55e-02	1.58e-02
 3.70659e+17	7.89e-01	2.11e-01	5.80e-08	0.00e+00	0.00e+00	0.00e+00	0.00e+00	0.00e+00	0.00e+00	7.58e-01	1.53e-02	1.55e-02
 3.70729e+17	7.98e-01	2.02e-01	5.38e-08	0.00e+00	0.00e+00	0.00e+00	0.00e+00	0.00e+00	0.00e+00	7.67e-01	1.51e-02	1.53e-02
 3.70797e+17	8.06e-01	1.94e-01	4.98e-08	0.00e+00	0.00e+00	0.00e+00	0.00e+00	0.00e+00	0.00e+00	7.76e-01	1.48e-02	1.50e-02
 3.70864e+17	8.14e-01	1.86e-01	4.63e-08	0.00e+00	0.00e+00	0.00e+00	0.00e+00	0.00e+00	0.00e+00	7.85e-01	1.46e-02	1.47e-02
 3.70929e+17	8.22e-01	1.78e-01	4.30e-08	0.00e+00	0.00e+00	0.00e+00	0.00e+00	0.00e+00	0.00e+00	7.93e-01	1.43e-02	1.44e-02
 3.70994e+17	8.29e-01	1.71e-01	4.00e-08	0.00e+00	0.00e+00	0.00e+00	0.00e+00	0.00e+00	0.00e+00	8.01e-01	1.41e-02	1.42e-02
 3.71058e+17	8.37e-01	1.63e-01	3.72e-08	0.00e+00	0.00e+00	0.00e+00	0.00e+00	0.00e+00	0.00e+00	8.09e-01	1.38e-02	1.39e-02
 3.71120e+17	8.43e-01	1.57e-01	3.47e-08	0.00e+00	0.00e+00	0.00e+00	0.00e+00	0.00e+00	0.00e+00	8.16e-01	1.36e-02	1.36e-02
 3.71180e+17	8.50e-01	1.50e-01	3.25e-08	0.00e+00	0.00e+00	0.00e+00	0.00e+00	0.00e+00	0.00e+00	8.23e-01	1.33e-02	1.33e-02
 3.71238e+17	8.56e-01	1.44e-01	3.04e-08	0.00e+00	0.00e+00	0.00e+00	0.00e+00	0.00e+00	0.00e+00	8.30e-01	1.31e-02	1.30e-02
 3.71295e+17	8.62e-01	1.38e-01	2.86e-08	0.00e+00	0.00e+00	0.00e+00	0.00e+00	0.00e+00	0.00e+00	8.36e-01	1.28e-02	1.28e-02
 3.71351e+17	8.68e-01	1.32e-01	2.68e-08	0.00e+00	0.00e+00	0.00e+00	0.00e+00	0.00e+00	0.00e+00	8.43e-01	1.26e-02	1.25e-02
 3.71405e+17	8.73e-01	1.27e-01	2.52e-08	0.00e+00	0.00e+00	0.00e+00	0.00e+00	0.00e+00	0.00e+00	8.49e-01	1.24e-02	1.22e-02
 3.71458e+17	8.79e-01	1.21e-01	2.38e-08	0.00e+00	0.00e+00	0.00e+00	0.00e+00	0.00e+00	0.00e+00	8.55e-01	1.21e-02	1.19e-02
 3.71508e+17	8.84e-01	1.16e-01	2.25e-08	0.00e+00	0.00e+00	0.00e+00	0.00e+00	0.00e+00	0.00e+00	8.60e-01	1.19e-02	1.16e-02
 3.71557e+17	8.89e-01	1.11e-01	2.13e-08	0.00e+00	0.00e+00	0.00e+00	0.00e+00	0.00e+00	0.00e+00	8.66e-01	1.17e-02	1.13e-02
 3.71602e+17	8.94e-01	1.06e-01	2.02e-08	0.00e+00	0.00e+00	0.00e+00	0.00e+00	0.00e+00	0.00e+00	8.71e-01	1.14e-02	1.11e-02
 3.71640e+17	8.98e-01	1.02e-01	1.94e-08	0.00e+00	0.00e+00	0.00e+00	0.00e+00	0.00e+00	0.00e+00	8.76e-01	1.12e-02	1.08e-02
 3.71672e+17	9.01e-01	9.91e-02	1.87e-08	0.00e+00	0.00e+00	0.00e+00	0.00e+00	0.00e+00	0.00e+00	8.79e-01	1.10e-02	1.06e-02
 3.71700e+17	9.04e-01	9.60e-02	1.81e-08	0.00e+00	0.00e+00	0.00e+00	0.00e+00	0.00e+00	0.00e+00	8.83e-01	1.08e-02	1.04e-02
 3.71724e+17	9.07e-01	9.33e-02	1.76e-08	0.00e+00	0.00e+00	0.00e+00	0.00e+00	0.00e+00	0.00e+00	8.86e-01	1.07e-02	1.02e-02
 3.71746e+17	9.09e-01	9.07e-02	1.72e-08	0.00e+00	0.00e+00	0.00e+00	0.00e+00	0.00e+00	0.00e+00	8.89e-01	1.05e-02	1.00e-02
 3.71765e+17	9.12e-01	8.84e-02	1.68e-08	0.00e+00	0.00e+00	0.00e+00	0.00e+00	0.00e+00	0.00e+00	8.91e-01	1.04e-02	9.84e-03
