#depth	He	He+	He+2
 3.88056e+10	1.76e-02	9.78e-01	4.68e-03
 2.32834e+11	1.76e-02	9.78e-01	4.67e-03
 1.00895e+12	1.76e-02	9.78e-01	4.65e-03
 4.11339e+12	1.76e-02	9.78e-01	4.50e-03
 9.82557e+12	1.76e-02	9.78e-01	4.43e-03
 1.72514e+13	1.76e-02	9.78e-01	4.20e-03
 2.69050e+13	1.76e-02	9.79e-01	3.82e-03
 3.94547e+13	1.77e-02	9.79e-01	3.29e-03
 5.57692e+13	1.79e-02	9.79e-01	2.65e-03
 7.69782e+13	1.82e-02	9.80e-01	1.94e-03
 1.04550e+14	1.87e-02	9.80e-01	1.27e-03
 1.40393e+14	1.93e-02	9.80e-01	7.25e-04
 1.86989e+14	2.04e-02	9.79e-01	3.49e-04
 2.47564e+14	2.22e-02	9.78e-01	1.37e-04
 3.26311e+14	2.51e-02	9.75e-01	4.29e-05
 4.12153e+14	2.94e-02	9.71e-01	1.26e-05
 4.87112e+14	3.50e-02	9.65e-01	4.72e-06
 5.47537e+14	4.16e-02	9.58e-01	2.28e-06
 5.90710e+14	4.80e-02	9.52e-01	1.42e-06
 6.20140e+14	5.38e-02	9.46e-01	1.03e-06
 6.50168e+14	6.13e-02	9.39e-01	7.41e-07
 6.83677e+14	7.20e-02	9.28e-01	5.20e-07
 7.14246e+14	8.52e-02	9.15e-01	3.82e-07
 7.40747e+14	1.01e-01	8.99e-01	2.91e-07
 7.64577e+14	1.20e-01	8.80e-01	2.29e-07
 7.86215e+14	1.44e-01	8.56e-01	1.82e-07
 8.05607e+14	1.74e-01	8.26e-01	1.47e-07
 8.22721e+14	2.08e-01	7.92e-01	1.20e-07
 8.37876e+14	2.49e-01	7.51e-01	9.88e-08
 8.51540e+14	2.99e-01	7.01e-01	8.16e-08
 8.63859e+14	3.56e-01	6.44e-01	6.68e-08
 8.75029e+14	4.19e-01	5.81e-01	5.39e-08
 8.85680e+14	4.93e-01	5.07e-01	4.25e-08
 8.96008e+14	5.73e-01	4.27e-01	3.23e-08
 9.06010e+14	6.56e-01	3.44e-01	2.35e-08
 9.17435e+14	7.47e-01	2.53e-01	1.54e-08
 9.30083e+14	8.33e-01	1.67e-01	8.98e-09
 9.42213e+14	8.95e-01	1.05e-01	5.10e-09
 9.53499e+14	9.33e-01	6.73e-02	2.96e-09
 9.63631e+14	9.55e-01	4.47e-02	1.81e-09
 9.72609e+14	9.69e-01	3.12e-02	1.18e-09
 9.80486e+14	9.77e-01	2.29e-02	8.23e-10
 9.87611e+14	9.83e-01	1.74e-02	5.96e-10
 9.94271e+14	9.87e-01	1.35e-02	4.46e-10
 1.00047e+15	9.89e-01	1.07e-02	3.43e-10
 1.00618e+15	9.91e-01	8.65e-03	2.72e-10
 1.01141e+15	9.93e-01	7.17e-03	2.23e-10
 1.01626e+15	9.94e-01	6.07e-03	1.89e-10
 1.02061e+15	9.95e-01	5.27e-03	1.65e-10
 1.02414e+15	9.95e-01	4.74e-03	1.50e-10
 1.02684e+15	9.96e-01	4.38e-03	1.41e-10
 1.02902e+15	9.96e-01	4.13e-03	1.35e-10
 1.03098e+15	9.96e-01	3.92e-03	1.31e-10
 1.03283e+15	9.96e-01	3.73e-03	1.27e-10
 1.03457e+15	9.96e-01	3.59e-03	1.25e-10
 1.03613e+15	9.97e-01	3.46e-03	1.24e-10
 1.03751e+15	9.97e-01	3.37e-03	1.23e-10
 1.03882e+15	9.97e-01	3.28e-03	1.23e-10
 1.04007e+15	9.97e-01	3.21e-03	1.23e-10
 1.04110e+15	9.97e-01	3.16e-03	1.24e-10
 1.04186e+15	9.97e-01	3.12e-03	1.24e-10
 1.04257e+15	9.97e-01	3.09e-03	1.25e-10
 1.04334e+15	9.97e-01	3.05e-03	1.26e-10
 1.04415e+15	9.97e-01	3.02e-03	1.27e-10
 1.04494e+15	9.97e-01	2.99e-03	1.28e-10
 1.04571e+15	9.97e-01	2.96e-03	1.30e-10
 1.04647e+15	9.97e-01	2.94e-03	1.32e-10
 1.04723e+15	9.97e-01	2.91e-03	1.33e-10
 1.04799e+15	9.97e-01	2.89e-03	1.36e-10
 1.04874e+15	9.97e-01	2.88e-03	1.38e-10
 1.04949e+15	9.97e-01	2.86e-03	1.40e-10
 1.05022e+15	9.97e-01	2.85e-03	1.43e-10
 1.05096e+15	9.97e-01	2.84e-03	1.46e-10
 1.05169e+15	9.97e-01	2.83e-03	1.49e-10
 1.05241e+15	9.97e-01	2.82e-03	1.53e-10
 1.05313e+15	9.97e-01	2.81e-03	1.56e-10
 1.05385e+15	9.97e-01	2.81e-03	1.60e-10
 1.05457e+15	9.97e-01	2.80e-03	1.64e-10
 1.05528e+15	9.97e-01	2.80e-03	1.69e-10
 1.05598e+15	9.97e-01	2.80e-03	1.73e-10
 1.05668e+15	9.97e-01	2.80e-03	1.78e-10
 1.05737e+15	9.97e-01	2.80e-03	1.84e-10
 1.05804e+15	9.97e-01	2.80e-03	1.89e-10
 1.05871e+15	9.97e-01	2.81e-03	1.94e-10
 1.05937e+15	9.97e-01	2.81e-03	2.00e-10
 1.06003e+15	9.97e-01	2.82e-03	2.06e-10
 1.06068e+15	9.97e-01	2.83e-03	2.12e-10
 1.06131e+15	9.97e-01	2.83e-03	2.18e-10
 1.06195e+15	9.97e-01	2.84e-03	2.25e-10
 1.06258e+15	9.97e-01	2.85e-03	2.32e-10
 1.06320e+15	9.97e-01	2.86e-03	2.39e-10
 1.06382e+15	9.97e-01	2.87e-03	2.47e-10
 1.06443e+15	9.97e-01	2.88e-03	2.55e-10
 1.06503e+15	9.97e-01	2.89e-03	2.63e-10
 1.06563e+15	9.97e-01	2.90e-03	2.71e-10
 1.06623e+15	9.97e-01	2.92e-03	2.80e-10
 1.06683e+15	9.97e-01	2.93e-03	2.89e-10
 1.06742e+15	9.97e-01	2.94e-03	2.98e-10
 1.06800e+15	9.97e-01	2.96e-03	3.08e-10
 1.06859e+15	9.97e-01	2.98e-03	3.18e-10
 1.06917e+15	9.97e-01	2.99e-03	3.28e-10
 1.06975e+15	9.97e-01	3.01e-03	3.38e-10
 1.07032e+15	9.97e-01	3.02e-03	3.50e-10
 1.07090e+15	9.97e-01	3.04e-03	3.61e-10
 1.07147e+15	9.97e-01	3.06e-03	3.73e-10
 1.07203e+15	9.97e-01	3.08e-03	3.85e-10
 1.07259e+15	9.97e-01	3.09e-03	3.97e-10
 1.07315e+15	9.97e-01	3.11e-03	4.10e-10
 1.07372e+15	9.97e-01	3.13e-03	4.23e-10
 1.07428e+15	9.97e-01	3.15e-03	4.37e-10
 1.07483e+15	9.97e-01	3.17e-03	4.51e-10
 1.07537e+15	9.97e-01	3.19e-03	4.65e-10
 1.07591e+15	9.97e-01	3.21e-03	4.79e-10
 1.07646e+15	9.97e-01	3.23e-03	4.96e-10
 1.07699e+15	9.97e-01	3.25e-03	5.09e-10
 1.07753e+15	9.97e-01	3.27e-03	5.25e-10
 1.07808e+15	9.97e-01	3.29e-03	5.41e-10
 1.07862e+15	9.97e-01	3.31e-03	5.57e-10
 1.07914e+15	9.97e-01	3.34e-03	5.74e-10
 1.07965e+15	9.97e-01	3.36e-03	5.90e-10
 1.08017e+15	9.97e-01	3.38e-03	6.08e-10
 1.08068e+15	9.97e-01	3.41e-03	6.25e-10
 1.08118e+15	9.97e-01	3.44e-03	6.43e-10
 1.08167e+15	9.97e-01	3.46e-03	6.61e-10
 1.08216e+15	9.97e-01	3.49e-03	6.78e-10
 1.08263e+15	9.96e-01	3.53e-03	6.96e-10
 1.08309e+15	9.96e-01	3.56e-03	7.14e-10
 1.08354e+15	9.96e-01	3.60e-03	7.31e-10
 1.08397e+15	9.96e-01	3.63e-03	7.48e-10
