#depth	O	O+	O+2	O+3	O+4	O+5	O+6	O+7	O+8	O[1]	O[2]	O[3]
 4.10314e+11	2.23e-05	6.93e-02	9.12e-01	1.86e-02	2.18e-07	0.00e+00	0.00e+00	0.00e+00	0.00e+00	1.53e-05	4.74e-06	2.22e-06
 2.46189e+12	2.23e-05	6.93e-02	9.12e-01	1.85e-02	2.17e-07	0.00e+00	0.00e+00	0.00e+00	0.00e+00	1.53e-05	4.74e-06	2.22e-06
 1.06682e+13	2.23e-05	6.93e-02	9.12e-01	1.83e-02	2.12e-07	0.00e+00	0.00e+00	0.00e+00	0.00e+00	1.53e-05	4.74e-06	2.22e-06
 4.34933e+13	2.23e-05	6.94e-02	9.13e-01	1.73e-02	1.95e-07	0.00e+00	0.00e+00	0.00e+00	0.00e+00	1.54e-05	4.76e-06	2.23e-06
 1.03892e+14	2.23e-05	6.93e-02	9.15e-01	1.59e-02	1.73e-07	0.00e+00	0.00e+00	0.00e+00	0.00e+00	1.53e-05	4.75e-06	2.23e-06
 1.82409e+14	2.24e-05	6.93e-02	9.16e-01	1.43e-02	1.47e-07	0.00e+00	0.00e+00	0.00e+00	0.00e+00	1.54e-05	4.75e-06	2.23e-06
 2.84482e+14	2.24e-05	6.94e-02	9.18e-01	1.24e-02	0.00e+00	0.00e+00	0.00e+00	0.00e+00	0.00e+00	1.54e-05	4.77e-06	2.24e-06
 4.17178e+14	2.26e-05	6.97e-02	9.20e-01	1.02e-02	0.00e+00	0.00e+00	0.00e+00	0.00e+00	0.00e+00	1.55e-05	4.80e-06	2.25e-06
 5.89681e+14	2.29e-05	7.02e-02	9.22e-01	7.87e-03	0.00e+00	0.00e+00	0.00e+00	0.00e+00	0.00e+00	1.57e-05	4.86e-06	2.28e-06
 8.13936e+14	2.33e-05	7.12e-02	9.23e-01	5.58e-03	0.00e+00	0.00e+00	0.00e+00	0.00e+00	0.00e+00	1.60e-05	4.96e-06	2.33e-06
 1.10547e+15	2.40e-05	7.25e-02	9.24e-01	3.55e-03	0.00e+00	0.00e+00	0.00e+00	0.00e+00	0.00e+00	1.65e-05	5.10e-06	2.39e-06
 1.48446e+15	2.49e-05	7.44e-02	9.24e-01	1.97e-03	0.00e+00	0.00e+00	0.00e+00	0.00e+00	0.00e+00	1.72e-05	5.29e-06	2.49e-06
 1.97714e+15	2.62e-05	7.67e-02	9.22e-01	9.22e-04	0.00e+00	0.00e+00	0.00e+00	0.00e+00	0.00e+00	1.80e-05	5.56e-06	2.61e-06
 2.61764e+15	2.79e-05	7.95e-02	9.20e-01	3.55e-04	0.00e+00	0.00e+00	0.00e+00	0.00e+00	0.00e+00	1.92e-05	5.91e-06	2.78e-06
 3.45028e+15	3.02e-05	8.31e-02	9.17e-01	1.11e-04	0.00e+00	0.00e+00	0.00e+00	0.00e+00	0.00e+00	2.08e-05	6.38e-06	3.00e-06
 4.53271e+15	3.34e-05	8.77e-02	9.12e-01	2.90e-05	0.00e+00	0.00e+00	0.00e+00	0.00e+00	0.00e+00	2.30e-05	7.06e-06	3.33e-06
 5.93988e+15	3.82e-05	9.41e-02	9.06e-01	7.96e-06	0.00e+00	0.00e+00	0.00e+00	0.00e+00	0.00e+00	2.63e-05	8.07e-06	3.80e-06
 7.76919e+15	4.56e-05	1.03e-01	8.97e-01	3.44e-06	0.00e+00	0.00e+00	0.00e+00	0.00e+00	0.00e+00	3.14e-05	9.61e-06	4.54e-06
 9.97928e+15	5.64e-05	1.15e-01	8.85e-01	2.35e-06	0.00e+00	0.00e+00	0.00e+00	0.00e+00	0.00e+00	3.89e-05	1.19e-05	5.62e-06
 1.21244e+16	6.91e-05	1.27e-01	8.73e-01	1.91e-06	0.00e+00	0.00e+00	0.00e+00	0.00e+00	0.00e+00	4.77e-05	1.45e-05	6.87e-06
 1.37481e+16	8.05e-05	1.37e-01	8.63e-01	1.68e-06	0.00e+00	0.00e+00	0.00e+00	0.00e+00	0.00e+00	5.56e-05	1.69e-05	8.01e-06
 1.51229e+16	9.26e-05	1.47e-01	8.53e-01	1.50e-06	0.00e+00	0.00e+00	0.00e+00	0.00e+00	0.00e+00	6.40e-05	1.94e-05	9.21e-06
 1.66352e+16	1.08e-04	1.58e-01	8.42e-01	1.33e-06	0.00e+00	0.00e+00	0.00e+00	0.00e+00	0.00e+00	7.48e-05	2.27e-05	1.08e-05
 1.82987e+16	1.29e-04	1.72e-01	8.28e-01	1.16e-06	0.00e+00	0.00e+00	0.00e+00	0.00e+00	0.00e+00	8.93e-05	2.71e-05	1.29e-05
 1.99770e+16	1.55e-04	1.87e-01	8.12e-01	1.01e-06	0.00e+00	0.00e+00	0.00e+00	0.00e+00	0.00e+00	1.07e-04	3.24e-05	1.54e-05
 2.15106e+16	1.83e-04	2.03e-01	7.97e-01	8.88e-07	0.00e+00	0.00e+00	0.00e+00	0.00e+00	0.00e+00	1.27e-04	3.83e-05	1.82e-05
 2.29308e+16	2.16e-04	2.19e-01	7.81e-01	7.84e-07	0.00e+00	0.00e+00	0.00e+00	0.00e+00	0.00e+00	1.49e-04	4.51e-05	2.15e-05
 2.43090e+16	2.55e-04	2.36e-01	7.63e-01	6.92e-07	0.00e+00	0.00e+00	0.00e+00	0.00e+00	0.00e+00	1.76e-04	5.33e-05	2.53e-05
 2.56597e+16	3.02e-04	2.55e-01	7.44e-01	6.08e-07	0.00e+00	0.00e+00	0.00e+00	0.00e+00	0.00e+00	2.09e-04	6.30e-05	3.00e-05
 2.69568e+16	3.57e-04	2.76e-01	7.24e-01	5.34e-07	0.00e+00	0.00e+00	0.00e+00	0.00e+00	0.00e+00	2.47e-04	7.46e-05	3.55e-05
 2.81824e+16	4.23e-04	2.97e-01	7.02e-01	4.68e-07	0.00e+00	0.00e+00	0.00e+00	0.00e+00	0.00e+00	2.92e-04	8.83e-05	4.20e-05
 2.93402e+16	4.99e-04	3.20e-01	6.80e-01	4.10e-07	0.00e+00	0.00e+00	0.00e+00	0.00e+00	0.00e+00	3.45e-04	1.04e-04	4.96e-05
 3.04414e+16	5.89e-04	3.44e-01	6.55e-01	3.56e-07	0.00e+00	0.00e+00	0.00e+00	0.00e+00	0.00e+00	4.08e-04	1.23e-04	5.86e-05
 3.14900e+16	6.96e-04	3.70e-01	6.29e-01	3.11e-07	0.00e+00	0.00e+00	0.00e+00	0.00e+00	0.00e+00	4.81e-04	1.45e-04	6.92e-05
 3.24844e+16	8.22e-04	3.98e-01	6.01e-01	2.69e-07	0.00e+00	0.00e+00	0.00e+00	0.00e+00	0.00e+00	5.68e-04	1.71e-04	8.17e-05
 3.34243e+16	9.69e-04	4.27e-01	5.72e-01	2.30e-07	0.00e+00	0.00e+00	0.00e+00	0.00e+00	0.00e+00	6.70e-04	2.02e-04	9.63e-05
 3.43165e+16	1.15e-03	4.59e-01	5.40e-01	1.94e-07	0.00e+00	0.00e+00	0.00e+00	0.00e+00	0.00e+00	7.94e-04	2.40e-04	1.14e-04
 3.51573e+16	1.36e-03	4.92e-01	5.07e-01	1.63e-07	0.00e+00	0.00e+00	0.00e+00	0.00e+00	0.00e+00	9.38e-04	2.83e-04	1.35e-04
 3.59436e+16	1.60e-03	5.27e-01	4.72e-01	1.36e-07	0.00e+00	0.00e+00	0.00e+00	0.00e+00	0.00e+00	1.11e-03	3.34e-04	1.59e-04
 3.66874e+16	1.89e-03	5.63e-01	4.35e-01	0.00e+00	0.00e+00	0.00e+00	0.00e+00	0.00e+00	0.00e+00	1.30e-03	3.93e-04	1.87e-04
 3.73942e+16	2.22e-03	6.01e-01	3.97e-01	0.00e+00	0.00e+00	0.00e+00	0.00e+00	0.00e+00	0.00e+00	1.54e-03	4.63e-04	2.21e-04
 3.80676e+16	2.63e-03	6.41e-01	3.56e-01	0.00e+00	0.00e+00	0.00e+00	0.00e+00	0.00e+00	0.00e+00	1.82e-03	5.49e-04	2.62e-04
 3.87006e+16	3.11e-03	6.82e-01	3.15e-01	0.00e+00	0.00e+00	0.00e+00	0.00e+00	0.00e+00	0.00e+00	2.15e-03	6.48e-04	3.09e-04
 3.92883e+16	3.66e-03	7.23e-01	2.74e-01	0.00e+00	0.00e+00	0.00e+00	0.00e+00	0.00e+00	0.00e+00	2.53e-03	7.63e-04	3.63e-04
 3.98426e+16	4.30e-03	7.64e-01	2.32e-01	0.00e+00	0.00e+00	0.00e+00	0.00e+00	0.00e+00	0.00e+00	2.97e-03	8.95e-04	4.27e-04
 4.02868e+16	4.94e-03	7.99e-01	1.96e-01	0.00e+00	0.00e+00	0.00e+00	0.00e+00	0.00e+00	0.00e+00	3.42e-03	1.03e-03	4.91e-04
 4.06060e+16	5.47e-03	8.25e-01	1.70e-01	0.00e+00	0.00e+00	0.00e+00	0.00e+00	0.00e+00	0.00e+00	3.79e-03	1.14e-03	5.44e-04
 4.08738e+16	5.97e-03	8.47e-01	1.47e-01	0.00e+00	0.00e+00	0.00e+00	0.00e+00	0.00e+00	0.00e+00	4.13e-03	1.24e-03	5.93e-04
 4.11068e+16	6.48e-03	8.66e-01	1.27e-01	0.00e+00	0.00e+00	0.00e+00	0.00e+00	0.00e+00	0.00e+00	4.48e-03	1.35e-03	6.43e-04
 4.13235e+16	6.97e-03	8.84e-01	1.09e-01	0.00e+00	0.00e+00	0.00e+00	0.00e+00	0.00e+00	0.00e+00	4.83e-03	1.45e-03	6.92e-04
 4.15253e+16	7.51e-03	9.01e-01	9.19e-02	0.00e+00	0.00e+00	0.00e+00	0.00e+00	0.00e+00	0.00e+00	5.20e-03	1.56e-03	7.45e-04
 4.17039e+16	8.00e-03	9.15e-01	7.71e-02	0.00e+00	0.00e+00	0.00e+00	0.00e+00	0.00e+00	0.00e+00	5.54e-03	1.66e-03	7.95e-04
 4.18610e+16	8.49e-03	9.27e-01	6.44e-02	0.00e+00	0.00e+00	0.00e+00	0.00e+00	0.00e+00	0.00e+00	5.88e-03	1.77e-03	8.43e-04
 4.20031e+16	8.98e-03	9.38e-01	5.33e-02	0.00e+00	0.00e+00	0.00e+00	0.00e+00	0.00e+00	0.00e+00	6.22e-03	1.87e-03	8.92e-04
 4.21338e+16	9.45e-03	9.47e-01	4.36e-02	0.00e+00	0.00e+00	0.00e+00	0.00e+00	0.00e+00	0.00e+00	6.55e-03	1.96e-03	9.38e-04
 4.22544e+16	9.83e-03	9.55e-01	3.54e-02	0.00e+00	0.00e+00	0.00e+00	0.00e+00	0.00e+00	0.00e+00	6.81e-03	2.04e-03	9.75e-04
 4.23688e+16	1.02e-02	9.62e-01	2.82e-02	0.00e+00	0.00e+00	0.00e+00	0.00e+00	0.00e+00	0.00e+00	7.09e-03	2.13e-03	1.02e-03
 4.24784e+16	1.06e-02	9.67e-01	2.21e-02	0.00e+00	0.00e+00	0.00e+00	0.00e+00	0.00e+00	0.00e+00	7.36e-03	2.21e-03	1.06e-03
 4.25828e+16	1.10e-02	9.72e-01	1.70e-02	0.00e+00	0.00e+00	0.00e+00	0.00e+00	0.00e+00	0.00e+00	7.64e-03	2.29e-03	1.09e-03
 4.26852e+16	1.14e-02	9.76e-01	1.28e-02	0.00e+00	0.00e+00	0.00e+00	0.00e+00	0.00e+00	0.00e+00	7.92e-03	2.37e-03	1.13e-03
 4.28027e+16	1.19e-02	9.79e-01	8.92e-03	0.00e+00	0.00e+00	0.00e+00	0.00e+00	0.00e+00	0.00e+00	8.26e-03	2.47e-03	1.18e-03
 4.29343e+16	1.24e-02	9.82e-01	5.80e-03	0.00e+00	0.00e+00	0.00e+00	0.00e+00	0.00e+00	0.00e+00	8.62e-03	2.58e-03	1.23e-03
 4.30841e+16	1.31e-02	9.83e-01	3.43e-03	0.00e+00	0.00e+00	0.00e+00	0.00e+00	0.00e+00	0.00e+00	9.12e-03	2.72e-03	1.31e-03
 4.32789e+16	1.41e-02	9.84e-01	1.71e-03	0.00e+00	0.00e+00	0.00e+00	0.00e+00	0.00e+00	0.00e+00	9.77e-03	2.92e-03	1.40e-03
 4.35321e+16	1.55e-02	9.84e-01	6.90e-04	0.00e+00	0.00e+00	0.00e+00	0.00e+00	0.00e+00	0.00e+00	1.07e-02	3.21e-03	1.54e-03
 4.38613e+16	1.77e-02	9.82e-01	2.18e-04	0.00e+00	0.00e+00	0.00e+00	0.00e+00	0.00e+00	0.00e+00	1.23e-02	3.66e-03	1.76e-03
 4.42892e+16	2.15e-02	9.78e-01	5.22e-05	0.00e+00	0.00e+00	0.00e+00	0.00e+00	0.00e+00	0.00e+00	1.49e-02	4.43e-03	2.13e-03
 4.47070e+16	2.67e-02	9.73e-01	1.30e-05	0.00e+00	0.00e+00	0.00e+00	0.00e+00	0.00e+00	0.00e+00	1.85e-02	5.52e-03	2.65e-03
 4.50107e+16	3.23e-02	9.68e-01	4.93e-06	0.00e+00	0.00e+00	0.00e+00	0.00e+00	0.00e+00	0.00e+00	2.25e-02	6.67e-03	3.20e-03
 4.52597e+16	3.86e-02	9.61e-01	2.23e-06	0.00e+00	0.00e+00	0.00e+00	0.00e+00	0.00e+00	0.00e+00	2.68e-02	7.95e-03	3.82e-03
 4.54758e+16	4.59e-02	9.54e-01	1.12e-06	0.00e+00	0.00e+00	0.00e+00	0.00e+00	0.00e+00	0.00e+00	3.19e-02	9.44e-03	4.54e-03
 4.56466e+16	5.37e-02	9.46e-01	6.40e-07	0.00e+00	0.00e+00	0.00e+00	0.00e+00	0.00e+00	0.00e+00	3.73e-02	1.10e-02	5.30e-03
 4.57901e+16	6.21e-02	9.38e-01	3.95e-07	0.00e+00	0.00e+00	0.00e+00	0.00e+00	0.00e+00	0.00e+00	4.32e-02	1.27e-02	6.13e-03
 4.59226e+16	7.22e-02	9.28e-01	2.49e-07	0.00e+00	0.00e+00	0.00e+00	0.00e+00	0.00e+00	0.00e+00	5.03e-02	1.47e-02	7.12e-03
 4.60474e+16	8.44e-02	9.16e-01	1.58e-07	0.00e+00	0.00e+00	0.00e+00	0.00e+00	0.00e+00	0.00e+00	5.89e-02	1.72e-02	8.31e-03
 4.61600e+16	9.85e-02	9.01e-01	1.04e-07	0.00e+00	0.00e+00	0.00e+00	0.00e+00	0.00e+00	0.00e+00	6.88e-02	1.99e-02	9.69e-03
 4.62596e+16	1.15e-01	8.85e-01	6.98e-08	0.00e+00	0.00e+00	0.00e+00	0.00e+00	0.00e+00	0.00e+00	8.04e-02	2.31e-02	1.13e-02
 4.63484e+16	1.34e-01	8.66e-01	4.80e-08	0.00e+00	0.00e+00	0.00e+00	0.00e+00	0.00e+00	0.00e+00	9.37e-02	2.67e-02	1.31e-02
 4.64282e+16	1.55e-01	8.45e-01	3.36e-08	0.00e+00	0.00e+00	0.00e+00	0.00e+00	0.00e+00	0.00e+00	1.09e-01	3.08e-02	1.52e-02
 4.65005e+16	1.80e-01	8.20e-01	2.38e-08	0.00e+00	0.00e+00	0.00e+00	0.00e+00	0.00e+00	0.00e+00	1.27e-01	3.54e-02	1.75e-02
 4.65666e+16	2.08e-01	7.92e-01	1.70e-08	0.00e+00	0.00e+00	0.00e+00	0.00e+00	0.00e+00	0.00e+00	1.47e-01	4.05e-02	2.02e-02
 4.66276e+16	2.40e-01	7.60e-01	1.21e-08	0.00e+00	0.00e+00	0.00e+00	0.00e+00	0.00e+00	0.00e+00	1.70e-01	4.61e-02	2.31e-02
 4.66846e+16	2.77e-01	7.23e-01	8.67e-09	0.00e+00	0.00e+00	0.00e+00	0.00e+00	0.00e+00	0.00e+00	1.98e-01	5.24e-02	2.66e-02
 4.67375e+16	3.18e-01	6.82e-01	6.19e-09	0.00e+00	0.00e+00	0.00e+00	0.00e+00	0.00e+00	0.00e+00	2.29e-01	5.92e-02	3.04e-02
 4.67824e+16	3.60e-01	6.40e-01	4.58e-09	0.00e+00	0.00e+00	0.00e+00	0.00e+00	0.00e+00	0.00e+00	2.60e-01	6.56e-02	3.41e-02
 4.68161e+16	3.95e-01	6.05e-01	3.61e-09	0.00e+00	0.00e+00	0.00e+00	0.00e+00	0.00e+00	0.00e+00	2.87e-01	7.07e-02	3.71e-02
 4.68414e+16	4.24e-01	5.76e-01	2.98e-09	0.00e+00	0.00e+00	0.00e+00	0.00e+00	0.00e+00	0.00e+00	3.10e-01	7.46e-02	3.95e-02
 4.68631e+16	4.51e-01	5.49e-01	2.52e-09	0.00e+00	0.00e+00	0.00e+00	0.00e+00	0.00e+00	0.00e+00	3.31e-01	7.80e-02	4.17e-02
 4.68835e+16	4.77e-01	5.23e-01	2.14e-09	0.00e+00	0.00e+00	0.00e+00	0.00e+00	0.00e+00	0.00e+00	3.52e-01	8.11e-02	4.38e-02
 4.69026e+16	5.03e-01	4.97e-01	1.82e-09	0.00e+00	0.00e+00	0.00e+00	0.00e+00	0.00e+00	0.00e+00	3.73e-01	8.40e-02	4.58e-02
 4.69201e+16	5.26e-01	4.74e-01	1.58e-09	0.00e+00	0.00e+00	0.00e+00	0.00e+00	0.00e+00	0.00e+00	3.92e-01	8.64e-02	4.75e-02
 4.69357e+16	5.48e-01	4.52e-01	1.38e-09	0.00e+00	0.00e+00	0.00e+00	0.00e+00	0.00e+00	0.00e+00	4.10e-01	8.85e-02	4.91e-02
 4.69499e+16	5.68e-01	4.32e-01	1.21e-09	0.00e+00	0.00e+00	0.00e+00	0.00e+00	0.00e+00	0.00e+00	4.27e-01	9.03e-02	5.05e-02
 4.69634e+16	5.88e-01	4.12e-01	1.08e-09	0.00e+00	0.00e+00	0.00e+00	0.00e+00	0.00e+00	0.00e+00	4.44e-01	9.18e-02	5.18e-02
 4.69740e+16	6.02e-01	3.98e-01	9.82e-10	0.00e+00	0.00e+00	0.00e+00	0.00e+00	0.00e+00	0.00e+00	4.57e-01	9.28e-02	5.27e-02
 4.69819e+16	6.13e-01	3.87e-01	9.15e-10	0.00e+00	0.00e+00	0.00e+00	0.00e+00	0.00e+00	0.00e+00	4.66e-01	9.36e-02	5.34e-02
 4.69894e+16	6.24e-01	3.76e-01	8.53e-10	0.00e+00	0.00e+00	0.00e+00	0.00e+00	0.00e+00	0.00e+00	4.76e-01	9.42e-02	5.40e-02
 4.69977e+16	6.37e-01	3.63e-01	7.88e-10	0.00e+00	0.00e+00	0.00e+00	0.00e+00	0.00e+00	0.00e+00	4.87e-01	9.49e-02	5.47e-02
 4.70063e+16	6.49e-01	3.51e-01	7.26e-10	0.00e+00	0.00e+00	0.00e+00	0.00e+00	0.00e+00	0.00e+00	4.98e-01	9.55e-02	5.54e-02
 4.70146e+16	6.61e-01	3.39e-01	6.72e-10	0.00e+00	0.00e+00	0.00e+00	0.00e+00	0.00e+00	0.00e+00	5.09e-01	9.60e-02	5.60e-02
 4.70226e+16	6.73e-01	3.27e-01	6.22e-10	0.00e+00	0.00e+00	0.00e+00	0.00e+00	0.00e+00	0.00e+00	5.20e-01	9.64e-02	5.66e-02
 4.70306e+16	6.83e-01	3.17e-01	5.77e-10	0.00e+00	0.00e+00	0.00e+00	0.00e+00	0.00e+00	0.00e+00	5.30e-01	9.67e-02	5.71e-02
 4.70385e+16	6.95e-01	3.05e-01	5.33e-10	0.00e+00	0.00e+00	0.00e+00	0.00e+00	0.00e+00	0.00e+00	5.40e-01	9.69e-02	5.75e-02
 4.70465e+16	7.06e-01	2.94e-01	4.93e-10	0.00e+00	0.00e+00	0.00e+00	0.00e+00	0.00e+00	0.00e+00	5.51e-01	9.71e-02	5.80e-02
 4.70542e+16	7.17e-01	2.83e-01	4.57e-10	0.00e+00	0.00e+00	0.00e+00	0.00e+00	0.00e+00	0.00e+00	5.61e-01	9.71e-02	5.84e-02
 4.70618e+16	7.27e-01	2.73e-01	4.24e-10	0.00e+00	0.00e+00	0.00e+00	0.00e+00	0.00e+00	0.00e+00	5.71e-01	9.72e-02	5.87e-02
 4.70695e+16	7.37e-01	2.63e-01	3.92e-10	0.00e+00	0.00e+00	0.00e+00	0.00e+00	0.00e+00	0.00e+00	5.81e-01	9.71e-02	5.90e-02
 4.70771e+16	7.47e-01	2.53e-01	3.64e-10	0.00e+00	0.00e+00	0.00e+00	0.00e+00	0.00e+00	0.00e+00	5.91e-01	9.69e-02	5.92e-02
 4.70846e+16	7.57e-01	2.43e-01	3.38e-10	0.00e+00	0.00e+00	0.00e+00	0.00e+00	0.00e+00	0.00e+00	6.01e-01	9.67e-02	5.95e-02
 4.70922e+16	7.66e-01	2.34e-01	3.13e-10	0.00e+00	0.00e+00	0.00e+00	0.00e+00	0.00e+00	0.00e+00	6.10e-01	9.64e-02	5.96e-02
 4.70995e+16	7.75e-01	2.25e-01	2.90e-10	0.00e+00	0.00e+00	0.00e+00	0.00e+00	0.00e+00	0.00e+00	6.20e-01	9.61e-02	5.97e-02
 4.71068e+16	7.84e-01	2.16e-01	2.70e-10	0.00e+00	0.00e+00	0.00e+00	0.00e+00	0.00e+00	0.00e+00	6.29e-01	9.56e-02	5.97e-02
 4.71141e+16	7.93e-01	2.07e-01	2.50e-10	0.00e+00	0.00e+00	0.00e+00	0.00e+00	0.00e+00	0.00e+00	6.38e-01	9.51e-02	5.96e-02
 4.71213e+16	8.01e-01	1.99e-01	2.32e-10	0.00e+00	0.00e+00	0.00e+00	0.00e+00	0.00e+00	0.00e+00	6.47e-01	9.46e-02	5.95e-02
 4.71286e+16	8.10e-01	1.90e-01	2.16e-10	0.00e+00	0.00e+00	0.00e+00	0.00e+00	0.00e+00	0.00e+00	6.56e-01	9.40e-02	5.94e-02
 4.71358e+16	8.17e-01	1.83e-01	2.00e-10	0.00e+00	0.00e+00	0.00e+00	0.00e+00	0.00e+00	0.00e+00	6.65e-01	9.34e-02	5.92e-02
 4.71428e+16	8.25e-01	1.75e-01	1.86e-10	0.00e+00	0.00e+00	0.00e+00	0.00e+00	0.00e+00	0.00e+00	6.73e-01	9.27e-02	5.90e-02
 4.71497e+16	8.32e-01	1.68e-01	1.73e-10	0.00e+00	0.00e+00	0.00e+00	0.00e+00	0.00e+00	0.00e+00	6.81e-01	9.20e-02	5.88e-02
 4.71564e+16	8.39e-01	1.61e-01	1.62e-10	0.00e+00	0.00e+00	0.00e+00	0.00e+00	0.00e+00	0.00e+00	6.89e-01	9.13e-02	5.85e-02
 4.71631e+16	8.46e-01	1.54e-01	1.51e-10	0.00e+00	0.00e+00	0.00e+00	0.00e+00	0.00e+00	0.00e+00	6.97e-01	9.06e-02	5.82e-02
 4.71697e+16	8.52e-01	1.48e-01	1.41e-10	0.00e+00	0.00e+00	0.00e+00	0.00e+00	0.00e+00	0.00e+00	7.04e-01	8.98e-02	5.79e-02
 4.71763e+16	8.58e-01	1.42e-01	1.31e-10	0.00e+00	0.00e+00	0.00e+00	0.00e+00	0.00e+00	0.00e+00	7.11e-01	8.90e-02	5.76e-02
 4.71827e+16	8.64e-01	1.36e-01	1.23e-10	0.00e+00	0.00e+00	0.00e+00	0.00e+00	0.00e+00	0.00e+00	7.18e-01	8.83e-02	5.72e-02
 4.71891e+16	8.69e-01	1.31e-01	1.15e-10	0.00e+00	0.00e+00	0.00e+00	0.00e+00	0.00e+00	0.00e+00	7.25e-01	8.75e-02	5.69e-02
 4.71953e+16	8.75e-01	1.25e-01	1.08e-10	0.00e+00	0.00e+00	0.00e+00	0.00e+00	0.00e+00	0.00e+00	7.31e-01	8.67e-02	5.65e-02
 4.72015e+16	8.80e-01	1.20e-01	1.01e-10	0.00e+00	0.00e+00	0.00e+00	0.00e+00	0.00e+00	0.00e+00	7.38e-01	8.59e-02	5.61e-02
 4.72076e+16	8.85e-01	1.15e-01	9.48e-11	0.00e+00	0.00e+00	0.00e+00	0.00e+00	0.00e+00	0.00e+00	7.44e-01	8.51e-02	5.57e-02
 4.72137e+16	8.89e-01	1.11e-01	8.90e-11	0.00e+00	0.00e+00	0.00e+00	0.00e+00	0.00e+00	0.00e+00	7.50e-01	8.43e-02	5.53e-02
 4.72197e+16	8.94e-01	1.06e-01	8.36e-11	0.00e+00	0.00e+00	0.00e+00	0.00e+00	0.00e+00	0.00e+00	7.55e-01	8.35e-02	5.49e-02
 4.72255e+16	8.98e-01	1.02e-01	7.86e-11	0.00e+00	0.00e+00	0.00e+00	0.00e+00	0.00e+00	0.00e+00	7.61e-01	8.27e-02	5.45e-02
 4.72313e+16	9.02e-01	9.76e-02	7.40e-11	0.00e+00	0.00e+00	0.00e+00	0.00e+00	0.00e+00	0.00e+00	7.66e-01	8.19e-02	5.40e-02
 4.72370e+16	9.06e-01	9.37e-02	6.97e-11	0.00e+00	0.00e+00	0.00e+00	0.00e+00	0.00e+00	0.00e+00	7.72e-01	8.11e-02	5.36e-02
 4.72427e+16	9.10e-01	8.99e-02	6.57e-11	0.00e+00	0.00e+00	0.00e+00	0.00e+00	0.00e+00	0.00e+00	7.77e-01	8.04e-02	5.32e-02
 4.72483e+16	9.14e-01	8.62e-02	6.20e-11	0.00e+00	0.00e+00	0.00e+00	0.00e+00	0.00e+00	0.00e+00	7.81e-01	7.96e-02	5.27e-02
 4.72538e+16	9.17e-01	8.28e-02	5.85e-11	0.00e+00	0.00e+00	0.00e+00	0.00e+00	0.00e+00	0.00e+00	7.86e-01	7.89e-02	5.23e-02
 4.72591e+16	9.21e-01	7.95e-02	5.53e-11	0.00e+00	0.00e+00	0.00e+00	0.00e+00	0.00e+00	0.00e+00	7.91e-01	7.81e-02	5.18e-02
 4.72645e+16	9.24e-01	7.61e-02	5.23e-11	0.00e+00	0.00e+00	0.00e+00	0.00e+00	0.00e+00	0.00e+00	7.95e-01	7.73e-02	5.14e-02
 4.72698e+16	9.27e-01	7.30e-02	4.94e-11	0.00e+00	0.00e+00	0.00e+00	0.00e+00	0.00e+00	0.00e+00	8.00e-01	7.66e-02	5.09e-02
 4.72750e+16	9.30e-01	6.99e-02	4.68e-11	0.00e+00	0.00e+00	0.00e+00	0.00e+00	0.00e+00	0.00e+00	8.04e-01	7.58e-02	5.04e-02
 4.72801e+16	9.33e-01	6.71e-02	4.44e-11	0.00e+00	0.00e+00	0.00e+00	0.00e+00	0.00e+00	0.00e+00	8.08e-01	7.51e-02	5.00e-02
 4.72850e+16	9.36e-01	6.43e-02	4.22e-11	0.00e+00	0.00e+00	0.00e+00	0.00e+00	0.00e+00	0.00e+00	8.12e-01	7.44e-02	4.95e-02
 4.72898e+16	9.38e-01	6.16e-02	4.01e-11	0.00e+00	0.00e+00	0.00e+00	0.00e+00	0.00e+00	0.00e+00	8.16e-01	7.36e-02	4.90e-02
 4.72945e+16	9.41e-01	5.90e-02	3.82e-11	0.00e+00	0.00e+00	0.00e+00	0.00e+00	0.00e+00	0.00e+00	8.20e-01	7.28e-02	4.85e-02
 4.72991e+16	9.43e-01	5.65e-02	3.64e-11	0.00e+00	0.00e+00	0.00e+00	0.00e+00	0.00e+00	0.00e+00	8.24e-01	7.20e-02	4.80e-02
 4.73034e+16	9.46e-01	5.42e-02	3.48e-11	0.00e+00	0.00e+00	0.00e+00	0.00e+00	0.00e+00	0.00e+00	8.27e-01	7.12e-02	4.75e-02
 4.73072e+16	9.48e-01	5.21e-02	3.35e-11	0.00e+00	0.00e+00	0.00e+00	0.00e+00	0.00e+00	0.00e+00	8.31e-01	7.05e-02	4.70e-02
 4.73104e+16	9.50e-01	5.03e-02	3.24e-11	0.00e+00	0.00e+00	0.00e+00	0.00e+00	0.00e+00	0.00e+00	8.33e-01	6.98e-02	4.65e-02
 4.73131e+16	9.51e-01	4.87e-02	3.14e-11	0.00e+00	0.00e+00	0.00e+00	0.00e+00	0.00e+00	0.00e+00	8.36e-01	6.92e-02	4.61e-02
 4.73156e+16	9.53e-01	4.73e-02	3.06e-11	0.00e+00	0.00e+00	0.00e+00	0.00e+00	0.00e+00	0.00e+00	8.38e-01	6.87e-02	4.57e-02
