#depth	He	He+	He+2
 5.33942e+12	1.57e-04	7.29e-01	2.70e-01
 3.20365e+13	1.57e-04	7.30e-01	2.70e-01
 1.38825e+14	1.57e-04	7.32e-01	2.68e-01
 5.65979e+14	1.60e-04	7.41e-01	2.58e-01
 1.35194e+15	1.62e-04	7.50e-01	2.50e-01
 2.37369e+15	1.69e-04	7.67e-01	2.32e-01
 3.70197e+15	1.81e-04	7.93e-01	2.07e-01
 5.42873e+15	2.00e-04	8.27e-01	1.73e-01
 7.53289e+15	2.24e-04	8.67e-01	1.33e-01
 9.83435e+15	2.53e-04	9.04e-01	9.60e-02
 1.22279e+16	2.83e-04	9.34e-01	6.58e-02
 1.47171e+16	3.15e-04	9.57e-01	4.31e-02
 1.73059e+16	3.48e-04	9.72e-01	2.73e-02
 1.99983e+16	3.83e-04	9.83e-01	1.68e-02
 2.27984e+16	4.19e-04	9.89e-01	1.02e-02
 2.57105e+16	4.58e-04	9.94e-01	6.03e-03
 2.87390e+16	4.99e-04	9.96e-01	3.53e-03
 3.18887e+16	5.44e-04	9.97e-01	2.05e-03
 3.51644e+16	5.92e-04	9.98e-01	1.18e-03
 3.85711e+16	6.44e-04	9.99e-01	6.73e-04
 4.21141e+16	7.00e-04	9.99e-01	3.83e-04
 4.57988e+16	7.60e-04	9.99e-01	2.17e-04
 4.96309e+16	8.25e-04	9.99e-01	1.23e-04
 5.36163e+16	8.96e-04	9.99e-01	6.99e-05
 5.77610e+16	9.73e-04	9.99e-01	3.97e-05
 6.20716e+16	1.06e-03	9.99e-01	2.27e-05
 6.65546e+16	1.15e-03	9.99e-01	1.30e-05
 7.12169e+16	1.24e-03	9.99e-01	7.46e-06
 7.60658e+16	1.35e-03	9.99e-01	4.31e-06
 8.11085e+16	1.46e-03	9.99e-01	2.50e-06
 8.63530e+16	1.59e-03	9.98e-01	1.46e-06
 9.18073e+16	1.73e-03	9.98e-01	8.51e-07
 9.74797e+16	1.87e-03	9.98e-01	4.99e-07
 1.03379e+17	2.04e-03	9.98e-01	2.94e-07
 1.09514e+17	2.21e-03	9.98e-01	1.73e-07
 1.15666e+17	2.40e-03	9.98e-01	1.05e-07
 1.21695e+17	2.60e-03	9.97e-01	6.51e-08
 1.28194e+17	2.82e-03	9.97e-01	3.95e-08
 1.35104e+17	3.07e-03	9.97e-01	2.39e-08
 1.41779e+17	3.32e-03	9.97e-01	1.51e-08
 1.48231e+17	3.59e-03	9.96e-01	9.84e-09
 1.55453e+17	3.91e-03	9.96e-01	6.18e-09
 1.63173e+17	4.27e-03	9.96e-01	3.91e-09
 1.70113e+17	4.63e-03	9.95e-01	2.67e-09
 1.77585e+17	5.05e-03	9.95e-01	1.80e-09
 1.85637e+17	5.55e-03	9.94e-01	1.24e-09
 1.92753e+17	6.02e-03	9.94e-01	9.36e-10
 1.99276e+17	6.51e-03	9.93e-01	7.43e-10
 2.06719e+17	7.14e-03	9.93e-01	5.92e-10
 2.14708e+17	7.88e-03	9.92e-01	4.92e-10
 2.21673e+17	8.61e-03	9.91e-01	4.34e-10
 2.27918e+17	9.37e-03	9.91e-01	3.97e-10
 2.34959e+17	1.03e-02	9.90e-01	3.68e-10
 2.42464e+17	1.15e-02	9.88e-01	3.48e-10
 2.48874e+17	1.27e-02	9.87e-01	3.37e-10
 2.54469e+17	1.40e-02	9.86e-01	3.30e-10
 2.60700e+17	1.56e-02	9.84e-01	3.25e-10
 2.67339e+17	1.76e-02	9.82e-01	3.22e-10
 2.72955e+17	1.98e-02	9.80e-01	3.22e-10
 2.77738e+17	2.20e-02	9.78e-01	3.22e-10
 2.82996e+17	2.49e-02	9.75e-01	3.23e-10
 2.88604e+17	2.89e-02	9.71e-01	3.26e-10
 2.93324e+17	3.33e-02	9.67e-01	3.29e-10
 2.97296e+17	3.78e-02	9.62e-01	3.33e-10
 3.00821e+17	4.30e-02	9.57e-01	3.37e-10
 3.04588e+17	5.00e-02	9.50e-01	3.40e-10
 3.08831e+17	6.06e-02	9.39e-01	3.45e-10
 3.12691e+17	7.43e-02	9.26e-01	3.51e-10
 3.15533e+17	8.81e-02	9.12e-01	3.60e-10
 3.17508e+17	1.01e-01	8.99e-01	3.64e-10
 3.19526e+17	1.18e-01	8.82e-01	3.70e-10
 3.21716e+17	1.41e-01	8.59e-01	3.73e-10
 3.23685e+17	1.71e-01	8.29e-01	3.76e-10
 3.25415e+17	2.05e-01	7.95e-01	3.87e-10
 3.26837e+17	2.44e-01	7.56e-01	3.84e-10
 3.27934e+17	2.81e-01	7.19e-01	3.87e-10
 3.28895e+17	3.21e-01	6.79e-01	3.86e-10
 3.29988e+17	3.76e-01	6.24e-01	3.73e-10
 3.31143e+17	4.48e-01	5.52e-01	3.55e-10
 3.32107e+17	5.18e-01	4.82e-01	3.35e-10
 3.32937e+17	5.86e-01	4.14e-01	3.10e-10
 3.33866e+17	6.64e-01	3.36e-01	2.72e-10
 3.35073e+17	7.59e-01	2.41e-01	2.16e-10
 3.36643e+17	8.59e-01	1.41e-01	1.40e-10
 3.38388e+17	9.30e-01	6.98e-02	7.64e-11
 3.40041e+17	9.65e-01	3.53e-02	4.17e-11
 3.41530e+17	9.80e-01	1.98e-02	2.50e-11
 3.42816e+17	9.87e-01	1.26e-02	1.69e-11
 3.43934e+17	9.91e-01	8.81e-03	1.26e-11
 3.44936e+17	9.93e-01	6.63e-03	1.02e-11
 3.45856e+17	9.95e-01	5.27e-03	8.97e-12
 3.46707e+17	9.96e-01	4.35e-03	8.20e-12
 3.47486e+17	9.96e-01	3.71e-03	7.85e-12
 3.48185e+17	9.97e-01	3.25e-03	7.81e-12
 3.48815e+17	9.97e-01	2.90e-03	8.02e-12
 3.49395e+17	9.97e-01	2.63e-03	8.65e-12
 3.49943e+17	9.98e-01	2.38e-03	9.33e-12
 3.50461e+17	9.98e-01	2.15e-03	1.02e-11
 3.50916e+17	9.98e-01	1.94e-03	1.13e-11
 3.51273e+17	9.98e-01	1.78e-03	1.24e-11
 3.51540e+17	9.98e-01	1.65e-03	1.32e-11
 3.51763e+17	9.98e-01	1.55e-03	1.43e-11
 3.51965e+17	9.99e-01	1.46e-03	1.52e-11
 3.52150e+17	9.99e-01	1.38e-03	1.63e-11
 3.52320e+17	9.99e-01	1.32e-03	1.74e-11
 3.52472e+17	9.99e-01	1.26e-03	1.85e-11
 3.52616e+17	9.99e-01	1.21e-03	1.98e-11
 3.52752e+17	9.99e-01	1.17e-03	2.12e-11
 3.52878e+17	9.99e-01	1.13e-03	2.26e-11
 3.52978e+17	9.99e-01	1.10e-03	2.39e-11
 3.53054e+17	9.99e-01	1.09e-03	2.49e-11
 3.53125e+17	9.99e-01	1.07e-03	2.60e-11
 3.53202e+17	9.99e-01	1.05e-03	2.72e-11
 3.53282e+17	9.99e-01	1.03e-03	2.86e-11
 3.53360e+17	9.99e-01	1.01e-03	3.00e-11
 3.53437e+17	9.99e-01	9.98e-04	3.15e-11
 3.53513e+17	9.99e-01	9.83e-04	3.32e-11
 3.53587e+17	9.99e-01	9.70e-04	3.49e-11
 3.53661e+17	9.99e-01	9.58e-04	3.67e-11
 3.53734e+17	9.99e-01	9.46e-04	3.87e-11
 3.53807e+17	9.99e-01	9.34e-04	4.06e-11
 3.53879e+17	9.99e-01	9.25e-04	4.29e-11
 3.53949e+17	9.99e-01	9.16e-04	4.52e-11
 3.54019e+17	9.99e-01	9.07e-04	4.76e-11
 3.54089e+17	9.99e-01	8.99e-04	5.03e-11
 3.54158e+17	9.99e-01	8.92e-04	5.31e-11
 3.54227e+17	9.99e-01	8.84e-04	5.58e-11
 3.54295e+17	9.99e-01	8.78e-04	5.90e-11
 3.54360e+17	9.99e-01	8.72e-04	6.19e-11
 3.54424e+17	9.99e-01	8.66e-04	6.51e-11
 3.54487e+17	9.99e-01	8.61e-04	6.85e-11
 3.54550e+17	9.99e-01	8.56e-04	7.20e-11
 3.54612e+17	9.99e-01	8.52e-04	7.56e-11
 3.54670e+17	9.99e-01	8.47e-04	7.92e-11
 3.54727e+17	9.99e-01	8.44e-04	8.30e-11
 3.54782e+17	9.99e-01	8.39e-04	8.64e-11
 3.54836e+17	9.99e-01	8.34e-04	9.01e-11
 3.54889e+17	9.99e-01	8.29e-04	9.36e-11
 3.54939e+17	9.99e-01	8.24e-04	9.69e-11
 3.54985e+17	9.99e-01	8.15e-04	9.96e-11
 3.55025e+17	9.99e-01	8.01e-04	1.01e-10
 3.55058e+17	9.99e-01	6.72e-04	8.69e-11
 3.55087e+17	9.99e-01	7.92e-04	1.05e-10
 3.55113e+17	9.99e-01	7.98e-04	1.07e-10
 3.55135e+17	9.99e-01	7.98e-04	1.09e-10
 3.55155e+17	9.99e-01	7.96e-04	1.10e-10
