#depth	He	He+	He+2
 2.72749e+09	1.47e-01	8.52e-01	4.25e-04
 1.63649e+10	1.48e-01	8.52e-01	4.22e-04
 7.09146e+10	1.49e-01	8.51e-01	4.19e-04
 2.89113e+11	1.51e-01	8.48e-01	4.07e-04
 6.90599e+11	1.53e-01	8.47e-01	3.96e-04
 1.21253e+12	1.57e-01	8.43e-01	3.75e-04
 1.89104e+12	1.64e-01	8.35e-01	3.44e-04
 2.77311e+12	1.77e-01	8.23e-01	3.02e-04
 3.80971e+12	1.96e-01	8.04e-01	2.56e-04
 4.84151e+12	2.19e-01	7.80e-01	2.15e-04
 5.78102e+12	2.48e-01	7.52e-01	1.79e-04
 6.60583e+12	2.81e-01	7.19e-01	1.51e-04
 7.30795e+12	3.16e-01	6.84e-01	1.28e-04
 7.91529e+12	3.52e-01	6.48e-01	1.10e-04
 8.45817e+12	3.90e-01	6.10e-01	9.55e-05
 8.95787e+12	4.31e-01	5.69e-01	8.25e-05
 9.42063e+12	4.71e-01	5.29e-01	7.16e-05
 9.85338e+12	5.14e-01	4.86e-01	6.20e-05
 1.02573e+13	5.56e-01	4.44e-01	5.39e-05
 1.06238e+13	5.96e-01	4.04e-01	4.73e-05
 1.09336e+13	6.30e-01	3.70e-01	4.24e-05
 1.11728e+13	6.56e-01	3.44e-01	3.90e-05
 1.13635e+13	6.76e-01	3.24e-01	3.64e-05
 1.15348e+13	6.94e-01	3.06e-01	3.44e-05
 1.16966e+13	7.10e-01	2.90e-01	3.25e-05
 1.18460e+13	7.24e-01	2.76e-01	3.10e-05
 1.19804e+13	7.37e-01	2.63e-01	2.98e-05
 1.21045e+13	7.48e-01	2.52e-01	2.87e-05
 1.22223e+13	7.58e-01	2.42e-01	2.78e-05
 1.23355e+13	7.68e-01	2.32e-01	2.70e-05
 1.24439e+13	7.76e-01	2.24e-01	2.62e-05
 1.25291e+13	7.83e-01	2.17e-01	2.58e-05
 1.25913e+13	7.87e-01	2.13e-01	2.54e-05
 1.26526e+13	7.92e-01	2.08e-01	2.51e-05
 1.27211e+13	7.97e-01	2.03e-01	2.47e-05
 1.27919e+13	8.01e-01	1.99e-01	2.44e-05
 1.28615e+13	8.06e-01	1.94e-01	2.41e-05
 1.29302e+13	8.11e-01	1.89e-01	2.38e-05
 1.29971e+13	8.15e-01	1.85e-01	2.35e-05
 1.30640e+13	8.19e-01	1.81e-01	2.33e-05
 1.31321e+13	8.23e-01	1.77e-01	2.30e-05
 1.31999e+13	8.27e-01	1.73e-01	2.29e-05
 1.32673e+13	8.31e-01	1.69e-01	2.26e-05
 1.33346e+13	8.34e-01	1.66e-01	2.25e-05
 1.34021e+13	8.38e-01	1.62e-01	2.23e-05
 1.34702e+13	8.41e-01	1.59e-01	2.22e-05
 1.35371e+13	8.44e-01	1.56e-01	2.21e-05
 1.36037e+13	8.47e-01	1.53e-01	2.20e-05
 1.36714e+13	8.51e-01	1.49e-01	2.18e-05
 1.37389e+13	8.53e-01	1.47e-01	2.18e-05
 1.38064e+13	8.56e-01	1.44e-01	2.17e-05
 1.38739e+13	8.59e-01	1.41e-01	2.17e-05
 1.39417e+13	8.62e-01	1.38e-01	2.16e-05
 1.40094e+13	8.64e-01	1.36e-01	2.15e-05
 1.40766e+13	8.67e-01	1.33e-01	2.15e-05
 1.41448e+13	8.69e-01	1.31e-01	2.15e-05
 1.42128e+13	8.72e-01	1.28e-01	2.15e-05
 1.42798e+13	8.74e-01	1.26e-01	2.15e-05
 1.43464e+13	8.76e-01	1.24e-01	2.15e-05
 1.44134e+13	8.78e-01	1.22e-01	2.15e-05
 1.44804e+13	8.81e-01	1.19e-01	2.15e-05
 1.45474e+13	8.83e-01	1.17e-01	2.15e-05
 1.46141e+13	8.85e-01	1.15e-01	2.15e-05
 1.46802e+13	8.86e-01	1.14e-01	2.16e-05
 1.47467e+13	8.88e-01	1.12e-01	2.16e-05
 1.48139e+13	8.90e-01	1.10e-01	2.16e-05
 1.48812e+13	8.92e-01	1.08e-01	2.16e-05
 1.49478e+13	8.94e-01	1.06e-01	2.17e-05
 1.50140e+13	8.96e-01	1.04e-01	2.16e-05
 1.50808e+13	8.97e-01	1.03e-01	2.17e-05
 1.51481e+13	8.99e-01	1.01e-01	2.17e-05
 1.52151e+13	9.01e-01	9.95e-02	2.17e-05
 1.52826e+13	9.02e-01	9.78e-02	2.17e-05
 1.53509e+13	9.04e-01	9.63e-02	2.18e-05
 1.54192e+13	9.05e-01	9.46e-02	2.17e-05
 1.54871e+13	9.07e-01	9.31e-02	2.17e-05
 1.55557e+13	9.08e-01	9.15e-02	2.17e-05
 1.56255e+13	9.10e-01	9.00e-02	2.17e-05
 1.56956e+13	9.12e-01	8.84e-02	2.17e-05
 1.57657e+13	9.13e-01	8.69e-02	2.16e-05
 1.58365e+13	9.15e-01	8.54e-02	2.16e-05
 1.59079e+13	9.16e-01	8.38e-02	2.15e-05
 1.59797e+13	9.18e-01	8.24e-02	2.15e-05
 1.60521e+13	9.19e-01	8.08e-02	2.14e-05
 1.61255e+13	9.21e-01	7.94e-02	2.13e-05
 1.61997e+13	9.22e-01	7.78e-02	2.12e-05
 1.62739e+13	9.24e-01	7.64e-02	2.11e-05
 1.63494e+13	9.25e-01	7.48e-02	2.09e-05
 1.64266e+13	9.27e-01	7.33e-02	2.08e-05
 1.65049e+13	9.28e-01	7.18e-02	2.06e-05
 1.65832e+13	9.30e-01	7.03e-02	2.05e-05
 1.66616e+13	9.31e-01	6.88e-02	2.03e-05
 1.67410e+13	9.33e-01	6.73e-02	2.01e-05
 1.68226e+13	9.34e-01	6.57e-02	1.98e-05
 1.69064e+13	9.36e-01	6.42e-02	1.96e-05
 1.69905e+13	9.37e-01	6.27e-02	1.93e-05
 1.70742e+13	9.39e-01	6.12e-02	1.90e-05
 1.71600e+13	9.40e-01	5.96e-02	1.87e-05
 1.72491e+13	9.42e-01	5.81e-02	1.84e-05
 1.73387e+13	9.43e-01	5.66e-02	1.81e-05
 1.74282e+13	9.45e-01	5.50e-02	1.78e-05
 1.75193e+13	9.46e-01	5.35e-02	1.74e-05
 1.76134e+13	9.48e-01	5.20e-02	1.70e-05
 1.77092e+13	9.50e-01	5.04e-02	1.66e-05
 1.78059e+13	9.51e-01	4.89e-02	1.62e-05
 1.79041e+13	9.53e-01	4.74e-02	1.58e-05
 1.80032e+13	9.54e-01	4.59e-02	1.54e-05
 1.81035e+13	9.56e-01	4.45e-02	1.49e-05
 1.82076e+13	9.57e-01	4.30e-02	1.45e-05
 1.83142e+13	9.58e-01	4.15e-02	1.40e-05
 1.84191e+13	9.60e-01	4.01e-02	1.36e-05
 1.85272e+13	9.61e-01	3.87e-02	1.31e-05
 1.86400e+13	9.63e-01	3.72e-02	1.26e-05
 1.87531e+13	9.64e-01	3.58e-02	1.21e-05
 1.88666e+13	9.66e-01	3.45e-02	1.17e-05
 1.89802e+13	9.67e-01	3.32e-02	1.12e-05
 1.90968e+13	9.68e-01	3.19e-02	1.08e-05
 1.92175e+13	9.69e-01	3.06e-02	1.03e-05
 1.93384e+13	9.71e-01	2.93e-02	9.84e-06
 1.94597e+13	9.72e-01	2.81e-02	9.41e-06
 1.95823e+13	9.73e-01	2.70e-02	8.98e-06
 1.97066e+13	9.74e-01	2.59e-02	8.56e-06
 1.98322e+13	9.75e-01	2.48e-02	8.15e-06
 1.99589e+13	9.76e-01	2.37e-02	7.76e-06
 2.00866e+13	9.77e-01	2.28e-02	7.40e-06
 2.02110e+13	9.78e-01	2.18e-02	7.06e-06
 2.03337e+13	9.79e-01	2.09e-02	6.71e-06
 2.04626e+13	9.80e-01	2.01e-02	6.38e-06
 2.05948e+13	9.81e-01	1.92e-02	6.05e-06
 2.07261e+13	9.82e-01	1.84e-02	5.74e-06
 2.08550e+13	9.82e-01	1.76e-02	5.45e-06
 2.09822e+13	9.83e-01	1.69e-02	5.18e-06
 2.11108e+13	9.84e-01	1.63e-02	4.92e-06
 2.12394e+13	9.84e-01	1.56e-02	4.68e-06
 2.13670e+13	9.85e-01	1.50e-02	4.45e-06
 2.14937e+13	9.86e-01	1.45e-02	4.23e-06
 2.16197e+13	9.86e-01	1.39e-02	4.02e-06
 2.17449e+13	9.87e-01	1.34e-02	3.83e-06
 2.18690e+13	9.87e-01	1.30e-02	3.64e-06
 2.19917e+13	9.87e-01	1.25e-02	3.47e-06
 2.21126e+13	9.88e-01	1.22e-02	3.32e-06
