#depth	O	O+	O+2	O+3	O+4	O+5	O+6	O+7	O+8	O[1]	O[2]	O[3]
 4.09376e+13	2.88e-05	7.88e-02	9.04e-01	1.73e-02	1.81e-07	0.00e+00	0.00e+00	0.00e+00	0.00e+00	2.84e-05	1.93e-07	2.22e-07
 2.45626e+14	2.89e-05	7.88e-02	9.04e-01	1.72e-02	1.79e-07	0.00e+00	0.00e+00	0.00e+00	0.00e+00	2.84e-05	1.93e-07	2.22e-07
 1.06438e+15	2.91e-05	7.91e-02	9.04e-01	1.69e-02	1.74e-07	0.00e+00	0.00e+00	0.00e+00	0.00e+00	2.87e-05	1.95e-07	2.24e-07
 4.33939e+15	3.00e-05	8.02e-02	9.04e-01	1.57e-02	1.56e-07	0.00e+00	0.00e+00	0.00e+00	0.00e+00	2.96e-05	2.01e-07	2.31e-07
 1.03654e+16	3.18e-05	8.22e-02	9.04e-01	1.41e-02	1.31e-07	0.00e+00	0.00e+00	0.00e+00	0.00e+00	3.13e-05	2.11e-07	2.43e-07
 1.81992e+16	3.40e-05	8.46e-02	9.03e-01	1.22e-02	0.00e+00	0.00e+00	0.00e+00	0.00e+00	0.00e+00	3.35e-05	2.26e-07	2.59e-07
 2.83832e+16	3.70e-05	8.79e-02	9.02e-01	1.01e-02	0.00e+00	0.00e+00	0.00e+00	0.00e+00	0.00e+00	3.65e-05	2.45e-07	2.82e-07
 4.16224e+16	4.14e-05	9.25e-02	9.00e-01	7.82e-03	0.00e+00	0.00e+00	0.00e+00	0.00e+00	0.00e+00	4.08e-05	2.73e-07	3.15e-07
 5.88333e+16	4.77e-05	9.87e-02	8.96e-01	5.60e-03	0.00e+00	0.00e+00	0.00e+00	0.00e+00	0.00e+00	4.71e-05	3.14e-07	3.62e-07
 7.99331e+16	5.65e-05	1.07e-01	8.89e-01	3.72e-03	0.00e+00	0.00e+00	0.00e+00	0.00e+00	0.00e+00	5.57e-05	3.71e-07	4.27e-07
 1.03132e+17	6.77e-05	1.16e-01	8.81e-01	2.36e-03	0.00e+00	0.00e+00	0.00e+00	0.00e+00	0.00e+00	6.68e-05	4.42e-07	5.09e-07
 1.26596e+17	8.08e-05	1.26e-01	8.72e-01	1.50e-03	0.00e+00	0.00e+00	0.00e+00	0.00e+00	0.00e+00	7.96e-05	5.26e-07	6.05e-07
 1.50998e+17	9.64e-05	1.37e-01	8.62e-01	9.30e-04	0.00e+00	0.00e+00	0.00e+00	0.00e+00	0.00e+00	9.50e-05	6.25e-07	7.20e-07
 1.77040e+17	1.15e-04	1.50e-01	8.50e-01	5.63e-04	0.00e+00	0.00e+00	0.00e+00	0.00e+00	0.00e+00	1.14e-04	7.47e-07	8.61e-07
 2.03231e+17	1.37e-04	1.62e-01	8.37e-01	3.43e-04	0.00e+00	0.00e+00	0.00e+00	0.00e+00	0.00e+00	1.35e-04	8.85e-07	1.02e-06
 2.30469e+17	1.63e-04	1.76e-01	8.24e-01	2.05e-04	0.00e+00	0.00e+00	0.00e+00	0.00e+00	0.00e+00	1.61e-04	1.05e-06	1.21e-06
 2.59070e+17	1.95e-04	1.91e-01	8.09e-01	1.21e-04	0.00e+00	0.00e+00	0.00e+00	0.00e+00	0.00e+00	1.92e-04	1.25e-06	1.44e-06
 2.87450e+17	2.30e-04	2.06e-01	7.93e-01	7.28e-05	0.00e+00	0.00e+00	0.00e+00	0.00e+00	0.00e+00	2.27e-04	1.47e-06	1.70e-06
 3.17583e+17	2.73e-04	2.23e-01	7.76e-01	4.26e-05	0.00e+00	0.00e+00	0.00e+00	0.00e+00	0.00e+00	2.69e-04	1.74e-06	2.01e-06
 3.49472e+17	3.24e-04	2.42e-01	7.58e-01	2.45e-05	0.00e+00	0.00e+00	0.00e+00	0.00e+00	0.00e+00	3.20e-04	2.06e-06	2.38e-06
 3.80724e+17	3.82e-04	2.61e-01	7.39e-01	1.45e-05	0.00e+00	0.00e+00	0.00e+00	0.00e+00	0.00e+00	3.77e-04	2.43e-06	2.80e-06
 4.14042e+17	4.53e-04	2.82e-01	7.18e-01	8.31e-06	0.00e+00	0.00e+00	0.00e+00	0.00e+00	0.00e+00	4.47e-04	2.87e-06	3.32e-06
 4.49217e+17	5.38e-04	3.05e-01	6.95e-01	4.72e-06	0.00e+00	0.00e+00	0.00e+00	0.00e+00	0.00e+00	5.31e-04	3.41e-06	3.93e-06
 4.82800e+17	6.31e-04	3.27e-01	6.72e-01	2.80e-06	0.00e+00	0.00e+00	0.00e+00	0.00e+00	0.00e+00	6.22e-04	3.99e-06	4.60e-06
 5.19115e+17	7.48e-04	3.53e-01	6.47e-01	1.59e-06	0.00e+00	0.00e+00	0.00e+00	0.00e+00	0.00e+00	7.38e-04	4.72e-06	5.45e-06
 5.57827e+17	8.90e-04	3.81e-01	6.19e-01	8.98e-07	0.00e+00	0.00e+00	0.00e+00	0.00e+00	0.00e+00	8.78e-04	5.61e-06	6.48e-06
 5.93630e+17	1.04e-03	4.07e-01	5.92e-01	5.36e-07	0.00e+00	0.00e+00	0.00e+00	0.00e+00	0.00e+00	1.03e-03	6.55e-06	7.57e-06
 6.27372e+17	1.20e-03	4.33e-01	5.66e-01	3.33e-07	0.00e+00	0.00e+00	0.00e+00	0.00e+00	0.00e+00	1.19e-03	7.57e-06	8.74e-06
 6.65708e+17	1.42e-03	4.63e-01	5.35e-01	1.93e-07	0.00e+00	0.00e+00	0.00e+00	0.00e+00	0.00e+00	1.40e-03	8.94e-06	1.03e-05
 7.07372e+17	1.70e-03	4.97e-01	5.01e-01	0.00e+00	0.00e+00	0.00e+00	0.00e+00	0.00e+00	0.00e+00	1.67e-03	1.06e-05	1.23e-05
 7.44665e+17	1.97e-03	5.28e-01	4.70e-01	0.00e+00	0.00e+00	0.00e+00	0.00e+00	0.00e+00	0.00e+00	1.95e-03	1.24e-05	1.43e-05
 7.78881e+17	2.28e-03	5.58e-01	4.40e-01	0.00e+00	0.00e+00	0.00e+00	0.00e+00	0.00e+00	0.00e+00	2.25e-03	1.43e-05	1.65e-05
 8.17794e+17	2.69e-03	5.92e-01	4.06e-01	0.00e+00	0.00e+00	0.00e+00	0.00e+00	0.00e+00	0.00e+00	2.65e-03	1.69e-05	1.95e-05
 8.59256e+17	3.20e-03	6.28e-01	3.68e-01	0.00e+00	0.00e+00	0.00e+00	0.00e+00	0.00e+00	0.00e+00	3.16e-03	2.01e-05	2.32e-05
 8.94890e+17	3.73e-03	6.61e-01	3.36e-01	0.00e+00	0.00e+00	0.00e+00	0.00e+00	0.00e+00	0.00e+00	3.68e-03	2.34e-05	2.70e-05
 9.26440e+17	4.29e-03	6.89e-01	3.06e-01	0.00e+00	0.00e+00	0.00e+00	0.00e+00	0.00e+00	0.00e+00	4.23e-03	2.69e-05	3.10e-05
 9.61823e+17	5.04e-03	7.22e-01	2.73e-01	0.00e+00	0.00e+00	0.00e+00	0.00e+00	0.00e+00	0.00e+00	4.97e-03	3.16e-05	3.65e-05
 9.99492e+17	6.00e-03	7.56e-01	2.38e-01	0.00e+00	0.00e+00	0.00e+00	0.00e+00	0.00e+00	0.00e+00	5.92e-03	3.77e-05	4.34e-05
 1.03143e+18	7.01e-03	7.85e-01	2.08e-01	0.00e+00	0.00e+00	0.00e+00	0.00e+00	0.00e+00	0.00e+00	6.91e-03	4.40e-05	5.07e-05
 1.05461e+18	7.86e-03	8.05e-01	1.87e-01	0.00e+00	0.00e+00	0.00e+00	0.00e+00	0.00e+00	0.00e+00	7.75e-03	4.94e-05	5.69e-05
 1.07151e+18	8.60e-03	8.20e-01	1.71e-01	0.00e+00	0.00e+00	0.00e+00	0.00e+00	0.00e+00	0.00e+00	8.49e-03	5.41e-05	6.23e-05
 1.08983e+18	9.49e-03	8.36e-01	1.55e-01	0.00e+00	0.00e+00	0.00e+00	0.00e+00	0.00e+00	0.00e+00	9.36e-03	5.97e-05	6.87e-05
 1.11365e+18	1.08e-02	8.56e-01	1.34e-01	0.00e+00	0.00e+00	0.00e+00	0.00e+00	0.00e+00	0.00e+00	1.07e-02	6.82e-05	7.86e-05
 1.13755e+18	1.25e-02	8.74e-01	1.13e-01	0.00e+00	0.00e+00	0.00e+00	0.00e+00	0.00e+00	0.00e+00	1.23e-02	7.87e-05	9.05e-05
 1.15563e+18	1.40e-02	8.87e-01	9.88e-02	0.00e+00	0.00e+00	0.00e+00	0.00e+00	0.00e+00	0.00e+00	1.38e-02	8.80e-05	1.01e-04
 1.17321e+18	1.57e-02	8.99e-01	8.49e-02	0.00e+00	0.00e+00	0.00e+00	0.00e+00	0.00e+00	0.00e+00	1.55e-02	9.89e-05	1.14e-04
 1.19256e+18	1.80e-02	9.11e-01	7.07e-02	0.00e+00	0.00e+00	0.00e+00	0.00e+00	0.00e+00	0.00e+00	1.77e-02	1.13e-04	1.30e-04
 1.21034e+18	2.05e-02	9.21e-01	5.84e-02	0.00e+00	0.00e+00	0.00e+00	0.00e+00	0.00e+00	0.00e+00	2.02e-02	1.29e-04	1.48e-04
 1.22666e+18	2.33e-02	9.29e-01	4.80e-02	0.00e+00	0.00e+00	0.00e+00	0.00e+00	0.00e+00	0.00e+00	2.30e-02	1.47e-04	1.69e-04
 1.24242e+18	2.67e-02	9.35e-01	3.87e-02	0.00e+00	0.00e+00	0.00e+00	0.00e+00	0.00e+00	0.00e+00	2.63e-02	1.68e-04	1.93e-04
 1.25744e+18	3.06e-02	9.39e-01	3.06e-02	0.00e+00	0.00e+00	0.00e+00	0.00e+00	0.00e+00	0.00e+00	3.02e-02	1.92e-04	2.21e-04
 1.27101e+18	3.51e-02	9.41e-01	2.41e-02	0.00e+00	0.00e+00	0.00e+00	0.00e+00	0.00e+00	0.00e+00	3.46e-02	2.19e-04	2.52e-04
 1.28294e+18	3.98e-02	9.41e-01	1.90e-02	0.00e+00	0.00e+00	0.00e+00	0.00e+00	0.00e+00	0.00e+00	3.93e-02	2.49e-04	2.86e-04
 1.29361e+18	4.51e-02	9.40e-01	1.49e-02	0.00e+00	0.00e+00	0.00e+00	0.00e+00	0.00e+00	0.00e+00	4.45e-02	2.81e-04	3.22e-04
 1.30347e+18	5.09e-02	9.37e-01	1.16e-02	0.00e+00	0.00e+00	0.00e+00	0.00e+00	0.00e+00	0.00e+00	5.03e-02	3.16e-04	3.63e-04
 1.31267e+18	5.76e-02	9.33e-01	8.98e-03	0.00e+00	0.00e+00	0.00e+00	0.00e+00	0.00e+00	0.00e+00	5.68e-02	3.56e-04	4.09e-04
 1.32119e+18	6.51e-02	9.28e-01	6.86e-03	0.00e+00	0.00e+00	0.00e+00	0.00e+00	0.00e+00	0.00e+00	6.42e-02	4.01e-04	4.60e-04
 1.32904e+18	7.33e-02	9.21e-01	5.23e-03	0.00e+00	0.00e+00	0.00e+00	0.00e+00	0.00e+00	0.00e+00	7.24e-02	4.49e-04	5.15e-04
 1.33645e+18	8.28e-02	9.13e-01	3.93e-03	0.00e+00	0.00e+00	0.00e+00	0.00e+00	0.00e+00	0.00e+00	8.17e-02	5.04e-04	5.78e-04
 1.34361e+18	9.35e-02	9.04e-01	2.91e-03	0.00e+00	0.00e+00	0.00e+00	0.00e+00	0.00e+00	0.00e+00	9.23e-02	5.65e-04	6.49e-04
 1.35171e+18	1.09e-01	8.89e-01	2.00e-03	0.00e+00	0.00e+00	0.00e+00	0.00e+00	0.00e+00	0.00e+00	1.08e-01	6.51e-04	7.47e-04
 1.36001e+18	1.29e-01	8.69e-01	1.31e-03	0.00e+00	0.00e+00	0.00e+00	0.00e+00	0.00e+00	0.00e+00	1.28e-01	7.60e-04	8.73e-04
 1.36662e+18	1.50e-01	8.49e-01	8.99e-04	0.00e+00	0.00e+00	0.00e+00	0.00e+00	0.00e+00	0.00e+00	1.48e-01	8.68e-04	9.96e-04
 1.37229e+18	1.72e-01	8.28e-01	6.36e-04	0.00e+00	0.00e+00	0.00e+00	0.00e+00	0.00e+00	0.00e+00	1.69e-01	9.75e-04	1.12e-03
 1.37868e+18	2.02e-01	7.98e-01	4.17e-04	0.00e+00	0.00e+00	0.00e+00	0.00e+00	0.00e+00	0.00e+00	2.00e-01	1.12e-03	1.28e-03
 1.38558e+18	2.44e-01	7.56e-01	2.56e-04	0.00e+00	0.00e+00	0.00e+00	0.00e+00	0.00e+00	0.00e+00	2.41e-01	1.30e-03	1.49e-03
 1.39146e+18	2.90e-01	7.10e-01	1.62e-04	0.00e+00	0.00e+00	0.00e+00	0.00e+00	0.00e+00	0.00e+00	2.87e-01	1.47e-03	1.70e-03
 1.39584e+18	3.32e-01	6.68e-01	1.13e-04	0.00e+00	0.00e+00	0.00e+00	0.00e+00	0.00e+00	0.00e+00	3.28e-01	1.61e-03	1.86e-03
 1.39895e+18	3.66e-01	6.34e-01	8.58e-05	0.00e+00	0.00e+00	0.00e+00	0.00e+00	0.00e+00	0.00e+00	3.62e-01	1.71e-03	1.97e-03
 1.40146e+18	3.95e-01	6.04e-01	6.83e-05	0.00e+00	0.00e+00	0.00e+00	0.00e+00	0.00e+00	0.00e+00	3.92e-01	1.78e-03	2.06e-03
 1.40372e+18	4.24e-01	5.76e-01	5.52e-05	0.00e+00	0.00e+00	0.00e+00	0.00e+00	0.00e+00	0.00e+00	4.20e-01	1.85e-03	2.13e-03
 1.40574e+18	4.52e-01	5.48e-01	4.53e-05	0.00e+00	0.00e+00	0.00e+00	0.00e+00	0.00e+00	0.00e+00	4.48e-01	1.90e-03	2.19e-03
 1.40763e+18	4.78e-01	5.22e-01	3.75e-05	0.00e+00	0.00e+00	0.00e+00	0.00e+00	0.00e+00	0.00e+00	4.74e-01	1.93e-03	2.23e-03
 1.40936e+18	5.04e-01	4.96e-01	3.14e-05	0.00e+00	0.00e+00	0.00e+00	0.00e+00	0.00e+00	0.00e+00	4.99e-01	1.96e-03	2.26e-03
 1.41090e+18	5.26e-01	4.73e-01	2.68e-05	0.00e+00	0.00e+00	0.00e+00	0.00e+00	0.00e+00	0.00e+00	5.22e-01	1.98e-03	2.29e-03
 1.41228e+18	5.47e-01	4.53e-01	2.32e-05	0.00e+00	0.00e+00	0.00e+00	0.00e+00	0.00e+00	0.00e+00	5.43e-01	1.99e-03	2.30e-03
 1.41357e+18	5.68e-01	4.32e-01	2.02e-05	0.00e+00	0.00e+00	0.00e+00	0.00e+00	0.00e+00	0.00e+00	5.63e-01	2.00e-03	2.31e-03
 1.41481e+18	5.87e-01	4.13e-01	1.76e-05	0.00e+00	0.00e+00	0.00e+00	0.00e+00	0.00e+00	0.00e+00	5.83e-01	1.99e-03	2.31e-03
 1.41583e+18	6.02e-01	3.98e-01	1.58e-05	0.00e+00	0.00e+00	0.00e+00	0.00e+00	0.00e+00	0.00e+00	5.98e-01	1.99e-03	2.30e-03
 1.41658e+18	6.14e-01	3.86e-01	1.46e-05	0.00e+00	0.00e+00	0.00e+00	0.00e+00	0.00e+00	0.00e+00	6.09e-01	1.99e-03	2.30e-03
 1.41727e+18	6.25e-01	3.75e-01	1.35e-05	0.00e+00	0.00e+00	0.00e+00	0.00e+00	0.00e+00	0.00e+00	6.20e-01	1.98e-03	2.29e-03
 1.41802e+18	6.37e-01	3.63e-01	1.24e-05	0.00e+00	0.00e+00	0.00e+00	0.00e+00	0.00e+00	0.00e+00	6.32e-01	1.97e-03	2.28e-03
 1.41881e+18	6.49e-01	3.51e-01	1.13e-05	0.00e+00	0.00e+00	0.00e+00	0.00e+00	0.00e+00	0.00e+00	6.45e-01	1.96e-03	2.26e-03
 1.41958e+18	6.61e-01	3.39e-01	1.03e-05	0.00e+00	0.00e+00	0.00e+00	0.00e+00	0.00e+00	0.00e+00	6.57e-01	1.94e-03	2.24e-03
 1.42031e+18	6.72e-01	3.28e-01	9.49e-06	0.00e+00	0.00e+00	0.00e+00	0.00e+00	0.00e+00	0.00e+00	6.68e-01	1.92e-03	2.21e-03
 1.42105e+18	6.84e-01	3.16e-01	8.71e-06	0.00e+00	0.00e+00	0.00e+00	0.00e+00	0.00e+00	0.00e+00	6.80e-01	1.91e-03	2.19e-03
 1.42179e+18	6.95e-01	3.05e-01	7.99e-06	0.00e+00	0.00e+00	0.00e+00	0.00e+00	0.00e+00	0.00e+00	6.91e-01	1.89e-03	2.16e-03
 1.42252e+18	7.06e-01	2.94e-01	7.33e-06	0.00e+00	0.00e+00	0.00e+00	0.00e+00	0.00e+00	0.00e+00	7.02e-01	1.86e-03	2.13e-03
 1.42325e+18	7.17e-01	2.83e-01	6.73e-06	0.00e+00	0.00e+00	0.00e+00	0.00e+00	0.00e+00	0.00e+00	7.13e-01	1.84e-03	2.10e-03
 1.42395e+18	7.27e-01	2.73e-01	6.19e-06	0.00e+00	0.00e+00	0.00e+00	0.00e+00	0.00e+00	0.00e+00	7.23e-01	1.82e-03	2.07e-03
 1.42465e+18	7.37e-01	2.63e-01	5.69e-06	0.00e+00	0.00e+00	0.00e+00	0.00e+00	0.00e+00	0.00e+00	7.33e-01	1.79e-03	2.03e-03
 1.42536e+18	7.47e-01	2.53e-01	5.23e-06	0.00e+00	0.00e+00	0.00e+00	0.00e+00	0.00e+00	0.00e+00	7.43e-01	1.77e-03	2.00e-03
 1.42606e+18	7.57e-01	2.43e-01	4.81e-06	0.00e+00	0.00e+00	0.00e+00	0.00e+00	0.00e+00	0.00e+00	7.53e-01	1.74e-03	1.96e-03
 1.42674e+18	7.66e-01	2.34e-01	4.43e-06	0.00e+00	0.00e+00	0.00e+00	0.00e+00	0.00e+00	0.00e+00	7.63e-01	1.71e-03	1.92e-03
 1.42742e+18	7.76e-01	2.24e-01	4.08e-06	0.00e+00	0.00e+00	0.00e+00	0.00e+00	0.00e+00	0.00e+00	7.72e-01	1.69e-03	1.89e-03
 1.42810e+18	7.85e-01	2.15e-01	3.76e-06	0.00e+00	0.00e+00	0.00e+00	0.00e+00	0.00e+00	0.00e+00	7.81e-01	1.66e-03	1.85e-03
 1.42878e+18	7.93e-01	2.07e-01	3.46e-06	0.00e+00	0.00e+00	0.00e+00	0.00e+00	0.00e+00	0.00e+00	7.90e-01	1.63e-03	1.81e-03
 1.42944e+18	8.01e-01	1.99e-01	3.20e-06	0.00e+00	0.00e+00	0.00e+00	0.00e+00	0.00e+00	0.00e+00	7.98e-01	1.60e-03	1.77e-03
 1.43009e+18	8.10e-01	1.90e-01	2.95e-06	0.00e+00	0.00e+00	0.00e+00	0.00e+00	0.00e+00	0.00e+00	8.06e-01	1.57e-03	1.73e-03
 1.43074e+18	8.18e-01	1.82e-01	2.73e-06	0.00e+00	0.00e+00	0.00e+00	0.00e+00	0.00e+00	0.00e+00	8.14e-01	1.54e-03	1.69e-03
 1.43138e+18	8.25e-01	1.75e-01	2.52e-06	0.00e+00	0.00e+00	0.00e+00	0.00e+00	0.00e+00	0.00e+00	8.22e-01	1.51e-03	1.66e-03
 1.43202e+18	8.33e-01	1.67e-01	2.33e-06	0.00e+00	0.00e+00	0.00e+00	0.00e+00	0.00e+00	0.00e+00	8.29e-01	1.48e-03	1.62e-03
 1.43264e+18	8.40e-01	1.60e-01	2.16e-06	0.00e+00	0.00e+00	0.00e+00	0.00e+00	0.00e+00	0.00e+00	8.37e-01	1.45e-03	1.58e-03
 1.43325e+18	8.46e-01	1.54e-01	2.01e-06	0.00e+00	0.00e+00	0.00e+00	0.00e+00	0.00e+00	0.00e+00	8.43e-01	1.42e-03	1.54e-03
 1.43383e+18	8.53e-01	1.47e-01	1.87e-06	0.00e+00	0.00e+00	0.00e+00	0.00e+00	0.00e+00	0.00e+00	8.50e-01	1.40e-03	1.51e-03
 1.43440e+18	8.59e-01	1.41e-01	1.75e-06	0.00e+00	0.00e+00	0.00e+00	0.00e+00	0.00e+00	0.00e+00	8.56e-01	1.37e-03	1.47e-03
 1.43496e+18	8.65e-01	1.35e-01	1.63e-06	0.00e+00	0.00e+00	0.00e+00	0.00e+00	0.00e+00	0.00e+00	8.62e-01	1.34e-03	1.43e-03
 1.43552e+18	8.70e-01	1.30e-01	1.52e-06	0.00e+00	0.00e+00	0.00e+00	0.00e+00	0.00e+00	0.00e+00	8.68e-01	1.32e-03	1.40e-03
 1.43606e+18	8.76e-01	1.24e-01	1.43e-06	0.00e+00	0.00e+00	0.00e+00	0.00e+00	0.00e+00	0.00e+00	8.73e-01	1.29e-03	1.36e-03
 1.43658e+18	8.81e-01	1.19e-01	1.34e-06	0.00e+00	0.00e+00	0.00e+00	0.00e+00	0.00e+00	0.00e+00	8.79e-01	1.26e-03	1.33e-03
 1.43709e+18	8.86e-01	1.14e-01	1.25e-06	0.00e+00	0.00e+00	0.00e+00	0.00e+00	0.00e+00	0.00e+00	8.84e-01	1.24e-03	1.29e-03
 1.43759e+18	8.91e-01	1.09e-01	1.18e-06	0.00e+00	0.00e+00	0.00e+00	0.00e+00	0.00e+00	0.00e+00	8.89e-01	1.21e-03	1.26e-03
 1.43805e+18	8.96e-01	1.04e-01	1.12e-06	0.00e+00	0.00e+00	0.00e+00	0.00e+00	0.00e+00	0.00e+00	8.93e-01	1.18e-03	1.23e-03
 1.43845e+18	9.00e-01	1.00e-01	1.06e-06	0.00e+00	0.00e+00	0.00e+00	0.00e+00	0.00e+00	0.00e+00	8.98e-01	1.16e-03	1.20e-03
 1.43881e+18	9.03e-01	9.65e-02	1.02e-06	0.00e+00	0.00e+00	0.00e+00	0.00e+00	0.00e+00	0.00e+00	9.01e-01	1.14e-03	1.17e-03
 1.43911e+18	9.07e-01	9.34e-02	9.79e-07	0.00e+00	0.00e+00	0.00e+00	0.00e+00	0.00e+00	0.00e+00	9.04e-01	1.12e-03	1.14e-03
 1.43938e+18	9.09e-01	9.06e-02	9.46e-07	0.00e+00	0.00e+00	0.00e+00	0.00e+00	0.00e+00	0.00e+00	9.07e-01	1.10e-03	1.12e-03
 1.43963e+18	9.12e-01	8.79e-02	9.16e-07	0.00e+00	0.00e+00	0.00e+00	0.00e+00	0.00e+00	0.00e+00	9.10e-01	1.08e-03	1.10e-03
