#depth	He	He+	He+2
 2.73267e+09	1.47e-01	8.52e-01	4.26e-04
 1.63960e+10	1.48e-01	8.52e-01	4.24e-04
 7.10495e+10	1.48e-01	8.51e-01	4.20e-04
 2.89663e+11	1.51e-01	8.49e-01	4.08e-04
 6.91913e+11	1.52e-01	8.47e-01	3.97e-04
 1.21484e+12	1.57e-01	8.43e-01	3.76e-04
 1.89464e+12	1.64e-01	8.36e-01	3.45e-04
 2.77838e+12	1.77e-01	8.23e-01	3.03e-04
 3.81707e+12	1.95e-01	8.05e-01	2.57e-04
 4.85106e+12	2.19e-01	7.81e-01	2.15e-04
 5.79267e+12	2.48e-01	7.52e-01	1.80e-04
 6.61936e+12	2.80e-01	7.19e-01	1.51e-04
 7.32294e+12	3.15e-01	6.85e-01	1.29e-04
 7.93140e+12	3.52e-01	6.48e-01	1.11e-04
 8.47520e+12	3.89e-01	6.10e-01	9.59e-05
 8.97576e+12	4.29e-01	5.71e-01	8.30e-05
 9.44325e+12	4.72e-01	5.28e-01	7.17e-05
 9.87273e+12	5.13e-01	4.87e-01	6.23e-05
 1.02698e+13	5.55e-01	4.45e-01	5.42e-05
 1.06416e+13	5.95e-01	4.05e-01	4.75e-05
 1.09591e+13	6.30e-01	3.70e-01	4.24e-05
 1.12018e+13	6.56e-01	3.44e-01	3.90e-05
 1.13916e+13	6.76e-01	3.24e-01	3.65e-05
 1.15605e+13	6.93e-01	3.07e-01	3.45e-05
 1.17212e+13	7.09e-01	2.91e-01	3.27e-05
 1.18714e+13	7.24e-01	2.76e-01	3.12e-05
 1.20070e+13	7.37e-01	2.63e-01	2.99e-05
 1.21317e+13	7.48e-01	2.52e-01	2.88e-05
 1.22494e+13	7.58e-01	2.42e-01	2.79e-05
 1.23621e+13	7.67e-01	2.33e-01	2.71e-05
 1.24705e+13	7.76e-01	2.24e-01	2.64e-05
 1.25561e+13	7.82e-01	2.18e-01	2.59e-05
 1.26186e+13	7.87e-01	2.13e-01	2.55e-05
 1.26799e+13	7.91e-01	2.09e-01	2.52e-05
 1.27484e+13	7.96e-01	2.04e-01	2.48e-05
 1.28193e+13	8.01e-01	1.99e-01	2.45e-05
 1.28890e+13	8.06e-01	1.94e-01	2.42e-05
 1.29578e+13	8.10e-01	1.90e-01	2.39e-05
 1.30249e+13	8.14e-01	1.86e-01	2.36e-05
 1.30918e+13	8.18e-01	1.82e-01	2.34e-05
 1.31600e+13	8.23e-01	1.77e-01	2.32e-05
 1.32280e+13	8.26e-01	1.74e-01	2.30e-05
 1.32956e+13	8.30e-01	1.70e-01	2.28e-05
 1.33630e+13	8.34e-01	1.66e-01	2.27e-05
 1.34305e+13	8.37e-01	1.63e-01	2.25e-05
 1.34988e+13	8.41e-01	1.59e-01	2.23e-05
 1.35658e+13	8.44e-01	1.56e-01	2.22e-05
 1.36325e+13	8.47e-01	1.53e-01	2.21e-05
 1.37003e+13	8.50e-01	1.50e-01	2.20e-05
 1.37680e+13	8.53e-01	1.47e-01	2.19e-05
 1.38357e+13	8.56e-01	1.44e-01	2.18e-05
 1.39033e+13	8.59e-01	1.41e-01	2.18e-05
 1.39711e+13	8.61e-01	1.39e-01	2.17e-05
 1.40390e+13	8.64e-01	1.36e-01	2.17e-05
 1.41064e+13	8.66e-01	1.33e-01	2.17e-05
 1.41748e+13	8.69e-01	1.31e-01	2.17e-05
 1.42429e+13	8.71e-01	1.29e-01	2.16e-05
 1.43101e+13	8.74e-01	1.26e-01	2.16e-05
 1.43768e+13	8.76e-01	1.24e-01	2.16e-05
 1.44441e+13	8.78e-01	1.22e-01	2.17e-05
 1.45113e+13	8.80e-01	1.20e-01	2.16e-05
 1.45785e+13	8.82e-01	1.18e-01	2.17e-05
 1.46456e+13	8.84e-01	1.16e-01	2.17e-05
 1.47119e+13	8.86e-01	1.14e-01	2.17e-05
 1.47785e+13	8.88e-01	1.12e-01	2.17e-05
 1.48459e+13	8.90e-01	1.10e-01	2.18e-05
 1.49129e+13	8.92e-01	1.08e-01	2.18e-05
 1.49794e+13	8.93e-01	1.07e-01	2.18e-05
 1.50462e+13	8.95e-01	1.05e-01	2.18e-05
 1.51139e+13	8.97e-01	1.03e-01	2.19e-05
 1.51814e+13	8.98e-01	1.02e-01	2.19e-05
 1.52484e+13	9.00e-01	9.99e-02	2.19e-05
 1.53159e+13	9.02e-01	9.82e-02	2.19e-05
 1.53845e+13	9.03e-01	9.67e-02	2.19e-05
 1.54531e+13	9.05e-01	9.51e-02	2.19e-05
 1.55214e+13	9.06e-01	9.35e-02	2.19e-05
 1.55903e+13	9.08e-01	9.19e-02	2.19e-05
 1.56605e+13	9.10e-01	9.04e-02	2.19e-05
 1.57307e+13	9.11e-01	8.88e-02	2.19e-05
 1.58006e+13	9.13e-01	8.73e-02	2.18e-05
 1.58715e+13	9.14e-01	8.57e-02	2.18e-05
 1.59439e+13	9.16e-01	8.42e-02	2.17e-05
 1.60168e+13	9.17e-01	8.26e-02	2.16e-05
 1.60896e+13	9.19e-01	8.12e-02	2.16e-05
 1.61624e+13	9.20e-01	7.96e-02	2.14e-05
 1.62368e+13	9.22e-01	7.82e-02	2.14e-05
 1.63124e+13	9.23e-01	7.66e-02	2.13e-05
 1.63880e+13	9.25e-01	7.51e-02	2.11e-05
 1.64649e+13	9.26e-01	7.36e-02	2.10e-05
 1.65429e+13	9.28e-01	7.20e-02	2.08e-05
 1.66216e+13	9.29e-01	7.05e-02	2.06e-05
 1.67013e+13	9.31e-01	6.89e-02	2.04e-05
 1.67824e+13	9.33e-01	6.74e-02	2.02e-05
 1.68644e+13	9.34e-01	6.59e-02	1.99e-05
 1.69474e+13	9.36e-01	6.44e-02	1.97e-05
 1.70316e+13	9.37e-01	6.28e-02	1.94e-05
 1.71176e+13	9.39e-01	6.13e-02	1.92e-05
 1.72047e+13	9.40e-01	5.97e-02	1.88e-05
 1.72921e+13	9.42e-01	5.81e-02	1.85e-05
 1.73823e+13	9.43e-01	5.66e-02	1.82e-05
 1.74740e+13	9.45e-01	5.50e-02	1.78e-05
 1.75664e+13	9.46e-01	5.35e-02	1.75e-05
 1.76600e+13	9.48e-01	5.20e-02	1.71e-05
 1.77547e+13	9.50e-01	5.04e-02	1.67e-05
 1.78522e+13	9.51e-01	4.89e-02	1.62e-05
 1.79525e+13	9.53e-01	4.74e-02	1.58e-05
 1.80538e+13	9.54e-01	4.58e-02	1.54e-05
 1.81564e+13	9.56e-01	4.43e-02	1.49e-05
 1.82601e+13	9.57e-01	4.29e-02	1.45e-05
 1.83660e+13	9.59e-01	4.14e-02	1.40e-05
 1.84742e+13	9.60e-01	3.99e-02	1.35e-05
 1.85837e+13	9.61e-01	3.85e-02	1.31e-05
 1.86949e+13	9.63e-01	3.71e-02	1.26e-05
 1.88072e+13	9.64e-01	3.57e-02	1.21e-05
 1.89224e+13	9.66e-01	3.43e-02	1.16e-05
 1.90408e+13	9.67e-01	3.30e-02	1.12e-05
 1.91594e+13	9.68e-01	3.17e-02	1.07e-05
 1.92784e+13	9.70e-01	3.04e-02	1.02e-05
 1.93992e+13	9.71e-01	2.92e-02	9.79e-06
 1.95223e+13	9.72e-01	2.80e-02	9.36e-06
 1.96451e+13	9.73e-01	2.68e-02	8.91e-06
 1.97706e+13	9.74e-01	2.56e-02	8.49e-06
 1.99006e+13	9.75e-01	2.45e-02	8.07e-06
 2.00301e+13	9.77e-01	2.35e-02	7.67e-06
 2.01587e+13	9.78e-01	2.25e-02	7.29e-06
 2.02883e+13	9.78e-01	2.15e-02	6.94e-06
 2.04154e+13	9.79e-01	2.06e-02	6.61e-06
 2.05410e+13	9.80e-01	1.98e-02	6.28e-06
 2.06719e+13	9.81e-01	1.89e-02	5.96e-06
 2.08059e+13	9.82e-01	1.81e-02	5.64e-06
 2.09391e+13	9.83e-01	1.73e-02	5.35e-06
 2.10704e+13	9.83e-01	1.66e-02	5.07e-06
 2.12012e+13	9.84e-01	1.59e-02	4.81e-06
 2.13323e+13	9.85e-01	1.53e-02	4.57e-06
 2.14626e+13	9.85e-01	1.47e-02	4.33e-06
 2.15946e+13	9.86e-01	1.41e-02	4.10e-06
 2.17270e+13	9.86e-01	1.35e-02	3.89e-06
 2.18568e+13	9.87e-01	1.30e-02	3.70e-06
 2.19816e+13	9.87e-01	1.26e-02	3.53e-06
 2.21041e+13	9.88e-01	1.21e-02	3.36e-06
 2.22294e+13	9.88e-01	1.17e-02	3.20e-06
 2.23551e+13	9.89e-01	1.13e-02	3.04e-06
