#depth	O	O+	O+2	O+3	O+4	O+5	O+6	O+7	O+8	O[1]	O[2]	O[3]
 5.59241e+12	1.25e-07	6.26e-03	8.18e-01	1.76e-01	1.87e-05	0.00e+00	0.00e+00	0.00e+00	0.00e+00	1.09e-07	8.81e-09	7.45e-09
 3.35544e+13	1.25e-07	6.27e-03	8.19e-01	1.75e-01	1.86e-05	0.00e+00	0.00e+00	0.00e+00	0.00e+00	1.09e-07	8.83e-09	7.46e-09
 1.45403e+14	1.27e-07	6.31e-03	8.21e-01	1.72e-01	1.81e-05	0.00e+00	0.00e+00	0.00e+00	0.00e+00	1.10e-07	8.93e-09	7.55e-09
 5.92795e+14	1.33e-07	6.50e-03	8.32e-01	1.62e-01	1.63e-05	0.00e+00	0.00e+00	0.00e+00	0.00e+00	1.16e-07	9.36e-09	7.92e-09
 1.41600e+15	1.45e-07	6.80e-03	8.47e-01	1.47e-01	1.37e-05	0.00e+00	0.00e+00	0.00e+00	0.00e+00	1.26e-07	1.01e-08	8.57e-09
 2.48616e+15	1.61e-07	7.21e-03	8.64e-01	1.28e-01	1.09e-05	0.00e+00	0.00e+00	0.00e+00	0.00e+00	1.40e-07	1.11e-08	9.47e-09
 3.87737e+15	1.83e-07	7.74e-03	8.85e-01	1.07e-01	8.02e-06	0.00e+00	0.00e+00	0.00e+00	0.00e+00	1.60e-07	1.25e-08	1.07e-08
 5.68595e+15	2.15e-07	8.44e-03	9.09e-01	8.30e-02	5.29e-06	0.00e+00	0.00e+00	0.00e+00	0.00e+00	1.88e-07	1.45e-08	1.25e-08
 7.84242e+15	2.58e-07	9.28e-03	9.31e-01	6.02e-02	3.16e-06	0.00e+00	0.00e+00	0.00e+00	0.00e+00	2.26e-07	1.71e-08	1.48e-08
 1.01563e+16	3.09e-07	1.02e-02	9.48e-01	4.17e-02	1.78e-06	0.00e+00	0.00e+00	0.00e+00	0.00e+00	2.71e-07	2.02e-08	1.76e-08
 1.25626e+16	3.71e-07	1.12e-02	9.61e-01	2.79e-02	9.52e-07	0.00e+00	0.00e+00	0.00e+00	0.00e+00	3.26e-07	2.39e-08	2.09e-08
 1.50653e+16	4.44e-07	1.23e-02	9.70e-01	1.81e-02	4.90e-07	0.00e+00	0.00e+00	0.00e+00	0.00e+00	3.91e-07	2.82e-08	2.48e-08
 1.76680e+16	5.31e-07	1.34e-02	9.75e-01	1.14e-02	2.43e-07	0.00e+00	0.00e+00	0.00e+00	0.00e+00	4.69e-07	3.33e-08	2.94e-08
 2.03749e+16	6.36e-07	1.46e-02	9.78e-01	7.07e-03	0.00e+00	0.00e+00	0.00e+00	0.00e+00	0.00e+00	5.62e-07	3.94e-08	3.48e-08
 2.31900e+16	7.60e-07	1.59e-02	9.80e-01	4.31e-03	0.00e+00	0.00e+00	0.00e+00	0.00e+00	0.00e+00	6.72e-07	4.65e-08	4.12e-08
 2.61178e+16	9.09e-07	1.73e-02	9.80e-01	2.59e-03	0.00e+00	0.00e+00	0.00e+00	0.00e+00	0.00e+00	8.05e-07	5.49e-08	4.88e-08
 2.91626e+16	1.09e-06	1.88e-02	9.80e-01	1.54e-03	0.00e+00	0.00e+00	0.00e+00	0.00e+00	0.00e+00	9.63e-07	6.49e-08	5.78e-08
 3.23293e+16	1.30e-06	2.04e-02	9.79e-01	9.08e-04	0.00e+00	0.00e+00	0.00e+00	0.00e+00	0.00e+00	1.15e-06	7.67e-08	6.85e-08
 3.56226e+16	1.55e-06	2.21e-02	9.77e-01	5.31e-04	0.00e+00	0.00e+00	0.00e+00	0.00e+00	0.00e+00	1.38e-06	9.07e-08	8.12e-08
 3.90476e+16	1.85e-06	2.40e-02	9.76e-01	3.09e-04	0.00e+00	0.00e+00	0.00e+00	0.00e+00	0.00e+00	1.65e-06	1.07e-07	9.63e-08
 4.26096e+16	2.21e-06	2.60e-02	9.74e-01	1.79e-04	0.00e+00	0.00e+00	0.00e+00	0.00e+00	0.00e+00	1.97e-06	1.27e-07	1.14e-07
 4.63142e+16	2.65e-06	2.82e-02	9.72e-01	1.04e-04	0.00e+00	0.00e+00	0.00e+00	0.00e+00	0.00e+00	2.36e-06	1.51e-07	1.36e-07
 5.01669e+16	3.17e-06	3.06e-02	9.69e-01	6.03e-05	0.00e+00	0.00e+00	0.00e+00	0.00e+00	0.00e+00	2.82e-06	1.79e-07	1.62e-07
 5.41737e+16	3.79e-06	3.32e-02	9.67e-01	3.50e-05	0.00e+00	0.00e+00	0.00e+00	0.00e+00	0.00e+00	3.38e-06	2.13e-07	1.92e-07
 5.83408e+16	4.54e-06	3.61e-02	9.64e-01	2.05e-05	0.00e+00	0.00e+00	0.00e+00	0.00e+00	0.00e+00	4.05e-06	2.54e-07	2.29e-07
 6.26745e+16	5.44e-06	3.91e-02	9.61e-01	1.20e-05	0.00e+00	0.00e+00	0.00e+00	0.00e+00	0.00e+00	4.86e-06	3.02e-07	2.74e-07
 6.71817e+16	6.52e-06	4.25e-02	9.57e-01	7.17e-06	0.00e+00	0.00e+00	0.00e+00	0.00e+00	0.00e+00	5.84e-06	3.60e-07	3.27e-07
 7.18691e+16	7.83e-06	4.62e-02	9.54e-01	4.33e-06	0.00e+00	0.00e+00	0.00e+00	0.00e+00	0.00e+00	7.01e-06	4.30e-07	3.90e-07
 7.67440e+16	9.40e-06	5.02e-02	9.50e-01	2.68e-06	0.00e+00	0.00e+00	0.00e+00	0.00e+00	0.00e+00	8.42e-06	5.14e-07	4.67e-07
 8.18139e+16	1.13e-05	5.46e-02	9.45e-01	1.70e-06	0.00e+00	0.00e+00	0.00e+00	0.00e+00	0.00e+00	1.01e-05	6.15e-07	5.59e-07
 8.70866e+16	1.36e-05	5.93e-02	9.41e-01	1.11e-06	0.00e+00	0.00e+00	0.00e+00	0.00e+00	0.00e+00	1.22e-05	7.36e-07	6.71e-07
 9.25702e+16	1.64e-05	6.46e-02	9.35e-01	7.56e-07	0.00e+00	0.00e+00	0.00e+00	0.00e+00	0.00e+00	1.47e-05	8.82e-07	8.05e-07
 9.82731e+16	1.97e-05	7.03e-02	9.30e-01	5.37e-07	0.00e+00	0.00e+00	0.00e+00	0.00e+00	0.00e+00	1.77e-05	1.06e-06	9.66e-07
 1.04204e+17	2.37e-05	7.66e-02	9.23e-01	3.98e-07	0.00e+00	0.00e+00	0.00e+00	0.00e+00	0.00e+00	2.13e-05	1.27e-06	1.16e-06
 1.10372e+17	2.87e-05	8.35e-02	9.16e-01	3.07e-07	0.00e+00	0.00e+00	0.00e+00	0.00e+00	0.00e+00	2.57e-05	1.53e-06	1.40e-06
 1.16788e+17	3.46e-05	9.11e-02	9.09e-01	2.45e-07	0.00e+00	0.00e+00	0.00e+00	0.00e+00	0.00e+00	3.11e-05	1.84e-06	1.69e-06
 1.23201e+17	4.15e-05	9.91e-02	9.01e-01	2.02e-07	0.00e+00	0.00e+00	0.00e+00	0.00e+00	0.00e+00	3.73e-05	2.20e-06	2.02e-06
 1.29481e+17	4.94e-05	1.07e-01	8.93e-01	1.71e-07	0.00e+00	0.00e+00	0.00e+00	0.00e+00	0.00e+00	4.44e-05	2.61e-06	2.40e-06
 1.36272e+17	5.94e-05	1.17e-01	8.83e-01	1.46e-07	0.00e+00	0.00e+00	0.00e+00	0.00e+00	0.00e+00	5.34e-05	3.13e-06	2.88e-06
 1.43497e+17	7.18e-05	1.28e-01	8.72e-01	1.25e-07	0.00e+00	0.00e+00	0.00e+00	0.00e+00	0.00e+00	6.45e-05	3.77e-06	3.47e-06
 1.50474e+17	8.57e-05	1.39e-01	8.61e-01	0.00e+00	0.00e+00	0.00e+00	0.00e+00	0.00e+00	0.00e+00	7.71e-05	4.49e-06	4.14e-06
 1.57182e+17	1.01e-04	1.50e-01	8.50e-01	0.00e+00	0.00e+00	0.00e+00	0.00e+00	0.00e+00	0.00e+00	9.11e-05	5.30e-06	4.88e-06
 1.64696e+17	1.22e-04	1.63e-01	8.37e-01	0.00e+00	0.00e+00	0.00e+00	0.00e+00	0.00e+00	0.00e+00	1.10e-04	6.37e-06	5.87e-06
 1.72737e+17	1.48e-04	1.78e-01	8.22e-01	0.00e+00	0.00e+00	0.00e+00	0.00e+00	0.00e+00	0.00e+00	1.33e-04	7.70e-06	7.10e-06
 1.79922e+17	1.75e-04	1.93e-01	8.07e-01	0.00e+00	0.00e+00	0.00e+00	0.00e+00	0.00e+00	0.00e+00	1.57e-04	9.08e-06	8.38e-06
 1.87637e+17	2.10e-04	2.09e-01	7.90e-01	0.00e+00	0.00e+00	0.00e+00	0.00e+00	0.00e+00	0.00e+00	1.89e-04	1.09e-05	1.00e-05
 1.95961e+17	2.53e-04	2.28e-01	7.71e-01	0.00e+00	0.00e+00	0.00e+00	0.00e+00	0.00e+00	0.00e+00	2.28e-04	1.31e-05	1.21e-05
 2.03339e+17	3.00e-04	2.47e-01	7.53e-01	0.00e+00	0.00e+00	0.00e+00	0.00e+00	0.00e+00	0.00e+00	2.70e-04	1.55e-05	1.43e-05
 2.10111e+17	3.50e-04	2.65e-01	7.35e-01	0.00e+00	0.00e+00	0.00e+00	0.00e+00	0.00e+00	0.00e+00	3.15e-04	1.81e-05	1.67e-05
 2.17836e+17	4.18e-04	2.87e-01	7.13e-01	0.00e+00	0.00e+00	0.00e+00	0.00e+00	0.00e+00	0.00e+00	3.77e-04	2.16e-05	2.00e-05
 2.26117e+17	5.06e-04	3.12e-01	6.87e-01	0.00e+00	0.00e+00	0.00e+00	0.00e+00	0.00e+00	0.00e+00	4.56e-04	2.61e-05	2.42e-05
 2.33321e+17	5.97e-04	3.36e-01	6.64e-01	0.00e+00	0.00e+00	0.00e+00	0.00e+00	0.00e+00	0.00e+00	5.37e-04	3.08e-05	2.85e-05
 2.39774e+17	6.95e-04	3.59e-01	6.40e-01	0.00e+00	0.00e+00	0.00e+00	0.00e+00	0.00e+00	0.00e+00	6.26e-04	3.59e-05	3.32e-05
 2.47050e+17	8.29e-04	3.87e-01	6.12e-01	0.00e+00	0.00e+00	0.00e+00	0.00e+00	0.00e+00	0.00e+00	7.46e-04	4.28e-05	3.95e-05
 2.54799e+17	1.00e-03	4.19e-01	5.80e-01	0.00e+00	0.00e+00	0.00e+00	0.00e+00	0.00e+00	0.00e+00	9.02e-04	5.17e-05	4.78e-05
 2.61411e+17	1.18e-03	4.49e-01	5.50e-01	0.00e+00	0.00e+00	0.00e+00	0.00e+00	0.00e+00	0.00e+00	1.07e-03	6.10e-05	5.64e-05
 2.67169e+17	1.37e-03	4.77e-01	5.22e-01	0.00e+00	0.00e+00	0.00e+00	0.00e+00	0.00e+00	0.00e+00	1.24e-03	7.08e-05	6.55e-05
 2.73568e+17	1.63e-03	5.11e-01	4.88e-01	0.00e+00	0.00e+00	0.00e+00	0.00e+00	0.00e+00	0.00e+00	1.47e-03	8.41e-05	7.77e-05
 2.80376e+17	1.97e-03	5.49e-01	4.49e-01	0.00e+00	0.00e+00	0.00e+00	0.00e+00	0.00e+00	0.00e+00	1.77e-03	1.02e-04	9.39e-05
 2.86112e+17	2.32e-03	5.84e-01	4.14e-01	0.00e+00	0.00e+00	0.00e+00	0.00e+00	0.00e+00	0.00e+00	2.09e-03	1.20e-04	1.11e-04
 2.90996e+17	2.69e-03	6.15e-01	3.82e-01	0.00e+00	0.00e+00	0.00e+00	0.00e+00	0.00e+00	0.00e+00	2.42e-03	1.39e-04	1.28e-04
 2.96377e+17	3.18e-03	6.52e-01	3.45e-01	0.00e+00	0.00e+00	0.00e+00	0.00e+00	0.00e+00	0.00e+00	2.87e-03	1.64e-04	1.52e-04
 3.02087e+17	3.83e-03	6.93e-01	3.03e-01	0.00e+00	0.00e+00	0.00e+00	0.00e+00	0.00e+00	0.00e+00	3.45e-03	1.98e-04	1.83e-04
 3.06847e+17	4.52e-03	7.29e-01	2.67e-01	0.00e+00	0.00e+00	0.00e+00	0.00e+00	0.00e+00	0.00e+00	4.07e-03	2.34e-04	2.15e-04
 3.10797e+17	5.23e-03	7.60e-01	2.35e-01	0.00e+00	0.00e+00	0.00e+00	0.00e+00	0.00e+00	0.00e+00	4.71e-03	2.70e-04	2.49e-04
 3.14296e+17	5.97e-03	7.87e-01	2.07e-01	0.00e+00	0.00e+00	0.00e+00	0.00e+00	0.00e+00	0.00e+00	5.38e-03	3.08e-04	2.84e-04
 3.18063e+17	6.92e-03	8.17e-01	1.77e-01	0.00e+00	0.00e+00	0.00e+00	0.00e+00	0.00e+00	0.00e+00	6.23e-03	3.57e-04	3.29e-04
 3.22306e+17	8.25e-03	8.49e-01	1.43e-01	0.00e+00	0.00e+00	0.00e+00	0.00e+00	0.00e+00	0.00e+00	7.43e-03	4.26e-04	3.93e-04
 3.25696e+17	9.60e-03	8.75e-01	1.16e-01	0.00e+00	0.00e+00	0.00e+00	0.00e+00	0.00e+00	0.00e+00	8.65e-03	4.96e-04	4.57e-04
 3.27891e+17	1.07e-02	8.91e-01	9.83e-02	0.00e+00	0.00e+00	0.00e+00	0.00e+00	0.00e+00	0.00e+00	9.61e-03	5.50e-04	5.07e-04
 3.29712e+17	1.16e-02	9.04e-01	8.47e-02	0.00e+00	0.00e+00	0.00e+00	0.00e+00	0.00e+00	0.00e+00	1.05e-02	6.00e-04	5.53e-04
 3.31789e+17	1.29e-02	9.17e-01	6.97e-02	0.00e+00	0.00e+00	0.00e+00	0.00e+00	0.00e+00	0.00e+00	1.17e-02	6.67e-04	6.15e-04
 3.34120e+17	1.46e-02	9.31e-01	5.41e-02	0.00e+00	0.00e+00	0.00e+00	0.00e+00	0.00e+00	0.00e+00	1.32e-02	7.54e-04	6.94e-04
 3.36204e+17	1.65e-02	9.42e-01	4.10e-02	0.00e+00	0.00e+00	0.00e+00	0.00e+00	0.00e+00	0.00e+00	1.49e-02	8.51e-04	7.85e-04
 3.37820e+17	1.81e-02	9.50e-01	3.19e-02	0.00e+00	0.00e+00	0.00e+00	0.00e+00	0.00e+00	0.00e+00	1.63e-02	9.32e-04	8.59e-04
 3.39000e+17	1.94e-02	9.55e-01	2.58e-02	0.00e+00	0.00e+00	0.00e+00	0.00e+00	0.00e+00	0.00e+00	1.74e-02	9.96e-04	9.18e-04
 3.39946e+17	2.05e-02	9.58e-01	2.12e-02	0.00e+00	0.00e+00	0.00e+00	0.00e+00	0.00e+00	0.00e+00	1.85e-02	1.06e-03	9.73e-04
 3.40988e+17	2.19e-02	9.61e-01	1.68e-02	0.00e+00	0.00e+00	0.00e+00	0.00e+00	0.00e+00	0.00e+00	1.97e-02	1.13e-03	1.04e-03
 3.42131e+17	2.36e-02	9.64e-01	1.26e-02	0.00e+00	0.00e+00	0.00e+00	0.00e+00	0.00e+00	0.00e+00	2.13e-02	1.21e-03	1.12e-03
 3.43143e+17	2.53e-02	9.65e-01	9.41e-03	0.00e+00	0.00e+00	0.00e+00	0.00e+00	0.00e+00	0.00e+00	2.28e-02	1.30e-03	1.20e-03
 3.44031e+17	2.68e-02	9.66e-01	7.11e-03	0.00e+00	0.00e+00	0.00e+00	0.00e+00	0.00e+00	0.00e+00	2.42e-02	1.38e-03	1.27e-03
 3.45022e+17	2.88e-02	9.66e-01	5.07e-03	0.00e+00	0.00e+00	0.00e+00	0.00e+00	0.00e+00	0.00e+00	2.60e-02	1.47e-03	1.36e-03
 3.46310e+17	3.17e-02	9.65e-01	3.17e-03	0.00e+00	0.00e+00	0.00e+00	0.00e+00	0.00e+00	0.00e+00	2.85e-02	1.62e-03	1.49e-03
 3.47985e+17	3.61e-02	9.62e-01	1.65e-03	0.00e+00	0.00e+00	0.00e+00	0.00e+00	0.00e+00	0.00e+00	3.26e-02	1.84e-03	1.70e-03
 3.49855e+17	4.24e-02	9.57e-01	7.65e-04	0.00e+00	0.00e+00	0.00e+00	0.00e+00	0.00e+00	0.00e+00	3.82e-02	2.15e-03	1.99e-03
 3.51584e+17	5.01e-02	9.50e-01	3.68e-04	0.00e+00	0.00e+00	0.00e+00	0.00e+00	0.00e+00	0.00e+00	4.52e-02	2.53e-03	2.34e-03
 3.53065e+17	5.87e-02	9.41e-01	1.95e-04	0.00e+00	0.00e+00	0.00e+00	0.00e+00	0.00e+00	0.00e+00	5.31e-02	2.96e-03	2.74e-03
 3.54321e+17	6.84e-02	9.31e-01	1.13e-04	0.00e+00	0.00e+00	0.00e+00	0.00e+00	0.00e+00	0.00e+00	6.18e-02	3.43e-03	3.17e-03
 3.55435e+17	7.95e-02	9.20e-01	6.88e-05	0.00e+00	0.00e+00	0.00e+00	0.00e+00	0.00e+00	0.00e+00	7.18e-02	3.96e-03	3.67e-03
 3.56457e+17	9.24e-02	9.08e-01	4.30e-05	0.00e+00	0.00e+00	0.00e+00	0.00e+00	0.00e+00	0.00e+00	8.36e-02	4.56e-03	4.24e-03
 3.57398e+17	1.07e-01	8.93e-01	2.75e-05	0.00e+00	0.00e+00	0.00e+00	0.00e+00	0.00e+00	0.00e+00	9.72e-02	5.26e-03	4.89e-03
 3.58258e+17	1.25e-01	8.75e-01	1.80e-05	0.00e+00	0.00e+00	0.00e+00	0.00e+00	0.00e+00	0.00e+00	1.13e-01	6.05e-03	5.64e-03
 3.59037e+17	1.45e-01	8.55e-01	1.20e-05	0.00e+00	0.00e+00	0.00e+00	0.00e+00	0.00e+00	0.00e+00	1.32e-01	6.94e-03	6.48e-03
 3.59741e+17	1.68e-01	8.32e-01	8.18e-06	0.00e+00	0.00e+00	0.00e+00	0.00e+00	0.00e+00	0.00e+00	1.53e-01	7.91e-03	7.41e-03
 3.60386e+17	1.95e-01	8.05e-01	5.63e-06	0.00e+00	0.00e+00	0.00e+00	0.00e+00	0.00e+00	0.00e+00	1.77e-01	8.98e-03	8.45e-03
 3.60978e+17	2.25e-01	7.75e-01	3.91e-06	0.00e+00	0.00e+00	0.00e+00	0.00e+00	0.00e+00	0.00e+00	2.05e-01	1.01e-02	9.58e-03
 3.61523e+17	2.60e-01	7.40e-01	2.74e-06	0.00e+00	0.00e+00	0.00e+00	0.00e+00	0.00e+00	0.00e+00	2.37e-01	1.14e-02	1.08e-02
 3.62030e+17	2.98e-01	7.02e-01	1.92e-06	0.00e+00	0.00e+00	0.00e+00	0.00e+00	0.00e+00	0.00e+00	2.74e-01	1.26e-02	1.21e-02
 3.62487e+17	3.39e-01	6.61e-01	1.37e-06	0.00e+00	0.00e+00	0.00e+00	0.00e+00	0.00e+00	0.00e+00	3.12e-01	1.38e-02	1.33e-02
 3.62857e+17	3.78e-01	6.22e-01	1.03e-06	0.00e+00	0.00e+00	0.00e+00	0.00e+00	0.00e+00	0.00e+00	3.49e-01	1.48e-02	1.43e-02
 3.63137e+17	4.10e-01	5.90e-01	8.17e-07	0.00e+00	0.00e+00	0.00e+00	0.00e+00	0.00e+00	0.00e+00	3.80e-01	1.55e-02	1.51e-02
 3.63365e+17	4.38e-01	5.62e-01	6.74e-07	0.00e+00	0.00e+00	0.00e+00	0.00e+00	0.00e+00	0.00e+00	4.06e-01	1.61e-02	1.57e-02
 3.63568e+17	4.65e-01	5.35e-01	5.64e-07	0.00e+00	0.00e+00	0.00e+00	0.00e+00	0.00e+00	0.00e+00	4.32e-01	1.65e-02	1.62e-02
 3.63753e+17	4.90e-01	5.10e-01	4.78e-07	0.00e+00	0.00e+00	0.00e+00	0.00e+00	0.00e+00	0.00e+00	4.56e-01	1.69e-02	1.67e-02
 3.63925e+17	5.14e-01	4.86e-01	4.08e-07	0.00e+00	0.00e+00	0.00e+00	0.00e+00	0.00e+00	0.00e+00	4.80e-01	1.72e-02	1.70e-02
 3.64080e+17	5.36e-01	4.64e-01	3.53e-07	0.00e+00	0.00e+00	0.00e+00	0.00e+00	0.00e+00	0.00e+00	5.02e-01	1.74e-02	1.73e-02
 3.64225e+17	5.58e-01	4.42e-01	3.07e-07	0.00e+00	0.00e+00	0.00e+00	0.00e+00	0.00e+00	0.00e+00	5.23e-01	1.75e-02	1.75e-02
 3.64362e+17	5.78e-01	4.22e-01	2.69e-07	0.00e+00	0.00e+00	0.00e+00	0.00e+00	0.00e+00	0.00e+00	5.43e-01	1.76e-02	1.76e-02
 3.64489e+17	5.97e-01	4.03e-01	2.37e-07	0.00e+00	0.00e+00	0.00e+00	0.00e+00	0.00e+00	0.00e+00	5.62e-01	1.76e-02	1.77e-02
 3.64590e+17	6.11e-01	3.89e-01	2.15e-07	0.00e+00	0.00e+00	0.00e+00	0.00e+00	0.00e+00	0.00e+00	5.76e-01	1.76e-02	1.78e-02
 3.64666e+17	6.23e-01	3.77e-01	2.00e-07	0.00e+00	0.00e+00	0.00e+00	0.00e+00	0.00e+00	0.00e+00	5.87e-01	1.76e-02	1.78e-02
 3.64739e+17	6.34e-01	3.66e-01	1.85e-07	0.00e+00	0.00e+00	0.00e+00	0.00e+00	0.00e+00	0.00e+00	5.99e-01	1.76e-02	1.78e-02
 3.64817e+17	6.46e-01	3.54e-01	1.71e-07	0.00e+00	0.00e+00	0.00e+00	0.00e+00	0.00e+00	0.00e+00	6.11e-01	1.75e-02	1.78e-02
 3.64896e+17	6.58e-01	3.42e-01	1.57e-07	0.00e+00	0.00e+00	0.00e+00	0.00e+00	0.00e+00	0.00e+00	6.23e-01	1.74e-02	1.78e-02
 3.64975e+17	6.70e-01	3.30e-01	1.45e-07	0.00e+00	0.00e+00	0.00e+00	0.00e+00	0.00e+00	0.00e+00	6.35e-01	1.74e-02	1.77e-02
 3.65052e+17	6.81e-01	3.19e-01	1.34e-07	0.00e+00	0.00e+00	0.00e+00	0.00e+00	0.00e+00	0.00e+00	6.46e-01	1.72e-02	1.76e-02
 3.65128e+17	6.92e-01	3.08e-01	1.23e-07	0.00e+00	0.00e+00	0.00e+00	0.00e+00	0.00e+00	0.00e+00	6.58e-01	1.71e-02	1.75e-02
 3.65203e+17	7.03e-01	2.97e-01	1.14e-07	0.00e+00	0.00e+00	0.00e+00	0.00e+00	0.00e+00	0.00e+00	6.69e-01	1.70e-02	1.73e-02
 3.65278e+17	7.14e-01	2.86e-01	1.05e-07	0.00e+00	0.00e+00	0.00e+00	0.00e+00	0.00e+00	0.00e+00	6.80e-01	1.68e-02	1.71e-02
 3.65352e+17	7.25e-01	2.75e-01	9.71e-08	0.00e+00	0.00e+00	0.00e+00	0.00e+00	0.00e+00	0.00e+00	6.91e-01	1.66e-02	1.70e-02
 3.65425e+17	7.35e-01	2.65e-01	8.96e-08	0.00e+00	0.00e+00	0.00e+00	0.00e+00	0.00e+00	0.00e+00	7.02e-01	1.64e-02	1.68e-02
 3.65497e+17	7.45e-01	2.55e-01	8.30e-08	0.00e+00	0.00e+00	0.00e+00	0.00e+00	0.00e+00	0.00e+00	7.12e-01	1.63e-02	1.66e-02
 3.65569e+17	7.55e-01	2.45e-01	7.68e-08	0.00e+00	0.00e+00	0.00e+00	0.00e+00	0.00e+00	0.00e+00	7.22e-01	1.61e-02	1.63e-02
 3.65641e+17	7.64e-01	2.36e-01	7.09e-08	0.00e+00	0.00e+00	0.00e+00	0.00e+00	0.00e+00	0.00e+00	7.32e-01	1.58e-02	1.61e-02
 3.65712e+17	7.74e-01	2.26e-01	6.56e-08	0.00e+00	0.00e+00	0.00e+00	0.00e+00	0.00e+00	0.00e+00	7.42e-01	1.56e-02	1.59e-02
 3.65782e+17	7.83e-01	2.17e-01	6.08e-08	0.00e+00	0.00e+00	0.00e+00	0.00e+00	0.00e+00	0.00e+00	7.52e-01	1.54e-02	1.56e-02
 3.65851e+17	7.91e-01	2.09e-01	5.63e-08	0.00e+00	0.00e+00	0.00e+00	0.00e+00	0.00e+00	0.00e+00	7.61e-01	1.52e-02	1.53e-02
 3.65918e+17	8.00e-01	2.00e-01	5.23e-08	0.00e+00	0.00e+00	0.00e+00	0.00e+00	0.00e+00	0.00e+00	7.70e-01	1.49e-02	1.51e-02
 3.65985e+17	8.08e-01	1.92e-01	4.85e-08	0.00e+00	0.00e+00	0.00e+00	0.00e+00	0.00e+00	0.00e+00	7.79e-01	1.47e-02	1.48e-02
 3.66051e+17	8.16e-01	1.84e-01	4.51e-08	0.00e+00	0.00e+00	0.00e+00	0.00e+00	0.00e+00	0.00e+00	7.87e-01	1.44e-02	1.45e-02
 3.66116e+17	8.24e-01	1.76e-01	4.19e-08	0.00e+00	0.00e+00	0.00e+00	0.00e+00	0.00e+00	0.00e+00	7.95e-01	1.42e-02	1.43e-02
 3.66180e+17	8.31e-01	1.69e-01	3.90e-08	0.00e+00	0.00e+00	0.00e+00	0.00e+00	0.00e+00	0.00e+00	8.03e-01	1.39e-02	1.40e-02
 3.66243e+17	8.38e-01	1.62e-01	3.63e-08	0.00e+00	0.00e+00	0.00e+00	0.00e+00	0.00e+00	0.00e+00	8.11e-01	1.37e-02	1.37e-02
 3.66304e+17	8.45e-01	1.55e-01	3.39e-08	0.00e+00	0.00e+00	0.00e+00	0.00e+00	0.00e+00	0.00e+00	8.18e-01	1.34e-02	1.34e-02
 3.66363e+17	8.51e-01	1.49e-01	3.18e-08	0.00e+00	0.00e+00	0.00e+00	0.00e+00	0.00e+00	0.00e+00	8.25e-01	1.32e-02	1.31e-02
 3.66421e+17	8.57e-01	1.43e-01	2.98e-08	0.00e+00	0.00e+00	0.00e+00	0.00e+00	0.00e+00	0.00e+00	8.32e-01	1.30e-02	1.29e-02
 3.66477e+17	8.63e-01	1.37e-01	2.79e-08	0.00e+00	0.00e+00	0.00e+00	0.00e+00	0.00e+00	0.00e+00	8.38e-01	1.27e-02	1.26e-02
 3.66532e+17	8.69e-01	1.31e-01	2.63e-08	0.00e+00	0.00e+00	0.00e+00	0.00e+00	0.00e+00	0.00e+00	8.44e-01	1.25e-02	1.23e-02
 3.66585e+17	8.75e-01	1.25e-01	2.47e-08	0.00e+00	0.00e+00	0.00e+00	0.00e+00	0.00e+00	0.00e+00	8.51e-01	1.22e-02	1.20e-02
 3.66636e+17	8.80e-01	1.20e-01	2.33e-08	0.00e+00	0.00e+00	0.00e+00	0.00e+00	0.00e+00	0.00e+00	8.57e-01	1.20e-02	1.17e-02
 3.66686e+17	8.85e-01	1.15e-01	2.21e-08	0.00e+00	0.00e+00	0.00e+00	0.00e+00	0.00e+00	0.00e+00	8.62e-01	1.18e-02	1.14e-02
 3.66731e+17	8.90e-01	1.10e-01	2.10e-08	0.00e+00	0.00e+00	0.00e+00	0.00e+00	0.00e+00	0.00e+00	8.67e-01	1.15e-02	1.11e-02
 3.66771e+17	8.94e-01	1.06e-01	2.01e-08	0.00e+00	0.00e+00	0.00e+00	0.00e+00	0.00e+00	0.00e+00	8.72e-01	1.13e-02	1.09e-02
 3.66805e+17	8.98e-01	1.02e-01	1.93e-08	0.00e+00	0.00e+00	0.00e+00	0.00e+00	0.00e+00	0.00e+00	8.76e-01	1.11e-02	1.06e-02
 3.66833e+17	9.01e-01	9.89e-02	1.87e-08	0.00e+00	0.00e+00	0.00e+00	0.00e+00	0.00e+00	0.00e+00	8.80e-01	1.09e-02	1.04e-02
 3.66858e+17	9.04e-01	9.60e-02	1.82e-08	0.00e+00	0.00e+00	0.00e+00	0.00e+00	0.00e+00	0.00e+00	8.83e-01	1.07e-02	1.02e-02
 3.66880e+17	9.07e-01	9.34e-02	1.77e-08	0.00e+00	0.00e+00	0.00e+00	0.00e+00	0.00e+00	0.00e+00	8.86e-01	1.06e-02	1.01e-02
 3.66900e+17	9.09e-01	9.10e-02	1.73e-08	0.00e+00	0.00e+00	0.00e+00	0.00e+00	0.00e+00	0.00e+00	8.89e-01	1.04e-02	9.88e-03
