#depth	He	He+	He+2
 5.48395e+12	1.42e-04	7.14e-01	2.86e-01
 3.29037e+13	1.42e-04	7.14e-01	2.85e-01
 1.42583e+14	1.43e-04	7.17e-01	2.83e-01
 5.81298e+14	1.46e-04	7.27e-01	2.73e-01
 1.38853e+15	1.49e-04	7.36e-01	2.64e-01
 2.43794e+15	1.57e-04	7.54e-01	2.46e-01
 3.80217e+15	1.69e-04	7.81e-01	2.19e-01
 5.57567e+15	1.88e-04	8.18e-01	1.82e-01
 7.70972e+15	2.12e-04	8.59e-01	1.41e-01
 1.00182e+16	2.40e-04	8.98e-01	1.02e-01
 1.24191e+16	2.69e-04	9.30e-01	7.02e-02
 1.49160e+16	3.00e-04	9.54e-01	4.62e-02
 1.75128e+16	3.32e-04	9.70e-01	2.93e-02
 2.02134e+16	3.65e-04	9.82e-01	1.81e-02
 2.30221e+16	4.00e-04	9.89e-01	1.09e-02
 2.59431e+16	4.37e-04	9.93e-01	6.50e-03
 2.89810e+16	4.77e-04	9.96e-01	3.81e-03
 3.21404e+16	5.20e-04	9.97e-01	2.21e-03
 3.54261e+16	5.65e-04	9.98e-01	1.27e-03
 3.88433e+16	6.15e-04	9.99e-01	7.29e-04
 4.23972e+16	6.68e-04	9.99e-01	4.15e-04
 4.60932e+16	7.26e-04	9.99e-01	2.36e-04
 4.99371e+16	7.88e-04	9.99e-01	1.34e-04
 5.39347e+16	8.56e-04	9.99e-01	7.60e-05
 5.80922e+16	9.29e-04	9.99e-01	4.33e-05
 6.24161e+16	1.01e-03	9.99e-01	2.47e-05
 6.69128e+16	1.09e-03	9.99e-01	1.42e-05
 7.15895e+16	1.19e-03	9.99e-01	8.15e-06
 7.64532e+16	1.29e-03	9.99e-01	4.71e-06
 8.15115e+16	1.40e-03	9.99e-01	2.74e-06
 8.67721e+16	1.52e-03	9.98e-01	1.60e-06
 9.22431e+16	1.65e-03	9.98e-01	9.34e-07
 9.79330e+16	1.79e-03	9.98e-01	5.49e-07
 1.03850e+17	1.94e-03	9.98e-01	3.23e-07
 1.10005e+17	2.11e-03	9.98e-01	1.91e-07
 1.16179e+17	2.29e-03	9.98e-01	1.15e-07
 1.22252e+17	2.48e-03	9.98e-01	7.17e-08
 1.28794e+17	2.69e-03	9.97e-01	4.34e-08
 1.35743e+17	2.93e-03	9.97e-01	2.63e-08
 1.42477e+17	3.17e-03	9.97e-01	1.66e-08
 1.48997e+17	3.43e-03	9.97e-01	1.08e-08
 1.56269e+17	3.73e-03	9.96e-01	6.75e-09
 1.64039e+17	4.08e-03	9.96e-01	4.27e-09
 1.71060e+17	4.42e-03	9.96e-01	2.90e-09
 1.78641e+17	4.83e-03	9.95e-01	1.95e-09
 1.86814e+17	5.30e-03	9.95e-01	1.34e-09
 1.94051e+17	5.76e-03	9.94e-01	9.99e-10
 2.00708e+17	6.23e-03	9.94e-01	7.89e-10
 2.08317e+17	6.83e-03	9.93e-01	6.25e-10
 2.16490e+17	7.55e-03	9.92e-01	5.16e-10
 2.23633e+17	8.26e-03	9.92e-01	4.53e-10
 2.30057e+17	8.98e-03	9.91e-01	4.13e-10
 2.37310e+17	9.94e-03	9.90e-01	3.81e-10
 2.45040e+17	1.11e-02	9.89e-01	3.59e-10
 2.51651e+17	1.23e-02	9.88e-01	3.47e-10
 2.57439e+17	1.35e-02	9.87e-01	3.39e-10
 2.63894e+17	1.50e-02	9.85e-01	3.33e-10
 2.70762e+17	1.70e-02	9.83e-01	3.30e-10
 2.76564e+17	1.91e-02	9.81e-01	3.29e-10
 2.81517e+17	2.13e-02	9.79e-01	3.29e-10
 2.86966e+17	2.42e-02	9.76e-01	3.30e-10
 2.92752e+17	2.80e-02	9.72e-01	3.33e-10
 2.97598e+17	3.22e-02	9.68e-01	3.35e-10
 3.01669e+17	3.67e-02	9.63e-01	3.38e-10
 3.06105e+17	4.29e-02	9.57e-01	3.41e-10
 3.10867e+17	5.20e-02	9.48e-01	3.45e-10
 3.14884e+17	6.24e-02	9.38e-01	3.53e-10
 3.17979e+17	7.37e-02	9.26e-01	3.58e-10
 3.20395e+17	8.52e-02	9.15e-01	3.63e-10
 3.22518e+17	9.81e-02	9.02e-01	3.67e-10
 3.24590e+17	1.14e-01	8.86e-01	3.73e-10
 3.26573e+17	1.34e-01	8.66e-01	3.78e-10
 3.28346e+17	1.57e-01	8.43e-01	3.83e-10
 3.29885e+17	1.83e-01	8.17e-01	3.84e-10
 3.31237e+17	2.13e-01	7.87e-01	3.91e-10
 3.32470e+17	2.46e-01	7.54e-01	3.93e-10
 3.33640e+17	2.86e-01	7.14e-01	3.87e-10
 3.34734e+17	3.33e-01	6.67e-01	3.82e-10
 3.35741e+17	3.84e-01	6.16e-01	3.79e-10
 3.36693e+17	4.43e-01	5.57e-01	3.63e-10
 3.37624e+17	5.09e-01	4.91e-01	3.42e-10
 3.38686e+17	5.92e-01	4.08e-01	3.08e-10
 3.39838e+17	6.85e-01	3.15e-01	2.65e-10
 3.40914e+17	7.69e-01	2.31e-01	2.09e-10
 3.42118e+17	8.46e-01	1.54e-01	1.51e-10
 3.43683e+17	9.15e-01	8.53e-02	9.09e-11
 3.45717e+17	9.62e-01	3.85e-02	4.52e-11
 3.47978e+17	9.84e-01	1.64e-02	2.14e-11
 3.49913e+17	9.91e-01	8.73e-03	1.26e-11
 3.51176e+17	9.94e-01	6.17e-03	9.73e-12
 3.51924e+17	9.95e-01	5.14e-03	8.96e-12
 3.52634e+17	9.96e-01	4.35e-03	8.24e-12
 3.53558e+17	9.96e-01	3.57e-03	7.74e-12
 3.54478e+17	9.97e-01	3.01e-03	7.73e-12
 3.55148e+17	9.97e-01	2.68e-03	8.06e-12
 3.55648e+17	9.98e-01	2.46e-03	8.51e-12
 3.56176e+17	9.98e-01	2.23e-03	9.23e-12
 3.56754e+17	9.98e-01	1.99e-03	1.03e-11
 3.57227e+17	9.98e-01	1.80e-03	1.17e-11
 3.57543e+17	9.98e-01	1.67e-03	1.28e-11
 3.57765e+17	9.98e-01	1.58e-03	1.38e-11
 3.57961e+17	9.98e-01	1.51e-03	1.48e-11
 3.58156e+17	9.99e-01	1.43e-03	1.58e-11
 3.58345e+17	9.99e-01	1.36e-03	1.71e-11
 3.58515e+17	9.99e-01	1.30e-03	1.84e-11
 3.58663e+17	9.99e-01	1.25e-03	1.98e-11
 3.58793e+17	9.99e-01	1.21e-03	2.10e-11
 3.58920e+17	9.99e-01	1.17e-03	2.25e-11
 3.59027e+17	9.99e-01	1.14e-03	2.37e-11
 3.59105e+17	9.99e-01	1.12e-03	2.48e-11
 3.59176e+17	9.99e-01	1.10e-03	2.59e-11
 3.59255e+17	9.99e-01	1.08e-03	2.71e-11
 3.59338e+17	9.99e-01	1.06e-03	2.85e-11
 3.59418e+17	9.99e-01	1.04e-03	2.99e-11
 3.59493e+17	9.99e-01	1.03e-03	3.15e-11
 3.59568e+17	9.99e-01	1.02e-03	3.30e-11
 3.59645e+17	9.99e-01	1.00e-03	3.47e-11
 3.59720e+17	9.99e-01	9.87e-04	3.65e-11
 3.59793e+17	9.99e-01	9.75e-04	3.84e-11
 3.59866e+17	9.99e-01	9.63e-04	4.05e-11
 3.59939e+17	9.99e-01	9.52e-04	4.27e-11
 3.60011e+17	9.99e-01	9.42e-04	4.50e-11
 3.60083e+17	9.99e-01	9.32e-04	4.74e-11
 3.60153e+17	9.99e-01	9.24e-04	5.00e-11
 3.60222e+17	9.99e-01	9.16e-04	5.27e-11
 3.60291e+17	9.99e-01	9.09e-04	5.57e-11
 3.60360e+17	9.99e-01	9.02e-04	5.87e-11
 3.60428e+17	9.99e-01	8.95e-04	6.20e-11
 3.60495e+17	9.99e-01	8.88e-04	6.52e-11
 3.60560e+17	9.99e-01	8.83e-04	6.86e-11
 3.60624e+17	9.99e-01	8.78e-04	7.22e-11
 3.60687e+17	9.99e-01	8.74e-04	7.59e-11
 3.60748e+17	9.99e-01	8.70e-04	7.98e-11
 3.60808e+17	9.99e-01	8.66e-04	8.37e-11
 3.60865e+17	9.99e-01	8.63e-04	8.79e-11
 3.60921e+17	9.99e-01	8.59e-04	9.17e-11
 3.60976e+17	9.99e-01	8.56e-04	9.57e-11
 3.61030e+17	9.99e-01	8.52e-04	9.98e-11
 3.61081e+17	9.99e-01	8.48e-04	1.04e-10
 3.61130e+17	9.99e-01	8.43e-04	1.07e-10
 3.61174e+17	9.99e-01	8.36e-04	1.10e-10
 3.61211e+17	9.99e-01	8.20e-04	1.11e-10
 3.61244e+17	9.99e-01	7.89e-04	1.10e-10
 3.61272e+17	9.99e-01	8.21e-04	1.17e-10
 3.61296e+17	9.99e-01	8.24e-04	1.19e-10
 3.61318e+17	9.99e-01	8.24e-04	1.21e-10
 3.61338e+17	9.99e-01	8.22e-04	1.22e-10
