#depth	O	O+	O+2	O+3	O+4	O+5	O+6	O+7	O+8	O[1]	O[2]	O[3]
 2.72038e+09	5.20e-02	9.37e-01	1.12e-02	1.93e-07	0.00e+00	0.00e+00	0.00e+00	0.00e+00	0.00e+00	2.89e-02	1.67e-02	5.46e-03
 1.63223e+10	5.21e-02	9.37e-01	1.12e-02	1.92e-07	0.00e+00	0.00e+00	0.00e+00	0.00e+00	0.00e+00	2.89e-02	1.67e-02	5.47e-03
 7.07300e+10	5.21e-02	9.37e-01	1.12e-02	1.89e-07	0.00e+00	0.00e+00	0.00e+00	0.00e+00	0.00e+00	2.89e-02	1.67e-02	5.47e-03
 2.88361e+11	5.22e-02	9.37e-01	1.09e-02	1.77e-07	0.00e+00	0.00e+00	0.00e+00	0.00e+00	0.00e+00	2.90e-02	1.67e-02	5.49e-03
 6.88801e+11	5.03e-02	9.39e-01	1.10e-02	1.74e-07	0.00e+00	0.00e+00	0.00e+00	0.00e+00	0.00e+00	2.79e-02	1.61e-02	5.28e-03
 1.20937e+12	4.97e-02	9.40e-01	1.07e-02	1.57e-07	0.00e+00	0.00e+00	0.00e+00	0.00e+00	0.00e+00	2.76e-02	1.59e-02	5.23e-03
 1.88612e+12	5.05e-02	9.39e-01	9.99e-03	1.30e-07	0.00e+00	0.00e+00	0.00e+00	0.00e+00	0.00e+00	2.81e-02	1.62e-02	5.32e-03
 2.76589e+12	5.33e-02	9.38e-01	8.80e-03	0.00e+00	0.00e+00	0.00e+00	0.00e+00	0.00e+00	0.00e+00	2.97e-02	1.71e-02	5.61e-03
 3.79965e+12	5.82e-02	9.34e-01	7.35e-03	0.00e+00	0.00e+00	0.00e+00	0.00e+00	0.00e+00	0.00e+00	3.24e-02	1.87e-02	6.13e-03
 4.82845e+12	6.55e-02	9.29e-01	5.89e-03	0.00e+00	0.00e+00	0.00e+00	0.00e+00	0.00e+00	0.00e+00	3.65e-02	2.10e-02	6.90e-03
 5.76507e+12	7.55e-02	9.20e-01	4.59e-03	0.00e+00	0.00e+00	0.00e+00	0.00e+00	0.00e+00	0.00e+00	4.20e-02	2.42e-02	7.96e-03
 6.58725e+12	8.78e-02	9.09e-01	3.53e-03	0.00e+00	0.00e+00	0.00e+00	0.00e+00	0.00e+00	0.00e+00	4.89e-02	2.82e-02	9.26e-03
 7.28742e+12	1.02e-01	8.95e-01	2.71e-03	0.00e+00	0.00e+00	0.00e+00	0.00e+00	0.00e+00	0.00e+00	5.70e-02	3.28e-02	1.08e-02
 7.89483e+12	1.19e-01	8.79e-01	2.08e-03	0.00e+00	0.00e+00	0.00e+00	0.00e+00	0.00e+00	0.00e+00	6.64e-02	3.82e-02	1.26e-02
 8.44059e+12	1.39e-01	8.60e-01	1.59e-03	0.00e+00	0.00e+00	0.00e+00	0.00e+00	0.00e+00	0.00e+00	7.75e-02	4.46e-02	1.47e-02
 8.93856e+12	1.61e-01	8.37e-01	1.20e-03	0.00e+00	0.00e+00	0.00e+00	0.00e+00	0.00e+00	0.00e+00	9.01e-02	5.18e-02	1.70e-02
 9.40130e+12	1.89e-01	8.10e-01	8.98e-04	0.00e+00	0.00e+00	0.00e+00	0.00e+00	0.00e+00	0.00e+00	1.06e-01	6.07e-02	2.00e-02
 9.82895e+12	2.20e-01	7.79e-01	6.68e-04	0.00e+00	0.00e+00	0.00e+00	0.00e+00	0.00e+00	0.00e+00	1.23e-01	7.07e-02	2.32e-02
 1.02240e+13	2.56e-01	7.44e-01	4.93e-04	0.00e+00	0.00e+00	0.00e+00	0.00e+00	0.00e+00	0.00e+00	1.43e-01	8.21e-02	2.70e-02
 1.05942e+13	2.96e-01	7.04e-01	3.60e-04	0.00e+00	0.00e+00	0.00e+00	0.00e+00	0.00e+00	0.00e+00	1.65e-01	9.51e-02	3.13e-02
 1.09095e+13	3.36e-01	6.64e-01	2.70e-04	0.00e+00	0.00e+00	0.00e+00	0.00e+00	0.00e+00	0.00e+00	1.88e-01	1.08e-01	3.55e-02
 1.11500e+13	3.71e-01	6.29e-01	2.14e-04	0.00e+00	0.00e+00	0.00e+00	0.00e+00	0.00e+00	0.00e+00	2.08e-01	1.19e-01	3.92e-02
 1.13382e+13	4.00e-01	6.00e-01	1.77e-04	0.00e+00	0.00e+00	0.00e+00	0.00e+00	0.00e+00	0.00e+00	2.24e-01	1.29e-01	4.23e-02
 1.15061e+13	4.27e-01	5.73e-01	1.48e-04	0.00e+00	0.00e+00	0.00e+00	0.00e+00	0.00e+00	0.00e+00	2.39e-01	1.37e-01	4.52e-02
 1.16662e+13	4.54e-01	5.46e-01	1.25e-04	0.00e+00	0.00e+00	0.00e+00	0.00e+00	0.00e+00	0.00e+00	2.55e-01	1.46e-01	4.81e-02
 1.18158e+13	4.79e-01	5.20e-01	1.06e-04	0.00e+00	0.00e+00	0.00e+00	0.00e+00	0.00e+00	0.00e+00	2.69e-01	1.54e-01	5.08e-02
 1.19506e+13	5.03e-01	4.97e-01	9.11e-05	0.00e+00	0.00e+00	0.00e+00	0.00e+00	0.00e+00	0.00e+00	2.83e-01	1.62e-01	5.34e-02
 1.20744e+13	5.25e-01	4.75e-01	7.91e-05	0.00e+00	0.00e+00	0.00e+00	0.00e+00	0.00e+00	0.00e+00	2.95e-01	1.69e-01	5.57e-02
 1.21914e+13	5.47e-01	4.53e-01	6.90e-05	0.00e+00	0.00e+00	0.00e+00	0.00e+00	0.00e+00	0.00e+00	3.08e-01	1.76e-01	5.80e-02
 1.23039e+13	5.67e-01	4.33e-01	6.04e-05	0.00e+00	0.00e+00	0.00e+00	0.00e+00	0.00e+00	0.00e+00	3.19e-01	1.82e-01	6.01e-02
 1.24119e+13	5.86e-01	4.14e-01	5.31e-05	0.00e+00	0.00e+00	0.00e+00	0.00e+00	0.00e+00	0.00e+00	3.31e-01	1.89e-01	6.23e-02
 1.24970e+13	6.01e-01	3.99e-01	4.82e-05	0.00e+00	0.00e+00	0.00e+00	0.00e+00	0.00e+00	0.00e+00	3.39e-01	1.93e-01	6.38e-02
 1.25592e+13	6.12e-01	3.88e-01	4.47e-05	0.00e+00	0.00e+00	0.00e+00	0.00e+00	0.00e+00	0.00e+00	3.45e-01	1.97e-01	6.50e-02
 1.26204e+13	6.23e-01	3.77e-01	4.15e-05	0.00e+00	0.00e+00	0.00e+00	0.00e+00	0.00e+00	0.00e+00	3.51e-01	2.00e-01	6.61e-02
 1.26886e+13	6.35e-01	3.65e-01	3.81e-05	0.00e+00	0.00e+00	0.00e+00	0.00e+00	0.00e+00	0.00e+00	3.59e-01	2.04e-01	6.75e-02
 1.27592e+13	6.47e-01	3.53e-01	3.49e-05	0.00e+00	0.00e+00	0.00e+00	0.00e+00	0.00e+00	0.00e+00	3.65e-01	2.08e-01	6.88e-02
 1.28286e+13	6.59e-01	3.41e-01	3.20e-05	0.00e+00	0.00e+00	0.00e+00	0.00e+00	0.00e+00	0.00e+00	3.72e-01	2.12e-01	7.00e-02
 1.28971e+13	6.71e-01	3.29e-01	2.94e-05	0.00e+00	0.00e+00	0.00e+00	0.00e+00	0.00e+00	0.00e+00	3.79e-01	2.16e-01	7.13e-02
 1.29640e+13	6.82e-01	3.18e-01	2.70e-05	0.00e+00	0.00e+00	0.00e+00	0.00e+00	0.00e+00	0.00e+00	3.86e-01	2.19e-01	7.25e-02
 1.30307e+13	6.92e-01	3.08e-01	2.49e-05	0.00e+00	0.00e+00	0.00e+00	0.00e+00	0.00e+00	0.00e+00	3.92e-01	2.23e-01	7.37e-02
 1.30987e+13	7.04e-01	2.96e-01	2.28e-05	0.00e+00	0.00e+00	0.00e+00	0.00e+00	0.00e+00	0.00e+00	3.98e-01	2.26e-01	7.49e-02
 1.31663e+13	7.14e-01	2.86e-01	2.10e-05	0.00e+00	0.00e+00	0.00e+00	0.00e+00	0.00e+00	0.00e+00	4.04e-01	2.30e-01	7.60e-02
 1.32334e+13	7.25e-01	2.75e-01	1.92e-05	0.00e+00	0.00e+00	0.00e+00	0.00e+00	0.00e+00	0.00e+00	4.11e-01	2.33e-01	7.71e-02
 1.33005e+13	7.35e-01	2.65e-01	1.77e-05	0.00e+00	0.00e+00	0.00e+00	0.00e+00	0.00e+00	0.00e+00	4.16e-01	2.36e-01	7.82e-02
 1.33680e+13	7.45e-01	2.55e-01	1.62e-05	0.00e+00	0.00e+00	0.00e+00	0.00e+00	0.00e+00	0.00e+00	4.22e-01	2.39e-01	7.93e-02
 1.34359e+13	7.54e-01	2.46e-01	1.48e-05	0.00e+00	0.00e+00	0.00e+00	0.00e+00	0.00e+00	0.00e+00	4.28e-01	2.42e-01	8.03e-02
 1.35026e+13	7.64e-01	2.36e-01	1.36e-05	0.00e+00	0.00e+00	0.00e+00	0.00e+00	0.00e+00	0.00e+00	4.34e-01	2.45e-01	8.13e-02
 1.35690e+13	7.73e-01	2.27e-01	1.25e-05	0.00e+00	0.00e+00	0.00e+00	0.00e+00	0.00e+00	0.00e+00	4.39e-01	2.48e-01	8.23e-02
 1.36365e+13	7.82e-01	2.18e-01	1.15e-05	0.00e+00	0.00e+00	0.00e+00	0.00e+00	0.00e+00	0.00e+00	4.44e-01	2.51e-01	8.33e-02
 1.37039e+13	7.90e-01	2.10e-01	1.05e-05	0.00e+00	0.00e+00	0.00e+00	0.00e+00	0.00e+00	0.00e+00	4.49e-01	2.54e-01	8.42e-02
 1.37711e+13	7.99e-01	2.01e-01	9.65e-06	0.00e+00	0.00e+00	0.00e+00	0.00e+00	0.00e+00	0.00e+00	4.54e-01	2.56e-01	8.51e-02
 1.38385e+13	8.07e-01	1.93e-01	8.86e-06	0.00e+00	0.00e+00	0.00e+00	0.00e+00	0.00e+00	0.00e+00	4.59e-01	2.59e-01	8.60e-02
 1.39061e+13	8.15e-01	1.85e-01	8.12e-06	0.00e+00	0.00e+00	0.00e+00	0.00e+00	0.00e+00	0.00e+00	4.64e-01	2.61e-01	8.68e-02
 1.39742e+13	8.23e-01	1.77e-01	7.43e-06	0.00e+00	0.00e+00	0.00e+00	0.00e+00	0.00e+00	0.00e+00	4.69e-01	2.64e-01	8.76e-02
 1.40415e+13	8.30e-01	1.70e-01	6.82e-06	0.00e+00	0.00e+00	0.00e+00	0.00e+00	0.00e+00	0.00e+00	4.73e-01	2.66e-01	8.84e-02
 1.41087e+13	8.37e-01	1.63e-01	6.25e-06	0.00e+00	0.00e+00	0.00e+00	0.00e+00	0.00e+00	0.00e+00	4.77e-01	2.68e-01	8.92e-02
 1.41766e+13	8.44e-01	1.56e-01	5.73e-06	0.00e+00	0.00e+00	0.00e+00	0.00e+00	0.00e+00	0.00e+00	4.81e-01	2.70e-01	8.99e-02
 1.42443e+13	8.50e-01	1.50e-01	5.25e-06	0.00e+00	0.00e+00	0.00e+00	0.00e+00	0.00e+00	0.00e+00	4.85e-01	2.72e-01	9.06e-02
 1.43112e+13	8.57e-01	1.43e-01	4.82e-06	0.00e+00	0.00e+00	0.00e+00	0.00e+00	0.00e+00	0.00e+00	4.89e-01	2.74e-01	9.13e-02
 1.43781e+13	8.63e-01	1.37e-01	4.43e-06	0.00e+00	0.00e+00	0.00e+00	0.00e+00	0.00e+00	0.00e+00	4.93e-01	2.76e-01	9.19e-02
 1.44450e+13	8.68e-01	1.32e-01	4.06e-06	0.00e+00	0.00e+00	0.00e+00	0.00e+00	0.00e+00	0.00e+00	4.96e-01	2.78e-01	9.25e-02
 1.45118e+13	8.74e-01	1.26e-01	3.73e-06	0.00e+00	0.00e+00	0.00e+00	0.00e+00	0.00e+00	0.00e+00	5.00e-01	2.79e-01	9.31e-02
 1.45784e+13	8.79e-01	1.21e-01	3.43e-06	0.00e+00	0.00e+00	0.00e+00	0.00e+00	0.00e+00	0.00e+00	5.03e-01	2.81e-01	9.36e-02
 1.46443e+13	8.84e-01	1.16e-01	3.15e-06	0.00e+00	0.00e+00	0.00e+00	0.00e+00	0.00e+00	0.00e+00	5.06e-01	2.82e-01	9.42e-02
 1.47105e+13	8.89e-01	1.11e-01	2.90e-06	0.00e+00	0.00e+00	0.00e+00	0.00e+00	0.00e+00	0.00e+00	5.09e-01	2.84e-01	9.47e-02
 1.47773e+13	8.94e-01	1.06e-01	2.67e-06	0.00e+00	0.00e+00	0.00e+00	0.00e+00	0.00e+00	0.00e+00	5.12e-01	2.85e-01	9.51e-02
 1.48439e+13	8.98e-01	1.02e-01	2.45e-06	0.00e+00	0.00e+00	0.00e+00	0.00e+00	0.00e+00	0.00e+00	5.15e-01	2.86e-01	9.56e-02
 1.49099e+13	9.03e-01	9.75e-02	2.26e-06	0.00e+00	0.00e+00	0.00e+00	0.00e+00	0.00e+00	0.00e+00	5.17e-01	2.88e-01	9.60e-02
 1.49762e+13	9.07e-01	9.33e-02	2.08e-06	0.00e+00	0.00e+00	0.00e+00	0.00e+00	0.00e+00	0.00e+00	5.20e-01	2.89e-01	9.65e-02
 1.50433e+13	9.11e-01	8.94e-02	1.91e-06	0.00e+00	0.00e+00	0.00e+00	0.00e+00	0.00e+00	0.00e+00	5.22e-01	2.90e-01	9.68e-02
 1.51103e+13	9.14e-01	8.56e-02	1.76e-06	0.00e+00	0.00e+00	0.00e+00	0.00e+00	0.00e+00	0.00e+00	5.25e-01	2.91e-01	9.72e-02
 1.51768e+13	9.18e-01	8.20e-02	1.62e-06	0.00e+00	0.00e+00	0.00e+00	0.00e+00	0.00e+00	0.00e+00	5.27e-01	2.92e-01	9.76e-02
 1.52439e+13	9.21e-01	7.85e-02	1.49e-06	0.00e+00	0.00e+00	0.00e+00	0.00e+00	0.00e+00	0.00e+00	5.29e-01	2.93e-01	9.79e-02
 1.53120e+13	9.25e-01	7.53e-02	1.37e-06	0.00e+00	0.00e+00	0.00e+00	0.00e+00	0.00e+00	0.00e+00	5.31e-01	2.94e-01	9.83e-02
 1.53800e+13	9.28e-01	7.21e-02	1.26e-06	0.00e+00	0.00e+00	0.00e+00	0.00e+00	0.00e+00	0.00e+00	5.34e-01	2.95e-01	9.86e-02
 1.54475e+13	9.31e-01	6.90e-02	1.16e-06	0.00e+00	0.00e+00	0.00e+00	0.00e+00	0.00e+00	0.00e+00	5.36e-01	2.96e-01	9.89e-02
 1.55158e+13	9.34e-01	6.61e-02	1.07e-06	0.00e+00	0.00e+00	0.00e+00	0.00e+00	0.00e+00	0.00e+00	5.37e-01	2.96e-01	9.92e-02
 1.55852e+13	9.37e-01	6.33e-02	9.83e-07	0.00e+00	0.00e+00	0.00e+00	0.00e+00	0.00e+00	0.00e+00	5.39e-01	2.97e-01	9.94e-02
 1.56549e+13	9.39e-01	6.06e-02	9.04e-07	0.00e+00	0.00e+00	0.00e+00	0.00e+00	0.00e+00	0.00e+00	5.41e-01	2.98e-01	9.97e-02
 1.57243e+13	9.42e-01	5.81e-02	8.32e-07	0.00e+00	0.00e+00	0.00e+00	0.00e+00	0.00e+00	0.00e+00	5.43e-01	2.99e-01	9.99e-02
 1.57945e+13	9.44e-01	5.56e-02	7.66e-07	0.00e+00	0.00e+00	0.00e+00	0.00e+00	0.00e+00	0.00e+00	5.44e-01	2.99e-01	1.00e-01
 1.58659e+13	9.47e-01	5.33e-02	7.04e-07	0.00e+00	0.00e+00	0.00e+00	0.00e+00	0.00e+00	0.00e+00	5.46e-01	3.00e-01	1.00e-01
 1.59376e+13	9.49e-01	5.09e-02	6.47e-07	0.00e+00	0.00e+00	0.00e+00	0.00e+00	0.00e+00	0.00e+00	5.47e-01	3.00e-01	1.01e-01
 1.60100e+13	9.51e-01	4.89e-02	5.95e-07	0.00e+00	0.00e+00	0.00e+00	0.00e+00	0.00e+00	0.00e+00	5.49e-01	3.01e-01	1.01e-01
 1.60828e+13	9.53e-01	4.68e-02	5.47e-07	0.00e+00	0.00e+00	0.00e+00	0.00e+00	0.00e+00	0.00e+00	5.50e-01	3.02e-01	1.01e-01
 1.61560e+13	9.55e-01	4.48e-02	5.03e-07	0.00e+00	0.00e+00	0.00e+00	0.00e+00	0.00e+00	0.00e+00	5.51e-01	3.02e-01	1.01e-01
 1.62304e+13	9.57e-01	4.29e-02	4.62e-07	0.00e+00	0.00e+00	0.00e+00	0.00e+00	0.00e+00	0.00e+00	5.53e-01	3.03e-01	1.01e-01
 1.63058e+13	9.59e-01	4.10e-02	4.24e-07	0.00e+00	0.00e+00	0.00e+00	0.00e+00	0.00e+00	0.00e+00	5.54e-01	3.03e-01	1.01e-01
 1.63818e+13	9.61e-01	3.93e-02	3.89e-07	0.00e+00	0.00e+00	0.00e+00	0.00e+00	0.00e+00	0.00e+00	5.55e-01	3.03e-01	1.02e-01
 1.64585e+13	9.62e-01	3.76e-02	3.57e-07	0.00e+00	0.00e+00	0.00e+00	0.00e+00	0.00e+00	0.00e+00	5.56e-01	3.04e-01	1.02e-01
 1.65366e+13	9.64e-01	3.61e-02	3.28e-07	0.00e+00	0.00e+00	0.00e+00	0.00e+00	0.00e+00	0.00e+00	5.57e-01	3.04e-01	1.02e-01
 1.66155e+13	9.65e-01	3.45e-02	3.01e-07	0.00e+00	0.00e+00	0.00e+00	0.00e+00	0.00e+00	0.00e+00	5.58e-01	3.05e-01	1.02e-01
 1.66946e+13	9.67e-01	3.31e-02	2.76e-07	0.00e+00	0.00e+00	0.00e+00	0.00e+00	0.00e+00	0.00e+00	5.59e-01	3.05e-01	1.02e-01
 1.67753e+13	9.68e-01	3.17e-02	2.53e-07	0.00e+00	0.00e+00	0.00e+00	0.00e+00	0.00e+00	0.00e+00	5.60e-01	3.05e-01	1.02e-01
 1.68582e+13	9.70e-01	3.04e-02	2.32e-07	0.00e+00	0.00e+00	0.00e+00	0.00e+00	0.00e+00	0.00e+00	5.61e-01	3.06e-01	1.02e-01
 1.69416e+13	9.71e-01	2.91e-02	2.12e-07	0.00e+00	0.00e+00	0.00e+00	0.00e+00	0.00e+00	0.00e+00	5.62e-01	3.06e-01	1.02e-01
 1.70251e+13	9.72e-01	2.78e-02	1.94e-07	0.00e+00	0.00e+00	0.00e+00	0.00e+00	0.00e+00	0.00e+00	5.63e-01	3.06e-01	1.03e-01
 1.71105e+13	9.73e-01	2.67e-02	1.78e-07	0.00e+00	0.00e+00	0.00e+00	0.00e+00	0.00e+00	0.00e+00	5.64e-01	3.06e-01	1.03e-01
 1.71981e+13	9.74e-01	2.55e-02	1.63e-07	0.00e+00	0.00e+00	0.00e+00	0.00e+00	0.00e+00	0.00e+00	5.65e-01	3.07e-01	1.03e-01
 1.72868e+13	9.76e-01	2.45e-02	1.49e-07	0.00e+00	0.00e+00	0.00e+00	0.00e+00	0.00e+00	0.00e+00	5.66e-01	3.07e-01	1.03e-01
 1.73765e+13	9.77e-01	2.35e-02	1.36e-07	0.00e+00	0.00e+00	0.00e+00	0.00e+00	0.00e+00	0.00e+00	5.66e-01	3.07e-01	1.03e-01
 1.74674e+13	9.78e-01	2.25e-02	1.24e-07	0.00e+00	0.00e+00	0.00e+00	0.00e+00	0.00e+00	0.00e+00	5.67e-01	3.07e-01	1.03e-01
 1.75598e+13	9.78e-01	2.15e-02	1.13e-07	0.00e+00	0.00e+00	0.00e+00	0.00e+00	0.00e+00	0.00e+00	5.68e-01	3.07e-01	1.03e-01
 1.76543e+13	9.79e-01	2.07e-02	1.03e-07	0.00e+00	0.00e+00	0.00e+00	0.00e+00	0.00e+00	0.00e+00	5.68e-01	3.08e-01	1.03e-01
 1.77500e+13	9.80e-01	1.98e-02	9.43e-08	0.00e+00	0.00e+00	0.00e+00	0.00e+00	0.00e+00	0.00e+00	5.69e-01	3.08e-01	1.03e-01
 1.78476e+13	9.81e-01	1.90e-02	8.60e-08	0.00e+00	0.00e+00	0.00e+00	0.00e+00	0.00e+00	0.00e+00	5.70e-01	3.08e-01	1.03e-01
 1.79465e+13	9.82e-01	1.82e-02	7.84e-08	0.00e+00	0.00e+00	0.00e+00	0.00e+00	0.00e+00	0.00e+00	5.70e-01	3.08e-01	1.03e-01
 1.80456e+13	9.83e-01	1.74e-02	7.15e-08	0.00e+00	0.00e+00	0.00e+00	0.00e+00	0.00e+00	0.00e+00	5.71e-01	3.08e-01	1.03e-01
 1.81478e+13	9.83e-01	1.67e-02	6.51e-08	0.00e+00	0.00e+00	0.00e+00	0.00e+00	0.00e+00	0.00e+00	5.71e-01	3.08e-01	1.03e-01
 1.82534e+13	9.84e-01	1.60e-02	5.91e-08	0.00e+00	0.00e+00	0.00e+00	0.00e+00	0.00e+00	0.00e+00	5.72e-01	3.09e-01	1.03e-01
 1.83599e+13	9.85e-01	1.54e-02	5.38e-08	0.00e+00	0.00e+00	0.00e+00	0.00e+00	0.00e+00	0.00e+00	5.72e-01	3.09e-01	1.03e-01
 1.84660e+13	9.85e-01	1.48e-02	4.90e-08	0.00e+00	0.00e+00	0.00e+00	0.00e+00	0.00e+00	0.00e+00	5.73e-01	3.09e-01	1.03e-01
 1.85744e+13	9.86e-01	1.42e-02	4.45e-08	0.00e+00	0.00e+00	0.00e+00	0.00e+00	0.00e+00	0.00e+00	5.73e-01	3.09e-01	1.03e-01
 1.86862e+13	9.86e-01	1.36e-02	4.04e-08	0.00e+00	0.00e+00	0.00e+00	0.00e+00	0.00e+00	0.00e+00	5.74e-01	3.09e-01	1.03e-01
 1.87990e+13	9.87e-01	1.30e-02	3.67e-08	0.00e+00	0.00e+00	0.00e+00	0.00e+00	0.00e+00	0.00e+00	5.74e-01	3.09e-01	1.04e-01
 1.89129e+13	9.87e-01	1.25e-02	3.33e-08	0.00e+00	0.00e+00	0.00e+00	0.00e+00	0.00e+00	0.00e+00	5.75e-01	3.09e-01	1.04e-01
 1.90265e+13	9.88e-01	1.20e-02	3.03e-08	0.00e+00	0.00e+00	0.00e+00	0.00e+00	0.00e+00	0.00e+00	5.75e-01	3.09e-01	1.04e-01
 1.91425e+13	9.88e-01	1.15e-02	2.75e-08	0.00e+00	0.00e+00	0.00e+00	0.00e+00	0.00e+00	0.00e+00	5.76e-01	3.09e-01	1.04e-01
 1.92627e+13	9.89e-01	1.11e-02	2.49e-08	0.00e+00	0.00e+00	0.00e+00	0.00e+00	0.00e+00	0.00e+00	5.76e-01	3.09e-01	1.04e-01
 1.93818e+13	9.89e-01	1.06e-02	2.26e-08	0.00e+00	0.00e+00	0.00e+00	0.00e+00	0.00e+00	0.00e+00	5.77e-01	3.09e-01	1.04e-01
 1.94996e+13	9.90e-01	1.02e-02	2.06e-08	0.00e+00	0.00e+00	0.00e+00	0.00e+00	0.00e+00	0.00e+00	5.77e-01	3.09e-01	1.04e-01
 1.96201e+13	9.90e-01	9.79e-03	1.87e-08	0.00e+00	0.00e+00	0.00e+00	0.00e+00	0.00e+00	0.00e+00	5.77e-01	3.09e-01	1.04e-01
 1.97442e+13	9.91e-01	9.39e-03	1.69e-08	0.00e+00	0.00e+00	0.00e+00	0.00e+00	0.00e+00	0.00e+00	5.78e-01	3.09e-01	1.03e-01
 1.98687e+13	9.91e-01	9.00e-03	1.53e-08	0.00e+00	0.00e+00	0.00e+00	0.00e+00	0.00e+00	0.00e+00	5.78e-01	3.09e-01	1.03e-01
 1.99923e+13	9.91e-01	8.64e-03	1.39e-08	0.00e+00	0.00e+00	0.00e+00	0.00e+00	0.00e+00	0.00e+00	5.79e-01	3.09e-01	1.03e-01
 2.01179e+13	9.92e-01	8.28e-03	1.26e-08	0.00e+00	0.00e+00	0.00e+00	0.00e+00	0.00e+00	0.00e+00	5.79e-01	3.09e-01	1.03e-01
 2.02452e+13	9.92e-01	7.94e-03	1.14e-08	0.00e+00	0.00e+00	0.00e+00	0.00e+00	0.00e+00	0.00e+00	5.79e-01	3.09e-01	1.03e-01
 2.03731e+13	9.92e-01	7.60e-03	1.03e-08	0.00e+00	0.00e+00	0.00e+00	0.00e+00	0.00e+00	0.00e+00	5.80e-01	3.09e-01	1.03e-01
 2.04998e+13	9.93e-01	7.28e-03	9.38e-09	0.00e+00	0.00e+00	0.00e+00	0.00e+00	0.00e+00	0.00e+00	5.80e-01	3.09e-01	1.03e-01
 2.06248e+13	9.93e-01	6.98e-03	8.52e-09	0.00e+00	0.00e+00	0.00e+00	0.00e+00	0.00e+00	0.00e+00	5.81e-01	3.09e-01	1.03e-01
 2.07504e+13	9.93e-01	6.68e-03	7.74e-09	0.00e+00	0.00e+00	0.00e+00	0.00e+00	0.00e+00	0.00e+00	5.81e-01	3.09e-01	1.03e-01
 2.08764e+13	9.94e-01	6.40e-03	7.02e-09	0.00e+00	0.00e+00	0.00e+00	0.00e+00	0.00e+00	0.00e+00	5.82e-01	3.09e-01	1.03e-01
 2.10012e+13	9.94e-01	6.12e-03	6.39e-09	0.00e+00	0.00e+00	0.00e+00	0.00e+00	0.00e+00	0.00e+00	5.82e-01	3.09e-01	1.03e-01
 2.11248e+13	9.94e-01	5.85e-03	5.81e-09	0.00e+00	0.00e+00	0.00e+00	0.00e+00	0.00e+00	0.00e+00	5.82e-01	3.09e-01	1.03e-01
 2.12485e+13	9.94e-01	5.59e-03	5.29e-09	0.00e+00	0.00e+00	0.00e+00	0.00e+00	0.00e+00	0.00e+00	5.83e-01	3.09e-01	1.03e-01
 2.13716e+13	9.95e-01	5.34e-03	4.82e-09	0.00e+00	0.00e+00	0.00e+00	0.00e+00	0.00e+00	0.00e+00	5.84e-01	3.08e-01	1.03e-01
 2.14934e+13	9.95e-01	5.09e-03	4.39e-09	0.00e+00	0.00e+00	0.00e+00	0.00e+00	0.00e+00	0.00e+00	5.84e-01	3.08e-01	1.03e-01
 2.16138e+13	9.95e-01	4.86e-03	4.01e-09	0.00e+00	0.00e+00	0.00e+00	0.00e+00	0.00e+00	0.00e+00	5.85e-01	3.08e-01	1.03e-01
 2.17328e+13	9.95e-01	4.62e-03	3.66e-09	0.00e+00	0.00e+00	0.00e+00	0.00e+00	0.00e+00	0.00e+00	5.85e-01	3.08e-01	1.02e-01
