#depth	O	O+	O+2	O+3	O+4	O+5	O+6	O+7	O+8	O[1]	O[2]	O[3]
 3.85005e+10	3.37e-03	6.08e-01	3.88e-01	3.67e-04	0.00e+00	0.00e+00	0.00e+00	0.00e+00	0.00e+00	1.96e-03	1.04e-03	3.57e-04
 2.31003e+11	3.37e-03	6.08e-01	3.88e-01	3.66e-04	0.00e+00	0.00e+00	0.00e+00	0.00e+00	0.00e+00	1.96e-03	1.04e-03	3.56e-04
 1.00101e+12	3.36e-03	6.08e-01	3.88e-01	3.61e-04	0.00e+00	0.00e+00	0.00e+00	0.00e+00	0.00e+00	1.96e-03	1.04e-03	3.56e-04
 4.08106e+12	3.36e-03	6.09e-01	3.88e-01	3.41e-04	0.00e+00	0.00e+00	0.00e+00	0.00e+00	0.00e+00	1.96e-03	1.04e-03	3.56e-04
 9.74834e+12	3.30e-03	6.07e-01	3.89e-01	3.19e-04	0.00e+00	0.00e+00	0.00e+00	0.00e+00	0.00e+00	1.92e-03	1.02e-03	3.49e-04
 1.71158e+13	3.25e-03	6.07e-01	3.89e-01	2.89e-04	0.00e+00	0.00e+00	0.00e+00	0.00e+00	0.00e+00	1.89e-03	1.00e-03	3.44e-04
 2.66935e+13	3.21e-03	6.08e-01	3.89e-01	2.51e-04	0.00e+00	0.00e+00	0.00e+00	0.00e+00	0.00e+00	1.87e-03	9.89e-04	3.40e-04
 3.91445e+13	3.18e-03	6.10e-01	3.86e-01	2.07e-04	0.00e+00	0.00e+00	0.00e+00	0.00e+00	0.00e+00	1.85e-03	9.81e-04	3.37e-04
 5.53308e+13	3.17e-03	6.14e-01	3.82e-01	1.60e-04	0.00e+00	0.00e+00	0.00e+00	0.00e+00	0.00e+00	1.85e-03	9.79e-04	3.37e-04
 7.63730e+13	3.19e-03	6.21e-01	3.76e-01	1.13e-04	0.00e+00	0.00e+00	0.00e+00	0.00e+00	0.00e+00	1.86e-03	9.85e-04	3.39e-04
 1.03728e+14	3.25e-03	6.31e-01	3.66e-01	7.13e-05	0.00e+00	0.00e+00	0.00e+00	0.00e+00	0.00e+00	1.90e-03	1.00e-03	3.45e-04
 1.39289e+14	3.37e-03	6.45e-01	3.52e-01	3.90e-05	0.00e+00	0.00e+00	0.00e+00	0.00e+00	0.00e+00	1.97e-03	1.04e-03	3.58e-04
 1.85519e+14	3.57e-03	6.64e-01	3.32e-01	1.79e-05	0.00e+00	0.00e+00	0.00e+00	0.00e+00	0.00e+00	2.08e-03	1.10e-03	3.79e-04
 2.45618e+14	3.92e-03	6.90e-01	3.06e-01	6.64e-06	0.00e+00	0.00e+00	0.00e+00	0.00e+00	0.00e+00	2.29e-03	1.21e-03	4.16e-04
 3.23746e+14	4.52e-03	7.27e-01	2.68e-01	1.97e-06	0.00e+00	0.00e+00	0.00e+00	0.00e+00	0.00e+00	2.64e-03	1.39e-03	4.80e-04
 4.07926e+14	5.37e-03	7.68e-01	2.26e-01	6.09e-07	0.00e+00	0.00e+00	0.00e+00	0.00e+00	0.00e+00	3.13e-03	1.65e-03	5.69e-04
 4.79275e+14	6.40e-03	8.06e-01	1.88e-01	2.62e-07	0.00e+00	0.00e+00	0.00e+00	0.00e+00	0.00e+00	3.73e-03	1.97e-03	6.79e-04
 5.34793e+14	7.52e-03	8.36e-01	1.56e-01	1.45e-07	0.00e+00	0.00e+00	0.00e+00	0.00e+00	0.00e+00	4.38e-03	2.32e-03	7.97e-04
 5.74184e+14	8.54e-03	8.58e-01	1.34e-01	0.00e+00	0.00e+00	0.00e+00	0.00e+00	0.00e+00	0.00e+00	4.98e-03	2.63e-03	9.05e-04
 6.01962e+14	9.44e-03	8.73e-01	1.17e-01	0.00e+00	0.00e+00	0.00e+00	0.00e+00	0.00e+00	0.00e+00	5.50e-03	2.91e-03	1.00e-03
 6.30890e+14	1.05e-02	8.89e-01	1.01e-01	0.00e+00	0.00e+00	0.00e+00	0.00e+00	0.00e+00	0.00e+00	6.14e-03	3.25e-03	1.11e-03
 6.68496e+14	1.23e-02	9.08e-01	7.97e-02	0.00e+00	0.00e+00	0.00e+00	0.00e+00	0.00e+00	0.00e+00	7.17e-03	3.79e-03	1.30e-03
 7.04307e+14	1.45e-02	9.24e-01	6.10e-02	0.00e+00	0.00e+00	0.00e+00	0.00e+00	0.00e+00	0.00e+00	8.45e-03	4.47e-03	1.53e-03
 7.29255e+14	1.65e-02	9.35e-01	4.85e-02	0.00e+00	0.00e+00	0.00e+00	0.00e+00	0.00e+00	0.00e+00	9.60e-03	5.07e-03	1.74e-03
 7.48523e+14	1.83e-02	9.42e-01	3.94e-02	0.00e+00	0.00e+00	0.00e+00	0.00e+00	0.00e+00	0.00e+00	1.07e-02	5.65e-03	1.94e-03
 7.66251e+14	2.03e-02	9.48e-01	3.17e-02	0.00e+00	0.00e+00	0.00e+00	0.00e+00	0.00e+00	0.00e+00	1.19e-02	6.27e-03	2.15e-03
 7.83631e+14	2.27e-02	9.52e-01	2.48e-02	0.00e+00	0.00e+00	0.00e+00	0.00e+00	0.00e+00	0.00e+00	1.32e-02	7.00e-03	2.40e-03
 7.99758e+14	2.53e-02	9.56e-01	1.90e-02	0.00e+00	0.00e+00	0.00e+00	0.00e+00	0.00e+00	0.00e+00	1.48e-02	7.81e-03	2.68e-03
 8.13738e+14	2.80e-02	9.57e-01	1.46e-02	0.00e+00	0.00e+00	0.00e+00	0.00e+00	0.00e+00	0.00e+00	1.63e-02	8.64e-03	2.97e-03
 8.25859e+14	3.08e-02	9.58e-01	1.11e-02	0.00e+00	0.00e+00	0.00e+00	0.00e+00	0.00e+00	0.00e+00	1.80e-02	9.50e-03	3.26e-03
 8.36886e+14	3.38e-02	9.58e-01	8.41e-03	0.00e+00	0.00e+00	0.00e+00	0.00e+00	0.00e+00	0.00e+00	1.97e-02	1.04e-02	3.58e-03
 8.47242e+14	3.70e-02	9.57e-01	6.26e-03	0.00e+00	0.00e+00	0.00e+00	0.00e+00	0.00e+00	0.00e+00	2.16e-02	1.14e-02	3.92e-03
 8.57291e+14	4.05e-02	9.55e-01	4.56e-03	0.00e+00	0.00e+00	0.00e+00	0.00e+00	0.00e+00	0.00e+00	2.36e-02	1.25e-02	4.29e-03
 8.66852e+14	4.45e-02	9.52e-01	3.26e-03	0.00e+00	0.00e+00	0.00e+00	0.00e+00	0.00e+00	0.00e+00	2.59e-02	1.37e-02	4.71e-03
 8.77387e+14	4.95e-02	9.48e-01	2.18e-03	0.00e+00	0.00e+00	0.00e+00	0.00e+00	0.00e+00	0.00e+00	2.89e-02	1.52e-02	5.24e-03
 8.91082e+14	5.76e-02	9.41e-01	1.24e-03	0.00e+00	0.00e+00	0.00e+00	0.00e+00	0.00e+00	0.00e+00	3.36e-02	1.77e-02	6.10e-03
 9.05360e+14	6.86e-02	9.31e-01	6.56e-04	0.00e+00	0.00e+00	0.00e+00	0.00e+00	0.00e+00	0.00e+00	4.01e-02	2.11e-02	7.27e-03
 9.17762e+14	8.18e-02	9.18e-01	3.65e-04	0.00e+00	0.00e+00	0.00e+00	0.00e+00	0.00e+00	0.00e+00	4.78e-02	2.52e-02	8.67e-03
 9.28177e+14	9.63e-02	9.03e-01	2.20e-04	0.00e+00	0.00e+00	0.00e+00	0.00e+00	0.00e+00	0.00e+00	5.62e-02	2.96e-02	1.02e-02
 9.36551e+14	1.11e-01	8.88e-01	1.44e-04	0.00e+00	0.00e+00	0.00e+00	0.00e+00	0.00e+00	0.00e+00	6.51e-02	3.42e-02	1.18e-02
 9.43961e+14	1.28e-01	8.71e-01	9.70e-05	0.00e+00	0.00e+00	0.00e+00	0.00e+00	0.00e+00	0.00e+00	7.51e-02	3.94e-02	1.36e-02
 9.51017e+14	1.48e-01	8.52e-01	6.56e-05	0.00e+00	0.00e+00	0.00e+00	0.00e+00	0.00e+00	0.00e+00	8.68e-02	4.55e-02	1.57e-02
 9.57778e+14	1.73e-01	8.27e-01	4.41e-05	0.00e+00	0.00e+00	0.00e+00	0.00e+00	0.00e+00	0.00e+00	1.01e-01	5.29e-02	1.83e-02
 9.63994e+14	2.01e-01	7.99e-01	3.00e-05	0.00e+00	0.00e+00	0.00e+00	0.00e+00	0.00e+00	0.00e+00	1.18e-01	6.14e-02	2.13e-02
 9.69528e+14	2.32e-01	7.68e-01	2.09e-05	0.00e+00	0.00e+00	0.00e+00	0.00e+00	0.00e+00	0.00e+00	1.36e-01	7.07e-02	2.45e-02
 9.74567e+14	2.66e-01	7.34e-01	1.47e-05	0.00e+00	0.00e+00	0.00e+00	0.00e+00	0.00e+00	0.00e+00	1.56e-01	8.10e-02	2.82e-02
 9.79332e+14	3.05e-01	6.95e-01	1.03e-05	0.00e+00	0.00e+00	0.00e+00	0.00e+00	0.00e+00	0.00e+00	1.80e-01	9.27e-02	3.23e-02
 9.83629e+14	3.47e-01	6.53e-01	7.36e-06	0.00e+00	0.00e+00	0.00e+00	0.00e+00	0.00e+00	0.00e+00	2.04e-01	1.05e-01	3.67e-02
 9.87043e+14	3.84e-01	6.16e-01	5.57e-06	0.00e+00	0.00e+00	0.00e+00	0.00e+00	0.00e+00	0.00e+00	2.27e-01	1.16e-01	4.06e-02
 9.89618e+14	4.15e-01	5.85e-01	4.46e-06	0.00e+00	0.00e+00	0.00e+00	0.00e+00	0.00e+00	0.00e+00	2.46e-01	1.25e-01	4.39e-02
 9.91755e+14	4.42e-01	5.58e-01	3.69e-06	0.00e+00	0.00e+00	0.00e+00	0.00e+00	0.00e+00	0.00e+00	2.62e-01	1.33e-01	4.68e-02
 9.93694e+14	4.69e-01	5.31e-01	3.09e-06	0.00e+00	0.00e+00	0.00e+00	0.00e+00	0.00e+00	0.00e+00	2.78e-01	1.40e-01	4.95e-02
 9.95491e+14	4.94e-01	5.06e-01	2.61e-06	0.00e+00	0.00e+00	0.00e+00	0.00e+00	0.00e+00	0.00e+00	2.94e-01	1.47e-01	5.22e-02
 9.97173e+14	5.18e-01	4.82e-01	2.22e-06	0.00e+00	0.00e+00	0.00e+00	0.00e+00	0.00e+00	0.00e+00	3.09e-01	1.54e-01	5.46e-02
 9.98681e+14	5.40e-01	4.60e-01	1.92e-06	0.00e+00	0.00e+00	0.00e+00	0.00e+00	0.00e+00	0.00e+00	3.23e-01	1.60e-01	5.70e-02
 1.00006e+15	5.60e-01	4.40e-01	1.67e-06	0.00e+00	0.00e+00	0.00e+00	0.00e+00	0.00e+00	0.00e+00	3.35e-01	1.65e-01	5.91e-02
 1.00136e+15	5.81e-01	4.19e-01	1.47e-06	0.00e+00	0.00e+00	0.00e+00	0.00e+00	0.00e+00	0.00e+00	3.48e-01	1.71e-01	6.11e-02
 1.00259e+15	5.99e-01	4.01e-01	1.29e-06	0.00e+00	0.00e+00	0.00e+00	0.00e+00	0.00e+00	0.00e+00	3.60e-01	1.75e-01	6.30e-02
 1.00363e+15	6.14e-01	3.86e-01	1.16e-06	0.00e+00	0.00e+00	0.00e+00	0.00e+00	0.00e+00	0.00e+00	3.70e-01	1.80e-01	6.46e-02
 1.00438e+15	6.26e-01	3.74e-01	1.08e-06	0.00e+00	0.00e+00	0.00e+00	0.00e+00	0.00e+00	0.00e+00	3.77e-01	1.82e-01	6.57e-02
 1.00508e+15	6.36e-01	3.64e-01	1.00e-06	0.00e+00	0.00e+00	0.00e+00	0.00e+00	0.00e+00	0.00e+00	3.84e-01	1.85e-01	6.68e-02
 1.00585e+15	6.48e-01	3.52e-01	9.21e-07	0.00e+00	0.00e+00	0.00e+00	0.00e+00	0.00e+00	0.00e+00	3.92e-01	1.88e-01	6.80e-02
 1.00666e+15	6.61e-01	3.39e-01	8.44e-07	0.00e+00	0.00e+00	0.00e+00	0.00e+00	0.00e+00	0.00e+00	4.00e-01	1.91e-01	6.92e-02
 1.00745e+15	6.72e-01	3.28e-01	7.76e-07	0.00e+00	0.00e+00	0.00e+00	0.00e+00	0.00e+00	0.00e+00	4.08e-01	1.94e-01	7.04e-02
 1.00821e+15	6.83e-01	3.17e-01	7.15e-07	0.00e+00	0.00e+00	0.00e+00	0.00e+00	0.00e+00	0.00e+00	4.15e-01	1.96e-01	7.15e-02
 1.00897e+15	6.95e-01	3.05e-01	6.58e-07	0.00e+00	0.00e+00	0.00e+00	0.00e+00	0.00e+00	0.00e+00	4.23e-01	1.99e-01	7.26e-02
 1.00972e+15	7.05e-01	2.95e-01	6.06e-07	0.00e+00	0.00e+00	0.00e+00	0.00e+00	0.00e+00	0.00e+00	4.30e-01	2.02e-01	7.36e-02
 1.01047e+15	7.16e-01	2.84e-01	5.58e-07	0.00e+00	0.00e+00	0.00e+00	0.00e+00	0.00e+00	0.00e+00	4.37e-01	2.04e-01	7.47e-02
 1.01122e+15	7.27e-01	2.73e-01	5.13e-07	0.00e+00	0.00e+00	0.00e+00	0.00e+00	0.00e+00	0.00e+00	4.44e-01	2.06e-01	7.57e-02
 1.01195e+15	7.37e-01	2.63e-01	4.73e-07	0.00e+00	0.00e+00	0.00e+00	0.00e+00	0.00e+00	0.00e+00	4.51e-01	2.09e-01	7.66e-02
 1.01267e+15	7.46e-01	2.54e-01	4.37e-07	0.00e+00	0.00e+00	0.00e+00	0.00e+00	0.00e+00	0.00e+00	4.58e-01	2.11e-01	7.75e-02
 1.01341e+15	7.57e-01	2.43e-01	4.02e-07	0.00e+00	0.00e+00	0.00e+00	0.00e+00	0.00e+00	0.00e+00	4.65e-01	2.13e-01	7.85e-02
 1.01413e+15	7.66e-01	2.34e-01	3.71e-07	0.00e+00	0.00e+00	0.00e+00	0.00e+00	0.00e+00	0.00e+00	4.72e-01	2.14e-01	7.93e-02
 1.01485e+15	7.75e-01	2.25e-01	3.42e-07	0.00e+00	0.00e+00	0.00e+00	0.00e+00	0.00e+00	0.00e+00	4.78e-01	2.16e-01	8.01e-02
 1.01557e+15	7.84e-01	2.16e-01	3.15e-07	0.00e+00	0.00e+00	0.00e+00	0.00e+00	0.00e+00	0.00e+00	4.85e-01	2.18e-01	8.09e-02
 1.01628e+15	7.92e-01	2.08e-01	2.91e-07	0.00e+00	0.00e+00	0.00e+00	0.00e+00	0.00e+00	0.00e+00	4.91e-01	2.19e-01	8.16e-02
 1.01697e+15	8.01e-01	1.99e-01	2.68e-07	0.00e+00	0.00e+00	0.00e+00	0.00e+00	0.00e+00	0.00e+00	4.98e-01	2.21e-01	8.23e-02
 1.01768e+15	8.09e-01	1.91e-01	2.48e-07	0.00e+00	0.00e+00	0.00e+00	0.00e+00	0.00e+00	0.00e+00	5.03e-01	2.22e-01	8.30e-02
 1.01837e+15	8.17e-01	1.83e-01	2.29e-07	0.00e+00	0.00e+00	0.00e+00	0.00e+00	0.00e+00	0.00e+00	5.10e-01	2.23e-01	8.36e-02
 1.01906e+15	8.24e-01	1.76e-01	2.12e-07	0.00e+00	0.00e+00	0.00e+00	0.00e+00	0.00e+00	0.00e+00	5.15e-01	2.25e-01	8.42e-02
 1.01974e+15	8.32e-01	1.68e-01	1.96e-07	0.00e+00	0.00e+00	0.00e+00	0.00e+00	0.00e+00	0.00e+00	5.21e-01	2.26e-01	8.47e-02
 1.02042e+15	8.38e-01	1.62e-01	1.81e-07	0.00e+00	0.00e+00	0.00e+00	0.00e+00	0.00e+00	0.00e+00	5.27e-01	2.27e-01	8.52e-02
 1.02108e+15	8.45e-01	1.55e-01	1.68e-07	0.00e+00	0.00e+00	0.00e+00	0.00e+00	0.00e+00	0.00e+00	5.32e-01	2.27e-01	8.57e-02
 1.02173e+15	8.51e-01	1.49e-01	1.56e-07	0.00e+00	0.00e+00	0.00e+00	0.00e+00	0.00e+00	0.00e+00	5.37e-01	2.28e-01	8.61e-02
 1.02238e+15	8.57e-01	1.43e-01	1.44e-07	0.00e+00	0.00e+00	0.00e+00	0.00e+00	0.00e+00	0.00e+00	5.42e-01	2.29e-01	8.65e-02
 1.02301e+15	8.63e-01	1.37e-01	1.34e-07	0.00e+00	0.00e+00	0.00e+00	0.00e+00	0.00e+00	0.00e+00	5.47e-01	2.29e-01	8.68e-02
 1.02364e+15	8.69e-01	1.31e-01	1.25e-07	0.00e+00	0.00e+00	0.00e+00	0.00e+00	0.00e+00	0.00e+00	5.52e-01	2.30e-01	8.72e-02
 1.02427e+15	8.74e-01	1.26e-01	1.16e-07	0.00e+00	0.00e+00	0.00e+00	0.00e+00	0.00e+00	0.00e+00	5.56e-01	2.30e-01	8.75e-02
 1.02490e+15	8.79e-01	1.21e-01	1.08e-07	0.00e+00	0.00e+00	0.00e+00	0.00e+00	0.00e+00	0.00e+00	5.61e-01	2.31e-01	8.77e-02
 1.02551e+15	8.84e-01	1.16e-01	1.01e-07	0.00e+00	0.00e+00	0.00e+00	0.00e+00	0.00e+00	0.00e+00	5.65e-01	2.31e-01	8.80e-02
 1.02611e+15	8.89e-01	1.11e-01	9.38e-08	0.00e+00	0.00e+00	0.00e+00	0.00e+00	0.00e+00	0.00e+00	5.69e-01	2.31e-01	8.82e-02
 1.02672e+15	8.93e-01	1.07e-01	8.75e-08	0.00e+00	0.00e+00	0.00e+00	0.00e+00	0.00e+00	0.00e+00	5.73e-01	2.32e-01	8.84e-02
 1.02732e+15	8.98e-01	1.02e-01	8.17e-08	0.00e+00	0.00e+00	0.00e+00	0.00e+00	0.00e+00	0.00e+00	5.77e-01	2.32e-01	8.86e-02
 1.02791e+15	9.02e-01	9.82e-02	7.62e-08	0.00e+00	0.00e+00	0.00e+00	0.00e+00	0.00e+00	0.00e+00	5.81e-01	2.32e-01	8.87e-02
 1.02850e+15	9.06e-01	9.43e-02	7.12e-08	0.00e+00	0.00e+00	0.00e+00	0.00e+00	0.00e+00	0.00e+00	5.85e-01	2.32e-01	8.89e-02
 1.02909e+15	9.09e-01	9.05e-02	6.65e-08	0.00e+00	0.00e+00	0.00e+00	0.00e+00	0.00e+00	0.00e+00	5.88e-01	2.32e-01	8.90e-02
 1.02967e+15	9.13e-01	8.69e-02	6.22e-08	0.00e+00	0.00e+00	0.00e+00	0.00e+00	0.00e+00	0.00e+00	5.92e-01	2.32e-01	8.91e-02
 1.03025e+15	9.17e-01	8.33e-02	5.82e-08	0.00e+00	0.00e+00	0.00e+00	0.00e+00	0.00e+00	0.00e+00	5.95e-01	2.32e-01	8.92e-02
 1.03082e+15	9.20e-01	8.00e-02	5.45e-08	0.00e+00	0.00e+00	0.00e+00	0.00e+00	0.00e+00	0.00e+00	5.99e-01	2.32e-01	8.93e-02
 1.03140e+15	9.23e-01	7.68e-02	5.10e-08	0.00e+00	0.00e+00	0.00e+00	0.00e+00	0.00e+00	0.00e+00	6.02e-01	2.32e-01	8.93e-02
 1.03196e+15	9.26e-01	7.37e-02	4.77e-08	0.00e+00	0.00e+00	0.00e+00	0.00e+00	0.00e+00	0.00e+00	6.05e-01	2.32e-01	8.93e-02
 1.03252e+15	9.29e-01	7.07e-02	4.48e-08	0.00e+00	0.00e+00	0.00e+00	0.00e+00	0.00e+00	0.00e+00	6.08e-01	2.32e-01	8.94e-02
 1.03308e+15	9.32e-01	6.78e-02	4.19e-08	0.00e+00	0.00e+00	0.00e+00	0.00e+00	0.00e+00	0.00e+00	6.11e-01	2.31e-01	8.94e-02
 1.03364e+15	9.35e-01	6.51e-02	3.93e-08	0.00e+00	0.00e+00	0.00e+00	0.00e+00	0.00e+00	0.00e+00	6.14e-01	2.31e-01	8.94e-02
 1.03420e+15	9.38e-01	6.24e-02	3.69e-08	0.00e+00	0.00e+00	0.00e+00	0.00e+00	0.00e+00	0.00e+00	6.17e-01	2.31e-01	8.94e-02
 1.03475e+15	9.40e-01	5.99e-02	3.46e-08	0.00e+00	0.00e+00	0.00e+00	0.00e+00	0.00e+00	0.00e+00	6.20e-01	2.31e-01	8.94e-02
 1.03529e+15	9.43e-01	5.75e-02	3.25e-08	0.00e+00	0.00e+00	0.00e+00	0.00e+00	0.00e+00	0.00e+00	6.23e-01	2.31e-01	8.93e-02
 1.03584e+15	9.45e-01	5.52e-02	3.06e-08	0.00e+00	0.00e+00	0.00e+00	0.00e+00	0.00e+00	0.00e+00	6.25e-01	2.30e-01	8.93e-02
 1.03638e+15	9.47e-01	5.30e-02	2.87e-08	0.00e+00	0.00e+00	0.00e+00	0.00e+00	0.00e+00	0.00e+00	6.28e-01	2.30e-01	8.93e-02
 1.03691e+15	9.49e-01	5.08e-02	2.70e-08	0.00e+00	0.00e+00	0.00e+00	0.00e+00	0.00e+00	0.00e+00	6.30e-01	2.30e-01	8.92e-02
 1.03744e+15	9.51e-01	4.87e-02	2.54e-08	0.00e+00	0.00e+00	0.00e+00	0.00e+00	0.00e+00	0.00e+00	6.33e-01	2.30e-01	8.91e-02
 1.03797e+15	9.53e-01	4.68e-02	2.39e-08	0.00e+00	0.00e+00	0.00e+00	0.00e+00	0.00e+00	0.00e+00	6.35e-01	2.29e-01	8.91e-02
 1.03849e+15	9.55e-01	4.48e-02	2.25e-08	0.00e+00	0.00e+00	0.00e+00	0.00e+00	0.00e+00	0.00e+00	6.37e-01	2.29e-01	8.90e-02
 1.03900e+15	9.57e-01	4.30e-02	2.12e-08	0.00e+00	0.00e+00	0.00e+00	0.00e+00	0.00e+00	0.00e+00	6.39e-01	2.29e-01	8.89e-02
 1.03951e+15	9.59e-01	4.12e-02	2.00e-08	0.00e+00	0.00e+00	0.00e+00	0.00e+00	0.00e+00	0.00e+00	6.42e-01	2.28e-01	8.88e-02
 1.04001e+15	9.60e-01	3.95e-02	1.89e-08	0.00e+00	0.00e+00	0.00e+00	0.00e+00	0.00e+00	0.00e+00	6.44e-01	2.28e-01	8.86e-02
 1.04051e+15	9.62e-01	3.79e-02	1.79e-08	0.00e+00	0.00e+00	0.00e+00	0.00e+00	0.00e+00	0.00e+00	6.46e-01	2.28e-01	8.85e-02
 1.04099e+15	9.64e-01	3.64e-02	1.69e-08	0.00e+00	0.00e+00	0.00e+00	0.00e+00	0.00e+00	0.00e+00	6.48e-01	2.27e-01	8.84e-02
 1.04147e+15	9.65e-01	3.48e-02	1.60e-08	0.00e+00	0.00e+00	0.00e+00	0.00e+00	0.00e+00	0.00e+00	6.50e-01	2.27e-01	8.82e-02
 1.04193e+15	9.67e-01	3.34e-02	1.52e-08	0.00e+00	0.00e+00	0.00e+00	0.00e+00	0.00e+00	0.00e+00	6.52e-01	2.26e-01	8.80e-02
 1.04239e+15	9.68e-01	3.19e-02	1.44e-08	0.00e+00	0.00e+00	0.00e+00	0.00e+00	0.00e+00	0.00e+00	6.55e-01	2.26e-01	8.78e-02
 1.04282e+15	9.69e-01	3.06e-02	1.37e-08	0.00e+00	0.00e+00	0.00e+00	0.00e+00	0.00e+00	0.00e+00	6.57e-01	2.25e-01	8.76e-02
 1.04323e+15	9.71e-01	2.93e-02	1.31e-08	0.00e+00	0.00e+00	0.00e+00	0.00e+00	0.00e+00	0.00e+00	6.59e-01	2.25e-01	8.73e-02
 1.04358e+15	9.72e-01	2.82e-02	1.26e-08	0.00e+00	0.00e+00	0.00e+00	0.00e+00	0.00e+00	0.00e+00	6.61e-01	2.24e-01	8.71e-02
