#depth	O	O+	O+2	O+3	O+4	O+5	O+6	O+7	O+8	O[1]	O[2]	O[3]
 2.73267e+09	5.18e-02	9.37e-01	1.13e-02	1.93e-07	0.00e+00	0.00e+00	0.00e+00	0.00e+00	0.00e+00	2.87e-02	1.66e-02	5.44e-03
 1.63960e+10	5.19e-02	9.37e-01	1.12e-02	1.93e-07	0.00e+00	0.00e+00	0.00e+00	0.00e+00	0.00e+00	2.88e-02	1.66e-02	5.45e-03
 7.10495e+10	5.18e-02	9.37e-01	1.12e-02	1.90e-07	0.00e+00	0.00e+00	0.00e+00	0.00e+00	0.00e+00	2.88e-02	1.66e-02	5.44e-03
 2.89663e+11	5.20e-02	9.37e-01	1.10e-02	1.78e-07	0.00e+00	0.00e+00	0.00e+00	0.00e+00	0.00e+00	2.89e-02	1.66e-02	5.46e-03
 6.91913e+11	5.00e-02	9.39e-01	1.11e-02	1.75e-07	0.00e+00	0.00e+00	0.00e+00	0.00e+00	0.00e+00	2.78e-02	1.60e-02	5.25e-03
 1.21484e+12	4.94e-02	9.40e-01	1.08e-02	1.59e-07	0.00e+00	0.00e+00	0.00e+00	0.00e+00	0.00e+00	2.75e-02	1.58e-02	5.20e-03
 1.89464e+12	5.03e-02	9.40e-01	1.00e-02	1.31e-07	0.00e+00	0.00e+00	0.00e+00	0.00e+00	0.00e+00	2.80e-02	1.61e-02	5.29e-03
 2.77838e+12	5.30e-02	9.38e-01	8.85e-03	0.00e+00	0.00e+00	0.00e+00	0.00e+00	0.00e+00	0.00e+00	2.95e-02	1.70e-02	5.58e-03
 3.81707e+12	5.79e-02	9.35e-01	7.41e-03	0.00e+00	0.00e+00	0.00e+00	0.00e+00	0.00e+00	0.00e+00	3.22e-02	1.86e-02	6.10e-03
 4.85106e+12	6.51e-02	9.29e-01	5.95e-03	0.00e+00	0.00e+00	0.00e+00	0.00e+00	0.00e+00	0.00e+00	3.63e-02	2.09e-02	6.86e-03
 5.79267e+12	7.51e-02	9.20e-01	4.64e-03	0.00e+00	0.00e+00	0.00e+00	0.00e+00	0.00e+00	0.00e+00	4.18e-02	2.41e-02	7.91e-03
 6.61936e+12	8.74e-02	9.09e-01	3.57e-03	0.00e+00	0.00e+00	0.00e+00	0.00e+00	0.00e+00	0.00e+00	4.87e-02	2.80e-02	9.21e-03
 7.32294e+12	1.02e-01	8.95e-01	2.75e-03	0.00e+00	0.00e+00	0.00e+00	0.00e+00	0.00e+00	0.00e+00	5.68e-02	3.27e-02	1.07e-02
 7.93140e+12	1.19e-01	8.79e-01	2.11e-03	0.00e+00	0.00e+00	0.00e+00	0.00e+00	0.00e+00	0.00e+00	6.61e-02	3.81e-02	1.25e-02
 8.47520e+12	1.38e-01	8.60e-01	1.62e-03	0.00e+00	0.00e+00	0.00e+00	0.00e+00	0.00e+00	0.00e+00	7.69e-02	4.43e-02	1.46e-02
 8.97576e+12	1.61e-01	8.38e-01	1.23e-03	0.00e+00	0.00e+00	0.00e+00	0.00e+00	0.00e+00	0.00e+00	8.96e-02	5.16e-02	1.70e-02
 9.44325e+12	1.88e-01	8.11e-01	9.15e-04	0.00e+00	0.00e+00	0.00e+00	0.00e+00	0.00e+00	0.00e+00	1.05e-01	6.04e-02	1.99e-02
 9.87273e+12	2.19e-01	7.80e-01	6.81e-04	0.00e+00	0.00e+00	0.00e+00	0.00e+00	0.00e+00	0.00e+00	1.22e-01	7.03e-02	2.31e-02
 1.02698e+13	2.55e-01	7.45e-01	5.03e-04	0.00e+00	0.00e+00	0.00e+00	0.00e+00	0.00e+00	0.00e+00	1.42e-01	8.18e-02	2.69e-02
 1.06416e+13	2.95e-01	7.05e-01	3.68e-04	0.00e+00	0.00e+00	0.00e+00	0.00e+00	0.00e+00	0.00e+00	1.65e-01	9.47e-02	3.11e-02
 1.09591e+13	3.35e-01	6.65e-01	2.76e-04	0.00e+00	0.00e+00	0.00e+00	0.00e+00	0.00e+00	0.00e+00	1.87e-01	1.08e-01	3.54e-02
 1.12018e+13	3.70e-01	6.30e-01	2.18e-04	0.00e+00	0.00e+00	0.00e+00	0.00e+00	0.00e+00	0.00e+00	2.07e-01	1.19e-01	3.91e-02
 1.13916e+13	3.99e-01	6.01e-01	1.80e-04	0.00e+00	0.00e+00	0.00e+00	0.00e+00	0.00e+00	0.00e+00	2.24e-01	1.28e-01	4.22e-02
 1.15605e+13	4.26e-01	5.74e-01	1.51e-04	0.00e+00	0.00e+00	0.00e+00	0.00e+00	0.00e+00	0.00e+00	2.39e-01	1.37e-01	4.51e-02
 1.17212e+13	4.53e-01	5.47e-01	1.27e-04	0.00e+00	0.00e+00	0.00e+00	0.00e+00	0.00e+00	0.00e+00	2.54e-01	1.46e-01	4.80e-02
 1.18714e+13	4.79e-01	5.21e-01	1.08e-04	0.00e+00	0.00e+00	0.00e+00	0.00e+00	0.00e+00	0.00e+00	2.69e-01	1.54e-01	5.07e-02
 1.20070e+13	5.03e-01	4.97e-01	9.27e-05	0.00e+00	0.00e+00	0.00e+00	0.00e+00	0.00e+00	0.00e+00	2.83e-01	1.62e-01	5.33e-02
 1.21317e+13	5.24e-01	4.75e-01	8.05e-05	0.00e+00	0.00e+00	0.00e+00	0.00e+00	0.00e+00	0.00e+00	2.95e-01	1.69e-01	5.56e-02
 1.22494e+13	5.46e-01	4.54e-01	7.02e-05	0.00e+00	0.00e+00	0.00e+00	0.00e+00	0.00e+00	0.00e+00	3.07e-01	1.76e-01	5.79e-02
 1.23621e+13	5.66e-01	4.34e-01	6.15e-05	0.00e+00	0.00e+00	0.00e+00	0.00e+00	0.00e+00	0.00e+00	3.19e-01	1.82e-01	6.01e-02
 1.24705e+13	5.86e-01	4.14e-01	5.40e-05	0.00e+00	0.00e+00	0.00e+00	0.00e+00	0.00e+00	0.00e+00	3.30e-01	1.88e-01	6.22e-02
 1.25561e+13	6.00e-01	4.00e-01	4.90e-05	0.00e+00	0.00e+00	0.00e+00	0.00e+00	0.00e+00	0.00e+00	3.38e-01	1.93e-01	6.37e-02
 1.26186e+13	6.11e-01	3.89e-01	4.55e-05	0.00e+00	0.00e+00	0.00e+00	0.00e+00	0.00e+00	0.00e+00	3.45e-01	1.97e-01	6.49e-02
 1.26799e+13	6.22e-01	3.78e-01	4.22e-05	0.00e+00	0.00e+00	0.00e+00	0.00e+00	0.00e+00	0.00e+00	3.51e-01	2.00e-01	6.61e-02
 1.27484e+13	6.35e-01	3.65e-01	3.87e-05	0.00e+00	0.00e+00	0.00e+00	0.00e+00	0.00e+00	0.00e+00	3.58e-01	2.04e-01	6.74e-02
 1.28193e+13	6.46e-01	3.54e-01	3.55e-05	0.00e+00	0.00e+00	0.00e+00	0.00e+00	0.00e+00	0.00e+00	3.65e-01	2.08e-01	6.87e-02
 1.28890e+13	6.58e-01	3.42e-01	3.26e-05	0.00e+00	0.00e+00	0.00e+00	0.00e+00	0.00e+00	0.00e+00	3.72e-01	2.12e-01	7.00e-02
 1.29578e+13	6.70e-01	3.30e-01	2.99e-05	0.00e+00	0.00e+00	0.00e+00	0.00e+00	0.00e+00	0.00e+00	3.79e-01	2.15e-01	7.12e-02
 1.30249e+13	6.81e-01	3.19e-01	2.75e-05	0.00e+00	0.00e+00	0.00e+00	0.00e+00	0.00e+00	0.00e+00	3.85e-01	2.19e-01	7.24e-02
 1.30918e+13	6.92e-01	3.08e-01	2.53e-05	0.00e+00	0.00e+00	0.00e+00	0.00e+00	0.00e+00	0.00e+00	3.92e-01	2.22e-01	7.36e-02
 1.31600e+13	7.03e-01	2.97e-01	2.32e-05	0.00e+00	0.00e+00	0.00e+00	0.00e+00	0.00e+00	0.00e+00	3.98e-01	2.26e-01	7.48e-02
 1.32280e+13	7.14e-01	2.86e-01	2.13e-05	0.00e+00	0.00e+00	0.00e+00	0.00e+00	0.00e+00	0.00e+00	4.04e-01	2.29e-01	7.59e-02
 1.32956e+13	7.24e-01	2.76e-01	1.95e-05	0.00e+00	0.00e+00	0.00e+00	0.00e+00	0.00e+00	0.00e+00	4.10e-01	2.33e-01	7.71e-02
 1.33630e+13	7.34e-01	2.66e-01	1.80e-05	0.00e+00	0.00e+00	0.00e+00	0.00e+00	0.00e+00	0.00e+00	4.16e-01	2.36e-01	7.81e-02
 1.34305e+13	7.44e-01	2.56e-01	1.65e-05	0.00e+00	0.00e+00	0.00e+00	0.00e+00	0.00e+00	0.00e+00	4.22e-01	2.39e-01	7.92e-02
 1.34988e+13	7.54e-01	2.46e-01	1.51e-05	0.00e+00	0.00e+00	0.00e+00	0.00e+00	0.00e+00	0.00e+00	4.28e-01	2.42e-01	8.03e-02
 1.35658e+13	7.63e-01	2.37e-01	1.39e-05	0.00e+00	0.00e+00	0.00e+00	0.00e+00	0.00e+00	0.00e+00	4.33e-01	2.45e-01	8.13e-02
 1.36325e+13	7.72e-01	2.28e-01	1.27e-05	0.00e+00	0.00e+00	0.00e+00	0.00e+00	0.00e+00	0.00e+00	4.39e-01	2.48e-01	8.23e-02
 1.37003e+13	7.81e-01	2.19e-01	1.17e-05	0.00e+00	0.00e+00	0.00e+00	0.00e+00	0.00e+00	0.00e+00	4.44e-01	2.51e-01	8.32e-02
 1.37680e+13	7.90e-01	2.10e-01	1.07e-05	0.00e+00	0.00e+00	0.00e+00	0.00e+00	0.00e+00	0.00e+00	4.49e-01	2.53e-01	8.41e-02
 1.38357e+13	7.99e-01	2.01e-01	9.80e-06	0.00e+00	0.00e+00	0.00e+00	0.00e+00	0.00e+00	0.00e+00	4.54e-01	2.56e-01	8.51e-02
 1.39033e+13	8.06e-01	1.94e-01	9.00e-06	0.00e+00	0.00e+00	0.00e+00	0.00e+00	0.00e+00	0.00e+00	4.59e-01	2.59e-01	8.59e-02
 1.39711e+13	8.15e-01	1.85e-01	8.24e-06	0.00e+00	0.00e+00	0.00e+00	0.00e+00	0.00e+00	0.00e+00	4.64e-01	2.61e-01	8.68e-02
 1.40390e+13	8.22e-01	1.78e-01	7.56e-06	0.00e+00	0.00e+00	0.00e+00	0.00e+00	0.00e+00	0.00e+00	4.68e-01	2.63e-01	8.76e-02
 1.41064e+13	8.29e-01	1.71e-01	6.93e-06	0.00e+00	0.00e+00	0.00e+00	0.00e+00	0.00e+00	0.00e+00	4.73e-01	2.66e-01	8.84e-02
 1.41748e+13	8.36e-01	1.64e-01	6.35e-06	0.00e+00	0.00e+00	0.00e+00	0.00e+00	0.00e+00	0.00e+00	4.77e-01	2.68e-01	8.91e-02
 1.42429e+13	8.43e-01	1.57e-01	5.81e-06	0.00e+00	0.00e+00	0.00e+00	0.00e+00	0.00e+00	0.00e+00	4.81e-01	2.70e-01	8.99e-02
 1.43101e+13	8.50e-01	1.50e-01	5.34e-06	0.00e+00	0.00e+00	0.00e+00	0.00e+00	0.00e+00	0.00e+00	4.85e-01	2.72e-01	9.05e-02
 1.43768e+13	8.56e-01	1.44e-01	4.90e-06	0.00e+00	0.00e+00	0.00e+00	0.00e+00	0.00e+00	0.00e+00	4.89e-01	2.74e-01	9.12e-02
 1.44441e+13	8.62e-01	1.38e-01	4.50e-06	0.00e+00	0.00e+00	0.00e+00	0.00e+00	0.00e+00	0.00e+00	4.92e-01	2.76e-01	9.18e-02
 1.45113e+13	8.68e-01	1.32e-01	4.13e-06	0.00e+00	0.00e+00	0.00e+00	0.00e+00	0.00e+00	0.00e+00	4.96e-01	2.77e-01	9.25e-02
 1.45785e+13	8.73e-01	1.27e-01	3.79e-06	0.00e+00	0.00e+00	0.00e+00	0.00e+00	0.00e+00	0.00e+00	4.99e-01	2.79e-01	9.30e-02
 1.46456e+13	8.79e-01	1.21e-01	3.48e-06	0.00e+00	0.00e+00	0.00e+00	0.00e+00	0.00e+00	0.00e+00	5.03e-01	2.81e-01	9.36e-02
 1.47119e+13	8.84e-01	1.16e-01	3.20e-06	0.00e+00	0.00e+00	0.00e+00	0.00e+00	0.00e+00	0.00e+00	5.06e-01	2.82e-01	9.41e-02
 1.47785e+13	8.89e-01	1.11e-01	2.94e-06	0.00e+00	0.00e+00	0.00e+00	0.00e+00	0.00e+00	0.00e+00	5.09e-01	2.84e-01	9.46e-02
 1.48459e+13	8.93e-01	1.07e-01	2.71e-06	0.00e+00	0.00e+00	0.00e+00	0.00e+00	0.00e+00	0.00e+00	5.12e-01	2.85e-01	9.51e-02
 1.49129e+13	8.98e-01	1.02e-01	2.49e-06	0.00e+00	0.00e+00	0.00e+00	0.00e+00	0.00e+00	0.00e+00	5.14e-01	2.86e-01	9.56e-02
 1.49794e+13	9.02e-01	9.78e-02	2.29e-06	0.00e+00	0.00e+00	0.00e+00	0.00e+00	0.00e+00	0.00e+00	5.17e-01	2.88e-01	9.60e-02
 1.50462e+13	9.06e-01	9.36e-02	2.11e-06	0.00e+00	0.00e+00	0.00e+00	0.00e+00	0.00e+00	0.00e+00	5.20e-01	2.89e-01	9.64e-02
 1.51139e+13	9.10e-01	8.97e-02	1.94e-06	0.00e+00	0.00e+00	0.00e+00	0.00e+00	0.00e+00	0.00e+00	5.22e-01	2.90e-01	9.68e-02
 1.51814e+13	9.14e-01	8.59e-02	1.78e-06	0.00e+00	0.00e+00	0.00e+00	0.00e+00	0.00e+00	0.00e+00	5.25e-01	2.91e-01	9.72e-02
 1.52484e+13	9.18e-01	8.23e-02	1.64e-06	0.00e+00	0.00e+00	0.00e+00	0.00e+00	0.00e+00	0.00e+00	5.27e-01	2.92e-01	9.76e-02
 1.53159e+13	9.21e-01	7.88e-02	1.51e-06	0.00e+00	0.00e+00	0.00e+00	0.00e+00	0.00e+00	0.00e+00	5.29e-01	2.93e-01	9.79e-02
 1.53845e+13	9.24e-01	7.55e-02	1.39e-06	0.00e+00	0.00e+00	0.00e+00	0.00e+00	0.00e+00	0.00e+00	5.31e-01	2.94e-01	9.83e-02
 1.54531e+13	9.28e-01	7.23e-02	1.28e-06	0.00e+00	0.00e+00	0.00e+00	0.00e+00	0.00e+00	0.00e+00	5.33e-01	2.95e-01	9.86e-02
 1.55214e+13	9.31e-01	6.93e-02	1.17e-06	0.00e+00	0.00e+00	0.00e+00	0.00e+00	0.00e+00	0.00e+00	5.35e-01	2.96e-01	9.89e-02
 1.55903e+13	9.34e-01	6.63e-02	1.08e-06	0.00e+00	0.00e+00	0.00e+00	0.00e+00	0.00e+00	0.00e+00	5.37e-01	2.96e-01	9.92e-02
 1.56605e+13	9.36e-01	6.35e-02	9.94e-07	0.00e+00	0.00e+00	0.00e+00	0.00e+00	0.00e+00	0.00e+00	5.39e-01	2.97e-01	9.94e-02
 1.57307e+13	9.39e-01	6.08e-02	9.14e-07	0.00e+00	0.00e+00	0.00e+00	0.00e+00	0.00e+00	0.00e+00	5.41e-01	2.98e-01	9.97e-02
 1.58006e+13	9.42e-01	5.83e-02	8.41e-07	0.00e+00	0.00e+00	0.00e+00	0.00e+00	0.00e+00	0.00e+00	5.42e-01	2.99e-01	9.99e-02
 1.58715e+13	9.44e-01	5.58e-02	7.73e-07	0.00e+00	0.00e+00	0.00e+00	0.00e+00	0.00e+00	0.00e+00	5.44e-01	2.99e-01	1.00e-01
 1.59439e+13	9.47e-01	5.34e-02	7.10e-07	0.00e+00	0.00e+00	0.00e+00	0.00e+00	0.00e+00	0.00e+00	5.46e-01	3.00e-01	1.00e-01
 1.60168e+13	9.49e-01	5.11e-02	6.52e-07	0.00e+00	0.00e+00	0.00e+00	0.00e+00	0.00e+00	0.00e+00	5.47e-01	3.00e-01	1.01e-01
 1.60896e+13	9.51e-01	4.90e-02	6.00e-07	0.00e+00	0.00e+00	0.00e+00	0.00e+00	0.00e+00	0.00e+00	5.48e-01	3.01e-01	1.01e-01
 1.61624e+13	9.53e-01	4.69e-02	5.51e-07	0.00e+00	0.00e+00	0.00e+00	0.00e+00	0.00e+00	0.00e+00	5.50e-01	3.02e-01	1.01e-01
 1.62368e+13	9.55e-01	4.50e-02	5.07e-07	0.00e+00	0.00e+00	0.00e+00	0.00e+00	0.00e+00	0.00e+00	5.51e-01	3.02e-01	1.01e-01
 1.63124e+13	9.57e-01	4.30e-02	4.65e-07	0.00e+00	0.00e+00	0.00e+00	0.00e+00	0.00e+00	0.00e+00	5.52e-01	3.03e-01	1.01e-01
 1.63880e+13	9.59e-01	4.12e-02	4.27e-07	0.00e+00	0.00e+00	0.00e+00	0.00e+00	0.00e+00	0.00e+00	5.54e-01	3.03e-01	1.02e-01
 1.64649e+13	9.61e-01	3.95e-02	3.92e-07	0.00e+00	0.00e+00	0.00e+00	0.00e+00	0.00e+00	0.00e+00	5.55e-01	3.03e-01	1.02e-01
 1.65429e+13	9.62e-01	3.78e-02	3.59e-07	0.00e+00	0.00e+00	0.00e+00	0.00e+00	0.00e+00	0.00e+00	5.56e-01	3.04e-01	1.02e-01
 1.66216e+13	9.64e-01	3.62e-02	3.30e-07	0.00e+00	0.00e+00	0.00e+00	0.00e+00	0.00e+00	0.00e+00	5.57e-01	3.04e-01	1.02e-01
 1.67013e+13	9.65e-01	3.46e-02	3.02e-07	0.00e+00	0.00e+00	0.00e+00	0.00e+00	0.00e+00	0.00e+00	5.58e-01	3.05e-01	1.02e-01
 1.67824e+13	9.67e-01	3.32e-02	2.77e-07	0.00e+00	0.00e+00	0.00e+00	0.00e+00	0.00e+00	0.00e+00	5.59e-01	3.05e-01	1.02e-01
 1.68644e+13	9.68e-01	3.18e-02	2.54e-07	0.00e+00	0.00e+00	0.00e+00	0.00e+00	0.00e+00	0.00e+00	5.60e-01	3.05e-01	1.02e-01
 1.69474e+13	9.70e-01	3.05e-02	2.32e-07	0.00e+00	0.00e+00	0.00e+00	0.00e+00	0.00e+00	0.00e+00	5.61e-01	3.06e-01	1.02e-01
 1.70316e+13	9.71e-01	2.91e-02	2.13e-07	0.00e+00	0.00e+00	0.00e+00	0.00e+00	0.00e+00	0.00e+00	5.62e-01	3.06e-01	1.03e-01
 1.71176e+13	9.72e-01	2.80e-02	1.95e-07	0.00e+00	0.00e+00	0.00e+00	0.00e+00	0.00e+00	0.00e+00	5.63e-01	3.06e-01	1.03e-01
 1.72047e+13	9.73e-01	2.68e-02	1.78e-07	0.00e+00	0.00e+00	0.00e+00	0.00e+00	0.00e+00	0.00e+00	5.64e-01	3.06e-01	1.03e-01
 1.72921e+13	9.74e-01	2.56e-02	1.63e-07	0.00e+00	0.00e+00	0.00e+00	0.00e+00	0.00e+00	0.00e+00	5.65e-01	3.07e-01	1.03e-01
 1.73823e+13	9.75e-01	2.46e-02	1.49e-07	0.00e+00	0.00e+00	0.00e+00	0.00e+00	0.00e+00	0.00e+00	5.65e-01	3.07e-01	1.03e-01
 1.74740e+13	9.76e-01	2.35e-02	1.36e-07	0.00e+00	0.00e+00	0.00e+00	0.00e+00	0.00e+00	0.00e+00	5.66e-01	3.07e-01	1.03e-01
 1.75664e+13	9.77e-01	2.26e-02	1.24e-07	0.00e+00	0.00e+00	0.00e+00	0.00e+00	0.00e+00	0.00e+00	5.67e-01	3.07e-01	1.03e-01
 1.76600e+13	9.78e-01	2.17e-02	1.13e-07	0.00e+00	0.00e+00	0.00e+00	0.00e+00	0.00e+00	0.00e+00	5.67e-01	3.08e-01	1.03e-01
 1.77547e+13	9.79e-01	2.08e-02	1.03e-07	0.00e+00	0.00e+00	0.00e+00	0.00e+00	0.00e+00	0.00e+00	5.68e-01	3.08e-01	1.03e-01
 1.78522e+13	9.80e-01	1.99e-02	9.42e-08	0.00e+00	0.00e+00	0.00e+00	0.00e+00	0.00e+00	0.00e+00	5.69e-01	3.08e-01	1.03e-01
 1.79525e+13	9.81e-01	1.91e-02	8.57e-08	0.00e+00	0.00e+00	0.00e+00	0.00e+00	0.00e+00	0.00e+00	5.69e-01	3.08e-01	1.03e-01
 1.80538e+13	9.82e-01	1.83e-02	7.81e-08	0.00e+00	0.00e+00	0.00e+00	0.00e+00	0.00e+00	0.00e+00	5.70e-01	3.08e-01	1.03e-01
 1.81564e+13	9.82e-01	1.75e-02	7.11e-08	0.00e+00	0.00e+00	0.00e+00	0.00e+00	0.00e+00	0.00e+00	5.71e-01	3.08e-01	1.03e-01
 1.82601e+13	9.83e-01	1.68e-02	6.47e-08	0.00e+00	0.00e+00	0.00e+00	0.00e+00	0.00e+00	0.00e+00	5.71e-01	3.09e-01	1.03e-01
 1.83660e+13	9.84e-01	1.61e-02	5.88e-08	0.00e+00	0.00e+00	0.00e+00	0.00e+00	0.00e+00	0.00e+00	5.72e-01	3.09e-01	1.03e-01
 1.84742e+13	9.85e-01	1.55e-02	5.34e-08	0.00e+00	0.00e+00	0.00e+00	0.00e+00	0.00e+00	0.00e+00	5.72e-01	3.09e-01	1.03e-01
 1.85837e+13	9.85e-01	1.49e-02	4.86e-08	0.00e+00	0.00e+00	0.00e+00	0.00e+00	0.00e+00	0.00e+00	5.73e-01	3.09e-01	1.04e-01
 1.86949e+13	9.86e-01	1.43e-02	4.41e-08	0.00e+00	0.00e+00	0.00e+00	0.00e+00	0.00e+00	0.00e+00	5.73e-01	3.09e-01	1.04e-01
 1.88072e+13	9.86e-01	1.37e-02	4.01e-08	0.00e+00	0.00e+00	0.00e+00	0.00e+00	0.00e+00	0.00e+00	5.74e-01	3.09e-01	1.04e-01
 1.89224e+13	9.87e-01	1.31e-02	3.63e-08	0.00e+00	0.00e+00	0.00e+00	0.00e+00	0.00e+00	0.00e+00	5.74e-01	3.09e-01	1.04e-01
 1.90408e+13	9.87e-01	1.26e-02	3.29e-08	0.00e+00	0.00e+00	0.00e+00	0.00e+00	0.00e+00	0.00e+00	5.75e-01	3.09e-01	1.04e-01
 1.91594e+13	9.88e-01	1.21e-02	2.98e-08	0.00e+00	0.00e+00	0.00e+00	0.00e+00	0.00e+00	0.00e+00	5.75e-01	3.09e-01	1.04e-01
 1.92784e+13	9.88e-01	1.16e-02	2.70e-08	0.00e+00	0.00e+00	0.00e+00	0.00e+00	0.00e+00	0.00e+00	5.75e-01	3.09e-01	1.04e-01
 1.93992e+13	9.89e-01	1.12e-02	2.45e-08	0.00e+00	0.00e+00	0.00e+00	0.00e+00	0.00e+00	0.00e+00	5.76e-01	3.09e-01	1.04e-01
 1.95223e+13	9.89e-01	1.07e-02	2.22e-08	0.00e+00	0.00e+00	0.00e+00	0.00e+00	0.00e+00	0.00e+00	5.76e-01	3.09e-01	1.04e-01
 1.96451e+13	9.90e-01	1.03e-02	2.01e-08	0.00e+00	0.00e+00	0.00e+00	0.00e+00	0.00e+00	0.00e+00	5.77e-01	3.09e-01	1.04e-01
 1.97706e+13	9.90e-01	9.86e-03	1.82e-08	0.00e+00	0.00e+00	0.00e+00	0.00e+00	0.00e+00	0.00e+00	5.77e-01	3.09e-01	1.04e-01
 1.99006e+13	9.91e-01	9.47e-03	1.65e-08	0.00e+00	0.00e+00	0.00e+00	0.00e+00	0.00e+00	0.00e+00	5.77e-01	3.09e-01	1.04e-01
 2.00301e+13	9.91e-01	9.08e-03	1.49e-08	0.00e+00	0.00e+00	0.00e+00	0.00e+00	0.00e+00	0.00e+00	5.78e-01	3.09e-01	1.04e-01
 2.01587e+13	9.91e-01	8.71e-03	1.35e-08	0.00e+00	0.00e+00	0.00e+00	0.00e+00	0.00e+00	0.00e+00	5.78e-01	3.09e-01	1.04e-01
 2.02883e+13	9.92e-01	8.37e-03	1.22e-08	0.00e+00	0.00e+00	0.00e+00	0.00e+00	0.00e+00	0.00e+00	5.79e-01	3.09e-01	1.04e-01
 2.04154e+13	9.92e-01	8.05e-03	1.11e-08	0.00e+00	0.00e+00	0.00e+00	0.00e+00	0.00e+00	0.00e+00	5.79e-01	3.09e-01	1.04e-01
 2.05410e+13	9.92e-01	7.73e-03	1.01e-08	0.00e+00	0.00e+00	0.00e+00	0.00e+00	0.00e+00	0.00e+00	5.79e-01	3.09e-01	1.04e-01
 2.06719e+13	9.93e-01	7.41e-03	9.12e-09	0.00e+00	0.00e+00	0.00e+00	0.00e+00	0.00e+00	0.00e+00	5.80e-01	3.09e-01	1.03e-01
 2.08059e+13	9.93e-01	7.10e-03	8.24e-09	0.00e+00	0.00e+00	0.00e+00	0.00e+00	0.00e+00	0.00e+00	5.80e-01	3.09e-01	1.03e-01
 2.09391e+13	9.93e-01	6.80e-03	7.46e-09	0.00e+00	0.00e+00	0.00e+00	0.00e+00	0.00e+00	0.00e+00	5.80e-01	3.09e-01	1.03e-01
 2.10704e+13	9.93e-01	6.52e-03	6.76e-09	0.00e+00	0.00e+00	0.00e+00	0.00e+00	0.00e+00	0.00e+00	5.81e-01	3.09e-01	1.03e-01
 2.12012e+13	9.94e-01	6.24e-03	6.13e-09	0.00e+00	0.00e+00	0.00e+00	0.00e+00	0.00e+00	0.00e+00	5.81e-01	3.09e-01	1.03e-01
 2.13323e+13	9.94e-01	5.97e-03	5.56e-09	0.00e+00	0.00e+00	0.00e+00	0.00e+00	0.00e+00	0.00e+00	5.82e-01	3.09e-01	1.03e-01
 2.14626e+13	9.94e-01	5.72e-03	5.05e-09	0.00e+00	0.00e+00	0.00e+00	0.00e+00	0.00e+00	0.00e+00	5.82e-01	3.09e-01	1.03e-01
 2.15946e+13	9.95e-01	5.46e-03	4.58e-09	0.00e+00	0.00e+00	0.00e+00	0.00e+00	0.00e+00	0.00e+00	5.83e-01	3.09e-01	1.03e-01
 2.17270e+13	9.95e-01	5.22e-03	4.15e-09	0.00e+00	0.00e+00	0.00e+00	0.00e+00	0.00e+00	0.00e+00	5.83e-01	3.09e-01	1.03e-01
 2.18568e+13	9.95e-01	4.98e-03	3.77e-09	0.00e+00	0.00e+00	0.00e+00	0.00e+00	0.00e+00	0.00e+00	5.84e-01	3.09e-01	1.03e-01
 2.19816e+13	9.95e-01	4.76e-03	3.44e-09	0.00e+00	0.00e+00	0.00e+00	0.00e+00	0.00e+00	0.00e+00	5.84e-01	3.08e-01	1.03e-01
 2.21041e+13	9.95e-01	4.55e-03	3.14e-09	0.00e+00	0.00e+00	0.00e+00	0.00e+00	0.00e+00	0.00e+00	5.85e-01	3.08e-01	1.03e-01
 2.22294e+13	9.96e-01	4.33e-03	2.86e-09	0.00e+00	0.00e+00	0.00e+00	0.00e+00	0.00e+00	0.00e+00	5.85e-01	3.08e-01	1.03e-01
 2.23551e+13	9.96e-01	4.12e-03	2.61e-09	0.00e+00	0.00e+00	0.00e+00	0.00e+00	0.00e+00	0.00e+00	5.86e-01	3.08e-01	1.02e-01
