#depth	He	He+	He+2
 4.08823e+11	1.80e-03	9.55e-01	4.30e-02
 2.45294e+12	1.80e-03	9.55e-01	4.29e-02
 1.06294e+13	1.80e-03	9.56e-01	4.27e-02
 4.33353e+13	1.80e-03	9.57e-01	4.13e-02
 1.03514e+14	1.80e-03	9.57e-01	4.07e-02
 1.81746e+14	1.81e-03	9.59e-01	3.87e-02
 2.83449e+14	1.82e-03	9.63e-01	3.53e-02
 4.15661e+14	1.84e-03	9.68e-01	3.04e-02
 5.87538e+14	1.87e-03	9.74e-01	2.44e-02
 8.10977e+14	1.89e-03	9.80e-01	1.78e-02
 1.10145e+15	1.93e-03	9.87e-01	1.15e-02
 1.47906e+15	1.97e-03	9.92e-01	6.40e-03
 1.96996e+15	2.02e-03	9.95e-01	2.96e-03
 2.60812e+15	2.07e-03	9.97e-01	1.11e-03
 3.43774e+15	2.15e-03	9.98e-01	3.24e-04
 4.51624e+15	2.26e-03	9.98e-01	7.34e-05
 5.91829e+15	2.40e-03	9.98e-01	1.31e-05
 7.74095e+15	2.61e-03	9.97e-01	1.97e-06
 9.79326e+15	2.86e-03	9.97e-01	3.19e-07
 1.16971e+16	3.12e-03	9.97e-01	7.56e-08
 1.32078e+16	3.35e-03	9.97e-01	2.76e-08
 1.45285e+16	3.59e-03	9.96e-01	1.22e-08
 1.59814e+16	3.88e-03	9.96e-01	5.28e-09
 1.75795e+16	4.24e-03	9.96e-01	2.25e-09
 1.91983e+16	4.66e-03	9.95e-01	1.02e-09
 2.06845e+16	5.10e-03	9.95e-01	5.22e-10
 2.20571e+16	5.58e-03	9.94e-01	2.97e-10
 2.33815e+16	6.12e-03	9.94e-01	1.82e-10
 2.46758e+16	6.73e-03	9.93e-01	1.21e-10
 2.59197e+16	7.43e-03	9.93e-01	8.65e-11
 2.70953e+16	8.22e-03	9.92e-01	6.72e-11
 2.82044e+16	9.11e-03	9.91e-01	5.58e-11
 2.92580e+16	1.01e-02	9.90e-01	4.88e-11
 3.02618e+16	1.13e-02	9.89e-01	4.43e-11
 3.12191e+16	1.26e-02	9.87e-01	4.14e-11
 3.21269e+16	1.42e-02	9.86e-01	3.95e-11
 3.29801e+16	1.60e-02	9.84e-01	3.83e-11
 3.37835e+16	1.82e-02	9.82e-01	3.75e-11
 3.45446e+16	2.08e-02	9.79e-01	3.70e-11
 3.52671e+16	2.39e-02	9.76e-01	3.67e-11
 3.59514e+16	2.78e-02	9.72e-01	3.66e-11
 3.65980e+16	3.26e-02	9.67e-01	3.66e-11
 3.72090e+16	3.87e-02	9.61e-01	3.67e-11
 3.77870e+16	4.64e-02	9.54e-01	3.70e-11
 3.83309e+16	5.70e-02	9.43e-01	3.73e-11
 3.87662e+16	6.90e-02	9.31e-01	3.76e-11
 3.90614e+16	8.04e-02	9.20e-01	3.78e-11
 3.92956e+16	9.18e-02	9.08e-01	3.81e-11
 3.95517e+16	1.08e-01	8.92e-01	3.83e-11
 3.98231e+16	1.30e-01	8.70e-01	3.83e-11
 4.00388e+16	1.56e-01	8.44e-01	3.88e-11
 4.01974e+16	1.80e-01	8.20e-01	3.89e-11
 4.03342e+16	2.06e-01	7.94e-01	3.88e-11
 4.04890e+16	2.43e-01	7.57e-01	3.88e-11
 4.06492e+16	2.93e-01	7.07e-01	3.84e-11
 4.07756e+16	3.44e-01	6.56e-01	3.77e-11
 4.08753e+16	3.94e-01	6.06e-01	3.64e-11
 4.09812e+16	4.56e-01	5.44e-01	3.45e-11
 4.10982e+16	5.33e-01	4.67e-01	3.22e-11
 4.12057e+16	6.13e-01	3.87e-01	2.84e-11
 4.13061e+16	6.90e-01	3.10e-01	2.44e-11
 4.14216e+16	7.72e-01	2.28e-01	1.93e-11
 4.15717e+16	8.58e-01	1.42e-01	1.29e-11
 4.17668e+16	9.29e-01	7.15e-02	6.92e-12
 4.20204e+16	9.72e-01	2.83e-02	2.90e-12
 4.23501e+16	9.91e-01	9.31e-03	9.83e-13
 4.27788e+16	9.97e-01	2.97e-03	3.23e-13
 4.31916e+16	9.99e-01	1.49e-03	1.68e-13
 4.34840e+16	9.99e-01	1.13e-03	1.32e-13
 4.37207e+16	9.99e-01	1.01e-03	1.25e-13
 4.39269e+16	9.99e-01	9.32e-04	1.21e-13
 4.40918e+16	9.99e-01	8.73e-04	1.19e-13
 4.42309e+16	9.99e-01	8.29e-04	1.19e-13
 4.43587e+16	9.99e-01	7.84e-04	1.20e-13
 4.44792e+16	9.99e-01	7.26e-04	1.18e-13
 4.45879e+16	9.99e-01	6.78e-04	1.21e-13
 4.46833e+16	9.99e-01	6.22e-04	1.23e-13
 4.47684e+16	9.99e-01	5.63e-04	1.24e-13
 4.48455e+16	9.99e-01	5.03e-04	1.26e-13
 4.49161e+16	1.00e+00	4.41e-04	1.27e-13
 4.49812e+16	1.00e+00	3.82e-04	1.28e-13
 4.50408e+16	1.00e+00	3.28e-04	1.30e-13
 4.50954e+16	1.00e+00	2.80e-04	1.34e-13
 4.51445e+16	1.00e+00	2.37e-04	1.38e-13
 4.51849e+16	1.00e+00	2.03e-04	1.42e-13
 4.52155e+16	1.00e+00	1.79e-04	1.47e-13
 4.52396e+16	1.00e+00	1.64e-04	1.54e-13
 4.52608e+16	1.00e+00	1.51e-04	1.60e-13
 4.52807e+16	1.00e+00	1.38e-04	1.65e-13
 4.52994e+16	1.00e+00	1.26e-04	1.72e-13
 4.53159e+16	1.00e+00	1.16e-04	1.76e-13
 4.53308e+16	1.00e+00	1.09e-04	1.84e-13
 4.53447e+16	1.00e+00	1.02e-04	1.90e-13
 4.53578e+16	1.00e+00	9.56e-05	1.97e-13
 4.53685e+16	1.00e+00	8.95e-05	1.99e-13
 4.53764e+16	1.00e+00	8.70e-05	2.05e-13
 4.53839e+16	1.00e+00	8.44e-05	2.11e-13
 4.53920e+16	1.00e+00	8.10e-05	2.16e-13
 4.54005e+16	1.00e+00	7.71e-05	2.20e-13
 4.54086e+16	1.00e+00	7.38e-05	2.25e-13
 4.54166e+16	1.00e+00	7.10e-05	2.31e-13
 4.54245e+16	1.00e+00	6.80e-05	2.36e-13
 4.54324e+16	1.00e+00	6.53e-05	2.42e-13
 4.54403e+16	1.00e+00	6.25e-05	2.47e-13
 4.54479e+16	1.00e+00	5.99e-05	2.53e-13
 4.54555e+16	1.00e+00	5.76e-05	2.60e-13
 4.54631e+16	1.00e+00	5.53e-05	2.66e-13
 4.54707e+16	1.00e+00	5.29e-05	2.72e-13
 4.54781e+16	1.00e+00	5.08e-05	2.78e-13
 4.54855e+16	1.00e+00	4.89e-05	2.85e-13
 4.54928e+16	1.00e+00	4.69e-05	2.91e-13
 4.55001e+16	1.00e+00	4.50e-05	2.98e-13
 4.55074e+16	1.00e+00	4.33e-05	3.05e-13
 4.55147e+16	1.00e+00	4.15e-05	3.12e-13
 4.55218e+16	1.00e+00	3.99e-05	3.18e-13
 4.55287e+16	1.00e+00	3.84e-05	3.26e-13
 4.55357e+16	1.00e+00	3.69e-05	3.33e-13
 4.55425e+16	1.00e+00	3.55e-05	3.40e-13
 4.55493e+16	1.00e+00	3.42e-05	3.47e-13
 4.55559e+16	1.00e+00	3.30e-05	3.54e-13
 4.55623e+16	1.00e+00	3.18e-05	3.60e-13
 4.55688e+16	1.00e+00	3.07e-05	3.68e-13
 4.55752e+16	1.00e+00	2.96e-05	3.75e-13
 4.55815e+16	1.00e+00	2.86e-05	3.83e-13
 4.55876e+16	1.00e+00	2.76e-05	3.90e-13
 4.55936e+16	1.00e+00	2.67e-05	3.96e-13
 4.55996e+16	1.00e+00	2.58e-05	4.03e-13
 4.56056e+16	1.00e+00	2.49e-05	4.10e-13
 4.56115e+16	1.00e+00	2.41e-05	4.16e-13
 4.56172e+16	1.00e+00	2.32e-05	4.21e-13
 4.56229e+16	1.00e+00	2.22e-05	4.22e-13
 4.56285e+16	1.00e+00	1.94e-05	3.86e-13
 4.56340e+16	1.00e+00	2.07e-05	4.32e-13
 4.56394e+16	1.00e+00	2.05e-05	4.48e-13
 4.56448e+16	1.00e+00	2.01e-05	4.57e-13
 4.56501e+16	1.00e+00	1.96e-05	4.65e-13
 4.56552e+16	1.00e+00	1.91e-05	4.73e-13
 4.56602e+16	1.00e+00	1.86e-05	4.80e-13
 4.56651e+16	1.00e+00	1.82e-05	4.86e-13
 4.56699e+16	1.00e+00	1.77e-05	4.92e-13
 4.56746e+16	1.00e+00	1.73e-05	4.98e-13
 4.56790e+16	1.00e+00	1.70e-05	5.04e-13
 4.56830e+16	1.00e+00	1.66e-05	5.07e-13
 4.56865e+16	1.00e+00	1.63e-05	5.10e-13
 4.56894e+16	1.00e+00	1.61e-05	5.14e-13
 4.56919e+16	1.00e+00	1.60e-05	5.17e-13
