#depth	He	He+	He+2
 3.89613e+10	1.70e-02	9.78e-01	4.83e-03
 2.33768e+11	1.70e-02	9.78e-01	4.83e-03
 1.01299e+12	1.70e-02	9.78e-01	4.80e-03
 4.12990e+12	1.70e-02	9.78e-01	4.66e-03
 9.86500e+12	1.70e-02	9.78e-01	4.59e-03
 1.73206e+13	1.70e-02	9.79e-01	4.36e-03
 2.70130e+13	1.70e-02	9.79e-01	3.97e-03
 3.96130e+13	1.71e-02	9.79e-01	3.43e-03
 5.59930e+13	1.73e-02	9.80e-01	2.76e-03
 7.72871e+13	1.76e-02	9.80e-01	2.03e-03
 1.04969e+14	1.80e-02	9.81e-01	1.33e-03
 1.40956e+14	1.86e-02	9.81e-01	7.59e-04
 1.87739e+14	1.97e-02	9.80e-01	3.65e-04
 2.48557e+14	2.13e-02	9.79e-01	1.44e-04
 3.27620e+14	2.41e-02	9.76e-01	4.51e-05
 4.15025e+14	2.82e-02	9.72e-01	1.30e-05
 4.92352e+14	3.33e-02	9.67e-01	4.75e-06
 5.55328e+14	3.96e-02	9.60e-01	2.24e-06
 6.00981e+14	4.58e-02	9.54e-01	1.36e-06
 6.31763e+14	5.14e-02	9.49e-01	9.80e-07
 6.62801e+14	5.85e-02	9.41e-01	6.99e-07
 6.97568e+14	6.87e-02	9.31e-01	4.89e-07
 7.29367e+14	8.16e-02	9.18e-01	3.57e-07
 7.57050e+14	9.65e-02	9.03e-01	2.69e-07
 7.82010e+14	1.15e-01	8.85e-01	2.10e-07
 8.04451e+14	1.38e-01	8.62e-01	1.67e-07
 8.24386e+14	1.66e-01	8.34e-01	1.36e-07
 8.42006e+14	1.99e-01	8.01e-01	1.10e-07
 8.57682e+14	2.38e-01	7.62e-01	9.13e-08
 8.71814e+14	2.85e-01	7.15e-01	7.54e-08
 8.84600e+14	3.39e-01	6.61e-01	6.18e-08
 8.96321e+14	4.01e-01	5.99e-01	5.01e-08
 9.07336e+14	4.73e-01	5.27e-01	3.98e-08
 9.17739e+14	5.51e-01	4.49e-01	3.07e-08
 9.27806e+14	6.31e-01	3.69e-01	2.27e-08
 9.39342e+14	7.24e-01	2.76e-01	1.52e-08
 9.52010e+14	8.13e-01	1.87e-01	9.12e-09
 9.63926e+14	8.78e-01	1.22e-01	5.32e-09
 9.75350e+14	9.21e-01	7.87e-02	3.12e-09
 9.86009e+14	9.48e-01	5.19e-02	1.89e-09
 9.95409e+14	9.64e-01	3.59e-02	1.22e-09
 1.00358e+15	9.74e-01	2.63e-02	8.45e-10
 1.01085e+15	9.80e-01	1.99e-02	6.12e-10
 1.01764e+15	9.85e-01	1.54e-02	4.54e-10
 1.02397e+15	9.88e-01	1.22e-02	3.50e-10
 1.02977e+15	9.90e-01	9.86e-03	2.77e-10
 1.03513e+15	9.92e-01	8.15e-03	2.26e-10
 1.04013e+15	9.93e-01	6.87e-03	1.89e-10
 1.04469e+15	9.94e-01	5.91e-03	1.64e-10
 1.04851e+15	9.95e-01	5.27e-03	1.48e-10
 1.05142e+15	9.95e-01	4.84e-03	1.38e-10
 1.05371e+15	9.95e-01	4.55e-03	1.32e-10
 1.05572e+15	9.96e-01	4.31e-03	1.28e-10
 1.05760e+15	9.96e-01	4.11e-03	1.24e-10
 1.05934e+15	9.96e-01	3.94e-03	1.21e-10
 1.06096e+15	9.96e-01	3.80e-03	1.20e-10
 1.06244e+15	9.96e-01	3.69e-03	1.19e-10
 1.06378e+15	9.96e-01	3.60e-03	1.19e-10
 1.06504e+15	9.96e-01	3.51e-03	1.19e-10
 1.06605e+15	9.97e-01	3.46e-03	1.20e-10
 1.06679e+15	9.97e-01	3.42e-03	1.20e-10
 1.06751e+15	9.97e-01	3.38e-03	1.21e-10
 1.06832e+15	9.97e-01	3.34e-03	1.22e-10
 1.06915e+15	9.97e-01	3.30e-03	1.23e-10
 1.06994e+15	9.97e-01	3.27e-03	1.25e-10
 1.07071e+15	9.97e-01	3.24e-03	1.26e-10
 1.07148e+15	9.97e-01	3.21e-03	1.28e-10
 1.07224e+15	9.97e-01	3.18e-03	1.29e-10
 1.07300e+15	9.97e-01	3.17e-03	1.32e-10
 1.07376e+15	9.97e-01	3.15e-03	1.34e-10
 1.07452e+15	9.97e-01	3.13e-03	1.36e-10
 1.07526e+15	9.97e-01	3.11e-03	1.39e-10
 1.07599e+15	9.97e-01	3.10e-03	1.42e-10
 1.07673e+15	9.97e-01	3.08e-03	1.44e-10
 1.07746e+15	9.97e-01	3.08e-03	1.48e-10
 1.07819e+15	9.97e-01	3.07e-03	1.52e-10
 1.07892e+15	9.97e-01	3.06e-03	1.55e-10
 1.07963e+15	9.97e-01	3.06e-03	1.59e-10
 1.08034e+15	9.97e-01	3.06e-03	1.64e-10
 1.08105e+15	9.97e-01	3.05e-03	1.68e-10
 1.08176e+15	9.97e-01	3.06e-03	1.73e-10
 1.08244e+15	9.97e-01	3.05e-03	1.77e-10
 1.08312e+15	9.97e-01	3.06e-03	1.83e-10
 1.08379e+15	9.97e-01	3.06e-03	1.88e-10
 1.08446e+15	9.97e-01	3.07e-03	1.94e-10
 1.08512e+15	9.97e-01	3.07e-03	1.99e-10
 1.08578e+15	9.97e-01	3.08e-03	2.06e-10
 1.08643e+15	9.97e-01	3.09e-03	2.12e-10
 1.08707e+15	9.97e-01	3.10e-03	2.18e-10
 1.08771e+15	9.97e-01	3.11e-03	2.26e-10
 1.08834e+15	9.97e-01	3.12e-03	2.33e-10
 1.08895e+15	9.97e-01	3.13e-03	2.40e-10
 1.08957e+15	9.97e-01	3.14e-03	2.47e-10
 1.09018e+15	9.97e-01	3.15e-03	2.56e-10
 1.09079e+15	9.97e-01	3.17e-03	2.64e-10
 1.09139e+15	9.97e-01	3.18e-03	2.72e-10
 1.09199e+15	9.97e-01	3.19e-03	2.81e-10
 1.09259e+15	9.97e-01	3.21e-03	2.90e-10
 1.09319e+15	9.97e-01	3.23e-03	3.00e-10
 1.09377e+15	9.97e-01	3.24e-03	3.09e-10
 1.09436e+15	9.97e-01	3.26e-03	3.19e-10
 1.09494e+15	9.97e-01	3.27e-03	3.30e-10
 1.09553e+15	9.97e-01	3.29e-03	3.41e-10
 1.09611e+15	9.97e-01	3.31e-03	3.52e-10
 1.09669e+15	9.97e-01	3.33e-03	3.64e-10
 1.09726e+15	9.97e-01	3.34e-03	3.75e-10
 1.09782e+15	9.97e-01	3.37e-03	3.88e-10
 1.09839e+15	9.97e-01	3.39e-03	4.01e-10
 1.09896e+15	9.97e-01	3.41e-03	4.13e-10
 1.09952e+15	9.97e-01	3.42e-03	4.26e-10
 1.10008e+15	9.97e-01	3.44e-03	4.40e-10
 1.10065e+15	9.97e-01	3.46e-03	4.54e-10
 1.10121e+15	9.97e-01	3.48e-03	4.69e-10
 1.10176e+15	9.96e-01	3.51e-03	4.84e-10
 1.10232e+15	9.96e-01	3.53e-03	5.00e-10
 1.10286e+15	9.96e-01	3.55e-03	5.15e-10
 1.10340e+15	9.96e-01	3.57e-03	5.31e-10
 1.10396e+15	9.96e-01	3.59e-03	5.47e-10
 1.10451e+15	9.96e-01	3.62e-03	5.64e-10
 1.10505e+15	9.96e-01	3.64e-03	5.81e-10
 1.10559e+15	9.96e-01	3.66e-03	5.98e-10
 1.10611e+15	9.96e-01	3.69e-03	6.16e-10
 1.10664e+15	9.96e-01	3.71e-03	6.34e-10
 1.10716e+15	9.96e-01	3.74e-03	6.53e-10
 1.10768e+15	9.96e-01	3.77e-03	6.72e-10
 1.10819e+15	9.96e-01	3.80e-03	6.91e-10
 1.10870e+15	9.96e-01	3.83e-03	7.10e-10
 1.10920e+15	9.96e-01	3.86e-03	7.29e-10
 1.10970e+15	9.96e-01	3.89e-03	7.49e-10
 1.11018e+15	9.96e-01	3.93e-03	7.69e-10
 1.11064e+15	9.96e-01	3.96e-03	7.87e-10
 1.11110e+15	9.96e-01	4.01e-03	8.07e-10
 1.11154e+15	9.96e-01	4.05e-03	8.26e-10
