#depth	He	He+	He+2
 4.09636e+11	1.73e-03	9.54e-01	4.45e-02
 2.45782e+12	1.73e-03	9.54e-01	4.45e-02
 1.06505e+13	1.73e-03	9.54e-01	4.42e-02
 4.34215e+13	1.73e-03	9.55e-01	4.29e-02
 1.03720e+14	1.73e-03	9.56e-01	4.23e-02
 1.82108e+14	1.74e-03	9.58e-01	4.02e-02
 2.84012e+14	1.75e-03	9.62e-01	3.67e-02
 4.16488e+14	1.77e-03	9.67e-01	3.17e-02
 5.88707e+14	1.79e-03	9.73e-01	2.55e-02
 8.12591e+14	1.82e-03	9.80e-01	1.86e-02
 1.10364e+15	1.86e-03	9.86e-01	1.21e-02
 1.48200e+15	1.89e-03	9.91e-01	6.72e-03
 1.97388e+15	1.94e-03	9.95e-01	3.12e-03
 2.61331e+15	2.00e-03	9.97e-01	1.17e-03
 3.44458e+15	2.07e-03	9.98e-01	3.42e-04
 4.52522e+15	2.17e-03	9.98e-01	7.75e-05
 5.93006e+15	2.31e-03	9.98e-01	1.39e-05
 7.75635e+15	2.51e-03	9.97e-01	2.08e-06
 9.96445e+15	2.78e-03	9.97e-01	3.05e-07
 1.20836e+16	3.06e-03	9.97e-01	6.23e-08
 1.36782e+16	3.29e-03	9.97e-01	2.22e-08
 1.50461e+16	3.53e-03	9.96e-01	9.71e-09
 1.65507e+16	3.82e-03	9.96e-01	4.18e-09
 1.82057e+16	4.19e-03	9.96e-01	1.77e-09
 1.98630e+16	4.61e-03	9.95e-01	8.10e-10
 2.13592e+16	5.05e-03	9.95e-01	4.25e-10
 2.27402e+16	5.53e-03	9.94e-01	2.47e-10
 2.40840e+16	6.07e-03	9.94e-01	1.55e-10
 2.54032e+16	6.70e-03	9.93e-01	1.05e-10
 2.66678e+16	7.39e-03	9.93e-01	7.76e-11
 2.78600e+16	8.19e-03	9.92e-01	6.19e-11
 2.89859e+16	9.09e-03	9.91e-01	5.26e-11
 3.00566e+16	1.01e-02	9.90e-01	4.68e-11
 3.10762e+16	1.13e-02	9.89e-01	4.32e-11
 3.20477e+16	1.27e-02	9.87e-01	4.08e-11
 3.29645e+16	1.43e-02	9.86e-01	3.93e-11
 3.38225e+16	1.61e-02	9.84e-01	3.83e-11
 3.46390e+16	1.84e-02	9.82e-01	3.77e-11
 3.54185e+16	2.10e-02	9.79e-01	3.73e-11
 3.61481e+16	2.43e-02	9.76e-01	3.71e-11
 3.68296e+16	2.82e-02	9.72e-01	3.70e-11
 3.74810e+16	3.32e-02	9.67e-01	3.70e-11
 3.81009e+16	3.95e-02	9.60e-01	3.71e-11
 3.86803e+16	4.78e-02	9.52e-01	3.74e-11
 3.92259e+16	5.90e-02	9.41e-01	3.76e-11
 3.96611e+16	7.20e-02	9.28e-01	3.78e-11
 3.99464e+16	8.35e-02	9.16e-01	3.82e-11
 4.01697e+16	9.50e-02	9.05e-01	3.84e-11
 4.04182e+16	1.12e-01	8.88e-01	3.85e-11
 4.06803e+16	1.35e-01	8.65e-01	3.86e-11
 4.08897e+16	1.59e-01	8.41e-01	3.90e-11
 4.10500e+16	1.85e-01	8.15e-01	3.91e-11
 4.11907e+16	2.12e-01	7.88e-01	3.91e-11
 4.13267e+16	2.46e-01	7.54e-01	3.86e-11
 4.14579e+16	2.87e-01	7.13e-01	3.86e-11
 4.15793e+16	3.33e-01	6.67e-01	3.81e-11
 4.16915e+16	3.86e-01	6.14e-01	3.66e-11
 4.17964e+16	4.45e-01	5.55e-01	3.54e-11
 4.18976e+16	5.10e-01	4.90e-01	3.30e-11
 4.20133e+16	5.92e-01	4.08e-01	2.99e-11
 4.21397e+16	6.85e-01	3.15e-01	2.52e-11
 4.22590e+16	7.69e-01	2.31e-01	1.99e-11
 4.23931e+16	8.47e-01	1.53e-01	1.39e-11
 4.25673e+16	9.16e-01	8.41e-02	8.11e-12
 4.27938e+16	9.63e-01	3.72e-02	3.78e-12
 4.30883e+16	9.87e-01	1.35e-02	1.41e-12
 4.34712e+16	9.96e-01	4.37e-03	4.71e-13
 4.38657e+16	9.98e-01	1.88e-03	2.10e-13
 4.41801e+16	9.99e-01	1.19e-03	1.37e-13
 4.44477e+16	9.99e-01	1.04e-03	1.26e-13
 4.46789e+16	9.99e-01	9.27e-04	1.17e-13
 4.48557e+16	9.99e-01	8.67e-04	1.14e-13
 4.50012e+16	9.99e-01	8.23e-04	1.14e-13
 4.51373e+16	9.99e-01	7.81e-04	1.15e-13
 4.52683e+16	9.99e-01	7.27e-04	1.13e-13
 4.53868e+16	9.99e-01	6.85e-04	1.16e-13
 4.54895e+16	9.99e-01	6.35e-04	1.18e-13
 4.55800e+16	9.99e-01	5.83e-04	1.20e-13
 4.56618e+16	9.99e-01	5.28e-04	1.21e-13
 4.57366e+16	1.00e+00	4.71e-04	1.23e-13
 4.58054e+16	1.00e+00	4.12e-04	1.25e-13
 4.58686e+16	1.00e+00	3.57e-04	1.27e-13
 4.59265e+16	1.00e+00	3.06e-04	1.30e-13
 4.59796e+16	1.00e+00	2.61e-04	1.34e-13
 4.60264e+16	1.00e+00	2.21e-04	1.38e-13
 4.60633e+16	1.00e+00	1.92e-04	1.43e-13
 4.60911e+16	1.00e+00	1.72e-04	1.48e-13
 4.61138e+16	1.00e+00	1.58e-04	1.55e-13
 4.61345e+16	1.00e+00	1.45e-04	1.60e-13
 4.61542e+16	1.00e+00	1.33e-04	1.66e-13
 4.61724e+16	1.00e+00	1.22e-04	1.73e-13
 4.61884e+16	1.00e+00	1.13e-04	1.77e-13
 4.62028e+16	1.00e+00	1.06e-04	1.85e-13
 4.62165e+16	1.00e+00	9.89e-05	1.91e-13
 4.62273e+16	1.00e+00	9.25e-05	1.93e-13
 4.62352e+16	1.00e+00	9.03e-05	2.00e-13
 4.62428e+16	1.00e+00	8.75e-05	2.06e-13
 4.62511e+16	1.00e+00	8.38e-05	2.10e-13
 4.62596e+16	1.00e+00	7.99e-05	2.15e-13
 4.62680e+16	1.00e+00	7.65e-05	2.20e-13
 4.62761e+16	1.00e+00	7.34e-05	2.25e-13
 4.62841e+16	1.00e+00	7.06e-05	2.31e-13
 4.62921e+16	1.00e+00	6.75e-05	2.36e-13
 4.63000e+16	1.00e+00	6.47e-05	2.41e-13
 4.63077e+16	1.00e+00	6.22e-05	2.48e-13
 4.63154e+16	1.00e+00	5.97e-05	2.54e-13
 4.63231e+16	1.00e+00	5.72e-05	2.60e-13
 4.63307e+16	1.00e+00	5.49e-05	2.65e-13
 4.63382e+16	1.00e+00	5.27e-05	2.72e-13
 4.63457e+16	1.00e+00	5.07e-05	2.79e-13
 4.63532e+16	1.00e+00	4.85e-05	2.85e-13
 4.63605e+16	1.00e+00	4.66e-05	2.91e-13
 4.63678e+16	1.00e+00	4.48e-05	2.99e-13
 4.63750e+16	1.00e+00	4.31e-05	3.06e-13
 4.63823e+16	1.00e+00	4.13e-05	3.13e-13
 4.63895e+16	1.00e+00	3.97e-05	3.20e-13
 4.63966e+16	1.00e+00	3.81e-05	3.26e-13
 4.64035e+16	1.00e+00	3.67e-05	3.34e-13
 4.64103e+16	1.00e+00	3.54e-05	3.41e-13
 4.64170e+16	1.00e+00	3.41e-05	3.48e-13
 4.64237e+16	1.00e+00	3.28e-05	3.55e-13
 4.64302e+16	1.00e+00	3.16e-05	3.63e-13
 4.64367e+16	1.00e+00	3.05e-05	3.70e-13
 4.64431e+16	1.00e+00	2.95e-05	3.77e-13
 4.64493e+16	1.00e+00	2.84e-05	3.84e-13
 4.64555e+16	1.00e+00	2.75e-05	3.92e-13
 4.64617e+16	1.00e+00	2.66e-05	3.99e-13
 4.64677e+16	1.00e+00	2.57e-05	4.06e-13
 4.64736e+16	1.00e+00	2.49e-05	4.13e-13
 4.64795e+16	1.00e+00	2.41e-05	4.21e-13
 4.64854e+16	1.00e+00	2.33e-05	4.28e-13
 4.64912e+16	1.00e+00	2.26e-05	4.34e-13
 4.64968e+16	1.00e+00	2.18e-05	4.41e-13
 4.65023e+16	1.00e+00	2.11e-05	4.46e-13
 4.65078e+16	1.00e+00	2.03e-05	4.47e-13
 4.65133e+16	1.00e+00	1.80e-05	4.16e-13
 4.65186e+16	1.00e+00	1.89e-05	4.57e-13
 4.65238e+16	1.00e+00	1.88e-05	4.73e-13
 4.65290e+16	1.00e+00	1.84e-05	4.83e-13
 4.65340e+16	1.00e+00	1.80e-05	4.91e-13
 4.65389e+16	1.00e+00	1.76e-05	4.99e-13
 4.65437e+16	1.00e+00	1.72e-05	5.06e-13
 4.65484e+16	1.00e+00	1.68e-05	5.12e-13
 4.65528e+16	1.00e+00	1.65e-05	5.18e-13
 4.65570e+16	1.00e+00	1.61e-05	5.22e-13
 4.65605e+16	1.00e+00	1.59e-05	5.26e-13
 4.65635e+16	1.00e+00	1.57e-05	5.29e-13
 4.65660e+16	1.00e+00	1.55e-05	5.33e-13
