#depth	O	O+	O+2	O+3	O+4	O+5	O+6	O+7	O+8	O[1]	O[2]	O[3]
 4.07888e+11	2.69e-05	7.62e-02	9.06e-01	1.76e-02	1.90e-07	0.00e+00	0.00e+00	0.00e+00	0.00e+00	1.86e-05	5.60e-06	2.68e-06
 2.44733e+12	2.69e-05	7.62e-02	9.06e-01	1.75e-02	1.89e-07	0.00e+00	0.00e+00	0.00e+00	0.00e+00	1.86e-05	5.60e-06	2.68e-06
 1.06051e+13	2.69e-05	7.62e-02	9.07e-01	1.72e-02	1.85e-07	0.00e+00	0.00e+00	0.00e+00	0.00e+00	1.86e-05	5.60e-06	2.68e-06
 4.32361e+13	2.70e-05	7.63e-02	9.07e-01	1.63e-02	1.70e-07	0.00e+00	0.00e+00	0.00e+00	0.00e+00	1.87e-05	5.62e-06	2.69e-06
 1.03277e+14	2.70e-05	7.63e-02	9.09e-01	1.50e-02	1.50e-07	0.00e+00	0.00e+00	0.00e+00	0.00e+00	1.87e-05	5.61e-06	2.68e-06
 1.81331e+14	2.70e-05	7.63e-02	9.10e-01	1.34e-02	1.27e-07	0.00e+00	0.00e+00	0.00e+00	0.00e+00	1.87e-05	5.61e-06	2.69e-06
 2.82800e+14	2.71e-05	7.64e-02	9.12e-01	1.16e-02	0.00e+00	0.00e+00	0.00e+00	0.00e+00	0.00e+00	1.88e-05	5.63e-06	2.70e-06
 4.14710e+14	2.73e-05	7.67e-02	9.14e-01	9.49e-03	0.00e+00	0.00e+00	0.00e+00	0.00e+00	0.00e+00	1.89e-05	5.67e-06	2.72e-06
 5.86194e+14	2.77e-05	7.74e-02	9.15e-01	7.29e-03	0.00e+00	0.00e+00	0.00e+00	0.00e+00	0.00e+00	1.92e-05	5.74e-06	2.75e-06
 8.09122e+14	2.82e-05	7.84e-02	9.16e-01	5.15e-03	0.00e+00	0.00e+00	0.00e+00	0.00e+00	0.00e+00	1.96e-05	5.86e-06	2.81e-06
 1.09893e+15	2.91e-05	8.00e-02	9.17e-01	3.26e-03	0.00e+00	0.00e+00	0.00e+00	0.00e+00	0.00e+00	2.01e-05	6.03e-06	2.89e-06
 1.47568e+15	3.02e-05	8.20e-02	9.16e-01	1.80e-03	0.00e+00	0.00e+00	0.00e+00	0.00e+00	0.00e+00	2.09e-05	6.26e-06	3.01e-06
 1.96545e+15	3.18e-05	8.46e-02	9.15e-01	8.38e-04	0.00e+00	0.00e+00	0.00e+00	0.00e+00	0.00e+00	2.20e-05	6.58e-06	3.16e-06
 2.60216e+15	3.38e-05	8.78e-02	9.12e-01	3.21e-04	0.00e+00	0.00e+00	0.00e+00	0.00e+00	0.00e+00	2.34e-05	7.00e-06	3.36e-06
 3.42987e+15	3.67e-05	9.18e-02	9.08e-01	9.88e-05	0.00e+00	0.00e+00	0.00e+00	0.00e+00	0.00e+00	2.54e-05	7.58e-06	3.64e-06
 4.50591e+15	4.07e-05	9.70e-02	9.03e-01	2.51e-05	0.00e+00	0.00e+00	0.00e+00	0.00e+00	0.00e+00	2.83e-05	8.41e-06	4.05e-06
 5.90475e+15	4.68e-05	1.04e-01	8.96e-01	6.16e-06	0.00e+00	0.00e+00	0.00e+00	0.00e+00	0.00e+00	3.25e-05	9.65e-06	4.65e-06
 7.72324e+15	5.62e-05	1.14e-01	8.86e-01	2.21e-06	0.00e+00	0.00e+00	0.00e+00	0.00e+00	0.00e+00	3.90e-05	1.16e-05	5.59e-06
 9.74738e+15	6.87e-05	1.26e-01	8.74e-01	1.39e-06	0.00e+00	0.00e+00	0.00e+00	0.00e+00	0.00e+00	4.77e-05	1.41e-05	6.82e-06
 1.16011e+16	8.26e-05	1.39e-01	8.61e-01	1.12e-06	0.00e+00	0.00e+00	0.00e+00	0.00e+00	0.00e+00	5.74e-05	1.70e-05	8.20e-06
 1.30815e+16	9.57e-05	1.49e-01	8.51e-01	9.76e-07	0.00e+00	0.00e+00	0.00e+00	0.00e+00	0.00e+00	6.65e-05	1.96e-05	9.51e-06
 1.43896e+16	1.10e-04	1.59e-01	8.40e-01	8.69e-07	0.00e+00	0.00e+00	0.00e+00	0.00e+00	0.00e+00	7.66e-05	2.26e-05	1.09e-05
 1.58286e+16	1.29e-04	1.72e-01	8.28e-01	7.68e-07	0.00e+00	0.00e+00	0.00e+00	0.00e+00	0.00e+00	8.98e-05	2.64e-05	1.28e-05
 1.74114e+16	1.54e-04	1.87e-01	8.13e-01	6.72e-07	0.00e+00	0.00e+00	0.00e+00	0.00e+00	0.00e+00	1.07e-04	3.16e-05	1.53e-05
 1.90003e+16	1.85e-04	2.04e-01	7.96e-01	5.82e-07	0.00e+00	0.00e+00	0.00e+00	0.00e+00	0.00e+00	1.29e-04	3.79e-05	1.84e-05
 2.04385e+16	2.20e-04	2.21e-01	7.79e-01	5.12e-07	0.00e+00	0.00e+00	0.00e+00	0.00e+00	0.00e+00	1.53e-04	4.49e-05	2.18e-05
 2.17612e+16	2.58e-04	2.38e-01	7.62e-01	4.52e-07	0.00e+00	0.00e+00	0.00e+00	0.00e+00	0.00e+00	1.80e-04	5.29e-05	2.57e-05
 2.30412e+16	3.05e-04	2.57e-01	7.43e-01	4.01e-07	0.00e+00	0.00e+00	0.00e+00	0.00e+00	0.00e+00	2.12e-04	6.24e-05	3.03e-05
 2.42957e+16	3.61e-04	2.77e-01	7.22e-01	3.52e-07	0.00e+00	0.00e+00	0.00e+00	0.00e+00	0.00e+00	2.51e-04	7.38e-05	3.58e-05
 2.54994e+16	4.27e-04	2.99e-01	7.00e-01	3.09e-07	0.00e+00	0.00e+00	0.00e+00	0.00e+00	0.00e+00	2.97e-04	8.74e-05	4.24e-05
 2.66337e+16	5.05e-04	3.23e-01	6.77e-01	2.72e-07	0.00e+00	0.00e+00	0.00e+00	0.00e+00	0.00e+00	3.51e-04	1.03e-04	5.01e-05
 2.77031e+16	5.95e-04	3.47e-01	6.52e-01	2.38e-07	0.00e+00	0.00e+00	0.00e+00	0.00e+00	0.00e+00	4.14e-04	1.22e-04	5.91e-05
 2.87189e+16	7.01e-04	3.73e-01	6.26e-01	2.09e-07	0.00e+00	0.00e+00	0.00e+00	0.00e+00	0.00e+00	4.88e-04	1.44e-04	6.97e-05
 2.96870e+16	8.25e-04	4.01e-01	5.98e-01	1.81e-07	0.00e+00	0.00e+00	0.00e+00	0.00e+00	0.00e+00	5.74e-04	1.69e-04	8.20e-05
 3.06110e+16	9.73e-04	4.31e-01	5.68e-01	1.57e-07	0.00e+00	0.00e+00	0.00e+00	0.00e+00	0.00e+00	6.77e-04	1.99e-04	9.67e-05
 3.14878e+16	1.15e-03	4.63e-01	5.36e-01	1.34e-07	0.00e+00	0.00e+00	0.00e+00	0.00e+00	0.00e+00	7.98e-04	2.35e-04	1.14e-04
 3.23123e+16	1.35e-03	4.96e-01	5.03e-01	0.00e+00	0.00e+00	0.00e+00	0.00e+00	0.00e+00	0.00e+00	9.39e-04	2.77e-04	1.34e-04
 3.30894e+16	1.59e-03	5.30e-01	4.68e-01	0.00e+00	0.00e+00	0.00e+00	0.00e+00	0.00e+00	0.00e+00	1.10e-03	3.26e-04	1.58e-04
 3.38264e+16	1.86e-03	5.66e-01	4.32e-01	0.00e+00	0.00e+00	0.00e+00	0.00e+00	0.00e+00	0.00e+00	1.30e-03	3.83e-04	1.85e-04
 3.45271e+16	2.19e-03	6.03e-01	3.94e-01	0.00e+00	0.00e+00	0.00e+00	0.00e+00	0.00e+00	0.00e+00	1.52e-03	4.49e-04	2.17e-04
 3.51919e+16	2.57e-03	6.42e-01	3.56e-01	0.00e+00	0.00e+00	0.00e+00	0.00e+00	0.00e+00	0.00e+00	1.78e-03	5.27e-04	2.54e-04
 3.58210e+16	3.01e-03	6.81e-01	3.16e-01	0.00e+00	0.00e+00	0.00e+00	0.00e+00	0.00e+00	0.00e+00	2.09e-03	6.18e-04	2.98e-04
 3.64164e+16	3.53e-03	7.20e-01	2.76e-01	0.00e+00	0.00e+00	0.00e+00	0.00e+00	0.00e+00	0.00e+00	2.45e-03	7.25e-04	3.50e-04
 3.69772e+16	4.12e-03	7.60e-01	2.36e-01	0.00e+00	0.00e+00	0.00e+00	0.00e+00	0.00e+00	0.00e+00	2.86e-03	8.47e-04	4.08e-04
 3.75063e+16	4.80e-03	7.98e-01	1.97e-01	0.00e+00	0.00e+00	0.00e+00	0.00e+00	0.00e+00	0.00e+00	3.34e-03	9.88e-04	4.76e-04
 3.79377e+16	5.46e-03	8.30e-01	1.65e-01	0.00e+00	0.00e+00	0.00e+00	0.00e+00	0.00e+00	0.00e+00	3.80e-03	1.13e-03	5.41e-04
 3.82286e+16	6.01e-03	8.52e-01	1.42e-01	0.00e+00	0.00e+00	0.00e+00	0.00e+00	0.00e+00	0.00e+00	4.17e-03	1.24e-03	5.95e-04
 3.84526e+16	6.46e-03	8.69e-01	1.24e-01	0.00e+00	0.00e+00	0.00e+00	0.00e+00	0.00e+00	0.00e+00	4.49e-03	1.33e-03	6.40e-04
 3.86974e+16	7.01e-03	8.87e-01	1.06e-01	0.00e+00	0.00e+00	0.00e+00	0.00e+00	0.00e+00	0.00e+00	4.87e-03	1.44e-03	6.95e-04
 3.89570e+16	7.66e-03	9.06e-01	8.64e-02	0.00e+00	0.00e+00	0.00e+00	0.00e+00	0.00e+00	0.00e+00	5.32e-03	1.58e-03	7.59e-04
 3.91657e+16	8.26e-03	9.21e-01	7.10e-02	0.00e+00	0.00e+00	0.00e+00	0.00e+00	0.00e+00	0.00e+00	5.74e-03	1.70e-03	8.18e-04
 3.93222e+16	8.78e-03	9.32e-01	5.97e-02	0.00e+00	0.00e+00	0.00e+00	0.00e+00	0.00e+00	0.00e+00	6.10e-03	1.81e-03	8.70e-04
 3.94560e+16	9.19e-03	9.40e-01	5.05e-02	0.00e+00	0.00e+00	0.00e+00	0.00e+00	0.00e+00	0.00e+00	6.39e-03	1.89e-03	9.10e-04
 3.96051e+16	9.66e-03	9.49e-01	4.09e-02	0.00e+00	0.00e+00	0.00e+00	0.00e+00	0.00e+00	0.00e+00	6.71e-03	1.99e-03	9.57e-04
 3.97601e+16	1.02e-02	9.58e-01	3.16e-02	0.00e+00	0.00e+00	0.00e+00	0.00e+00	0.00e+00	0.00e+00	7.08e-03	2.10e-03	1.01e-03
 3.98824e+16	1.07e-02	9.65e-01	2.48e-02	0.00e+00	0.00e+00	0.00e+00	0.00e+00	0.00e+00	0.00e+00	7.40e-03	2.20e-03	1.06e-03
 3.99777e+16	1.10e-02	9.69e-01	2.01e-02	0.00e+00	0.00e+00	0.00e+00	0.00e+00	0.00e+00	0.00e+00	7.65e-03	2.27e-03	1.09e-03
 4.00783e+16	1.14e-02	9.73e-01	1.56e-02	0.00e+00	0.00e+00	0.00e+00	0.00e+00	0.00e+00	0.00e+00	7.93e-03	2.35e-03	1.13e-03
 4.01917e+16	1.19e-02	9.77e-01	1.14e-02	0.00e+00	0.00e+00	0.00e+00	0.00e+00	0.00e+00	0.00e+00	8.27e-03	2.45e-03	1.18e-03
 4.02981e+16	1.24e-02	9.79e-01	8.25e-03	0.00e+00	0.00e+00	0.00e+00	0.00e+00	0.00e+00	0.00e+00	8.59e-03	2.54e-03	1.22e-03
 4.04129e+16	1.29e-02	9.81e-01	5.64e-03	0.00e+00	0.00e+00	0.00e+00	0.00e+00	0.00e+00	0.00e+00	8.95e-03	2.65e-03	1.28e-03
 4.05621e+16	1.36e-02	9.83e-01	3.35e-03	0.00e+00	0.00e+00	0.00e+00	0.00e+00	0.00e+00	0.00e+00	9.43e-03	2.79e-03	1.34e-03
 4.07562e+16	1.46e-02	9.84e-01	1.66e-03	0.00e+00	0.00e+00	0.00e+00	0.00e+00	0.00e+00	0.00e+00	1.01e-02	3.00e-03	1.44e-03
 4.10084e+16	1.60e-02	9.83e-01	6.60e-04	0.00e+00	0.00e+00	0.00e+00	0.00e+00	0.00e+00	0.00e+00	1.12e-02	3.30e-03	1.59e-03
 4.13364e+16	1.84e-02	9.81e-01	2.05e-04	0.00e+00	0.00e+00	0.00e+00	0.00e+00	0.00e+00	0.00e+00	1.28e-02	3.77e-03	1.82e-03
 4.17626e+16	2.24e-02	9.78e-01	4.78e-05	0.00e+00	0.00e+00	0.00e+00	0.00e+00	0.00e+00	0.00e+00	1.56e-02	4.59e-03	2.21e-03
 4.21737e+16	2.79e-02	9.72e-01	1.18e-05	0.00e+00	0.00e+00	0.00e+00	0.00e+00	0.00e+00	0.00e+00	1.94e-02	5.73e-03	2.76e-03
 4.24636e+16	3.37e-02	9.66e-01	4.62e-06	0.00e+00	0.00e+00	0.00e+00	0.00e+00	0.00e+00	0.00e+00	2.35e-02	6.90e-03	3.33e-03
 4.26995e+16	4.00e-02	9.60e-01	2.15e-06	0.00e+00	0.00e+00	0.00e+00	0.00e+00	0.00e+00	0.00e+00	2.79e-02	8.18e-03	3.95e-03
 4.29099e+16	4.75e-02	9.52e-01	1.09e-06	0.00e+00	0.00e+00	0.00e+00	0.00e+00	0.00e+00	0.00e+00	3.31e-02	9.70e-03	4.69e-03
 4.30800e+16	5.56e-02	9.44e-01	6.18e-07	0.00e+00	0.00e+00	0.00e+00	0.00e+00	0.00e+00	0.00e+00	3.88e-02	1.13e-02	5.49e-03
 4.32229e+16	6.45e-02	9.36e-01	3.80e-07	0.00e+00	0.00e+00	0.00e+00	0.00e+00	0.00e+00	0.00e+00	4.50e-02	1.31e-02	6.36e-03
 4.33530e+16	7.49e-02	9.25e-01	2.40e-07	0.00e+00	0.00e+00	0.00e+00	0.00e+00	0.00e+00	0.00e+00	5.23e-02	1.52e-02	7.38e-03
 4.34750e+16	8.74e-02	9.13e-01	1.53e-07	0.00e+00	0.00e+00	0.00e+00	0.00e+00	0.00e+00	0.00e+00	6.11e-02	1.77e-02	8.60e-03
 4.35862e+16	1.02e-01	8.98e-01	9.97e-08	0.00e+00	0.00e+00	0.00e+00	0.00e+00	0.00e+00	0.00e+00	7.17e-02	2.06e-02	1.01e-02
 4.36840e+16	1.19e-01	8.81e-01	6.72e-08	0.00e+00	0.00e+00	0.00e+00	0.00e+00	0.00e+00	0.00e+00	8.36e-02	2.38e-02	1.17e-02
 4.37705e+16	1.38e-01	8.62e-01	4.63e-08	0.00e+00	0.00e+00	0.00e+00	0.00e+00	0.00e+00	0.00e+00	9.73e-02	2.75e-02	1.36e-02
 4.38488e+16	1.61e-01	8.39e-01	3.24e-08	0.00e+00	0.00e+00	0.00e+00	0.00e+00	0.00e+00	0.00e+00	1.13e-01	3.17e-02	1.57e-02
 4.39202e+16	1.86e-01	8.14e-01	2.29e-08	0.00e+00	0.00e+00	0.00e+00	0.00e+00	0.00e+00	0.00e+00	1.32e-01	3.64e-02	1.81e-02
 4.39857e+16	2.15e-01	7.85e-01	1.62e-08	0.00e+00	0.00e+00	0.00e+00	0.00e+00	0.00e+00	0.00e+00	1.53e-01	4.16e-02	2.09e-02
 4.40459e+16	2.49e-01	7.51e-01	1.16e-08	0.00e+00	0.00e+00	0.00e+00	0.00e+00	0.00e+00	0.00e+00	1.77e-01	4.75e-02	2.40e-02
 4.41012e+16	2.87e-01	7.13e-01	8.30e-09	0.00e+00	0.00e+00	0.00e+00	0.00e+00	0.00e+00	0.00e+00	2.05e-01	5.38e-02	2.75e-02
 4.41516e+16	3.28e-01	6.72e-01	5.98e-09	0.00e+00	0.00e+00	0.00e+00	0.00e+00	0.00e+00	0.00e+00	2.36e-01	6.04e-02	3.12e-02
 4.41937e+16	3.68e-01	6.32e-01	4.48e-09	0.00e+00	0.00e+00	0.00e+00	0.00e+00	0.00e+00	0.00e+00	2.67e-01	6.65e-02	3.47e-02
 4.42255e+16	4.02e-01	5.98e-01	3.57e-09	0.00e+00	0.00e+00	0.00e+00	0.00e+00	0.00e+00	0.00e+00	2.93e-01	7.13e-02	3.76e-02
 4.42500e+16	4.31e-01	5.69e-01	2.96e-09	0.00e+00	0.00e+00	0.00e+00	0.00e+00	0.00e+00	0.00e+00	3.15e-01	7.51e-02	4.00e-02
 4.42716e+16	4.57e-01	5.43e-01	2.50e-09	0.00e+00	0.00e+00	0.00e+00	0.00e+00	0.00e+00	0.00e+00	3.37e-01	7.85e-02	4.22e-02
 4.42919e+16	4.84e-01	5.16e-01	2.11e-09	0.00e+00	0.00e+00	0.00e+00	0.00e+00	0.00e+00	0.00e+00	3.58e-01	8.16e-02	4.43e-02
 4.43106e+16	5.08e-01	4.92e-01	1.81e-09	0.00e+00	0.00e+00	0.00e+00	0.00e+00	0.00e+00	0.00e+00	3.78e-01	8.42e-02	4.62e-02
 4.43271e+16	5.31e-01	4.69e-01	1.57e-09	0.00e+00	0.00e+00	0.00e+00	0.00e+00	0.00e+00	0.00e+00	3.97e-01	8.66e-02	4.79e-02
 4.43421e+16	5.52e-01	4.48e-01	1.38e-09	0.00e+00	0.00e+00	0.00e+00	0.00e+00	0.00e+00	0.00e+00	4.14e-01	8.85e-02	4.93e-02
 4.43562e+16	5.72e-01	4.28e-01	1.22e-09	0.00e+00	0.00e+00	0.00e+00	0.00e+00	0.00e+00	0.00e+00	4.31e-01	9.02e-02	5.07e-02
 4.43694e+16	5.91e-01	4.09e-01	1.08e-09	0.00e+00	0.00e+00	0.00e+00	0.00e+00	0.00e+00	0.00e+00	4.48e-01	9.16e-02	5.20e-02
 4.43801e+16	6.06e-01	3.94e-01	9.87e-10	0.00e+00	0.00e+00	0.00e+00	0.00e+00	0.00e+00	0.00e+00	4.61e-01	9.27e-02	5.29e-02
 4.43881e+16	6.18e-01	3.82e-01	9.19e-10	0.00e+00	0.00e+00	0.00e+00	0.00e+00	0.00e+00	0.00e+00	4.71e-01	9.34e-02	5.36e-02
 4.43955e+16	6.29e-01	3.71e-01	8.56e-10	0.00e+00	0.00e+00	0.00e+00	0.00e+00	0.00e+00	0.00e+00	4.80e-01	9.40e-02	5.42e-02
 4.44036e+16	6.41e-01	3.59e-01	7.92e-10	0.00e+00	0.00e+00	0.00e+00	0.00e+00	0.00e+00	0.00e+00	4.91e-01	9.46e-02	5.49e-02
 4.44119e+16	6.53e-01	3.47e-01	7.32e-10	0.00e+00	0.00e+00	0.00e+00	0.00e+00	0.00e+00	0.00e+00	5.02e-01	9.52e-02	5.55e-02
 4.44202e+16	6.65e-01	3.35e-01	6.76e-10	0.00e+00	0.00e+00	0.00e+00	0.00e+00	0.00e+00	0.00e+00	5.13e-01	9.56e-02	5.61e-02
 4.44282e+16	6.76e-01	3.24e-01	6.27e-10	0.00e+00	0.00e+00	0.00e+00	0.00e+00	0.00e+00	0.00e+00	5.23e-01	9.60e-02	5.67e-02
 4.44361e+16	6.87e-01	3.13e-01	5.80e-10	0.00e+00	0.00e+00	0.00e+00	0.00e+00	0.00e+00	0.00e+00	5.34e-01	9.63e-02	5.72e-02
 4.44441e+16	6.99e-01	3.01e-01	5.36e-10	0.00e+00	0.00e+00	0.00e+00	0.00e+00	0.00e+00	0.00e+00	5.45e-01	9.65e-02	5.76e-02
 4.44518e+16	7.09e-01	2.91e-01	4.97e-10	0.00e+00	0.00e+00	0.00e+00	0.00e+00	0.00e+00	0.00e+00	5.55e-01	9.66e-02	5.80e-02
 4.44594e+16	7.20e-01	2.80e-01	4.61e-10	0.00e+00	0.00e+00	0.00e+00	0.00e+00	0.00e+00	0.00e+00	5.65e-01	9.66e-02	5.84e-02
 4.44671e+16	7.30e-01	2.70e-01	4.27e-10	0.00e+00	0.00e+00	0.00e+00	0.00e+00	0.00e+00	0.00e+00	5.75e-01	9.66e-02	5.87e-02
 4.44747e+16	7.40e-01	2.60e-01	3.96e-10	0.00e+00	0.00e+00	0.00e+00	0.00e+00	0.00e+00	0.00e+00	5.85e-01	9.65e-02	5.89e-02
 4.44822e+16	7.51e-01	2.49e-01	3.67e-10	0.00e+00	0.00e+00	0.00e+00	0.00e+00	0.00e+00	0.00e+00	5.95e-01	9.63e-02	5.91e-02
 4.44897e+16	7.60e-01	2.40e-01	3.41e-10	0.00e+00	0.00e+00	0.00e+00	0.00e+00	0.00e+00	0.00e+00	6.05e-01	9.60e-02	5.92e-02
 4.44971e+16	7.69e-01	2.31e-01	3.16e-10	0.00e+00	0.00e+00	0.00e+00	0.00e+00	0.00e+00	0.00e+00	6.14e-01	9.57e-02	5.92e-02
 4.45045e+16	7.79e-01	2.21e-01	2.93e-10	0.00e+00	0.00e+00	0.00e+00	0.00e+00	0.00e+00	0.00e+00	6.24e-01	9.53e-02	5.92e-02
 4.45117e+16	7.87e-01	2.13e-01	2.72e-10	0.00e+00	0.00e+00	0.00e+00	0.00e+00	0.00e+00	0.00e+00	6.33e-01	9.48e-02	5.92e-02
 4.45189e+16	7.96e-01	2.04e-01	2.53e-10	0.00e+00	0.00e+00	0.00e+00	0.00e+00	0.00e+00	0.00e+00	6.42e-01	9.43e-02	5.91e-02
 4.45260e+16	8.04e-01	1.96e-01	2.35e-10	0.00e+00	0.00e+00	0.00e+00	0.00e+00	0.00e+00	0.00e+00	6.51e-01	9.37e-02	5.90e-02
 4.45332e+16	8.12e-01	1.88e-01	2.18e-10	0.00e+00	0.00e+00	0.00e+00	0.00e+00	0.00e+00	0.00e+00	6.60e-01	9.31e-02	5.89e-02
 4.45403e+16	8.20e-01	1.80e-01	2.03e-10	0.00e+00	0.00e+00	0.00e+00	0.00e+00	0.00e+00	0.00e+00	6.69e-01	9.25e-02	5.87e-02
 4.45472e+16	8.27e-01	1.73e-01	1.89e-10	0.00e+00	0.00e+00	0.00e+00	0.00e+00	0.00e+00	0.00e+00	6.77e-01	9.18e-02	5.84e-02
 4.45540e+16	8.34e-01	1.66e-01	1.76e-10	0.00e+00	0.00e+00	0.00e+00	0.00e+00	0.00e+00	0.00e+00	6.85e-01	9.11e-02	5.82e-02
 4.45607e+16	8.41e-01	1.59e-01	1.64e-10	0.00e+00	0.00e+00	0.00e+00	0.00e+00	0.00e+00	0.00e+00	6.93e-01	9.04e-02	5.79e-02
 4.45673e+16	8.48e-01	1.52e-01	1.53e-10	0.00e+00	0.00e+00	0.00e+00	0.00e+00	0.00e+00	0.00e+00	7.01e-01	8.96e-02	5.76e-02
 4.45738e+16	8.54e-01	1.46e-01	1.43e-10	0.00e+00	0.00e+00	0.00e+00	0.00e+00	0.00e+00	0.00e+00	7.08e-01	8.88e-02	5.73e-02
 4.45802e+16	8.60e-01	1.40e-01	1.34e-10	0.00e+00	0.00e+00	0.00e+00	0.00e+00	0.00e+00	0.00e+00	7.15e-01	8.81e-02	5.69e-02
 4.45865e+16	8.66e-01	1.34e-01	1.25e-10	0.00e+00	0.00e+00	0.00e+00	0.00e+00	0.00e+00	0.00e+00	7.22e-01	8.73e-02	5.66e-02
 4.45927e+16	8.71e-01	1.29e-01	1.17e-10	0.00e+00	0.00e+00	0.00e+00	0.00e+00	0.00e+00	0.00e+00	7.28e-01	8.65e-02	5.62e-02
 4.45989e+16	8.76e-01	1.24e-01	1.10e-10	0.00e+00	0.00e+00	0.00e+00	0.00e+00	0.00e+00	0.00e+00	7.35e-01	8.57e-02	5.58e-02
 4.46050e+16	8.82e-01	1.18e-01	1.03e-10	0.00e+00	0.00e+00	0.00e+00	0.00e+00	0.00e+00	0.00e+00	7.41e-01	8.49e-02	5.54e-02
 4.46110e+16	8.86e-01	1.14e-01	9.68e-11	0.00e+00	0.00e+00	0.00e+00	0.00e+00	0.00e+00	0.00e+00	7.47e-01	8.41e-02	5.50e-02
 4.46169e+16	8.91e-01	1.09e-01	9.10e-11	0.00e+00	0.00e+00	0.00e+00	0.00e+00	0.00e+00	0.00e+00	7.53e-01	8.33e-02	5.45e-02
 4.46227e+16	8.96e-01	1.04e-01	8.56e-11	0.00e+00	0.00e+00	0.00e+00	0.00e+00	0.00e+00	0.00e+00	7.59e-01	8.25e-02	5.41e-02
 4.46284e+16	9.00e-01	1.00e-01	8.06e-11	0.00e+00	0.00e+00	0.00e+00	0.00e+00	0.00e+00	0.00e+00	7.65e-01	8.16e-02	5.36e-02
 4.46340e+16	9.04e-01	9.61e-02	7.60e-11	0.00e+00	0.00e+00	0.00e+00	0.00e+00	0.00e+00	0.00e+00	7.70e-01	8.08e-02	5.32e-02
 4.46395e+16	9.08e-01	9.22e-02	7.17e-11	0.00e+00	0.00e+00	0.00e+00	0.00e+00	0.00e+00	0.00e+00	7.75e-01	8.01e-02	5.27e-02
 4.46450e+16	9.12e-01	8.84e-02	6.77e-11	0.00e+00	0.00e+00	0.00e+00	0.00e+00	0.00e+00	0.00e+00	7.80e-01	7.93e-02	5.23e-02
 4.46503e+16	9.15e-01	8.48e-02	6.40e-11	0.00e+00	0.00e+00	0.00e+00	0.00e+00	0.00e+00	0.00e+00	7.85e-01	7.85e-02	5.18e-02
 4.46556e+16	9.19e-01	8.13e-02	6.06e-11	0.00e+00	0.00e+00	0.00e+00	0.00e+00	0.00e+00	0.00e+00	7.90e-01	7.77e-02	5.13e-02
 4.46607e+16	9.22e-01	7.80e-02	5.74e-11	0.00e+00	0.00e+00	0.00e+00	0.00e+00	0.00e+00	0.00e+00	7.94e-01	7.69e-02	5.08e-02
 4.46657e+16	9.25e-01	7.47e-02	5.44e-11	0.00e+00	0.00e+00	0.00e+00	0.00e+00	0.00e+00	0.00e+00	7.99e-01	7.61e-02	5.03e-02
 4.46707e+16	9.28e-01	7.16e-02	5.17e-11	0.00e+00	0.00e+00	0.00e+00	0.00e+00	0.00e+00	0.00e+00	8.03e-01	7.53e-02	4.98e-02
 4.46754e+16	9.31e-01	6.85e-02	4.92e-11	0.00e+00	0.00e+00	0.00e+00	0.00e+00	0.00e+00	0.00e+00	8.08e-01	7.44e-02	4.93e-02
 4.46800e+16	9.34e-01	6.56e-02	4.68e-11	0.00e+00	0.00e+00	0.00e+00	0.00e+00	0.00e+00	0.00e+00	8.12e-01	7.36e-02	4.87e-02
 4.46844e+16	9.37e-01	6.29e-02	4.47e-11	0.00e+00	0.00e+00	0.00e+00	0.00e+00	0.00e+00	0.00e+00	8.16e-01	7.27e-02	4.82e-02
 4.46882e+16	9.40e-01	6.05e-02	4.30e-11	0.00e+00	0.00e+00	0.00e+00	0.00e+00	0.00e+00	0.00e+00	8.20e-01	7.19e-02	4.77e-02
 4.46915e+16	9.42e-01	5.84e-02	4.15e-11	0.00e+00	0.00e+00	0.00e+00	0.00e+00	0.00e+00	0.00e+00	8.23e-01	7.12e-02	4.72e-02
 4.46942e+16	9.43e-01	5.65e-02	4.03e-11	0.00e+00	0.00e+00	0.00e+00	0.00e+00	0.00e+00	0.00e+00	8.26e-01	7.06e-02	4.68e-02
 4.46967e+16	9.45e-01	5.48e-02	3.93e-11	0.00e+00	0.00e+00	0.00e+00	0.00e+00	0.00e+00	0.00e+00	8.29e-01	6.99e-02	4.63e-02
