#depth	O	O+	O+2	O+3	O+4	O+5	O+6	O+7	O+8	O[1]	O[2]	O[3]
 2.71077e+09	5.22e-02	9.37e-01	1.12e-02	1.92e-07	0.00e+00	0.00e+00	0.00e+00	0.00e+00	0.00e+00	2.90e-02	1.67e-02	5.49e-03
 1.62646e+10	5.23e-02	9.36e-01	1.12e-02	1.91e-07	0.00e+00	0.00e+00	0.00e+00	0.00e+00	0.00e+00	2.91e-02	1.68e-02	5.50e-03
 7.04800e+10	5.23e-02	9.37e-01	1.12e-02	1.89e-07	0.00e+00	0.00e+00	0.00e+00	0.00e+00	0.00e+00	2.90e-02	1.67e-02	5.49e-03
 2.87342e+11	5.24e-02	9.37e-01	1.09e-02	1.76e-07	0.00e+00	0.00e+00	0.00e+00	0.00e+00	0.00e+00	2.91e-02	1.68e-02	5.51e-03
 6.86367e+11	5.04e-02	9.39e-01	1.10e-02	1.73e-07	0.00e+00	0.00e+00	0.00e+00	0.00e+00	0.00e+00	2.80e-02	1.62e-02	5.30e-03
 1.20510e+12	4.99e-02	9.39e-01	1.07e-02	1.56e-07	0.00e+00	0.00e+00	0.00e+00	0.00e+00	0.00e+00	2.77e-02	1.60e-02	5.25e-03
 1.87945e+12	5.07e-02	9.39e-01	9.95e-03	1.29e-07	0.00e+00	0.00e+00	0.00e+00	0.00e+00	0.00e+00	2.82e-02	1.63e-02	5.34e-03
 2.75611e+12	5.35e-02	9.38e-01	8.75e-03	0.00e+00	0.00e+00	0.00e+00	0.00e+00	0.00e+00	0.00e+00	2.98e-02	1.72e-02	5.64e-03
 3.78602e+12	5.84e-02	9.34e-01	7.30e-03	0.00e+00	0.00e+00	0.00e+00	0.00e+00	0.00e+00	0.00e+00	3.26e-02	1.88e-02	6.16e-03
 4.81076e+12	6.58e-02	9.28e-01	5.85e-03	0.00e+00	0.00e+00	0.00e+00	0.00e+00	0.00e+00	0.00e+00	3.67e-02	2.11e-02	6.93e-03
 5.74342e+12	7.58e-02	9.20e-01	4.55e-03	0.00e+00	0.00e+00	0.00e+00	0.00e+00	0.00e+00	0.00e+00	4.22e-02	2.43e-02	7.99e-03
 6.56195e+12	8.81e-02	9.08e-01	3.49e-03	0.00e+00	0.00e+00	0.00e+00	0.00e+00	0.00e+00	0.00e+00	4.91e-02	2.83e-02	9.29e-03
 7.26021e+12	1.03e-01	8.94e-01	2.68e-03	0.00e+00	0.00e+00	0.00e+00	0.00e+00	0.00e+00	0.00e+00	5.74e-02	3.31e-02	1.09e-02
 7.86116e+12	1.19e-01	8.78e-01	2.06e-03	0.00e+00	0.00e+00	0.00e+00	0.00e+00	0.00e+00	0.00e+00	6.66e-02	3.84e-02	1.26e-02
 8.40161e+12	1.39e-01	8.59e-01	1.57e-03	0.00e+00	0.00e+00	0.00e+00	0.00e+00	0.00e+00	0.00e+00	7.76e-02	4.47e-02	1.47e-02
 8.90346e+12	1.62e-01	8.36e-01	1.18e-03	0.00e+00	0.00e+00	0.00e+00	0.00e+00	0.00e+00	0.00e+00	9.07e-02	5.22e-02	1.71e-02
 9.36361e+12	1.89e-01	8.10e-01	8.89e-04	0.00e+00	0.00e+00	0.00e+00	0.00e+00	0.00e+00	0.00e+00	1.06e-01	6.08e-02	2.00e-02
 9.79118e+12	2.21e-01	7.79e-01	6.58e-04	0.00e+00	0.00e+00	0.00e+00	0.00e+00	0.00e+00	0.00e+00	1.23e-01	7.09e-02	2.33e-02
 1.01908e+13	2.57e-01	7.43e-01	4.83e-04	0.00e+00	0.00e+00	0.00e+00	0.00e+00	0.00e+00	0.00e+00	1.44e-01	8.26e-02	2.71e-02
 1.05555e+13	2.97e-01	7.03e-01	3.54e-04	0.00e+00	0.00e+00	0.00e+00	0.00e+00	0.00e+00	0.00e+00	1.66e-01	9.54e-02	3.14e-02
 1.08632e+13	3.36e-01	6.64e-01	2.67e-04	0.00e+00	0.00e+00	0.00e+00	0.00e+00	0.00e+00	0.00e+00	1.88e-01	1.08e-01	3.55e-02
 1.11000e+13	3.70e-01	6.30e-01	2.13e-04	0.00e+00	0.00e+00	0.00e+00	0.00e+00	0.00e+00	0.00e+00	2.07e-01	1.19e-01	3.92e-02
 1.12874e+13	3.99e-01	6.00e-01	1.76e-04	0.00e+00	0.00e+00	0.00e+00	0.00e+00	0.00e+00	0.00e+00	2.24e-01	1.28e-01	4.23e-02
 1.14569e+13	4.27e-01	5.73e-01	1.47e-04	0.00e+00	0.00e+00	0.00e+00	0.00e+00	0.00e+00	0.00e+00	2.40e-01	1.37e-01	4.52e-02
 1.16195e+13	4.54e-01	5.46e-01	1.23e-04	0.00e+00	0.00e+00	0.00e+00	0.00e+00	0.00e+00	0.00e+00	2.55e-01	1.46e-01	4.81e-02
 1.17691e+13	4.80e-01	5.20e-01	1.04e-04	0.00e+00	0.00e+00	0.00e+00	0.00e+00	0.00e+00	0.00e+00	2.70e-01	1.54e-01	5.09e-02
 1.19041e+13	5.04e-01	4.96e-01	8.98e-05	0.00e+00	0.00e+00	0.00e+00	0.00e+00	0.00e+00	0.00e+00	2.83e-01	1.62e-01	5.34e-02
 1.20261e+13	5.26e-01	4.74e-01	7.80e-05	0.00e+00	0.00e+00	0.00e+00	0.00e+00	0.00e+00	0.00e+00	2.96e-01	1.69e-01	5.58e-02
 1.21417e+13	5.47e-01	4.53e-01	6.82e-05	0.00e+00	0.00e+00	0.00e+00	0.00e+00	0.00e+00	0.00e+00	3.08e-01	1.76e-01	5.80e-02
 1.22550e+13	5.67e-01	4.33e-01	5.96e-05	0.00e+00	0.00e+00	0.00e+00	0.00e+00	0.00e+00	0.00e+00	3.20e-01	1.83e-01	6.02e-02
 1.23633e+13	5.87e-01	4.13e-01	5.24e-05	0.00e+00	0.00e+00	0.00e+00	0.00e+00	0.00e+00	0.00e+00	3.31e-01	1.89e-01	6.23e-02
 1.24502e+13	6.01e-01	3.99e-01	4.74e-05	0.00e+00	0.00e+00	0.00e+00	0.00e+00	0.00e+00	0.00e+00	3.39e-01	1.94e-01	6.39e-02
 1.25136e+13	6.13e-01	3.87e-01	4.39e-05	0.00e+00	0.00e+00	0.00e+00	0.00e+00	0.00e+00	0.00e+00	3.46e-01	1.97e-01	6.51e-02
 1.25745e+13	6.24e-01	3.76e-01	4.07e-05	0.00e+00	0.00e+00	0.00e+00	0.00e+00	0.00e+00	0.00e+00	3.52e-01	2.01e-01	6.63e-02
 1.26414e+13	6.36e-01	3.64e-01	3.74e-05	0.00e+00	0.00e+00	0.00e+00	0.00e+00	0.00e+00	0.00e+00	3.59e-01	2.05e-01	6.76e-02
 1.27112e+13	6.48e-01	3.52e-01	3.43e-05	0.00e+00	0.00e+00	0.00e+00	0.00e+00	0.00e+00	0.00e+00	3.66e-01	2.08e-01	6.89e-02
 1.27798e+13	6.59e-01	3.41e-01	3.16e-05	0.00e+00	0.00e+00	0.00e+00	0.00e+00	0.00e+00	0.00e+00	3.73e-01	2.12e-01	7.01e-02
 1.28478e+13	6.71e-01	3.29e-01	2.90e-05	0.00e+00	0.00e+00	0.00e+00	0.00e+00	0.00e+00	0.00e+00	3.80e-01	2.16e-01	7.14e-02
 1.29151e+13	6.82e-01	3.18e-01	2.66e-05	0.00e+00	0.00e+00	0.00e+00	0.00e+00	0.00e+00	0.00e+00	3.86e-01	2.19e-01	7.26e-02
 1.29824e+13	6.94e-01	3.06e-01	2.44e-05	0.00e+00	0.00e+00	0.00e+00	0.00e+00	0.00e+00	0.00e+00	3.93e-01	2.23e-01	7.38e-02
 1.30496e+13	7.04e-01	2.96e-01	2.25e-05	0.00e+00	0.00e+00	0.00e+00	0.00e+00	0.00e+00	0.00e+00	3.99e-01	2.26e-01	7.49e-02
 1.31169e+13	7.15e-01	2.85e-01	2.06e-05	0.00e+00	0.00e+00	0.00e+00	0.00e+00	0.00e+00	0.00e+00	4.05e-01	2.30e-01	7.61e-02
 1.31847e+13	7.25e-01	2.75e-01	1.89e-05	0.00e+00	0.00e+00	0.00e+00	0.00e+00	0.00e+00	0.00e+00	4.11e-01	2.33e-01	7.72e-02
 1.32512e+13	7.35e-01	2.65e-01	1.74e-05	0.00e+00	0.00e+00	0.00e+00	0.00e+00	0.00e+00	0.00e+00	4.17e-01	2.36e-01	7.83e-02
 1.33174e+13	7.45e-01	2.55e-01	1.60e-05	0.00e+00	0.00e+00	0.00e+00	0.00e+00	0.00e+00	0.00e+00	4.23e-01	2.39e-01	7.93e-02
 1.33846e+13	7.55e-01	2.45e-01	1.46e-05	0.00e+00	0.00e+00	0.00e+00	0.00e+00	0.00e+00	0.00e+00	4.29e-01	2.43e-01	8.04e-02
 1.34516e+13	7.64e-01	2.36e-01	1.34e-05	0.00e+00	0.00e+00	0.00e+00	0.00e+00	0.00e+00	0.00e+00	4.34e-01	2.45e-01	8.14e-02
 1.35186e+13	7.74e-01	2.26e-01	1.23e-05	0.00e+00	0.00e+00	0.00e+00	0.00e+00	0.00e+00	0.00e+00	4.40e-01	2.48e-01	8.24e-02
 1.35855e+13	7.82e-01	2.18e-01	1.13e-05	0.00e+00	0.00e+00	0.00e+00	0.00e+00	0.00e+00	0.00e+00	4.45e-01	2.51e-01	8.33e-02
 1.36526e+13	7.91e-01	2.09e-01	1.04e-05	0.00e+00	0.00e+00	0.00e+00	0.00e+00	0.00e+00	0.00e+00	4.50e-01	2.54e-01	8.43e-02
 1.37203e+13	7.99e-01	2.01e-01	9.50e-06	0.00e+00	0.00e+00	0.00e+00	0.00e+00	0.00e+00	0.00e+00	4.55e-01	2.56e-01	8.52e-02
 1.37870e+13	8.07e-01	1.93e-01	8.72e-06	0.00e+00	0.00e+00	0.00e+00	0.00e+00	0.00e+00	0.00e+00	4.60e-01	2.59e-01	8.60e-02
 1.38536e+13	8.15e-01	1.85e-01	8.00e-06	0.00e+00	0.00e+00	0.00e+00	0.00e+00	0.00e+00	0.00e+00	4.64e-01	2.61e-01	8.69e-02
 1.39211e+13	8.23e-01	1.77e-01	7.33e-06	0.00e+00	0.00e+00	0.00e+00	0.00e+00	0.00e+00	0.00e+00	4.69e-01	2.64e-01	8.77e-02
 1.39889e+13	8.30e-01	1.70e-01	6.72e-06	0.00e+00	0.00e+00	0.00e+00	0.00e+00	0.00e+00	0.00e+00	4.73e-01	2.66e-01	8.85e-02
 1.40563e+13	8.37e-01	1.63e-01	6.16e-06	0.00e+00	0.00e+00	0.00e+00	0.00e+00	0.00e+00	0.00e+00	4.78e-01	2.68e-01	8.92e-02
 1.41233e+13	8.44e-01	1.56e-01	5.65e-06	0.00e+00	0.00e+00	0.00e+00	0.00e+00	0.00e+00	0.00e+00	4.82e-01	2.70e-01	8.99e-02
 1.41898e+13	8.51e-01	1.49e-01	5.18e-06	0.00e+00	0.00e+00	0.00e+00	0.00e+00	0.00e+00	0.00e+00	4.86e-01	2.72e-01	9.06e-02
 1.42561e+13	8.57e-01	1.43e-01	4.77e-06	0.00e+00	0.00e+00	0.00e+00	0.00e+00	0.00e+00	0.00e+00	4.89e-01	2.74e-01	9.13e-02
 1.43223e+13	8.63e-01	1.37e-01	4.38e-06	0.00e+00	0.00e+00	0.00e+00	0.00e+00	0.00e+00	0.00e+00	4.93e-01	2.76e-01	9.19e-02
 1.43883e+13	8.69e-01	1.31e-01	4.02e-06	0.00e+00	0.00e+00	0.00e+00	0.00e+00	0.00e+00	0.00e+00	4.97e-01	2.78e-01	9.25e-02
 1.44547e+13	8.74e-01	1.26e-01	3.69e-06	0.00e+00	0.00e+00	0.00e+00	0.00e+00	0.00e+00	0.00e+00	5.00e-01	2.79e-01	9.31e-02
 1.45216e+13	8.79e-01	1.20e-01	3.39e-06	0.00e+00	0.00e+00	0.00e+00	0.00e+00	0.00e+00	0.00e+00	5.03e-01	2.81e-01	9.37e-02
 1.45882e+13	8.85e-01	1.15e-01	3.12e-06	0.00e+00	0.00e+00	0.00e+00	0.00e+00	0.00e+00	0.00e+00	5.06e-01	2.82e-01	9.42e-02
 1.46539e+13	8.89e-01	1.11e-01	2.87e-06	0.00e+00	0.00e+00	0.00e+00	0.00e+00	0.00e+00	0.00e+00	5.09e-01	2.84e-01	9.47e-02
 1.47191e+13	8.94e-01	1.06e-01	2.64e-06	0.00e+00	0.00e+00	0.00e+00	0.00e+00	0.00e+00	0.00e+00	5.12e-01	2.85e-01	9.52e-02
 1.47851e+13	8.98e-01	1.02e-01	2.43e-06	0.00e+00	0.00e+00	0.00e+00	0.00e+00	0.00e+00	0.00e+00	5.15e-01	2.86e-01	9.56e-02
 1.48515e+13	9.03e-01	9.72e-02	2.23e-06	0.00e+00	0.00e+00	0.00e+00	0.00e+00	0.00e+00	0.00e+00	5.18e-01	2.88e-01	9.60e-02
 1.49172e+13	9.07e-01	9.32e-02	2.06e-06	0.00e+00	0.00e+00	0.00e+00	0.00e+00	0.00e+00	0.00e+00	5.20e-01	2.89e-01	9.65e-02
 1.49832e+13	9.11e-01	8.92e-02	1.89e-06	0.00e+00	0.00e+00	0.00e+00	0.00e+00	0.00e+00	0.00e+00	5.23e-01	2.90e-01	9.69e-02
 1.50500e+13	9.14e-01	8.55e-02	1.74e-06	0.00e+00	0.00e+00	0.00e+00	0.00e+00	0.00e+00	0.00e+00	5.25e-01	2.91e-01	9.72e-02
 1.51168e+13	9.18e-01	8.19e-02	1.60e-06	0.00e+00	0.00e+00	0.00e+00	0.00e+00	0.00e+00	0.00e+00	5.27e-01	2.92e-01	9.76e-02
 1.51832e+13	9.22e-01	7.84e-02	1.48e-06	0.00e+00	0.00e+00	0.00e+00	0.00e+00	0.00e+00	0.00e+00	5.30e-01	2.93e-01	9.79e-02
 1.52500e+13	9.25e-01	7.51e-02	1.36e-06	0.00e+00	0.00e+00	0.00e+00	0.00e+00	0.00e+00	0.00e+00	5.32e-01	2.94e-01	9.83e-02
 1.53179e+13	9.28e-01	7.20e-02	1.25e-06	0.00e+00	0.00e+00	0.00e+00	0.00e+00	0.00e+00	0.00e+00	5.34e-01	2.95e-01	9.86e-02
 1.53858e+13	9.31e-01	6.89e-02	1.15e-06	0.00e+00	0.00e+00	0.00e+00	0.00e+00	0.00e+00	0.00e+00	5.36e-01	2.96e-01	9.89e-02
 1.54533e+13	9.34e-01	6.60e-02	1.06e-06	0.00e+00	0.00e+00	0.00e+00	0.00e+00	0.00e+00	0.00e+00	5.38e-01	2.96e-01	9.91e-02
 1.55216e+13	9.37e-01	6.32e-02	9.76e-07	0.00e+00	0.00e+00	0.00e+00	0.00e+00	0.00e+00	0.00e+00	5.39e-01	2.97e-01	9.94e-02
 1.55911e+13	9.39e-01	6.06e-02	8.98e-07	0.00e+00	0.00e+00	0.00e+00	0.00e+00	0.00e+00	0.00e+00	5.41e-01	2.98e-01	9.97e-02
 1.56607e+13	9.42e-01	5.80e-02	8.26e-07	0.00e+00	0.00e+00	0.00e+00	0.00e+00	0.00e+00	0.00e+00	5.43e-01	2.99e-01	9.99e-02
 1.57301e+13	9.45e-01	5.55e-02	7.60e-07	0.00e+00	0.00e+00	0.00e+00	0.00e+00	0.00e+00	0.00e+00	5.44e-01	2.99e-01	1.00e-01
 1.58004e+13	9.47e-01	5.32e-02	7.00e-07	0.00e+00	0.00e+00	0.00e+00	0.00e+00	0.00e+00	0.00e+00	5.46e-01	3.00e-01	1.00e-01
 1.58716e+13	9.49e-01	5.09e-02	6.43e-07	0.00e+00	0.00e+00	0.00e+00	0.00e+00	0.00e+00	0.00e+00	5.48e-01	3.00e-01	1.01e-01
 1.59432e+13	9.51e-01	4.88e-02	5.92e-07	0.00e+00	0.00e+00	0.00e+00	0.00e+00	0.00e+00	0.00e+00	5.49e-01	3.01e-01	1.01e-01
 1.60153e+13	9.53e-01	4.67e-02	5.44e-07	0.00e+00	0.00e+00	0.00e+00	0.00e+00	0.00e+00	0.00e+00	5.50e-01	3.01e-01	1.01e-01
 1.60885e+13	9.55e-01	4.47e-02	5.00e-07	0.00e+00	0.00e+00	0.00e+00	0.00e+00	0.00e+00	0.00e+00	5.52e-01	3.02e-01	1.01e-01
 1.61622e+13	9.57e-01	4.28e-02	4.59e-07	0.00e+00	0.00e+00	0.00e+00	0.00e+00	0.00e+00	0.00e+00	5.53e-01	3.02e-01	1.01e-01
 1.62367e+13	9.59e-01	4.10e-02	4.22e-07	0.00e+00	0.00e+00	0.00e+00	0.00e+00	0.00e+00	0.00e+00	5.54e-01	3.03e-01	1.01e-01
 1.63120e+13	9.61e-01	3.92e-02	3.88e-07	0.00e+00	0.00e+00	0.00e+00	0.00e+00	0.00e+00	0.00e+00	5.55e-01	3.03e-01	1.02e-01
 1.63884e+13	9.62e-01	3.76e-02	3.56e-07	0.00e+00	0.00e+00	0.00e+00	0.00e+00	0.00e+00	0.00e+00	5.56e-01	3.04e-01	1.02e-01
 1.64656e+13	9.64e-01	3.60e-02	3.27e-07	0.00e+00	0.00e+00	0.00e+00	0.00e+00	0.00e+00	0.00e+00	5.58e-01	3.04e-01	1.02e-01
 1.65430e+13	9.66e-01	3.45e-02	3.00e-07	0.00e+00	0.00e+00	0.00e+00	0.00e+00	0.00e+00	0.00e+00	5.59e-01	3.04e-01	1.02e-01
 1.66216e+13	9.67e-01	3.30e-02	2.75e-07	0.00e+00	0.00e+00	0.00e+00	0.00e+00	0.00e+00	0.00e+00	5.60e-01	3.05e-01	1.02e-01
 1.67020e+13	9.68e-01	3.16e-02	2.52e-07	0.00e+00	0.00e+00	0.00e+00	0.00e+00	0.00e+00	0.00e+00	5.61e-01	3.05e-01	1.02e-01
 1.67836e+13	9.70e-01	3.02e-02	2.31e-07	0.00e+00	0.00e+00	0.00e+00	0.00e+00	0.00e+00	0.00e+00	5.62e-01	3.05e-01	1.02e-01
 1.68663e+13	9.71e-01	2.90e-02	2.12e-07	0.00e+00	0.00e+00	0.00e+00	0.00e+00	0.00e+00	0.00e+00	5.62e-01	3.06e-01	1.02e-01
 1.69496e+13	9.72e-01	2.77e-02	1.94e-07	0.00e+00	0.00e+00	0.00e+00	0.00e+00	0.00e+00	0.00e+00	5.63e-01	3.06e-01	1.03e-01
 1.70341e+13	9.73e-01	2.66e-02	1.78e-07	0.00e+00	0.00e+00	0.00e+00	0.00e+00	0.00e+00	0.00e+00	5.64e-01	3.06e-01	1.03e-01
 1.71200e+13	9.75e-01	2.55e-02	1.63e-07	0.00e+00	0.00e+00	0.00e+00	0.00e+00	0.00e+00	0.00e+00	5.65e-01	3.07e-01	1.03e-01
 1.72074e+13	9.76e-01	2.44e-02	1.49e-07	0.00e+00	0.00e+00	0.00e+00	0.00e+00	0.00e+00	0.00e+00	5.66e-01	3.07e-01	1.03e-01
 1.72969e+13	9.77e-01	2.34e-02	1.36e-07	0.00e+00	0.00e+00	0.00e+00	0.00e+00	0.00e+00	0.00e+00	5.67e-01	3.07e-01	1.03e-01
 1.73864e+13	9.78e-01	2.24e-02	1.24e-07	0.00e+00	0.00e+00	0.00e+00	0.00e+00	0.00e+00	0.00e+00	5.67e-01	3.07e-01	1.03e-01
 1.74773e+13	9.79e-01	2.15e-02	1.13e-07	0.00e+00	0.00e+00	0.00e+00	0.00e+00	0.00e+00	0.00e+00	5.68e-01	3.07e-01	1.03e-01
 1.75699e+13	9.79e-01	2.06e-02	1.04e-07	0.00e+00	0.00e+00	0.00e+00	0.00e+00	0.00e+00	0.00e+00	5.69e-01	3.08e-01	1.03e-01
 1.76630e+13	9.80e-01	1.97e-02	9.47e-08	0.00e+00	0.00e+00	0.00e+00	0.00e+00	0.00e+00	0.00e+00	5.69e-01	3.08e-01	1.03e-01
 1.77587e+13	9.81e-01	1.89e-02	8.64e-08	0.00e+00	0.00e+00	0.00e+00	0.00e+00	0.00e+00	0.00e+00	5.70e-01	3.08e-01	1.03e-01
 1.78581e+13	9.82e-01	1.81e-02	7.86e-08	0.00e+00	0.00e+00	0.00e+00	0.00e+00	0.00e+00	0.00e+00	5.70e-01	3.08e-01	1.03e-01
 1.79579e+13	9.83e-01	1.74e-02	7.17e-08	0.00e+00	0.00e+00	0.00e+00	0.00e+00	0.00e+00	0.00e+00	5.71e-01	3.08e-01	1.03e-01
 1.80567e+13	9.83e-01	1.67e-02	6.54e-08	0.00e+00	0.00e+00	0.00e+00	0.00e+00	0.00e+00	0.00e+00	5.72e-01	3.08e-01	1.03e-01
 1.81586e+13	9.84e-01	1.60e-02	5.96e-08	0.00e+00	0.00e+00	0.00e+00	0.00e+00	0.00e+00	0.00e+00	5.72e-01	3.08e-01	1.03e-01
 1.82643e+13	9.85e-01	1.53e-02	5.41e-08	0.00e+00	0.00e+00	0.00e+00	0.00e+00	0.00e+00	0.00e+00	5.73e-01	3.09e-01	1.03e-01
 1.83699e+13	9.85e-01	1.47e-02	4.93e-08	0.00e+00	0.00e+00	0.00e+00	0.00e+00	0.00e+00	0.00e+00	5.73e-01	3.09e-01	1.03e-01
 1.84763e+13	9.86e-01	1.41e-02	4.48e-08	0.00e+00	0.00e+00	0.00e+00	0.00e+00	0.00e+00	0.00e+00	5.74e-01	3.09e-01	1.03e-01
 1.85855e+13	9.86e-01	1.35e-02	4.07e-08	0.00e+00	0.00e+00	0.00e+00	0.00e+00	0.00e+00	0.00e+00	5.74e-01	3.09e-01	1.03e-01
 1.86963e+13	9.87e-01	1.30e-02	3.70e-08	0.00e+00	0.00e+00	0.00e+00	0.00e+00	0.00e+00	0.00e+00	5.75e-01	3.09e-01	1.03e-01
 1.88083e+13	9.88e-01	1.24e-02	3.36e-08	0.00e+00	0.00e+00	0.00e+00	0.00e+00	0.00e+00	0.00e+00	5.75e-01	3.09e-01	1.03e-01
 1.89217e+13	9.88e-01	1.19e-02	3.06e-08	0.00e+00	0.00e+00	0.00e+00	0.00e+00	0.00e+00	0.00e+00	5.76e-01	3.09e-01	1.03e-01
 1.90364e+13	9.89e-01	1.14e-02	2.77e-08	0.00e+00	0.00e+00	0.00e+00	0.00e+00	0.00e+00	0.00e+00	5.76e-01	3.09e-01	1.03e-01
 1.91522e+13	9.89e-01	1.10e-02	2.52e-08	0.00e+00	0.00e+00	0.00e+00	0.00e+00	0.00e+00	0.00e+00	5.77e-01	3.09e-01	1.03e-01
 1.92690e+13	9.89e-01	1.05e-02	2.29e-08	0.00e+00	0.00e+00	0.00e+00	0.00e+00	0.00e+00	0.00e+00	5.77e-01	3.09e-01	1.03e-01
 1.93875e+13	9.90e-01	1.01e-02	2.08e-08	0.00e+00	0.00e+00	0.00e+00	0.00e+00	0.00e+00	0.00e+00	5.77e-01	3.09e-01	1.03e-01
 1.95050e+13	9.90e-01	9.68e-03	1.89e-08	0.00e+00	0.00e+00	0.00e+00	0.00e+00	0.00e+00	0.00e+00	5.78e-01	3.09e-01	1.03e-01
 1.96245e+13	9.91e-01	9.29e-03	1.71e-08	0.00e+00	0.00e+00	0.00e+00	0.00e+00	0.00e+00	0.00e+00	5.78e-01	3.09e-01	1.03e-01
 1.97450e+13	9.91e-01	8.92e-03	1.56e-08	0.00e+00	0.00e+00	0.00e+00	0.00e+00	0.00e+00	0.00e+00	5.79e-01	3.09e-01	1.03e-01
 1.98641e+13	9.91e-01	8.56e-03	1.42e-08	0.00e+00	0.00e+00	0.00e+00	0.00e+00	0.00e+00	0.00e+00	5.79e-01	3.09e-01	1.03e-01
 1.99886e+13	9.92e-01	8.20e-03	1.28e-08	0.00e+00	0.00e+00	0.00e+00	0.00e+00	0.00e+00	0.00e+00	5.79e-01	3.09e-01	1.03e-01
 2.01139e+13	9.92e-01	7.85e-03	1.16e-08	0.00e+00	0.00e+00	0.00e+00	0.00e+00	0.00e+00	0.00e+00	5.80e-01	3.09e-01	1.03e-01
 2.02357e+13	9.92e-01	7.52e-03	1.06e-08	0.00e+00	0.00e+00	0.00e+00	0.00e+00	0.00e+00	0.00e+00	5.80e-01	3.09e-01	1.03e-01
 2.03573e+13	9.93e-01	7.20e-03	9.62e-09	0.00e+00	0.00e+00	0.00e+00	0.00e+00	0.00e+00	0.00e+00	5.81e-01	3.09e-01	1.03e-01
 2.04794e+13	9.93e-01	6.89e-03	8.74e-09	0.00e+00	0.00e+00	0.00e+00	0.00e+00	0.00e+00	0.00e+00	5.81e-01	3.09e-01	1.03e-01
 2.06007e+13	9.93e-01	6.60e-03	7.97e-09	0.00e+00	0.00e+00	0.00e+00	0.00e+00	0.00e+00	0.00e+00	5.82e-01	3.09e-01	1.03e-01
 2.07238e+13	9.94e-01	6.30e-03	7.23e-09	0.00e+00	0.00e+00	0.00e+00	0.00e+00	0.00e+00	0.00e+00	5.82e-01	3.09e-01	1.03e-01
 2.08465e+13	9.94e-01	6.02e-03	6.58e-09	0.00e+00	0.00e+00	0.00e+00	0.00e+00	0.00e+00	0.00e+00	5.83e-01	3.08e-01	1.03e-01
 2.09636e+13	9.94e-01	5.75e-03	6.01e-09	0.00e+00	0.00e+00	0.00e+00	0.00e+00	0.00e+00	0.00e+00	5.83e-01	3.08e-01	1.03e-01
 2.10794e+13	9.95e-01	5.49e-03	5.49e-09	0.00e+00	0.00e+00	0.00e+00	0.00e+00	0.00e+00	0.00e+00	5.84e-01	3.08e-01	1.03e-01
 2.11965e+13	9.95e-01	5.24e-03	5.01e-09	0.00e+00	0.00e+00	0.00e+00	0.00e+00	0.00e+00	0.00e+00	5.84e-01	3.08e-01	1.02e-01
 2.13126e+13	9.95e-01	4.99e-03	4.58e-09	0.00e+00	0.00e+00	0.00e+00	0.00e+00	0.00e+00	0.00e+00	5.85e-01	3.08e-01	1.02e-01
