#depth	He	He+	He+2
 4.07888e+11	1.88e-03	9.57e-01	4.12e-02
 2.44733e+12	1.88e-03	9.57e-01	4.12e-02
 1.06051e+13	1.88e-03	9.57e-01	4.09e-02
 4.32361e+13	1.88e-03	9.58e-01	3.96e-02
 1.03277e+14	1.88e-03	9.59e-01	3.90e-02
 1.81331e+14	1.89e-03	9.61e-01	3.70e-02
 2.82800e+14	1.91e-03	9.64e-01	3.37e-02
 4.14710e+14	1.93e-03	9.69e-01	2.90e-02
 5.86194e+14	1.95e-03	9.75e-01	2.32e-02
 8.09122e+14	1.98e-03	9.81e-01	1.69e-02
 1.09893e+15	2.01e-03	9.87e-01	1.09e-02
 1.47568e+15	2.05e-03	9.92e-01	6.05e-03
 1.96545e+15	2.10e-03	9.95e-01	2.79e-03
 2.60216e+15	2.16e-03	9.97e-01	1.04e-03
 3.42987e+15	2.24e-03	9.97e-01	3.04e-04
 4.50591e+15	2.35e-03	9.98e-01	6.88e-05
 5.90475e+15	2.51e-03	9.97e-01	1.23e-05
 7.72324e+15	2.73e-03	9.97e-01	1.84e-06
 9.74738e+15	2.99e-03	9.97e-01	3.01e-07
 1.16011e+16	3.25e-03	9.97e-01	7.36e-08
 1.30815e+16	3.49e-03	9.97e-01	2.72e-08
 1.43896e+16	3.73e-03	9.96e-01	1.20e-08
 1.58286e+16	4.04e-03	9.96e-01	5.20e-09
 1.74114e+16	4.42e-03	9.96e-01	2.22e-09
 1.90003e+16	4.85e-03	9.95e-01	1.01e-09
 2.04385e+16	5.32e-03	9.95e-01	5.26e-10
 2.17612e+16	5.80e-03	9.94e-01	3.03e-10
 2.30412e+16	6.36e-03	9.94e-01	1.87e-10
 2.42957e+16	7.00e-03	9.93e-01	1.24e-10
 2.54994e+16	7.72e-03	9.92e-01	8.88e-11
 2.66337e+16	8.53e-03	9.91e-01	6.87e-11
 2.77031e+16	9.44e-03	9.91e-01	5.67e-11
 2.87189e+16	1.05e-02	9.90e-01	4.93e-11
 2.96870e+16	1.17e-02	9.88e-01	4.45e-11
 3.06110e+16	1.30e-02	9.87e-01	4.14e-11
 3.14878e+16	1.47e-02	9.85e-01	3.94e-11
 3.23123e+16	1.65e-02	9.83e-01	3.81e-11
 3.30894e+16	1.88e-02	9.81e-01	3.72e-11
 3.38264e+16	2.14e-02	9.79e-01	3.67e-11
 3.45271e+16	2.46e-02	9.75e-01	3.64e-11
 3.51919e+16	2.86e-02	9.71e-01	3.63e-11
 3.58210e+16	3.35e-02	9.66e-01	3.63e-11
 3.64164e+16	3.96e-02	9.60e-01	3.65e-11
 3.69772e+16	4.77e-02	9.52e-01	3.67e-11
 3.75063e+16	5.84e-02	9.42e-01	3.70e-11
 3.79377e+16	7.13e-02	9.29e-01	3.73e-11
 3.82286e+16	8.31e-02	9.17e-01	3.77e-11
 3.84526e+16	9.50e-02	9.05e-01	3.79e-11
 3.86974e+16	1.11e-01	8.89e-01	3.81e-11
 3.89570e+16	1.34e-01	8.66e-01	3.84e-11
 3.91657e+16	1.60e-01	8.40e-01	3.86e-11
 3.93222e+16	1.85e-01	8.15e-01	3.87e-11
 3.94560e+16	2.13e-01	7.87e-01	3.88e-11
 3.96051e+16	2.51e-01	7.49e-01	3.86e-11
 3.97601e+16	3.02e-01	6.98e-01	3.79e-11
 3.98824e+16	3.56e-01	6.44e-01	3.67e-11
 3.99777e+16	4.06e-01	5.94e-01	3.61e-11
 4.00783e+16	4.67e-01	5.33e-01	3.44e-11
 4.01917e+16	5.46e-01	4.54e-01	3.11e-11
 4.02981e+16	6.28e-01	3.72e-01	2.75e-11
 4.04129e+16	7.16e-01	2.84e-01	2.26e-11
 4.05621e+16	8.16e-01	1.84e-01	1.62e-11
 4.07562e+16	9.06e-01	9.38e-02	8.84e-12
 4.10084e+16	9.64e-01	3.65e-02	3.67e-12
 4.13364e+16	9.89e-01	1.14e-02	1.19e-12
 4.17626e+16	9.97e-01	3.42e-03	3.68e-13
 4.21737e+16	9.98e-01	1.63e-03	1.82e-13
 4.24636e+16	9.99e-01	1.22e-03	1.41e-13
 4.26995e+16	9.99e-01	1.09e-03	1.32e-13
 4.29099e+16	9.99e-01	9.95e-04	1.27e-13
 4.30800e+16	9.99e-01	9.31e-04	1.25e-13
 4.32229e+16	9.99e-01	8.82e-04	1.25e-13
 4.33530e+16	9.99e-01	8.33e-04	1.25e-13
 4.34750e+16	9.99e-01	7.79e-04	1.26e-13
 4.35862e+16	9.99e-01	7.19e-04	1.26e-13
 4.36840e+16	9.99e-01	6.59e-04	1.28e-13
 4.37705e+16	9.99e-01	5.95e-04	1.29e-13
 4.38488e+16	9.99e-01	5.29e-04	1.29e-13
 4.39202e+16	1.00e+00	4.63e-04	1.30e-13
 4.39857e+16	1.00e+00	4.01e-04	1.31e-13
 4.40459e+16	1.00e+00	3.44e-04	1.33e-13
 4.41012e+16	1.00e+00	2.93e-04	1.36e-13
 4.41516e+16	1.00e+00	2.48e-04	1.40e-13
 4.41937e+16	1.00e+00	2.10e-04	1.43e-13
 4.42255e+16	1.00e+00	1.85e-04	1.48e-13
 4.42500e+16	1.00e+00	1.69e-04	1.54e-13
 4.42716e+16	1.00e+00	1.56e-04	1.61e-13
 4.42919e+16	1.00e+00	1.41e-04	1.66e-13
 4.43106e+16	1.00e+00	1.30e-04	1.72e-13
 4.43271e+16	1.00e+00	1.20e-04	1.77e-13
 4.43421e+16	1.00e+00	1.12e-04	1.85e-13
 4.43562e+16	1.00e+00	1.04e-04	1.91e-13
 4.43694e+16	1.00e+00	9.78e-05	1.97e-13
 4.43801e+16	1.00e+00	9.16e-05	2.00e-13
 4.43881e+16	1.00e+00	8.90e-05	2.06e-13
 4.43955e+16	1.00e+00	8.63e-05	2.12e-13
 4.44036e+16	1.00e+00	8.27e-05	2.16e-13
 4.44119e+16	1.00e+00	7.89e-05	2.21e-13
 4.44202e+16	1.00e+00	7.56e-05	2.26e-13
 4.44282e+16	1.00e+00	7.24e-05	2.31e-13
 4.44361e+16	1.00e+00	6.96e-05	2.37e-13
 4.44441e+16	1.00e+00	6.66e-05	2.42e-13
 4.44518e+16	1.00e+00	6.38e-05	2.48e-13
 4.44594e+16	1.00e+00	6.13e-05	2.54e-13
 4.44671e+16	1.00e+00	5.88e-05	2.60e-13
 4.44747e+16	1.00e+00	5.64e-05	2.66e-13
 4.44822e+16	1.00e+00	5.41e-05	2.72e-13
 4.44897e+16	1.00e+00	5.19e-05	2.78e-13
 4.44971e+16	1.00e+00	5.00e-05	2.86e-13
 4.45045e+16	1.00e+00	4.78e-05	2.91e-13
 4.45117e+16	1.00e+00	4.59e-05	2.98e-13
 4.45189e+16	1.00e+00	4.42e-05	3.05e-13
 4.45260e+16	1.00e+00	4.24e-05	3.12e-13
 4.45332e+16	1.00e+00	4.07e-05	3.19e-13
 4.45403e+16	1.00e+00	3.91e-05	3.26e-13
 4.45472e+16	1.00e+00	3.76e-05	3.32e-13
 4.45540e+16	1.00e+00	3.62e-05	3.40e-13
 4.45607e+16	1.00e+00	3.49e-05	3.46e-13
 4.45673e+16	1.00e+00	3.36e-05	3.53e-13
 4.45738e+16	1.00e+00	3.24e-05	3.61e-13
 4.45802e+16	1.00e+00	3.12e-05	3.67e-13
 4.45865e+16	1.00e+00	3.02e-05	3.74e-13
 4.45927e+16	1.00e+00	2.91e-05	3.81e-13
 4.45989e+16	1.00e+00	2.80e-05	3.87e-13
 4.46050e+16	1.00e+00	2.71e-05	3.93e-13
 4.46110e+16	1.00e+00	2.60e-05	3.98e-13
 4.46169e+16	1.00e+00	2.46e-05	3.96e-13
 4.46227e+16	1.00e+00	2.21e-05	3.72e-13
 4.46284e+16	1.00e+00	2.34e-05	4.14e-13
 4.46340e+16	1.00e+00	2.30e-05	4.26e-13
 4.46395e+16	1.00e+00	2.24e-05	4.35e-13
 4.46450e+16	1.00e+00	2.18e-05	4.43e-13
 4.46503e+16	1.00e+00	2.12e-05	4.50e-13
 4.46556e+16	1.00e+00	2.06e-05	4.57e-13
 4.46607e+16	1.00e+00	2.01e-05	4.64e-13
 4.46657e+16	1.00e+00	1.96e-05	4.70e-13
 4.46707e+16	1.00e+00	1.91e-05	4.76e-13
 4.46754e+16	1.00e+00	1.86e-05	4.82e-13
 4.46800e+16	1.00e+00	1.82e-05	4.87e-13
 4.46844e+16	1.00e+00	1.77e-05	4.92e-13
 4.46882e+16	1.00e+00	1.74e-05	4.95e-13
 4.46915e+16	1.00e+00	1.71e-05	4.98e-13
 4.46942e+16	1.00e+00	1.69e-05	5.01e-13
 4.46967e+16	1.00e+00	1.67e-05	5.03e-13
