#depth	O	O+	O+2	O+3	O+4	O+5	O+6	O+7	O+8	O[1]	O[2]	O[3]
 3.88965e+10	3.10e-03	6.00e-01	3.97e-01	3.94e-04	0.00e+00	0.00e+00	0.00e+00	0.00e+00	0.00e+00	1.80e-03	9.56e-04	3.26e-04
 2.33379e+11	3.10e-03	6.00e-01	3.97e-01	3.93e-04	0.00e+00	0.00e+00	0.00e+00	0.00e+00	0.00e+00	1.80e-03	9.56e-04	3.26e-04
 1.01131e+12	3.09e-03	5.99e-01	3.97e-01	3.87e-04	0.00e+00	0.00e+00	0.00e+00	0.00e+00	0.00e+00	1.80e-03	9.55e-04	3.26e-04
 4.12303e+12	3.09e-03	6.00e-01	3.97e-01	3.67e-04	0.00e+00	0.00e+00	0.00e+00	0.00e+00	0.00e+00	1.80e-03	9.54e-04	3.26e-04
 9.84860e+12	3.03e-03	5.98e-01	3.99e-01	3.43e-04	0.00e+00	0.00e+00	0.00e+00	0.00e+00	0.00e+00	1.76e-03	9.35e-04	3.19e-04
 1.72918e+13	2.98e-03	5.97e-01	4.00e-01	3.12e-04	0.00e+00	0.00e+00	0.00e+00	0.00e+00	0.00e+00	1.73e-03	9.20e-04	3.14e-04
 2.69680e+13	2.94e-03	5.97e-01	4.00e-01	2.73e-04	0.00e+00	0.00e+00	0.00e+00	0.00e+00	0.00e+00	1.71e-03	9.07e-04	3.10e-04
 3.95471e+13	2.91e-03	5.98e-01	3.99e-01	2.26e-04	0.00e+00	0.00e+00	0.00e+00	0.00e+00	0.00e+00	1.69e-03	8.98e-04	3.07e-04
 5.58999e+13	2.89e-03	6.01e-01	3.95e-01	1.76e-04	0.00e+00	0.00e+00	0.00e+00	0.00e+00	0.00e+00	1.68e-03	8.94e-04	3.05e-04
 7.71585e+13	2.90e-03	6.07e-01	3.90e-01	1.25e-04	0.00e+00	0.00e+00	0.00e+00	0.00e+00	0.00e+00	1.69e-03	8.97e-04	3.06e-04
 1.04795e+14	2.95e-03	6.15e-01	3.82e-01	7.98e-05	0.00e+00	0.00e+00	0.00e+00	0.00e+00	0.00e+00	1.71e-03	9.10e-04	3.11e-04
 1.40722e+14	3.04e-03	6.27e-01	3.70e-01	4.42e-05	0.00e+00	0.00e+00	0.00e+00	0.00e+00	0.00e+00	1.77e-03	9.38e-04	3.21e-04
 1.87427e+14	3.20e-03	6.44e-01	3.53e-01	2.07e-05	0.00e+00	0.00e+00	0.00e+00	0.00e+00	0.00e+00	1.86e-03	9.88e-04	3.38e-04
 2.48144e+14	3.48e-03	6.67e-01	3.29e-01	7.93e-06	0.00e+00	0.00e+00	0.00e+00	0.00e+00	0.00e+00	2.03e-03	1.07e-03	3.68e-04
 3.27076e+14	3.98e-03	7.00e-01	2.96e-01	2.49e-06	0.00e+00	0.00e+00	0.00e+00	0.00e+00	0.00e+00	2.32e-03	1.23e-03	4.21e-04
 4.13786e+14	4.68e-03	7.38e-01	2.57e-01	8.30e-07	0.00e+00	0.00e+00	0.00e+00	0.00e+00	0.00e+00	2.73e-03	1.45e-03	4.95e-04
 4.90048e+14	5.58e-03	7.75e-01	2.19e-01	3.80e-07	0.00e+00	0.00e+00	0.00e+00	0.00e+00	0.00e+00	3.25e-03	1.72e-03	5.90e-04
 5.51850e+14	6.60e-03	8.07e-01	1.86e-01	2.20e-07	0.00e+00	0.00e+00	0.00e+00	0.00e+00	0.00e+00	3.84e-03	2.04e-03	6.98e-04
 5.96409e+14	7.56e-03	8.31e-01	1.61e-01	1.51e-07	0.00e+00	0.00e+00	0.00e+00	0.00e+00	0.00e+00	4.41e-03	2.33e-03	8.00e-04
 6.26673e+14	8.38e-03	8.48e-01	1.43e-01	0.00e+00	0.00e+00	0.00e+00	0.00e+00	0.00e+00	0.00e+00	4.88e-03	2.59e-03	8.87e-04
 6.57356e+14	9.39e-03	8.66e-01	1.25e-01	0.00e+00	0.00e+00	0.00e+00	0.00e+00	0.00e+00	0.00e+00	5.47e-03	2.90e-03	9.94e-04
 6.91578e+14	1.07e-02	8.85e-01	1.05e-01	0.00e+00	0.00e+00	0.00e+00	0.00e+00	0.00e+00	0.00e+00	6.26e-03	3.32e-03	1.14e-03
 7.22721e+14	1.23e-02	9.01e-01	8.67e-02	0.00e+00	0.00e+00	0.00e+00	0.00e+00	0.00e+00	0.00e+00	7.16e-03	3.79e-03	1.30e-03
 7.49467e+14	1.39e-02	9.15e-01	7.15e-02	0.00e+00	0.00e+00	0.00e+00	0.00e+00	0.00e+00	0.00e+00	8.11e-03	4.30e-03	1.47e-03
 7.73487e+14	1.57e-02	9.26e-01	5.83e-02	0.00e+00	0.00e+00	0.00e+00	0.00e+00	0.00e+00	0.00e+00	9.16e-03	4.85e-03	1.66e-03
 7.95628e+14	1.78e-02	9.35e-01	4.69e-02	0.00e+00	0.00e+00	0.00e+00	0.00e+00	0.00e+00	0.00e+00	1.03e-02	5.48e-03	1.88e-03
 8.15662e+14	2.00e-02	9.43e-01	3.71e-02	0.00e+00	0.00e+00	0.00e+00	0.00e+00	0.00e+00	0.00e+00	1.16e-02	6.16e-03	2.11e-03
 8.33341e+14	2.24e-02	9.48e-01	2.91e-02	0.00e+00	0.00e+00	0.00e+00	0.00e+00	0.00e+00	0.00e+00	1.30e-02	6.90e-03	2.36e-03
 8.48748e+14	2.49e-02	9.52e-01	2.28e-02	0.00e+00	0.00e+00	0.00e+00	0.00e+00	0.00e+00	0.00e+00	1.45e-02	7.67e-03	2.63e-03
 8.62375e+14	2.74e-02	9.55e-01	1.77e-02	0.00e+00	0.00e+00	0.00e+00	0.00e+00	0.00e+00	0.00e+00	1.60e-02	8.47e-03	2.90e-03
 8.74849e+14	3.02e-02	9.56e-01	1.36e-02	0.00e+00	0.00e+00	0.00e+00	0.00e+00	0.00e+00	0.00e+00	1.76e-02	9.32e-03	3.20e-03
 8.86477e+14	3.32e-02	9.57e-01	1.02e-02	0.00e+00	0.00e+00	0.00e+00	0.00e+00	0.00e+00	0.00e+00	1.94e-02	1.03e-02	3.51e-03
 8.97378e+14	3.65e-02	9.56e-01	7.59e-03	0.00e+00	0.00e+00	0.00e+00	0.00e+00	0.00e+00	0.00e+00	2.13e-02	1.13e-02	3.86e-03
 9.07725e+14	4.02e-02	9.54e-01	5.52e-03	0.00e+00	0.00e+00	0.00e+00	0.00e+00	0.00e+00	0.00e+00	2.34e-02	1.24e-02	4.25e-03
 9.17840e+14	4.42e-02	9.52e-01	3.91e-03	0.00e+00	0.00e+00	0.00e+00	0.00e+00	0.00e+00	0.00e+00	2.58e-02	1.36e-02	4.67e-03
 9.29451e+14	4.98e-02	9.48e-01	2.53e-03	0.00e+00	0.00e+00	0.00e+00	0.00e+00	0.00e+00	0.00e+00	2.90e-02	1.53e-02	5.27e-03
 9.42166e+14	5.72e-02	9.41e-01	1.52e-03	0.00e+00	0.00e+00	0.00e+00	0.00e+00	0.00e+00	0.00e+00	3.34e-02	1.76e-02	6.05e-03
 9.54160e+14	6.65e-02	9.33e-01	8.99e-04	0.00e+00	0.00e+00	0.00e+00	0.00e+00	0.00e+00	0.00e+00	3.88e-02	2.05e-02	7.03e-03
 9.65412e+14	7.73e-02	9.22e-01	5.40e-04	0.00e+00	0.00e+00	0.00e+00	0.00e+00	0.00e+00	0.00e+00	4.51e-02	2.38e-02	8.19e-03
 9.75766e+14	9.04e-02	9.09e-01	3.31e-04	0.00e+00	0.00e+00	0.00e+00	0.00e+00	0.00e+00	0.00e+00	5.28e-02	2.78e-02	9.57e-03
 9.85049e+14	1.06e-01	8.94e-01	2.09e-04	0.00e+00	0.00e+00	0.00e+00	0.00e+00	0.00e+00	0.00e+00	6.17e-02	3.25e-02	1.12e-02
 9.93209e+14	1.23e-01	8.77e-01	1.38e-04	0.00e+00	0.00e+00	0.00e+00	0.00e+00	0.00e+00	0.00e+00	7.17e-02	3.77e-02	1.30e-02
 1.00052e+15	1.42e-01	8.58e-01	9.25e-05	0.00e+00	0.00e+00	0.00e+00	0.00e+00	0.00e+00	0.00e+00	8.32e-02	4.37e-02	1.51e-02
 1.00721e+15	1.65e-01	8.35e-01	6.32e-05	0.00e+00	0.00e+00	0.00e+00	0.00e+00	0.00e+00	0.00e+00	9.65e-02	5.05e-02	1.75e-02
 1.01337e+15	1.90e-01	8.10e-01	4.36e-05	0.00e+00	0.00e+00	0.00e+00	0.00e+00	0.00e+00	0.00e+00	1.12e-01	5.83e-02	2.02e-02
 1.01910e+15	2.20e-01	7.80e-01	3.03e-05	0.00e+00	0.00e+00	0.00e+00	0.00e+00	0.00e+00	0.00e+00	1.29e-01	6.72e-02	2.33e-02
 1.02446e+15	2.54e-01	7.46e-01	2.11e-05	0.00e+00	0.00e+00	0.00e+00	0.00e+00	0.00e+00	0.00e+00	1.49e-01	7.74e-02	2.69e-02
 1.02945e+15	2.92e-01	7.08e-01	1.47e-05	0.00e+00	0.00e+00	0.00e+00	0.00e+00	0.00e+00	0.00e+00	1.72e-01	8.88e-02	3.09e-02
 1.03394e+15	3.33e-01	6.67e-01	1.04e-05	0.00e+00	0.00e+00	0.00e+00	0.00e+00	0.00e+00	0.00e+00	1.96e-01	1.01e-01	3.53e-02
 1.03763e+15	3.72e-01	6.28e-01	7.75e-06	0.00e+00	0.00e+00	0.00e+00	0.00e+00	0.00e+00	0.00e+00	2.20e-01	1.12e-01	3.93e-02
 1.04045e+15	4.05e-01	5.95e-01	6.12e-06	0.00e+00	0.00e+00	0.00e+00	0.00e+00	0.00e+00	0.00e+00	2.39e-01	1.22e-01	4.28e-02
 1.04270e+15	4.33e-01	5.67e-01	5.03e-06	0.00e+00	0.00e+00	0.00e+00	0.00e+00	0.00e+00	0.00e+00	2.56e-01	1.30e-01	4.57e-02
 1.04469e+15	4.59e-01	5.41e-01	4.20e-06	0.00e+00	0.00e+00	0.00e+00	0.00e+00	0.00e+00	0.00e+00	2.72e-01	1.37e-01	4.85e-02
 1.04658e+15	4.85e-01	5.15e-01	3.52e-06	0.00e+00	0.00e+00	0.00e+00	0.00e+00	0.00e+00	0.00e+00	2.89e-01	1.45e-01	5.12e-02
 1.04835e+15	5.10e-01	4.90e-01	2.98e-06	0.00e+00	0.00e+00	0.00e+00	0.00e+00	0.00e+00	0.00e+00	3.04e-01	1.52e-01	5.38e-02
 1.04992e+15	5.33e-01	4.67e-01	2.56e-06	0.00e+00	0.00e+00	0.00e+00	0.00e+00	0.00e+00	0.00e+00	3.18e-01	1.58e-01	5.62e-02
 1.05133e+15	5.53e-01	4.47e-01	2.23e-06	0.00e+00	0.00e+00	0.00e+00	0.00e+00	0.00e+00	0.00e+00	3.31e-01	1.64e-01	5.83e-02
 1.05266e+15	5.73e-01	4.27e-01	1.96e-06	0.00e+00	0.00e+00	0.00e+00	0.00e+00	0.00e+00	0.00e+00	3.43e-01	1.69e-01	6.04e-02
 1.05392e+15	5.92e-01	4.08e-01	1.72e-06	0.00e+00	0.00e+00	0.00e+00	0.00e+00	0.00e+00	0.00e+00	3.55e-01	1.74e-01	6.23e-02
 1.05495e+15	6.07e-01	3.93e-01	1.56e-06	0.00e+00	0.00e+00	0.00e+00	0.00e+00	0.00e+00	0.00e+00	3.65e-01	1.78e-01	6.38e-02
 1.05571e+15	6.19e-01	3.81e-01	1.44e-06	0.00e+00	0.00e+00	0.00e+00	0.00e+00	0.00e+00	0.00e+00	3.72e-01	1.81e-01	6.50e-02
 1.05642e+15	6.29e-01	3.71e-01	1.34e-06	0.00e+00	0.00e+00	0.00e+00	0.00e+00	0.00e+00	0.00e+00	3.79e-01	1.83e-01	6.61e-02
 1.05720e+15	6.41e-01	3.59e-01	1.23e-06	0.00e+00	0.00e+00	0.00e+00	0.00e+00	0.00e+00	0.00e+00	3.87e-01	1.87e-01	6.73e-02
 1.05801e+15	6.53e-01	3.47e-01	1.13e-06	0.00e+00	0.00e+00	0.00e+00	0.00e+00	0.00e+00	0.00e+00	3.95e-01	1.89e-01	6.85e-02
 1.05881e+15	6.66e-01	3.34e-01	1.03e-06	0.00e+00	0.00e+00	0.00e+00	0.00e+00	0.00e+00	0.00e+00	4.03e-01	1.92e-01	6.97e-02
 1.05959e+15	6.77e-01	3.23e-01	9.53e-07	0.00e+00	0.00e+00	0.00e+00	0.00e+00	0.00e+00	0.00e+00	4.10e-01	1.95e-01	7.08e-02
 1.06035e+15	6.88e-01	3.12e-01	8.77e-07	0.00e+00	0.00e+00	0.00e+00	0.00e+00	0.00e+00	0.00e+00	4.18e-01	1.98e-01	7.20e-02
 1.06113e+15	6.99e-01	3.01e-01	8.06e-07	0.00e+00	0.00e+00	0.00e+00	0.00e+00	0.00e+00	0.00e+00	4.25e-01	2.00e-01	7.31e-02
 1.06188e+15	7.10e-01	2.90e-01	7.42e-07	0.00e+00	0.00e+00	0.00e+00	0.00e+00	0.00e+00	0.00e+00	4.33e-01	2.03e-01	7.41e-02
 1.06262e+15	7.20e-01	2.80e-01	6.84e-07	0.00e+00	0.00e+00	0.00e+00	0.00e+00	0.00e+00	0.00e+00	4.40e-01	2.05e-01	7.51e-02
 1.06337e+15	7.31e-01	2.69e-01	6.29e-07	0.00e+00	0.00e+00	0.00e+00	0.00e+00	0.00e+00	0.00e+00	4.47e-01	2.07e-01	7.61e-02
 1.06412e+15	7.41e-01	2.59e-01	5.80e-07	0.00e+00	0.00e+00	0.00e+00	0.00e+00	0.00e+00	0.00e+00	4.54e-01	2.10e-01	7.70e-02
 1.06486e+15	7.51e-01	2.49e-01	5.34e-07	0.00e+00	0.00e+00	0.00e+00	0.00e+00	0.00e+00	0.00e+00	4.61e-01	2.12e-01	7.80e-02
 1.06559e+15	7.60e-01	2.40e-01	4.92e-07	0.00e+00	0.00e+00	0.00e+00	0.00e+00	0.00e+00	0.00e+00	4.67e-01	2.14e-01	7.88e-02
 1.06631e+15	7.70e-01	2.30e-01	4.53e-07	0.00e+00	0.00e+00	0.00e+00	0.00e+00	0.00e+00	0.00e+00	4.74e-01	2.15e-01	7.97e-02
 1.06704e+15	7.78e-01	2.22e-01	4.18e-07	0.00e+00	0.00e+00	0.00e+00	0.00e+00	0.00e+00	0.00e+00	4.80e-01	2.17e-01	8.05e-02
 1.06776e+15	7.87e-01	2.13e-01	3.85e-07	0.00e+00	0.00e+00	0.00e+00	0.00e+00	0.00e+00	0.00e+00	4.87e-01	2.19e-01	8.13e-02
 1.06848e+15	7.96e-01	2.04e-01	3.55e-07	0.00e+00	0.00e+00	0.00e+00	0.00e+00	0.00e+00	0.00e+00	4.93e-01	2.20e-01	8.20e-02
 1.06919e+15	8.04e-01	1.96e-01	3.28e-07	0.00e+00	0.00e+00	0.00e+00	0.00e+00	0.00e+00	0.00e+00	4.99e-01	2.22e-01	8.27e-02
 1.06989e+15	8.12e-01	1.88e-01	3.03e-07	0.00e+00	0.00e+00	0.00e+00	0.00e+00	0.00e+00	0.00e+00	5.05e-01	2.23e-01	8.34e-02
 1.07060e+15	8.20e-01	1.80e-01	2.79e-07	0.00e+00	0.00e+00	0.00e+00	0.00e+00	0.00e+00	0.00e+00	5.12e-01	2.24e-01	8.40e-02
 1.07129e+15	8.27e-01	1.73e-01	2.58e-07	0.00e+00	0.00e+00	0.00e+00	0.00e+00	0.00e+00	0.00e+00	5.17e-01	2.25e-01	8.46e-02
 1.07197e+15	8.34e-01	1.66e-01	2.39e-07	0.00e+00	0.00e+00	0.00e+00	0.00e+00	0.00e+00	0.00e+00	5.23e-01	2.26e-01	8.51e-02
 1.07263e+15	8.41e-01	1.59e-01	2.21e-07	0.00e+00	0.00e+00	0.00e+00	0.00e+00	0.00e+00	0.00e+00	5.28e-01	2.27e-01	8.56e-02
 1.07330e+15	8.47e-01	1.53e-01	2.05e-07	0.00e+00	0.00e+00	0.00e+00	0.00e+00	0.00e+00	0.00e+00	5.33e-01	2.28e-01	8.60e-02
 1.07396e+15	8.54e-01	1.46e-01	1.90e-07	0.00e+00	0.00e+00	0.00e+00	0.00e+00	0.00e+00	0.00e+00	5.38e-01	2.29e-01	8.64e-02
 1.07461e+15	8.60e-01	1.40e-01	1.76e-07	0.00e+00	0.00e+00	0.00e+00	0.00e+00	0.00e+00	0.00e+00	5.43e-01	2.29e-01	8.68e-02
 1.07526e+15	8.65e-01	1.35e-01	1.64e-07	0.00e+00	0.00e+00	0.00e+00	0.00e+00	0.00e+00	0.00e+00	5.48e-01	2.30e-01	8.72e-02
 1.07590e+15	8.71e-01	1.29e-01	1.52e-07	0.00e+00	0.00e+00	0.00e+00	0.00e+00	0.00e+00	0.00e+00	5.53e-01	2.31e-01	8.75e-02
 1.07652e+15	8.76e-01	1.24e-01	1.42e-07	0.00e+00	0.00e+00	0.00e+00	0.00e+00	0.00e+00	0.00e+00	5.57e-01	2.31e-01	8.78e-02
 1.07715e+15	8.81e-01	1.19e-01	1.32e-07	0.00e+00	0.00e+00	0.00e+00	0.00e+00	0.00e+00	0.00e+00	5.62e-01	2.31e-01	8.81e-02
 1.07777e+15	8.86e-01	1.14e-01	1.23e-07	0.00e+00	0.00e+00	0.00e+00	0.00e+00	0.00e+00	0.00e+00	5.66e-01	2.32e-01	8.83e-02
 1.07839e+15	8.91e-01	1.09e-01	1.14e-07	0.00e+00	0.00e+00	0.00e+00	0.00e+00	0.00e+00	0.00e+00	5.70e-01	2.32e-01	8.85e-02
 1.07900e+15	8.95e-01	1.05e-01	1.06e-07	0.00e+00	0.00e+00	0.00e+00	0.00e+00	0.00e+00	0.00e+00	5.74e-01	2.32e-01	8.87e-02
 1.07961e+15	8.99e-01	1.01e-01	9.93e-08	0.00e+00	0.00e+00	0.00e+00	0.00e+00	0.00e+00	0.00e+00	5.78e-01	2.32e-01	8.89e-02
 1.08020e+15	9.03e-01	9.67e-02	9.27e-08	0.00e+00	0.00e+00	0.00e+00	0.00e+00	0.00e+00	0.00e+00	5.82e-01	2.32e-01	8.91e-02
 1.08080e+15	9.07e-01	9.28e-02	8.66e-08	0.00e+00	0.00e+00	0.00e+00	0.00e+00	0.00e+00	0.00e+00	5.85e-01	2.33e-01	8.92e-02
 1.08140e+15	9.11e-01	8.91e-02	8.08e-08	0.00e+00	0.00e+00	0.00e+00	0.00e+00	0.00e+00	0.00e+00	5.89e-01	2.33e-01	8.93e-02
 1.08199e+15	9.14e-01	8.55e-02	7.55e-08	0.00e+00	0.00e+00	0.00e+00	0.00e+00	0.00e+00	0.00e+00	5.92e-01	2.33e-01	8.94e-02
 1.08257e+15	9.18e-01	8.20e-02	7.06e-08	0.00e+00	0.00e+00	0.00e+00	0.00e+00	0.00e+00	0.00e+00	5.96e-01	2.33e-01	8.95e-02
 1.08316e+15	9.21e-01	7.87e-02	6.60e-08	0.00e+00	0.00e+00	0.00e+00	0.00e+00	0.00e+00	0.00e+00	5.99e-01	2.32e-01	8.96e-02
 1.08374e+15	9.24e-01	7.56e-02	6.17e-08	0.00e+00	0.00e+00	0.00e+00	0.00e+00	0.00e+00	0.00e+00	6.02e-01	2.32e-01	8.96e-02
 1.08432e+15	9.27e-01	7.26e-02	5.78e-08	0.00e+00	0.00e+00	0.00e+00	0.00e+00	0.00e+00	0.00e+00	6.05e-01	2.32e-01	8.97e-02
 1.08489e+15	9.30e-01	6.96e-02	5.41e-08	0.00e+00	0.00e+00	0.00e+00	0.00e+00	0.00e+00	0.00e+00	6.08e-01	2.32e-01	8.97e-02
 1.08546e+15	9.33e-01	6.68e-02	5.07e-08	0.00e+00	0.00e+00	0.00e+00	0.00e+00	0.00e+00	0.00e+00	6.11e-01	2.32e-01	8.97e-02
 1.08604e+15	9.36e-01	6.42e-02	4.74e-08	0.00e+00	0.00e+00	0.00e+00	0.00e+00	0.00e+00	0.00e+00	6.14e-01	2.32e-01	8.97e-02
 1.08661e+15	9.38e-01	6.16e-02	4.44e-08	0.00e+00	0.00e+00	0.00e+00	0.00e+00	0.00e+00	0.00e+00	6.17e-01	2.32e-01	8.97e-02
 1.08718e+15	9.41e-01	5.91e-02	4.17e-08	0.00e+00	0.00e+00	0.00e+00	0.00e+00	0.00e+00	0.00e+00	6.20e-01	2.32e-01	8.97e-02
 1.08774e+15	9.43e-01	5.67e-02	3.91e-08	0.00e+00	0.00e+00	0.00e+00	0.00e+00	0.00e+00	0.00e+00	6.22e-01	2.31e-01	8.97e-02
 1.08829e+15	9.46e-01	5.45e-02	3.67e-08	0.00e+00	0.00e+00	0.00e+00	0.00e+00	0.00e+00	0.00e+00	6.25e-01	2.31e-01	8.97e-02
 1.08885e+15	9.48e-01	5.22e-02	3.44e-08	0.00e+00	0.00e+00	0.00e+00	0.00e+00	0.00e+00	0.00e+00	6.27e-01	2.31e-01	8.96e-02
 1.08941e+15	9.50e-01	5.01e-02	3.23e-08	0.00e+00	0.00e+00	0.00e+00	0.00e+00	0.00e+00	0.00e+00	6.30e-01	2.31e-01	8.96e-02
 1.08997e+15	9.52e-01	4.80e-02	3.03e-08	0.00e+00	0.00e+00	0.00e+00	0.00e+00	0.00e+00	0.00e+00	6.32e-01	2.30e-01	8.96e-02
 1.09053e+15	9.54e-01	4.61e-02	2.84e-08	0.00e+00	0.00e+00	0.00e+00	0.00e+00	0.00e+00	0.00e+00	6.34e-01	2.30e-01	8.95e-02
 1.09108e+15	9.56e-01	4.43e-02	2.67e-08	0.00e+00	0.00e+00	0.00e+00	0.00e+00	0.00e+00	0.00e+00	6.36e-01	2.30e-01	8.94e-02
 1.09162e+15	9.58e-01	4.25e-02	2.51e-08	0.00e+00	0.00e+00	0.00e+00	0.00e+00	0.00e+00	0.00e+00	6.39e-01	2.30e-01	8.94e-02
 1.09215e+15	9.59e-01	4.08e-02	2.37e-08	0.00e+00	0.00e+00	0.00e+00	0.00e+00	0.00e+00	0.00e+00	6.41e-01	2.29e-01	8.93e-02
 1.09269e+15	9.61e-01	3.91e-02	2.22e-08	0.00e+00	0.00e+00	0.00e+00	0.00e+00	0.00e+00	0.00e+00	6.43e-01	2.29e-01	8.92e-02
 1.09323e+15	9.63e-01	3.75e-02	2.09e-08	0.00e+00	0.00e+00	0.00e+00	0.00e+00	0.00e+00	0.00e+00	6.45e-01	2.29e-01	8.91e-02
 1.09376e+15	9.64e-01	3.60e-02	1.97e-08	0.00e+00	0.00e+00	0.00e+00	0.00e+00	0.00e+00	0.00e+00	6.47e-01	2.28e-01	8.90e-02
 1.09429e+15	9.65e-01	3.45e-02	1.86e-08	0.00e+00	0.00e+00	0.00e+00	0.00e+00	0.00e+00	0.00e+00	6.49e-01	2.28e-01	8.89e-02
 1.09481e+15	9.67e-01	3.31e-02	1.75e-08	0.00e+00	0.00e+00	0.00e+00	0.00e+00	0.00e+00	0.00e+00	6.50e-01	2.28e-01	8.88e-02
 1.09533e+15	9.68e-01	3.17e-02	1.65e-08	0.00e+00	0.00e+00	0.00e+00	0.00e+00	0.00e+00	0.00e+00	6.52e-01	2.27e-01	8.87e-02
 1.09584e+15	9.70e-01	3.04e-02	1.56e-08	0.00e+00	0.00e+00	0.00e+00	0.00e+00	0.00e+00	0.00e+00	6.54e-01	2.27e-01	8.85e-02
 1.09635e+15	9.71e-01	2.91e-02	1.47e-08	0.00e+00	0.00e+00	0.00e+00	0.00e+00	0.00e+00	0.00e+00	6.56e-01	2.26e-01	8.84e-02
 1.09684e+15	9.72e-01	2.79e-02	1.39e-08	0.00e+00	0.00e+00	0.00e+00	0.00e+00	0.00e+00	0.00e+00	6.58e-01	2.26e-01	8.82e-02
 1.09733e+15	9.73e-01	2.68e-02	1.32e-08	0.00e+00	0.00e+00	0.00e+00	0.00e+00	0.00e+00	0.00e+00	6.60e-01	2.26e-01	8.81e-02
 1.09781e+15	9.74e-01	2.56e-02	1.25e-08	0.00e+00	0.00e+00	0.00e+00	0.00e+00	0.00e+00	0.00e+00	6.61e-01	2.25e-01	8.79e-02
 1.09828e+15	9.75e-01	2.45e-02	1.18e-08	0.00e+00	0.00e+00	0.00e+00	0.00e+00	0.00e+00	0.00e+00	6.63e-01	2.25e-01	8.77e-02
 1.09874e+15	9.77e-01	2.35e-02	1.12e-08	0.00e+00	0.00e+00	0.00e+00	0.00e+00	0.00e+00	0.00e+00	6.65e-01	2.24e-01	8.75e-02
 1.09918e+15	9.78e-01	2.25e-02	1.07e-08	0.00e+00	0.00e+00	0.00e+00	0.00e+00	0.00e+00	0.00e+00	6.67e-01	2.24e-01	8.72e-02
