#depth	He	He+	He+2
 5.68837e+12	1.22e-04	6.89e-01	3.11e-01
 3.41302e+13	1.22e-04	6.89e-01	3.11e-01
 1.47898e+14	1.23e-04	6.91e-01	3.09e-01
 6.02968e+14	1.26e-04	7.02e-01	2.98e-01
 1.44030e+15	1.30e-04	7.12e-01	2.88e-01
 2.52882e+15	1.37e-04	7.31e-01	2.69e-01
 3.94391e+15	1.50e-04	7.60e-01	2.40e-01
 5.78352e+15	1.68e-04	8.00e-01	2.00e-01
 7.95984e+15	1.91e-04	8.44e-01	1.55e-01
 1.02784e+16	2.17e-04	8.86e-01	1.14e-01
 1.26896e+16	2.45e-04	9.21e-01	7.87e-02
 1.51974e+16	2.74e-04	9.48e-01	5.22e-02
 1.78054e+16	3.04e-04	9.66e-01	3.33e-02
 2.05178e+16	3.35e-04	9.79e-01	2.06e-02
 2.33386e+16	3.67e-04	9.87e-01	1.25e-02
 2.62723e+16	4.02e-04	9.92e-01	7.45e-03
 2.93233e+16	4.38e-04	9.95e-01	4.37e-03
 3.24964e+16	4.77e-04	9.97e-01	2.54e-03
 3.57964e+16	5.19e-04	9.98e-01	1.46e-03
 3.92284e+16	5.65e-04	9.99e-01	8.38e-04
 4.27976e+16	6.14e-04	9.99e-01	4.78e-04
 4.65097e+16	6.67e-04	9.99e-01	2.71e-04
 5.03702e+16	7.24e-04	9.99e-01	1.54e-04
 5.43852e+16	7.86e-04	9.99e-01	8.76e-05
 5.85607e+16	8.53e-04	9.99e-01	4.99e-05
 6.29033e+16	9.25e-04	9.99e-01	2.85e-05
 6.74195e+16	1.00e-03	9.99e-01	1.63e-05
 7.21165e+16	1.09e-03	9.99e-01	9.41e-06
 7.70013e+16	1.18e-03	9.99e-01	5.45e-06
 8.20814e+16	1.28e-03	9.99e-01	3.16e-06
 8.73648e+16	1.39e-03	9.99e-01	1.85e-06
 9.28596e+16	1.51e-03	9.98e-01	1.08e-06
 9.85741e+16	1.64e-03	9.98e-01	6.36e-07
 1.04517e+17	1.78e-03	9.98e-01	3.75e-07
 1.10698e+17	1.94e-03	9.98e-01	2.22e-07
 1.17126e+17	2.11e-03	9.98e-01	1.31e-07
 1.23567e+17	2.29e-03	9.98e-01	7.96e-08
 1.29892e+17	2.47e-03	9.98e-01	4.96e-08
 1.36716e+17	2.69e-03	9.97e-01	3.02e-08
 1.43988e+17	2.93e-03	9.97e-01	1.84e-08
 1.51041e+17	3.18e-03	9.97e-01	1.16e-08
 1.57806e+17	3.43e-03	9.97e-01	7.62e-09
 1.65353e+17	3.75e-03	9.96e-01	4.83e-09
 1.73437e+17	4.10e-03	9.96e-01	3.10e-09
 1.80696e+17	4.44e-03	9.96e-01	2.16e-09
 1.88510e+17	4.86e-03	9.95e-01	1.49e-09
 1.96941e+17	5.35e-03	9.95e-01	1.06e-09
 2.04419e+17	5.82e-03	9.94e-01	8.22e-10
 2.11303e+17	6.31e-03	9.94e-01	6.72e-10
 2.19170e+17	6.94e-03	9.93e-01	5.56e-10
 2.27606e+17	7.69e-03	9.92e-01	4.78e-10
 2.34962e+17	8.44e-03	9.92e-01	4.33e-10
 2.41572e+17	9.21e-03	9.91e-01	4.04e-10
 2.49034e+17	1.02e-02	9.90e-01	3.81e-10
 2.56978e+17	1.15e-02	9.89e-01	3.65e-10
 2.63756e+17	1.28e-02	9.87e-01	3.56e-10
 2.69674e+17	1.41e-02	9.86e-01	3.51e-10
 2.76265e+17	1.58e-02	9.84e-01	3.47e-10
 2.83271e+17	1.81e-02	9.82e-01	3.44e-10
 2.89167e+17	2.04e-02	9.80e-01	3.43e-10
 2.94168e+17	2.29e-02	9.77e-01	3.44e-10
 2.99656e+17	2.62e-02	9.74e-01	3.45e-10
 3.05477e+17	3.07e-02	9.69e-01	3.47e-10
 3.10341e+17	3.57e-02	9.64e-01	3.50e-10
 3.14407e+17	4.11e-02	9.59e-01	3.53e-10
 3.18239e+17	4.76e-02	9.52e-01	3.55e-10
 3.21955e+17	5.58e-02	9.44e-01	3.60e-10
 3.25370e+17	6.57e-02	9.34e-01	3.64e-10
 3.28233e+17	7.67e-02	9.23e-01	3.69e-10
 3.30619e+17	8.86e-02	9.11e-01	3.74e-10
 3.32847e+17	1.03e-01	8.97e-01	3.76e-10
 3.34949e+17	1.21e-01	8.79e-01	3.83e-10
 3.36846e+17	1.41e-01	8.59e-01	3.88e-10
 3.38524e+17	1.65e-01	8.35e-01	3.92e-10
 3.40014e+17	1.92e-01	8.08e-01	3.94e-10
 3.41363e+17	2.23e-01	7.77e-01	3.93e-10
 3.42602e+17	2.58e-01	7.42e-01	3.98e-10
 3.43753e+17	2.99e-01	7.01e-01	3.97e-10
 3.44843e+17	3.47e-01	6.53e-01	3.93e-10
 3.45878e+17	4.02e-01	5.98e-01	3.78e-10
 3.46850e+17	4.63e-01	5.37e-01	3.66e-10
 3.47789e+17	5.30e-01	4.70e-01	3.40e-10
 3.48864e+17	6.14e-01	3.86e-01	3.02e-10
 3.50048e+17	7.07e-01	2.93e-01	2.56e-10
 3.51196e+17	7.90e-01	2.10e-01	1.99e-10
 3.52511e+17	8.65e-01	1.35e-01	1.38e-10
 3.54221e+17	9.29e-01	7.13e-02	7.89e-11
 3.56128e+17	9.66e-01	3.44e-02	4.14e-11
 3.57801e+17	9.81e-01	1.87e-02	2.43e-11
 3.59102e+17	9.88e-01	1.21e-02	1.67e-11
 3.60170e+17	9.91e-01	8.74e-03	1.29e-11
 3.61160e+17	9.93e-01	6.58e-03	1.04e-11
 3.62121e+17	9.95e-01	5.12e-03	8.83e-12
 3.63013e+17	9.96e-01	4.15e-03	7.92e-12
 3.63800e+17	9.96e-01	3.50e-03	7.47e-12
 3.64495e+17	9.97e-01	3.04e-03	7.33e-12
 3.65128e+17	9.97e-01	2.69e-03	7.54e-12
 3.65725e+17	9.98e-01	2.41e-03	7.87e-12
 3.66287e+17	9.98e-01	2.18e-03	8.45e-12
 3.66805e+17	9.98e-01	1.98e-03	9.28e-12
 3.67266e+17	9.98e-01	1.81e-03	1.03e-11
 3.67644e+17	9.98e-01	1.68e-03	1.15e-11
 3.67930e+17	9.98e-01	1.57e-03	1.25e-11
 3.68164e+17	9.99e-01	1.50e-03	1.37e-11
 3.68369e+17	9.99e-01	1.43e-03	1.48e-11
 3.68556e+17	9.99e-01	1.37e-03	1.61e-11
 3.68729e+17	9.99e-01	1.31e-03	1.74e-11
 3.68885e+17	9.99e-01	1.27e-03	1.86e-11
 3.69032e+17	9.99e-01	1.22e-03	2.01e-11
 3.69171e+17	9.99e-01	1.18e-03	2.16e-11
 3.69297e+17	9.99e-01	1.15e-03	2.31e-11
 3.69396e+17	9.99e-01	1.12e-03	2.43e-11
 3.69470e+17	9.99e-01	1.11e-03	2.54e-11
 3.69543e+17	9.99e-01	1.09e-03	2.65e-11
 3.69622e+17	9.99e-01	1.07e-03	2.78e-11
 3.69704e+17	9.99e-01	1.05e-03	2.92e-11
 3.69783e+17	9.99e-01	1.03e-03	3.07e-11
 3.69859e+17	9.99e-01	1.01e-03	3.21e-11
 3.69936e+17	9.99e-01	9.98e-04	3.38e-11
 3.70013e+17	9.99e-01	9.83e-04	3.55e-11
 3.70087e+17	9.99e-01	9.69e-04	3.73e-11
 3.70160e+17	9.99e-01	9.56e-04	3.92e-11
 3.70233e+17	9.99e-01	9.43e-04	4.13e-11
 3.70306e+17	9.99e-01	9.29e-04	4.33e-11
 3.70379e+17	9.99e-01	9.17e-04	4.57e-11
 3.70451e+17	9.99e-01	9.06e-04	4.80e-11
 3.70521e+17	9.99e-01	8.97e-04	5.05e-11
 3.70590e+17	9.99e-01	8.87e-04	5.32e-11
 3.70659e+17	9.99e-01	8.78e-04	5.59e-11
 3.70729e+17	9.99e-01	8.69e-04	5.90e-11
 3.70797e+17	9.99e-01	8.60e-04	6.19e-11
 3.70864e+17	9.99e-01	8.53e-04	6.52e-11
 3.70929e+17	9.99e-01	8.47e-04	6.86e-11
 3.70994e+17	9.99e-01	8.42e-04	7.22e-11
 3.71058e+17	9.99e-01	8.38e-04	7.60e-11
 3.71120e+17	9.99e-01	8.34e-04	7.99e-11
 3.71180e+17	9.99e-01	8.31e-04	8.39e-11
 3.71238e+17	9.99e-01	8.28e-04	8.79e-11
 3.71295e+17	9.99e-01	8.27e-04	9.24e-11
 3.71351e+17	9.99e-01	8.25e-04	9.67e-11
 3.71405e+17	9.99e-01	8.23e-04	1.01e-10
 3.71458e+17	9.99e-01	8.22e-04	1.05e-10
 3.71508e+17	9.99e-01	8.21e-04	1.10e-10
 3.71557e+17	9.99e-01	8.20e-04	1.14e-10
 3.71602e+17	9.99e-01	8.19e-04	1.18e-10
 3.71640e+17	9.99e-01	8.18e-04	1.22e-10
 3.71672e+17	9.99e-01	8.17e-04	1.24e-10
 3.71700e+17	9.99e-01	8.15e-04	1.27e-10
 3.71724e+17	9.99e-01	8.13e-04	1.29e-10
 3.71746e+17	9.99e-01	8.09e-04	1.30e-10
 3.71765e+17	9.99e-01	7.99e-04	1.30e-10
