#depth	O	O+	O+2	O+3	O+4	O+5	O+6	O+7	O+8	O[1]	O[2]	O[3]
 5.48395e+12	1.42e-07	6.71e-03	8.21e-01	1.73e-01	1.76e-05	0.00e+00	0.00e+00	0.00e+00	0.00e+00	1.24e-07	9.87e-09	8.43e-09
 3.29037e+13	1.42e-07	6.72e-03	8.21e-01	1.72e-01	1.75e-05	0.00e+00	0.00e+00	0.00e+00	0.00e+00	1.24e-07	9.90e-09	8.45e-09
 1.42583e+14	1.44e-07	6.77e-03	8.24e-01	1.69e-01	1.70e-05	0.00e+00	0.00e+00	0.00e+00	0.00e+00	1.25e-07	1.00e-08	8.56e-09
 5.81298e+14	1.51e-07	6.96e-03	8.34e-01	1.59e-01	1.53e-05	0.00e+00	0.00e+00	0.00e+00	0.00e+00	1.31e-07	1.05e-08	8.96e-09
 1.38853e+15	1.63e-07	7.27e-03	8.49e-01	1.44e-01	1.29e-05	0.00e+00	0.00e+00	0.00e+00	0.00e+00	1.42e-07	1.12e-08	9.65e-09
 2.43794e+15	1.81e-07	7.69e-03	8.66e-01	1.26e-01	1.02e-05	0.00e+00	0.00e+00	0.00e+00	0.00e+00	1.58e-07	1.23e-08	1.06e-08
 3.80217e+15	2.04e-07	8.23e-03	8.87e-01	1.05e-01	7.55e-06	0.00e+00	0.00e+00	0.00e+00	0.00e+00	1.79e-07	1.38e-08	1.19e-08
 5.57567e+15	2.39e-07	8.94e-03	9.10e-01	8.15e-02	5.00e-06	0.00e+00	0.00e+00	0.00e+00	0.00e+00	2.09e-07	1.59e-08	1.38e-08
 7.70972e+15	2.84e-07	9.81e-03	9.31e-01	5.90e-02	2.98e-06	0.00e+00	0.00e+00	0.00e+00	0.00e+00	2.49e-07	1.86e-08	1.62e-08
 1.00182e+16	3.40e-07	1.08e-02	9.49e-01	4.07e-02	1.67e-06	0.00e+00	0.00e+00	0.00e+00	0.00e+00	2.99e-07	2.19e-08	1.92e-08
 1.24191e+16	4.06e-07	1.18e-02	9.61e-01	2.71e-02	8.92e-07	0.00e+00	0.00e+00	0.00e+00	0.00e+00	3.58e-07	2.57e-08	2.27e-08
 1.49160e+16	4.86e-07	1.29e-02	9.70e-01	1.75e-02	4.57e-07	0.00e+00	0.00e+00	0.00e+00	0.00e+00	4.29e-07	3.04e-08	2.68e-08
 1.75128e+16	5.82e-07	1.41e-02	9.75e-01	1.11e-02	2.26e-07	0.00e+00	0.00e+00	0.00e+00	0.00e+00	5.15e-07	3.58e-08	3.18e-08
 2.02134e+16	6.95e-07	1.54e-02	9.78e-01	6.84e-03	0.00e+00	0.00e+00	0.00e+00	0.00e+00	0.00e+00	6.15e-07	4.22e-08	3.76e-08
 2.30221e+16	8.30e-07	1.67e-02	9.79e-01	4.16e-03	0.00e+00	0.00e+00	0.00e+00	0.00e+00	0.00e+00	7.36e-07	4.98e-08	4.44e-08
 2.59431e+16	9.91e-07	1.82e-02	9.79e-01	2.50e-03	0.00e+00	0.00e+00	0.00e+00	0.00e+00	0.00e+00	8.80e-07	5.87e-08	5.26e-08
 2.89810e+16	1.18e-06	1.97e-02	9.79e-01	1.49e-03	0.00e+00	0.00e+00	0.00e+00	0.00e+00	0.00e+00	1.05e-06	6.93e-08	6.22e-08
 3.21404e+16	1.41e-06	2.14e-02	9.78e-01	8.76e-04	0.00e+00	0.00e+00	0.00e+00	0.00e+00	0.00e+00	1.26e-06	8.19e-08	7.36e-08
 3.54261e+16	1.69e-06	2.32e-02	9.76e-01	5.12e-04	0.00e+00	0.00e+00	0.00e+00	0.00e+00	0.00e+00	1.50e-06	9.68e-08	8.72e-08
 3.88433e+16	2.02e-06	2.52e-02	9.75e-01	2.98e-04	0.00e+00	0.00e+00	0.00e+00	0.00e+00	0.00e+00	1.80e-06	1.14e-07	1.03e-07
 4.23972e+16	2.41e-06	2.73e-02	9.73e-01	1.73e-04	0.00e+00	0.00e+00	0.00e+00	0.00e+00	0.00e+00	2.15e-06	1.36e-07	1.23e-07
 4.60932e+16	2.88e-06	2.96e-02	9.70e-01	1.00e-04	0.00e+00	0.00e+00	0.00e+00	0.00e+00	0.00e+00	2.57e-06	1.61e-07	1.46e-07
 4.99371e+16	3.44e-06	3.21e-02	9.68e-01	5.79e-05	0.00e+00	0.00e+00	0.00e+00	0.00e+00	0.00e+00	3.08e-06	1.91e-07	1.73e-07
 5.39347e+16	4.12e-06	3.48e-02	9.65e-01	3.36e-05	0.00e+00	0.00e+00	0.00e+00	0.00e+00	0.00e+00	3.68e-06	2.27e-07	2.06e-07
 5.80922e+16	4.93e-06	3.78e-02	9.62e-01	1.96e-05	0.00e+00	0.00e+00	0.00e+00	0.00e+00	0.00e+00	4.41e-06	2.70e-07	2.46e-07
 6.24161e+16	5.91e-06	4.10e-02	9.59e-01	1.15e-05	0.00e+00	0.00e+00	0.00e+00	0.00e+00	0.00e+00	5.29e-06	3.21e-07	2.93e-07
 6.69128e+16	7.08e-06	4.45e-02	9.55e-01	6.79e-06	0.00e+00	0.00e+00	0.00e+00	0.00e+00	0.00e+00	6.35e-06	3.83e-07	3.50e-07
 7.15895e+16	8.50e-06	4.83e-02	9.52e-01	4.08e-06	0.00e+00	0.00e+00	0.00e+00	0.00e+00	0.00e+00	7.62e-06	4.57e-07	4.18e-07
 7.64532e+16	1.02e-05	5.25e-02	9.47e-01	2.49e-06	0.00e+00	0.00e+00	0.00e+00	0.00e+00	0.00e+00	9.16e-06	5.46e-07	5.00e-07
 8.15115e+16	1.23e-05	5.71e-02	9.43e-01	1.55e-06	0.00e+00	0.00e+00	0.00e+00	0.00e+00	0.00e+00	1.10e-05	6.52e-07	5.99e-07
 8.67721e+16	1.47e-05	6.21e-02	9.38e-01	9.99e-07	0.00e+00	0.00e+00	0.00e+00	0.00e+00	0.00e+00	1.32e-05	7.81e-07	7.18e-07
 9.22431e+16	1.77e-05	6.75e-02	9.32e-01	6.66e-07	0.00e+00	0.00e+00	0.00e+00	0.00e+00	0.00e+00	1.59e-05	9.36e-07	8.61e-07
 9.79330e+16	2.14e-05	7.35e-02	9.26e-01	4.61e-07	0.00e+00	0.00e+00	0.00e+00	0.00e+00	0.00e+00	1.92e-05	1.12e-06	1.03e-06
 1.03850e+17	2.58e-05	8.01e-02	9.20e-01	3.34e-07	0.00e+00	0.00e+00	0.00e+00	0.00e+00	0.00e+00	2.32e-05	1.35e-06	1.24e-06
 1.10005e+17	3.11e-05	8.72e-02	9.13e-01	2.51e-07	0.00e+00	0.00e+00	0.00e+00	0.00e+00	0.00e+00	2.80e-05	1.62e-06	1.50e-06
 1.16179e+17	3.73e-05	9.49e-02	9.05e-01	1.98e-07	0.00e+00	0.00e+00	0.00e+00	0.00e+00	0.00e+00	3.36e-05	1.94e-06	1.79e-06
 1.22252e+17	4.44e-05	1.03e-01	8.97e-01	1.62e-07	0.00e+00	0.00e+00	0.00e+00	0.00e+00	0.00e+00	4.00e-05	2.30e-06	2.13e-06
 1.28794e+17	5.34e-05	1.12e-01	8.88e-01	1.35e-07	0.00e+00	0.00e+00	0.00e+00	0.00e+00	0.00e+00	4.81e-05	2.76e-06	2.56e-06
 1.35743e+17	6.45e-05	1.22e-01	8.78e-01	0.00e+00	0.00e+00	0.00e+00	0.00e+00	0.00e+00	0.00e+00	5.81e-05	3.32e-06	3.08e-06
 1.42477e+17	7.70e-05	1.32e-01	8.68e-01	0.00e+00	0.00e+00	0.00e+00	0.00e+00	0.00e+00	0.00e+00	6.93e-05	3.96e-06	3.67e-06
 1.48997e+17	9.10e-05	1.43e-01	8.57e-01	0.00e+00	0.00e+00	0.00e+00	0.00e+00	0.00e+00	0.00e+00	8.20e-05	4.67e-06	4.34e-06
 1.56269e+17	1.10e-04	1.55e-01	8.44e-01	0.00e+00	0.00e+00	0.00e+00	0.00e+00	0.00e+00	0.00e+00	9.87e-05	5.62e-06	5.21e-06
 1.64039e+17	1.33e-04	1.70e-01	8.30e-01	0.00e+00	0.00e+00	0.00e+00	0.00e+00	0.00e+00	0.00e+00	1.20e-04	6.78e-06	6.30e-06
 1.71060e+17	1.57e-04	1.83e-01	8.16e-01	0.00e+00	0.00e+00	0.00e+00	0.00e+00	0.00e+00	0.00e+00	1.41e-04	8.01e-06	7.44e-06
 1.78641e+17	1.89e-04	1.99e-01	8.00e-01	0.00e+00	0.00e+00	0.00e+00	0.00e+00	0.00e+00	0.00e+00	1.70e-04	9.61e-06	8.93e-06
 1.86814e+17	2.28e-04	2.18e-01	7.82e-01	0.00e+00	0.00e+00	0.00e+00	0.00e+00	0.00e+00	0.00e+00	2.06e-04	1.16e-05	1.08e-05
 1.94051e+17	2.70e-04	2.35e-01	7.65e-01	0.00e+00	0.00e+00	0.00e+00	0.00e+00	0.00e+00	0.00e+00	2.43e-04	1.37e-05	1.27e-05
 2.00708e+17	3.15e-04	2.52e-01	7.48e-01	0.00e+00	0.00e+00	0.00e+00	0.00e+00	0.00e+00	0.00e+00	2.84e-04	1.60e-05	1.49e-05
 2.08317e+17	3.77e-04	2.73e-01	7.27e-01	0.00e+00	0.00e+00	0.00e+00	0.00e+00	0.00e+00	0.00e+00	3.40e-04	1.91e-05	1.78e-05
 2.16490e+17	4.55e-04	2.97e-01	7.02e-01	0.00e+00	0.00e+00	0.00e+00	0.00e+00	0.00e+00	0.00e+00	4.11e-04	2.31e-05	2.15e-05
 2.23633e+17	5.37e-04	3.20e-01	6.79e-01	0.00e+00	0.00e+00	0.00e+00	0.00e+00	0.00e+00	0.00e+00	4.85e-04	2.73e-05	2.54e-05
 2.30057e+17	6.26e-04	3.42e-01	6.57e-01	0.00e+00	0.00e+00	0.00e+00	0.00e+00	0.00e+00	0.00e+00	5.65e-04	3.17e-05	2.95e-05
 2.37310e+17	7.47e-04	3.69e-01	6.30e-01	0.00e+00	0.00e+00	0.00e+00	0.00e+00	0.00e+00	0.00e+00	6.74e-04	3.79e-05	3.52e-05
 2.45040e+17	9.01e-04	4.00e-01	5.99e-01	0.00e+00	0.00e+00	0.00e+00	0.00e+00	0.00e+00	0.00e+00	8.13e-04	4.57e-05	4.25e-05
 2.51651e+17	1.06e-03	4.29e-01	5.70e-01	0.00e+00	0.00e+00	0.00e+00	0.00e+00	0.00e+00	0.00e+00	9.59e-04	5.39e-05	5.02e-05
 2.57439e+17	1.23e-03	4.56e-01	5.42e-01	0.00e+00	0.00e+00	0.00e+00	0.00e+00	0.00e+00	0.00e+00	1.11e-03	6.26e-05	5.82e-05
 2.63894e+17	1.47e-03	4.89e-01	5.09e-01	0.00e+00	0.00e+00	0.00e+00	0.00e+00	0.00e+00	0.00e+00	1.32e-03	7.44e-05	6.92e-05
 2.70762e+17	1.77e-03	5.26e-01	4.72e-01	0.00e+00	0.00e+00	0.00e+00	0.00e+00	0.00e+00	0.00e+00	1.59e-03	8.97e-05	8.33e-05
 2.76564e+17	2.08e-03	5.60e-01	4.37e-01	0.00e+00	0.00e+00	0.00e+00	0.00e+00	0.00e+00	0.00e+00	1.88e-03	1.06e-04	9.82e-05
 2.81517e+17	2.40e-03	5.91e-01	4.06e-01	0.00e+00	0.00e+00	0.00e+00	0.00e+00	0.00e+00	0.00e+00	2.17e-03	1.22e-04	1.13e-04
 2.86966e+17	2.84e-03	6.28e-01	3.69e-01	0.00e+00	0.00e+00	0.00e+00	0.00e+00	0.00e+00	0.00e+00	2.57e-03	1.45e-04	1.34e-04
 2.92752e+17	3.42e-03	6.68e-01	3.29e-01	0.00e+00	0.00e+00	0.00e+00	0.00e+00	0.00e+00	0.00e+00	3.08e-03	1.74e-04	1.61e-04
 2.97598e+17	4.01e-03	7.04e-01	2.92e-01	0.00e+00	0.00e+00	0.00e+00	0.00e+00	0.00e+00	0.00e+00	3.62e-03	2.05e-04	1.90e-04
 3.01669e+17	4.63e-03	7.35e-01	2.61e-01	0.00e+00	0.00e+00	0.00e+00	0.00e+00	0.00e+00	0.00e+00	4.18e-03	2.36e-04	2.19e-04
 3.06105e+17	5.43e-03	7.69e-01	2.26e-01	0.00e+00	0.00e+00	0.00e+00	0.00e+00	0.00e+00	0.00e+00	4.89e-03	2.77e-04	2.56e-04
 3.10867e+17	6.50e-03	8.06e-01	1.88e-01	0.00e+00	0.00e+00	0.00e+00	0.00e+00	0.00e+00	0.00e+00	5.86e-03	3.32e-04	3.07e-04
 3.14884e+17	7.68e-03	8.37e-01	1.55e-01	0.00e+00	0.00e+00	0.00e+00	0.00e+00	0.00e+00	0.00e+00	6.92e-03	3.92e-04	3.63e-04
 3.17979e+17	8.77e-03	8.61e-01	1.30e-01	0.00e+00	0.00e+00	0.00e+00	0.00e+00	0.00e+00	0.00e+00	7.90e-03	4.48e-04	4.14e-04
 3.20395e+17	9.78e-03	8.79e-01	1.11e-01	0.00e+00	0.00e+00	0.00e+00	0.00e+00	0.00e+00	0.00e+00	8.82e-03	5.00e-04	4.62e-04
 3.22518e+17	1.08e-02	8.94e-01	9.55e-02	0.00e+00	0.00e+00	0.00e+00	0.00e+00	0.00e+00	0.00e+00	9.72e-03	5.51e-04	5.10e-04
 3.24590e+17	1.19e-02	9.08e-01	8.03e-02	0.00e+00	0.00e+00	0.00e+00	0.00e+00	0.00e+00	0.00e+00	1.08e-02	6.11e-04	5.64e-04
 3.26573e+17	1.32e-02	9.20e-01	6.66e-02	0.00e+00	0.00e+00	0.00e+00	0.00e+00	0.00e+00	0.00e+00	1.19e-02	6.75e-04	6.24e-04
 3.28346e+17	1.45e-02	9.31e-01	5.48e-02	0.00e+00	0.00e+00	0.00e+00	0.00e+00	0.00e+00	0.00e+00	1.31e-02	7.42e-04	6.86e-04
 3.29885e+17	1.59e-02	9.39e-01	4.51e-02	0.00e+00	0.00e+00	0.00e+00	0.00e+00	0.00e+00	0.00e+00	1.44e-02	8.13e-04	7.51e-04
 3.31237e+17	1.71e-02	9.46e-01	3.74e-02	0.00e+00	0.00e+00	0.00e+00	0.00e+00	0.00e+00	0.00e+00	1.54e-02	8.73e-04	8.07e-04
 3.32470e+17	1.83e-02	9.51e-01	3.07e-02	0.00e+00	0.00e+00	0.00e+00	0.00e+00	0.00e+00	0.00e+00	1.65e-02	9.35e-04	8.64e-04
 3.33640e+17	1.96e-02	9.55e-01	2.49e-02	0.00e+00	0.00e+00	0.00e+00	0.00e+00	0.00e+00	0.00e+00	1.77e-02	1.00e-03	9.27e-04
 3.34734e+17	2.10e-02	9.59e-01	2.00e-02	0.00e+00	0.00e+00	0.00e+00	0.00e+00	0.00e+00	0.00e+00	1.90e-02	1.07e-03	9.91e-04
 3.35741e+17	2.24e-02	9.62e-01	1.59e-02	0.00e+00	0.00e+00	0.00e+00	0.00e+00	0.00e+00	0.00e+00	2.02e-02	1.14e-03	1.05e-03
 3.36693e+17	2.38e-02	9.64e-01	1.25e-02	0.00e+00	0.00e+00	0.00e+00	0.00e+00	0.00e+00	0.00e+00	2.15e-02	1.21e-03	1.12e-03
 3.37624e+17	2.54e-02	9.65e-01	9.59e-03	0.00e+00	0.00e+00	0.00e+00	0.00e+00	0.00e+00	0.00e+00	2.29e-02	1.29e-03	1.19e-03
 3.38686e+17	2.73e-02	9.66e-01	6.90e-03	0.00e+00	0.00e+00	0.00e+00	0.00e+00	0.00e+00	0.00e+00	2.47e-02	1.39e-03	1.29e-03
 3.39838e+17	2.96e-02	9.66e-01	4.66e-03	0.00e+00	0.00e+00	0.00e+00	0.00e+00	0.00e+00	0.00e+00	2.67e-02	1.50e-03	1.39e-03
 3.40914e+17	3.21e-02	9.65e-01	3.12e-03	0.00e+00	0.00e+00	0.00e+00	0.00e+00	0.00e+00	0.00e+00	2.90e-02	1.63e-03	1.51e-03
 3.42118e+17	3.54e-02	9.63e-01	1.94e-03	0.00e+00	0.00e+00	0.00e+00	0.00e+00	0.00e+00	0.00e+00	3.19e-02	1.79e-03	1.66e-03
 3.43683e+17	4.04e-02	9.59e-01	1.03e-03	0.00e+00	0.00e+00	0.00e+00	0.00e+00	0.00e+00	0.00e+00	3.65e-02	2.04e-03	1.89e-03
 3.45717e+17	4.87e-02	9.51e-01	4.38e-04	0.00e+00	0.00e+00	0.00e+00	0.00e+00	0.00e+00	0.00e+00	4.40e-02	2.44e-03	2.27e-03
 3.47978e+17	6.18e-02	9.38e-01	1.64e-04	0.00e+00	0.00e+00	0.00e+00	0.00e+00	0.00e+00	0.00e+00	5.59e-02	3.08e-03	2.86e-03
 3.49913e+17	7.91e-02	9.21e-01	6.90e-05	0.00e+00	0.00e+00	0.00e+00	0.00e+00	0.00e+00	0.00e+00	7.16e-02	3.91e-03	3.64e-03
 3.51176e+17	9.59e-02	9.04e-01	3.87e-05	0.00e+00	0.00e+00	0.00e+00	0.00e+00	0.00e+00	0.00e+00	8.68e-02	4.70e-03	4.37e-03
 3.51924e+17	1.08e-01	8.92e-01	2.72e-05	0.00e+00	0.00e+00	0.00e+00	0.00e+00	0.00e+00	0.00e+00	9.81e-02	5.26e-03	4.91e-03
 3.52634e+17	1.23e-01	8.77e-01	1.89e-05	0.00e+00	0.00e+00	0.00e+00	0.00e+00	0.00e+00	0.00e+00	1.11e-01	5.92e-03	5.53e-03
 3.53558e+17	1.46e-01	8.53e-01	1.16e-05	0.00e+00	0.00e+00	0.00e+00	0.00e+00	0.00e+00	0.00e+00	1.33e-01	6.95e-03	6.51e-03
 3.54478e+17	1.78e-01	8.22e-01	7.00e-06	0.00e+00	0.00e+00	0.00e+00	0.00e+00	0.00e+00	0.00e+00	1.62e-01	8.26e-03	7.77e-03
 3.55148e+17	2.08e-01	7.92e-01	4.72e-06	0.00e+00	0.00e+00	0.00e+00	0.00e+00	0.00e+00	0.00e+00	1.90e-01	9.45e-03	8.93e-03
 3.55648e+17	2.36e-01	7.64e-01	3.44e-06	0.00e+00	0.00e+00	0.00e+00	0.00e+00	0.00e+00	0.00e+00	2.16e-01	1.05e-02	9.95e-03
 3.56176e+17	2.72e-01	7.28e-01	2.40e-06	0.00e+00	0.00e+00	0.00e+00	0.00e+00	0.00e+00	0.00e+00	2.49e-01	1.17e-02	1.12e-02
 3.56754e+17	3.19e-01	6.81e-01	1.58e-06	0.00e+00	0.00e+00	0.00e+00	0.00e+00	0.00e+00	0.00e+00	2.93e-01	1.32e-02	1.27e-02
 3.57227e+17	3.66e-01	6.34e-01	1.11e-06	0.00e+00	0.00e+00	0.00e+00	0.00e+00	0.00e+00	0.00e+00	3.37e-01	1.44e-02	1.40e-02
 3.57543e+17	4.01e-01	5.99e-01	8.61e-07	0.00e+00	0.00e+00	0.00e+00	0.00e+00	0.00e+00	0.00e+00	3.71e-01	1.53e-02	1.48e-02
 3.57765e+17	4.28e-01	5.72e-01	7.15e-07	0.00e+00	0.00e+00	0.00e+00	0.00e+00	0.00e+00	0.00e+00	3.96e-01	1.58e-02	1.55e-02
 3.57961e+17	4.53e-01	5.47e-01	6.02e-07	0.00e+00	0.00e+00	0.00e+00	0.00e+00	0.00e+00	0.00e+00	4.20e-01	1.63e-02	1.60e-02
 3.58156e+17	4.79e-01	5.21e-01	5.05e-07	0.00e+00	0.00e+00	0.00e+00	0.00e+00	0.00e+00	0.00e+00	4.46e-01	1.67e-02	1.64e-02
 3.58345e+17	5.06e-01	4.94e-01	4.25e-07	0.00e+00	0.00e+00	0.00e+00	0.00e+00	0.00e+00	0.00e+00	4.72e-01	1.70e-02	1.68e-02
 3.58515e+17	5.30e-01	4.70e-01	3.63e-07	0.00e+00	0.00e+00	0.00e+00	0.00e+00	0.00e+00	0.00e+00	4.95e-01	1.72e-02	1.71e-02
 3.58663e+17	5.50e-01	4.50e-01	3.16e-07	0.00e+00	0.00e+00	0.00e+00	0.00e+00	0.00e+00	0.00e+00	5.16e-01	1.74e-02	1.74e-02
 3.58793e+17	5.70e-01	4.30e-01	2.78e-07	0.00e+00	0.00e+00	0.00e+00	0.00e+00	0.00e+00	0.00e+00	5.35e-01	1.75e-02	1.75e-02
 3.58920e+17	5.89e-01	4.11e-01	2.46e-07	0.00e+00	0.00e+00	0.00e+00	0.00e+00	0.00e+00	0.00e+00	5.54e-01	1.75e-02	1.76e-02
 3.59027e+17	6.05e-01	3.95e-01	2.22e-07	0.00e+00	0.00e+00	0.00e+00	0.00e+00	0.00e+00	0.00e+00	5.70e-01	1.76e-02	1.77e-02
 3.59105e+17	6.16e-01	3.84e-01	2.05e-07	0.00e+00	0.00e+00	0.00e+00	0.00e+00	0.00e+00	0.00e+00	5.81e-01	1.75e-02	1.77e-02
 3.59176e+17	6.27e-01	3.73e-01	1.91e-07	0.00e+00	0.00e+00	0.00e+00	0.00e+00	0.00e+00	0.00e+00	5.91e-01	1.75e-02	1.78e-02
 3.59255e+17	6.39e-01	3.61e-01	1.76e-07	0.00e+00	0.00e+00	0.00e+00	0.00e+00	0.00e+00	0.00e+00	6.04e-01	1.75e-02	1.77e-02
 3.59338e+17	6.52e-01	3.48e-01	1.61e-07	0.00e+00	0.00e+00	0.00e+00	0.00e+00	0.00e+00	0.00e+00	6.17e-01	1.74e-02	1.77e-02
 3.59418e+17	6.64e-01	3.36e-01	1.49e-07	0.00e+00	0.00e+00	0.00e+00	0.00e+00	0.00e+00	0.00e+00	6.29e-01	1.73e-02	1.76e-02
 3.59493e+17	6.75e-01	3.25e-01	1.37e-07	0.00e+00	0.00e+00	0.00e+00	0.00e+00	0.00e+00	0.00e+00	6.40e-01	1.72e-02	1.75e-02
 3.59568e+17	6.86e-01	3.14e-01	1.27e-07	0.00e+00	0.00e+00	0.00e+00	0.00e+00	0.00e+00	0.00e+00	6.52e-01	1.71e-02	1.74e-02
 3.59645e+17	6.98e-01	3.02e-01	1.17e-07	0.00e+00	0.00e+00	0.00e+00	0.00e+00	0.00e+00	0.00e+00	6.63e-01	1.69e-02	1.72e-02
 3.59720e+17	7.08e-01	2.92e-01	1.08e-07	0.00e+00	0.00e+00	0.00e+00	0.00e+00	0.00e+00	0.00e+00	6.74e-01	1.68e-02	1.71e-02
 3.59793e+17	7.19e-01	2.81e-01	9.98e-08	0.00e+00	0.00e+00	0.00e+00	0.00e+00	0.00e+00	0.00e+00	6.85e-01	1.66e-02	1.69e-02
 3.59866e+17	7.29e-01	2.71e-01	9.22e-08	0.00e+00	0.00e+00	0.00e+00	0.00e+00	0.00e+00	0.00e+00	6.96e-01	1.65e-02	1.67e-02
 3.59939e+17	7.39e-01	2.61e-01	8.52e-08	0.00e+00	0.00e+00	0.00e+00	0.00e+00	0.00e+00	0.00e+00	7.07e-01	1.63e-02	1.65e-02
 3.60011e+17	7.49e-01	2.51e-01	7.88e-08	0.00e+00	0.00e+00	0.00e+00	0.00e+00	0.00e+00	0.00e+00	7.17e-01	1.61e-02	1.63e-02
 3.60083e+17	7.59e-01	2.41e-01	7.28e-08	0.00e+00	0.00e+00	0.00e+00	0.00e+00	0.00e+00	0.00e+00	7.27e-01	1.59e-02	1.61e-02
 3.60153e+17	7.69e-01	2.31e-01	6.74e-08	0.00e+00	0.00e+00	0.00e+00	0.00e+00	0.00e+00	0.00e+00	7.37e-01	1.56e-02	1.58e-02
 3.60222e+17	7.78e-01	2.22e-01	6.25e-08	0.00e+00	0.00e+00	0.00e+00	0.00e+00	0.00e+00	0.00e+00	7.47e-01	1.54e-02	1.56e-02
 3.60291e+17	7.86e-01	2.14e-01	5.80e-08	0.00e+00	0.00e+00	0.00e+00	0.00e+00	0.00e+00	0.00e+00	7.56e-01	1.52e-02	1.53e-02
 3.60360e+17	7.95e-01	2.05e-01	5.37e-08	0.00e+00	0.00e+00	0.00e+00	0.00e+00	0.00e+00	0.00e+00	7.65e-01	1.50e-02	1.51e-02
 3.60428e+17	8.03e-01	1.97e-01	4.98e-08	0.00e+00	0.00e+00	0.00e+00	0.00e+00	0.00e+00	0.00e+00	7.74e-01	1.47e-02	1.48e-02
 3.60495e+17	8.12e-01	1.88e-01	4.61e-08	0.00e+00	0.00e+00	0.00e+00	0.00e+00	0.00e+00	0.00e+00	7.83e-01	1.45e-02	1.45e-02
 3.60560e+17	8.20e-01	1.80e-01	4.29e-08	0.00e+00	0.00e+00	0.00e+00	0.00e+00	0.00e+00	0.00e+00	7.91e-01	1.42e-02	1.43e-02
 3.60624e+17	8.27e-01	1.73e-01	4.00e-08	0.00e+00	0.00e+00	0.00e+00	0.00e+00	0.00e+00	0.00e+00	7.99e-01	1.40e-02	1.40e-02
 3.60687e+17	8.34e-01	1.66e-01	3.72e-08	0.00e+00	0.00e+00	0.00e+00	0.00e+00	0.00e+00	0.00e+00	8.07e-01	1.37e-02	1.37e-02
 3.60748e+17	8.41e-01	1.59e-01	3.47e-08	0.00e+00	0.00e+00	0.00e+00	0.00e+00	0.00e+00	0.00e+00	8.15e-01	1.35e-02	1.34e-02
 3.60808e+17	8.48e-01	1.52e-01	3.25e-08	0.00e+00	0.00e+00	0.00e+00	0.00e+00	0.00e+00	0.00e+00	8.22e-01	1.32e-02	1.31e-02
 3.60865e+17	8.54e-01	1.46e-01	3.05e-08	0.00e+00	0.00e+00	0.00e+00	0.00e+00	0.00e+00	0.00e+00	8.28e-01	1.30e-02	1.28e-02
 3.60921e+17	8.60e-01	1.40e-01	2.86e-08	0.00e+00	0.00e+00	0.00e+00	0.00e+00	0.00e+00	0.00e+00	8.35e-01	1.28e-02	1.26e-02
 3.60976e+17	8.66e-01	1.34e-01	2.69e-08	0.00e+00	0.00e+00	0.00e+00	0.00e+00	0.00e+00	0.00e+00	8.41e-01	1.25e-02	1.23e-02
 3.61030e+17	8.72e-01	1.28e-01	2.53e-08	0.00e+00	0.00e+00	0.00e+00	0.00e+00	0.00e+00	0.00e+00	8.48e-01	1.23e-02	1.20e-02
 3.61081e+17	8.78e-01	1.22e-01	2.39e-08	0.00e+00	0.00e+00	0.00e+00	0.00e+00	0.00e+00	0.00e+00	8.54e-01	1.20e-02	1.17e-02
 3.61130e+17	8.83e-01	1.17e-01	2.26e-08	0.00e+00	0.00e+00	0.00e+00	0.00e+00	0.00e+00	0.00e+00	8.60e-01	1.18e-02	1.14e-02
 3.61174e+17	8.88e-01	1.12e-01	2.15e-08	0.00e+00	0.00e+00	0.00e+00	0.00e+00	0.00e+00	0.00e+00	8.65e-01	1.15e-02	1.11e-02
 3.61211e+17	8.92e-01	1.08e-01	2.06e-08	0.00e+00	0.00e+00	0.00e+00	0.00e+00	0.00e+00	0.00e+00	8.69e-01	1.13e-02	1.09e-02
 3.61244e+17	8.95e-01	1.05e-01	1.99e-08	0.00e+00	0.00e+00	0.00e+00	0.00e+00	0.00e+00	0.00e+00	8.74e-01	1.11e-02	1.06e-02
 3.61272e+17	8.98e-01	1.02e-01	1.93e-08	0.00e+00	0.00e+00	0.00e+00	0.00e+00	0.00e+00	0.00e+00	8.77e-01	1.09e-02	1.04e-02
 3.61296e+17	9.01e-01	9.86e-02	1.87e-08	0.00e+00	0.00e+00	0.00e+00	0.00e+00	0.00e+00	0.00e+00	8.80e-01	1.08e-02	1.02e-02
 3.61318e+17	9.04e-01	9.59e-02	1.82e-08	0.00e+00	0.00e+00	0.00e+00	0.00e+00	0.00e+00	0.00e+00	8.83e-01	1.06e-02	1.00e-02
 3.61338e+17	9.07e-01	9.35e-02	1.78e-08	0.00e+00	0.00e+00	0.00e+00	0.00e+00	0.00e+00	0.00e+00	8.86e-01	1.05e-02	9.88e-03
