#depth	O	O+	O+2	O+3	O+4	O+5	O+6	O+7	O+8	O[1]	O[2]	O[3]
 3.86783e+10	3.26e-03	6.05e-01	3.91e-01	3.78e-04	0.00e+00	0.00e+00	0.00e+00	0.00e+00	0.00e+00	1.90e-03	1.01e-03	3.45e-04
 2.32070e+11	3.26e-03	6.05e-01	3.92e-01	3.77e-04	0.00e+00	0.00e+00	0.00e+00	0.00e+00	0.00e+00	1.90e-03	1.01e-03	3.44e-04
 1.00564e+12	3.25e-03	6.05e-01	3.92e-01	3.72e-04	0.00e+00	0.00e+00	0.00e+00	0.00e+00	0.00e+00	1.89e-03	1.00e-03	3.44e-04
 4.09990e+12	3.25e-03	6.05e-01	3.91e-01	3.51e-04	0.00e+00	0.00e+00	0.00e+00	0.00e+00	0.00e+00	1.89e-03	1.00e-03	3.44e-04
 9.79334e+12	3.19e-03	6.04e-01	3.93e-01	3.28e-04	0.00e+00	0.00e+00	0.00e+00	0.00e+00	0.00e+00	1.86e-03	9.84e-04	3.37e-04
 1.71948e+13	3.14e-03	6.03e-01	3.94e-01	2.98e-04	0.00e+00	0.00e+00	0.00e+00	0.00e+00	0.00e+00	1.83e-03	9.68e-04	3.32e-04
 2.68167e+13	3.10e-03	6.03e-01	3.93e-01	2.59e-04	0.00e+00	0.00e+00	0.00e+00	0.00e+00	0.00e+00	1.80e-03	9.56e-04	3.28e-04
 3.93252e+13	3.07e-03	6.05e-01	3.91e-01	2.15e-04	0.00e+00	0.00e+00	0.00e+00	0.00e+00	0.00e+00	1.79e-03	9.47e-04	3.25e-04
 5.55863e+13	3.06e-03	6.09e-01	3.88e-01	1.66e-04	0.00e+00	0.00e+00	0.00e+00	0.00e+00	0.00e+00	1.78e-03	9.44e-04	3.24e-04
 7.67256e+13	3.08e-03	6.15e-01	3.82e-01	1.18e-04	0.00e+00	0.00e+00	0.00e+00	0.00e+00	0.00e+00	1.79e-03	9.49e-04	3.26e-04
 1.04207e+14	3.13e-03	6.24e-01	3.72e-01	7.46e-05	0.00e+00	0.00e+00	0.00e+00	0.00e+00	0.00e+00	1.82e-03	9.65e-04	3.31e-04
 1.39932e+14	3.23e-03	6.38e-01	3.59e-01	4.10e-05	0.00e+00	0.00e+00	0.00e+00	0.00e+00	0.00e+00	1.88e-03	9.97e-04	3.43e-04
 1.86375e+14	3.42e-03	6.56e-01	3.41e-01	1.90e-05	0.00e+00	0.00e+00	0.00e+00	0.00e+00	0.00e+00	1.99e-03	1.05e-03	3.62e-04
 2.46752e+14	3.74e-03	6.81e-01	3.16e-01	7.15e-06	0.00e+00	0.00e+00	0.00e+00	0.00e+00	0.00e+00	2.18e-03	1.15e-03	3.96e-04
 3.25240e+14	4.30e-03	7.16e-01	2.80e-01	2.17e-06	0.00e+00	0.00e+00	0.00e+00	0.00e+00	0.00e+00	2.51e-03	1.33e-03	4.56e-04
 4.10048e+14	5.08e-03	7.55e-01	2.39e-01	6.96e-07	0.00e+00	0.00e+00	0.00e+00	0.00e+00	0.00e+00	2.96e-03	1.57e-03	5.38e-04
 4.83374e+14	6.05e-03	7.93e-01	2.01e-01	3.07e-07	0.00e+00	0.00e+00	0.00e+00	0.00e+00	0.00e+00	3.53e-03	1.87e-03	6.41e-04
 5.42048e+14	7.15e-03	8.24e-01	1.69e-01	1.72e-07	0.00e+00	0.00e+00	0.00e+00	0.00e+00	0.00e+00	4.17e-03	2.20e-03	7.57e-04
 5.83606e+14	8.15e-03	8.47e-01	1.45e-01	0.00e+00	0.00e+00	0.00e+00	0.00e+00	0.00e+00	0.00e+00	4.75e-03	2.51e-03	8.63e-04
 6.12110e+14	9.02e-03	8.63e-01	1.28e-01	0.00e+00	0.00e+00	0.00e+00	0.00e+00	0.00e+00	0.00e+00	5.26e-03	2.78e-03	9.55e-04
 6.41404e+14	1.01e-02	8.79e-01	1.11e-01	0.00e+00	0.00e+00	0.00e+00	0.00e+00	0.00e+00	0.00e+00	5.87e-03	3.10e-03	1.07e-03
 6.79487e+14	1.17e-02	8.99e-01	8.88e-02	0.00e+00	0.00e+00	0.00e+00	0.00e+00	0.00e+00	0.00e+00	6.85e-03	3.62e-03	1.24e-03
 7.16343e+14	1.39e-02	9.17e-01	6.87e-02	0.00e+00	0.00e+00	0.00e+00	0.00e+00	0.00e+00	0.00e+00	8.08e-03	4.27e-03	1.47e-03
 7.42514e+14	1.58e-02	9.29e-01	5.48e-02	0.00e+00	0.00e+00	0.00e+00	0.00e+00	0.00e+00	0.00e+00	9.21e-03	4.87e-03	1.67e-03
 7.62505e+14	1.76e-02	9.38e-01	4.48e-02	0.00e+00	0.00e+00	0.00e+00	0.00e+00	0.00e+00	0.00e+00	1.03e-02	5.44e-03	1.87e-03
 7.80708e+14	1.96e-02	9.44e-01	3.63e-02	0.00e+00	0.00e+00	0.00e+00	0.00e+00	0.00e+00	0.00e+00	1.14e-02	6.04e-03	2.07e-03
 7.98662e+14	2.19e-02	9.50e-01	2.86e-02	0.00e+00	0.00e+00	0.00e+00	0.00e+00	0.00e+00	0.00e+00	1.28e-02	6.75e-03	2.32e-03
 8.15496e+14	2.45e-02	9.53e-01	2.20e-02	0.00e+00	0.00e+00	0.00e+00	0.00e+00	0.00e+00	0.00e+00	1.43e-02	7.56e-03	2.59e-03
 8.30032e+14	2.72e-02	9.56e-01	1.69e-02	0.00e+00	0.00e+00	0.00e+00	0.00e+00	0.00e+00	0.00e+00	1.59e-02	8.39e-03	2.88e-03
 8.42468e+14	2.99e-02	9.57e-01	1.30e-02	0.00e+00	0.00e+00	0.00e+00	0.00e+00	0.00e+00	0.00e+00	1.74e-02	9.21e-03	3.16e-03
 8.53897e+14	3.28e-02	9.57e-01	9.87e-03	0.00e+00	0.00e+00	0.00e+00	0.00e+00	0.00e+00	0.00e+00	1.91e-02	1.01e-02	3.47e-03
 8.64741e+14	3.60e-02	9.57e-01	7.35e-03	0.00e+00	0.00e+00	0.00e+00	0.00e+00	0.00e+00	0.00e+00	2.10e-02	1.11e-02	3.81e-03
 8.75061e+14	3.95e-02	9.55e-01	5.36e-03	0.00e+00	0.00e+00	0.00e+00	0.00e+00	0.00e+00	0.00e+00	2.30e-02	1.22e-02	4.18e-03
 8.85145e+14	4.35e-02	9.53e-01	3.81e-03	0.00e+00	0.00e+00	0.00e+00	0.00e+00	0.00e+00	0.00e+00	2.54e-02	1.34e-02	4.60e-03
 8.95026e+14	4.80e-02	9.49e-01	2.64e-03	0.00e+00	0.00e+00	0.00e+00	0.00e+00	0.00e+00	0.00e+00	2.80e-02	1.48e-02	5.08e-03
 9.06234e+14	5.42e-02	9.44e-01	1.68e-03	0.00e+00	0.00e+00	0.00e+00	0.00e+00	0.00e+00	0.00e+00	3.16e-02	1.67e-02	5.74e-03
 9.20805e+14	6.44e-02	9.35e-01	9.00e-04	0.00e+00	0.00e+00	0.00e+00	0.00e+00	0.00e+00	0.00e+00	3.76e-02	1.98e-02	6.82e-03
 9.35931e+14	7.89e-02	9.21e-01	4.50e-04	0.00e+00	0.00e+00	0.00e+00	0.00e+00	0.00e+00	0.00e+00	4.60e-02	2.43e-02	8.35e-03
 9.48750e+14	9.63e-02	9.04e-01	2.42e-04	0.00e+00	0.00e+00	0.00e+00	0.00e+00	0.00e+00	0.00e+00	5.62e-02	2.96e-02	1.02e-02
 9.58669e+14	1.15e-01	8.85e-01	1.47e-04	0.00e+00	0.00e+00	0.00e+00	0.00e+00	0.00e+00	0.00e+00	6.70e-02	3.52e-02	1.21e-02
 9.65754e+14	1.32e-01	8.68e-01	1.01e-04	0.00e+00	0.00e+00	0.00e+00	0.00e+00	0.00e+00	0.00e+00	7.69e-02	4.04e-02	1.39e-02
 9.71927e+14	1.50e-01	8.50e-01	7.14e-05	0.00e+00	0.00e+00	0.00e+00	0.00e+00	0.00e+00	0.00e+00	8.75e-02	4.59e-02	1.58e-02
 9.79011e+14	1.75e-01	8.24e-01	4.68e-05	0.00e+00	0.00e+00	0.00e+00	0.00e+00	0.00e+00	0.00e+00	1.03e-01	5.37e-02	1.86e-02
 9.86398e+14	2.10e-01	7.90e-01	2.97e-05	0.00e+00	0.00e+00	0.00e+00	0.00e+00	0.00e+00	0.00e+00	1.23e-01	6.41e-02	2.22e-02
 9.92277e+14	2.45e-01	7.55e-01	2.01e-05	0.00e+00	0.00e+00	0.00e+00	0.00e+00	0.00e+00	0.00e+00	1.44e-01	7.48e-02	2.60e-02
 9.96899e+14	2.79e-01	7.21e-01	1.45e-05	0.00e+00	0.00e+00	0.00e+00	0.00e+00	0.00e+00	0.00e+00	1.64e-01	8.50e-02	2.96e-02
 1.00118e+15	3.16e-01	6.84e-01	1.05e-05	0.00e+00	0.00e+00	0.00e+00	0.00e+00	0.00e+00	0.00e+00	1.86e-01	9.60e-02	3.35e-02
 1.00518e+15	3.56e-01	6.44e-01	7.62e-06	0.00e+00	0.00e+00	0.00e+00	0.00e+00	0.00e+00	0.00e+00	2.10e-01	1.08e-01	3.77e-02
 1.00843e+15	3.93e-01	6.07e-01	5.82e-06	0.00e+00	0.00e+00	0.00e+00	0.00e+00	0.00e+00	0.00e+00	2.32e-01	1.18e-01	4.15e-02
 1.01092e+15	4.23e-01	5.77e-01	4.70e-06	0.00e+00	0.00e+00	0.00e+00	0.00e+00	0.00e+00	0.00e+00	2.50e-01	1.27e-01	4.47e-02
 1.01296e+15	4.49e-01	5.51e-01	3.92e-06	0.00e+00	0.00e+00	0.00e+00	0.00e+00	0.00e+00	0.00e+00	2.67e-01	1.35e-01	4.75e-02
 1.01484e+15	4.75e-01	5.25e-01	3.29e-06	0.00e+00	0.00e+00	0.00e+00	0.00e+00	0.00e+00	0.00e+00	2.82e-01	1.42e-01	5.02e-02
 1.01661e+15	5.00e-01	5.00e-01	2.79e-06	0.00e+00	0.00e+00	0.00e+00	0.00e+00	0.00e+00	0.00e+00	2.98e-01	1.49e-01	5.28e-02
 1.01826e+15	5.24e-01	4.76e-01	2.38e-06	0.00e+00	0.00e+00	0.00e+00	0.00e+00	0.00e+00	0.00e+00	3.12e-01	1.55e-01	5.52e-02
 1.01974e+15	5.46e-01	4.54e-01	2.06e-06	0.00e+00	0.00e+00	0.00e+00	0.00e+00	0.00e+00	0.00e+00	3.26e-01	1.61e-01	5.75e-02
 1.02112e+15	5.66e-01	4.34e-01	1.79e-06	0.00e+00	0.00e+00	0.00e+00	0.00e+00	0.00e+00	0.00e+00	3.39e-01	1.67e-01	5.96e-02
 1.02242e+15	5.86e-01	4.14e-01	1.57e-06	0.00e+00	0.00e+00	0.00e+00	0.00e+00	0.00e+00	0.00e+00	3.52e-01	1.72e-01	6.17e-02
 1.02343e+15	6.00e-01	4.00e-01	1.43e-06	0.00e+00	0.00e+00	0.00e+00	0.00e+00	0.00e+00	0.00e+00	3.61e-01	1.76e-01	6.32e-02
 1.02416e+15	6.11e-01	3.89e-01	1.32e-06	0.00e+00	0.00e+00	0.00e+00	0.00e+00	0.00e+00	0.00e+00	3.68e-01	1.79e-01	6.43e-02
 1.02489e+15	6.23e-01	3.77e-01	1.22e-06	0.00e+00	0.00e+00	0.00e+00	0.00e+00	0.00e+00	0.00e+00	3.75e-01	1.82e-01	6.54e-02
 1.02568e+15	6.35e-01	3.65e-01	1.12e-06	0.00e+00	0.00e+00	0.00e+00	0.00e+00	0.00e+00	0.00e+00	3.83e-01	1.85e-01	6.67e-02
 1.02650e+15	6.47e-01	3.53e-01	1.03e-06	0.00e+00	0.00e+00	0.00e+00	0.00e+00	0.00e+00	0.00e+00	3.91e-01	1.88e-01	6.79e-02
 1.02730e+15	6.59e-01	3.41e-01	9.47e-07	0.00e+00	0.00e+00	0.00e+00	0.00e+00	0.00e+00	0.00e+00	3.99e-01	1.91e-01	6.91e-02
 1.02807e+15	6.70e-01	3.30e-01	8.73e-07	0.00e+00	0.00e+00	0.00e+00	0.00e+00	0.00e+00	0.00e+00	4.06e-01	1.94e-01	7.02e-02
 1.02884e+15	6.82e-01	3.18e-01	8.03e-07	0.00e+00	0.00e+00	0.00e+00	0.00e+00	0.00e+00	0.00e+00	4.14e-01	1.96e-01	7.14e-02
 1.02961e+15	6.93e-01	3.07e-01	7.38e-07	0.00e+00	0.00e+00	0.00e+00	0.00e+00	0.00e+00	0.00e+00	4.22e-01	1.99e-01	7.25e-02
 1.03036e+15	7.04e-01	2.96e-01	6.80e-07	0.00e+00	0.00e+00	0.00e+00	0.00e+00	0.00e+00	0.00e+00	4.29e-01	2.01e-01	7.35e-02
 1.03110e+15	7.15e-01	2.85e-01	6.27e-07	0.00e+00	0.00e+00	0.00e+00	0.00e+00	0.00e+00	0.00e+00	4.36e-01	2.04e-01	7.45e-02
 1.03185e+15	7.25e-01	2.75e-01	5.76e-07	0.00e+00	0.00e+00	0.00e+00	0.00e+00	0.00e+00	0.00e+00	4.43e-01	2.06e-01	7.56e-02
 1.03260e+15	7.35e-01	2.65e-01	5.32e-07	0.00e+00	0.00e+00	0.00e+00	0.00e+00	0.00e+00	0.00e+00	4.50e-01	2.08e-01	7.65e-02
 1.03333e+15	7.45e-01	2.55e-01	4.90e-07	0.00e+00	0.00e+00	0.00e+00	0.00e+00	0.00e+00	0.00e+00	4.57e-01	2.10e-01	7.75e-02
 1.03407e+15	7.55e-01	2.45e-01	4.51e-07	0.00e+00	0.00e+00	0.00e+00	0.00e+00	0.00e+00	0.00e+00	4.64e-01	2.12e-01	7.84e-02
 1.03479e+15	7.65e-01	2.35e-01	4.16e-07	0.00e+00	0.00e+00	0.00e+00	0.00e+00	0.00e+00	0.00e+00	4.71e-01	2.14e-01	7.92e-02
 1.03551e+15	7.74e-01	2.26e-01	3.84e-07	0.00e+00	0.00e+00	0.00e+00	0.00e+00	0.00e+00	0.00e+00	4.77e-01	2.16e-01	8.00e-02
 1.03623e+15	7.83e-01	2.17e-01	3.53e-07	0.00e+00	0.00e+00	0.00e+00	0.00e+00	0.00e+00	0.00e+00	4.84e-01	2.18e-01	8.09e-02
 1.03694e+15	7.91e-01	2.09e-01	3.26e-07	0.00e+00	0.00e+00	0.00e+00	0.00e+00	0.00e+00	0.00e+00	4.90e-01	2.19e-01	8.16e-02
 1.03765e+15	8.00e-01	2.00e-01	3.01e-07	0.00e+00	0.00e+00	0.00e+00	0.00e+00	0.00e+00	0.00e+00	4.96e-01	2.21e-01	8.23e-02
 1.03836e+15	8.08e-01	1.92e-01	2.77e-07	0.00e+00	0.00e+00	0.00e+00	0.00e+00	0.00e+00	0.00e+00	5.03e-01	2.22e-01	8.30e-02
 1.03906e+15	8.16e-01	1.84e-01	2.56e-07	0.00e+00	0.00e+00	0.00e+00	0.00e+00	0.00e+00	0.00e+00	5.09e-01	2.23e-01	8.36e-02
 1.03975e+15	8.23e-01	1.77e-01	2.37e-07	0.00e+00	0.00e+00	0.00e+00	0.00e+00	0.00e+00	0.00e+00	5.14e-01	2.25e-01	8.42e-02
 1.04043e+15	8.31e-01	1.69e-01	2.19e-07	0.00e+00	0.00e+00	0.00e+00	0.00e+00	0.00e+00	0.00e+00	5.20e-01	2.26e-01	8.47e-02
 1.04111e+15	8.37e-01	1.63e-01	2.03e-07	0.00e+00	0.00e+00	0.00e+00	0.00e+00	0.00e+00	0.00e+00	5.26e-01	2.27e-01	8.52e-02
 1.04178e+15	8.44e-01	1.56e-01	1.88e-07	0.00e+00	0.00e+00	0.00e+00	0.00e+00	0.00e+00	0.00e+00	5.31e-01	2.27e-01	8.57e-02
 1.04243e+15	8.51e-01	1.49e-01	1.74e-07	0.00e+00	0.00e+00	0.00e+00	0.00e+00	0.00e+00	0.00e+00	5.36e-01	2.28e-01	8.61e-02
 1.04308e+15	8.57e-01	1.43e-01	1.62e-07	0.00e+00	0.00e+00	0.00e+00	0.00e+00	0.00e+00	0.00e+00	5.41e-01	2.29e-01	8.65e-02
 1.04373e+15	8.62e-01	1.38e-01	1.50e-07	0.00e+00	0.00e+00	0.00e+00	0.00e+00	0.00e+00	0.00e+00	5.46e-01	2.29e-01	8.69e-02
 1.04437e+15	8.68e-01	1.32e-01	1.39e-07	0.00e+00	0.00e+00	0.00e+00	0.00e+00	0.00e+00	0.00e+00	5.51e-01	2.30e-01	8.72e-02
 1.04500e+15	8.73e-01	1.27e-01	1.30e-07	0.00e+00	0.00e+00	0.00e+00	0.00e+00	0.00e+00	0.00e+00	5.55e-01	2.30e-01	8.75e-02
 1.04562e+15	8.79e-01	1.21e-01	1.21e-07	0.00e+00	0.00e+00	0.00e+00	0.00e+00	0.00e+00	0.00e+00	5.60e-01	2.31e-01	8.78e-02
 1.04624e+15	8.83e-01	1.17e-01	1.12e-07	0.00e+00	0.00e+00	0.00e+00	0.00e+00	0.00e+00	0.00e+00	5.64e-01	2.31e-01	8.81e-02
 1.04685e+15	8.88e-01	1.12e-01	1.05e-07	0.00e+00	0.00e+00	0.00e+00	0.00e+00	0.00e+00	0.00e+00	5.68e-01	2.31e-01	8.83e-02
 1.04746e+15	8.93e-01	1.07e-01	9.76e-08	0.00e+00	0.00e+00	0.00e+00	0.00e+00	0.00e+00	0.00e+00	5.72e-01	2.32e-01	8.85e-02
 1.04806e+15	8.97e-01	1.03e-01	9.10e-08	0.00e+00	0.00e+00	0.00e+00	0.00e+00	0.00e+00	0.00e+00	5.76e-01	2.32e-01	8.87e-02
 1.04866e+15	9.01e-01	9.88e-02	8.49e-08	0.00e+00	0.00e+00	0.00e+00	0.00e+00	0.00e+00	0.00e+00	5.80e-01	2.32e-01	8.88e-02
 1.04925e+15	9.05e-01	9.48e-02	7.93e-08	0.00e+00	0.00e+00	0.00e+00	0.00e+00	0.00e+00	0.00e+00	5.84e-01	2.32e-01	8.90e-02
 1.04984e+15	9.09e-01	9.10e-02	7.41e-08	0.00e+00	0.00e+00	0.00e+00	0.00e+00	0.00e+00	0.00e+00	5.88e-01	2.32e-01	8.91e-02
 1.05043e+15	9.13e-01	8.73e-02	6.92e-08	0.00e+00	0.00e+00	0.00e+00	0.00e+00	0.00e+00	0.00e+00	5.91e-01	2.32e-01	8.92e-02
 1.05101e+15	9.16e-01	8.38e-02	6.47e-08	0.00e+00	0.00e+00	0.00e+00	0.00e+00	0.00e+00	0.00e+00	5.95e-01	2.32e-01	8.93e-02
 1.05159e+15	9.20e-01	8.04e-02	6.06e-08	0.00e+00	0.00e+00	0.00e+00	0.00e+00	0.00e+00	0.00e+00	5.98e-01	2.32e-01	8.94e-02
 1.05217e+15	9.23e-01	7.72e-02	5.67e-08	0.00e+00	0.00e+00	0.00e+00	0.00e+00	0.00e+00	0.00e+00	6.01e-01	2.32e-01	8.94e-02
 1.05275e+15	9.26e-01	7.41e-02	5.31e-08	0.00e+00	0.00e+00	0.00e+00	0.00e+00	0.00e+00	0.00e+00	6.04e-01	2.32e-01	8.95e-02
 1.05332e+15	9.29e-01	7.11e-02	4.97e-08	0.00e+00	0.00e+00	0.00e+00	0.00e+00	0.00e+00	0.00e+00	6.07e-01	2.32e-01	8.95e-02
 1.05388e+15	9.32e-01	6.82e-02	4.65e-08	0.00e+00	0.00e+00	0.00e+00	0.00e+00	0.00e+00	0.00e+00	6.10e-01	2.32e-01	8.95e-02
 1.05444e+15	9.35e-01	6.55e-02	4.36e-08	0.00e+00	0.00e+00	0.00e+00	0.00e+00	0.00e+00	0.00e+00	6.13e-01	2.32e-01	8.95e-02
 1.05500e+15	9.37e-01	6.28e-02	4.09e-08	0.00e+00	0.00e+00	0.00e+00	0.00e+00	0.00e+00	0.00e+00	6.16e-01	2.31e-01	8.95e-02
 1.05556e+15	9.40e-01	6.03e-02	3.83e-08	0.00e+00	0.00e+00	0.00e+00	0.00e+00	0.00e+00	0.00e+00	6.19e-01	2.31e-01	8.95e-02
 1.05612e+15	9.42e-01	5.79e-02	3.60e-08	0.00e+00	0.00e+00	0.00e+00	0.00e+00	0.00e+00	0.00e+00	6.22e-01	2.31e-01	8.95e-02
 1.05667e+15	9.44e-01	5.56e-02	3.38e-08	0.00e+00	0.00e+00	0.00e+00	0.00e+00	0.00e+00	0.00e+00	6.24e-01	2.31e-01	8.95e-02
 1.05721e+15	9.47e-01	5.33e-02	3.18e-08	0.00e+00	0.00e+00	0.00e+00	0.00e+00	0.00e+00	0.00e+00	6.27e-01	2.31e-01	8.94e-02
 1.05775e+15	9.49e-01	5.12e-02	2.99e-08	0.00e+00	0.00e+00	0.00e+00	0.00e+00	0.00e+00	0.00e+00	6.29e-01	2.30e-01	8.94e-02
 1.05830e+15	9.51e-01	4.91e-02	2.80e-08	0.00e+00	0.00e+00	0.00e+00	0.00e+00	0.00e+00	0.00e+00	6.32e-01	2.30e-01	8.93e-02
 1.05885e+15	9.53e-01	4.71e-02	2.63e-08	0.00e+00	0.00e+00	0.00e+00	0.00e+00	0.00e+00	0.00e+00	6.34e-01	2.30e-01	8.93e-02
 1.05939e+15	9.55e-01	4.51e-02	2.48e-08	0.00e+00	0.00e+00	0.00e+00	0.00e+00	0.00e+00	0.00e+00	6.36e-01	2.29e-01	8.92e-02
 1.05991e+15	9.57e-01	4.33e-02	2.33e-08	0.00e+00	0.00e+00	0.00e+00	0.00e+00	0.00e+00	0.00e+00	6.38e-01	2.29e-01	8.91e-02
 1.06044e+15	9.58e-01	4.16e-02	2.20e-08	0.00e+00	0.00e+00	0.00e+00	0.00e+00	0.00e+00	0.00e+00	6.41e-01	2.29e-01	8.90e-02
 1.06096e+15	9.60e-01	3.99e-02	2.07e-08	0.00e+00	0.00e+00	0.00e+00	0.00e+00	0.00e+00	0.00e+00	6.43e-01	2.28e-01	8.89e-02
 1.06147e+15	9.62e-01	3.82e-02	1.95e-08	0.00e+00	0.00e+00	0.00e+00	0.00e+00	0.00e+00	0.00e+00	6.45e-01	2.28e-01	8.88e-02
 1.06198e+15	9.63e-01	3.66e-02	1.84e-08	0.00e+00	0.00e+00	0.00e+00	0.00e+00	0.00e+00	0.00e+00	6.47e-01	2.28e-01	8.87e-02
 1.06248e+15	9.65e-01	3.52e-02	1.74e-08	0.00e+00	0.00e+00	0.00e+00	0.00e+00	0.00e+00	0.00e+00	6.49e-01	2.27e-01	8.86e-02
 1.06298e+15	9.66e-01	3.37e-02	1.64e-08	0.00e+00	0.00e+00	0.00e+00	0.00e+00	0.00e+00	0.00e+00	6.51e-01	2.27e-01	8.84e-02
 1.06347e+15	9.68e-01	3.23e-02	1.56e-08	0.00e+00	0.00e+00	0.00e+00	0.00e+00	0.00e+00	0.00e+00	6.53e-01	2.27e-01	8.83e-02
 1.06394e+15	9.69e-01	3.09e-02	1.47e-08	0.00e+00	0.00e+00	0.00e+00	0.00e+00	0.00e+00	0.00e+00	6.55e-01	2.26e-01	8.81e-02
 1.06441e+15	9.70e-01	2.96e-02	1.40e-08	0.00e+00	0.00e+00	0.00e+00	0.00e+00	0.00e+00	0.00e+00	6.57e-01	2.26e-01	8.79e-02
 1.06486e+15	9.72e-01	2.83e-02	1.33e-08	0.00e+00	0.00e+00	0.00e+00	0.00e+00	0.00e+00	0.00e+00	6.59e-01	2.25e-01	8.77e-02
 1.06529e+15	9.73e-01	2.71e-02	1.26e-08	0.00e+00	0.00e+00	0.00e+00	0.00e+00	0.00e+00	0.00e+00	6.61e-01	2.25e-01	8.74e-02
 1.06570e+15	9.74e-01	2.60e-02	1.21e-08	0.00e+00	0.00e+00	0.00e+00	0.00e+00	0.00e+00	0.00e+00	6.63e-01	2.24e-01	8.72e-02
