#depth	O	O+	O+2	O+3	O+4	O+5	O+6	O+7	O+8	O[1]	O[2]	O[3]
 2.72749e+09	5.19e-02	9.37e-01	1.13e-02	1.93e-07	0.00e+00	0.00e+00	0.00e+00	0.00e+00	0.00e+00	2.88e-02	1.66e-02	5.45e-03
 1.63649e+10	5.20e-02	9.37e-01	1.12e-02	1.92e-07	0.00e+00	0.00e+00	0.00e+00	0.00e+00	0.00e+00	2.89e-02	1.66e-02	5.46e-03
 7.09146e+10	5.19e-02	9.37e-01	1.12e-02	1.90e-07	0.00e+00	0.00e+00	0.00e+00	0.00e+00	0.00e+00	2.88e-02	1.66e-02	5.45e-03
 2.89113e+11	5.21e-02	9.37e-01	1.10e-02	1.78e-07	0.00e+00	0.00e+00	0.00e+00	0.00e+00	0.00e+00	2.89e-02	1.67e-02	5.47e-03
 6.90599e+11	5.01e-02	9.39e-01	1.10e-02	1.75e-07	0.00e+00	0.00e+00	0.00e+00	0.00e+00	0.00e+00	2.78e-02	1.61e-02	5.27e-03
 1.21253e+12	4.95e-02	9.40e-01	1.07e-02	1.58e-07	0.00e+00	0.00e+00	0.00e+00	0.00e+00	0.00e+00	2.75e-02	1.59e-02	5.21e-03
 1.89104e+12	5.04e-02	9.40e-01	1.00e-02	1.31e-07	0.00e+00	0.00e+00	0.00e+00	0.00e+00	0.00e+00	2.80e-02	1.61e-02	5.30e-03
 2.77311e+12	5.31e-02	9.38e-01	8.83e-03	0.00e+00	0.00e+00	0.00e+00	0.00e+00	0.00e+00	0.00e+00	2.96e-02	1.70e-02	5.60e-03
 3.80971e+12	5.80e-02	9.35e-01	7.38e-03	0.00e+00	0.00e+00	0.00e+00	0.00e+00	0.00e+00	0.00e+00	3.23e-02	1.86e-02	6.11e-03
 4.84151e+12	6.53e-02	9.29e-01	5.93e-03	0.00e+00	0.00e+00	0.00e+00	0.00e+00	0.00e+00	0.00e+00	3.64e-02	2.10e-02	6.88e-03
 5.78102e+12	7.52e-02	9.20e-01	4.62e-03	0.00e+00	0.00e+00	0.00e+00	0.00e+00	0.00e+00	0.00e+00	4.19e-02	2.41e-02	7.93e-03
 6.60583e+12	8.76e-02	9.09e-01	3.56e-03	0.00e+00	0.00e+00	0.00e+00	0.00e+00	0.00e+00	0.00e+00	4.88e-02	2.81e-02	9.23e-03
 7.30795e+12	1.02e-01	8.95e-01	2.73e-03	0.00e+00	0.00e+00	0.00e+00	0.00e+00	0.00e+00	0.00e+00	5.69e-02	3.28e-02	1.08e-02
 7.91529e+12	1.19e-01	8.79e-01	2.10e-03	0.00e+00	0.00e+00	0.00e+00	0.00e+00	0.00e+00	0.00e+00	6.63e-02	3.82e-02	1.25e-02
 8.45817e+12	1.38e-01	8.60e-01	1.60e-03	0.00e+00	0.00e+00	0.00e+00	0.00e+00	0.00e+00	0.00e+00	7.71e-02	4.44e-02	1.46e-02
 8.95787e+12	1.61e-01	8.37e-01	1.21e-03	0.00e+00	0.00e+00	0.00e+00	0.00e+00	0.00e+00	0.00e+00	9.00e-02	5.18e-02	1.70e-02
 9.42063e+12	1.88e-01	8.11e-01	9.13e-04	0.00e+00	0.00e+00	0.00e+00	0.00e+00	0.00e+00	0.00e+00	1.05e-01	6.03e-02	1.98e-02
 9.85338e+12	2.19e-01	7.80e-01	6.76e-04	0.00e+00	0.00e+00	0.00e+00	0.00e+00	0.00e+00	0.00e+00	1.22e-01	7.05e-02	2.32e-02
 1.02573e+13	2.56e-01	7.44e-01	4.96e-04	0.00e+00	0.00e+00	0.00e+00	0.00e+00	0.00e+00	0.00e+00	1.43e-01	8.22e-02	2.70e-02
 1.06238e+13	2.96e-01	7.04e-01	3.64e-04	0.00e+00	0.00e+00	0.00e+00	0.00e+00	0.00e+00	0.00e+00	1.65e-01	9.50e-02	3.12e-02
 1.09336e+13	3.35e-01	6.65e-01	2.75e-04	0.00e+00	0.00e+00	0.00e+00	0.00e+00	0.00e+00	0.00e+00	1.87e-01	1.08e-01	3.54e-02
 1.11728e+13	3.69e-01	6.31e-01	2.18e-04	0.00e+00	0.00e+00	0.00e+00	0.00e+00	0.00e+00	0.00e+00	2.07e-01	1.19e-01	3.90e-02
 1.13635e+13	3.99e-01	6.01e-01	1.80e-04	0.00e+00	0.00e+00	0.00e+00	0.00e+00	0.00e+00	0.00e+00	2.23e-01	1.28e-01	4.22e-02
 1.15348e+13	4.26e-01	5.74e-01	1.50e-04	0.00e+00	0.00e+00	0.00e+00	0.00e+00	0.00e+00	0.00e+00	2.39e-01	1.37e-01	4.51e-02
 1.16966e+13	4.53e-01	5.47e-01	1.26e-04	0.00e+00	0.00e+00	0.00e+00	0.00e+00	0.00e+00	0.00e+00	2.54e-01	1.46e-01	4.80e-02
 1.18460e+13	4.79e-01	5.21e-01	1.07e-04	0.00e+00	0.00e+00	0.00e+00	0.00e+00	0.00e+00	0.00e+00	2.69e-01	1.54e-01	5.07e-02
 1.19804e+13	5.02e-01	4.97e-01	9.23e-05	0.00e+00	0.00e+00	0.00e+00	0.00e+00	0.00e+00	0.00e+00	2.82e-01	1.62e-01	5.33e-02
 1.21045e+13	5.24e-01	4.76e-01	8.02e-05	0.00e+00	0.00e+00	0.00e+00	0.00e+00	0.00e+00	0.00e+00	2.95e-01	1.69e-01	5.56e-02
 1.22223e+13	5.46e-01	4.54e-01	6.99e-05	0.00e+00	0.00e+00	0.00e+00	0.00e+00	0.00e+00	0.00e+00	3.07e-01	1.76e-01	5.79e-02
 1.23355e+13	5.66e-01	4.34e-01	6.12e-05	0.00e+00	0.00e+00	0.00e+00	0.00e+00	0.00e+00	0.00e+00	3.19e-01	1.82e-01	6.01e-02
 1.24439e+13	5.86e-01	4.14e-01	5.37e-05	0.00e+00	0.00e+00	0.00e+00	0.00e+00	0.00e+00	0.00e+00	3.30e-01	1.88e-01	6.22e-02
 1.25291e+13	6.00e-01	4.00e-01	4.88e-05	0.00e+00	0.00e+00	0.00e+00	0.00e+00	0.00e+00	0.00e+00	3.38e-01	1.93e-01	6.37e-02
 1.25913e+13	6.11e-01	3.89e-01	4.53e-05	0.00e+00	0.00e+00	0.00e+00	0.00e+00	0.00e+00	0.00e+00	3.45e-01	1.97e-01	6.49e-02
 1.26526e+13	6.22e-01	3.78e-01	4.20e-05	0.00e+00	0.00e+00	0.00e+00	0.00e+00	0.00e+00	0.00e+00	3.51e-01	2.00e-01	6.61e-02
 1.27211e+13	6.34e-01	3.66e-01	3.85e-05	0.00e+00	0.00e+00	0.00e+00	0.00e+00	0.00e+00	0.00e+00	3.58e-01	2.04e-01	6.74e-02
 1.27919e+13	6.46e-01	3.54e-01	3.54e-05	0.00e+00	0.00e+00	0.00e+00	0.00e+00	0.00e+00	0.00e+00	3.65e-01	2.08e-01	6.87e-02
 1.28615e+13	6.58e-01	3.42e-01	3.24e-05	0.00e+00	0.00e+00	0.00e+00	0.00e+00	0.00e+00	0.00e+00	3.72e-01	2.12e-01	7.00e-02
 1.29302e+13	6.70e-01	3.30e-01	2.98e-05	0.00e+00	0.00e+00	0.00e+00	0.00e+00	0.00e+00	0.00e+00	3.79e-01	2.15e-01	7.12e-02
 1.29971e+13	6.81e-01	3.19e-01	2.74e-05	0.00e+00	0.00e+00	0.00e+00	0.00e+00	0.00e+00	0.00e+00	3.85e-01	2.19e-01	7.24e-02
 1.30640e+13	6.92e-01	3.08e-01	2.52e-05	0.00e+00	0.00e+00	0.00e+00	0.00e+00	0.00e+00	0.00e+00	3.91e-01	2.22e-01	7.36e-02
 1.31321e+13	7.03e-01	2.97e-01	2.31e-05	0.00e+00	0.00e+00	0.00e+00	0.00e+00	0.00e+00	0.00e+00	3.98e-01	2.26e-01	7.48e-02
 1.31999e+13	7.14e-01	2.86e-01	2.12e-05	0.00e+00	0.00e+00	0.00e+00	0.00e+00	0.00e+00	0.00e+00	4.04e-01	2.29e-01	7.59e-02
 1.32673e+13	7.24e-01	2.76e-01	1.95e-05	0.00e+00	0.00e+00	0.00e+00	0.00e+00	0.00e+00	0.00e+00	4.10e-01	2.33e-01	7.71e-02
 1.33346e+13	7.34e-01	2.66e-01	1.79e-05	0.00e+00	0.00e+00	0.00e+00	0.00e+00	0.00e+00	0.00e+00	4.16e-01	2.36e-01	7.81e-02
 1.34021e+13	7.44e-01	2.56e-01	1.64e-05	0.00e+00	0.00e+00	0.00e+00	0.00e+00	0.00e+00	0.00e+00	4.22e-01	2.39e-01	7.92e-02
 1.34702e+13	7.54e-01	2.46e-01	1.50e-05	0.00e+00	0.00e+00	0.00e+00	0.00e+00	0.00e+00	0.00e+00	4.28e-01	2.42e-01	8.03e-02
 1.35371e+13	7.63e-01	2.37e-01	1.38e-05	0.00e+00	0.00e+00	0.00e+00	0.00e+00	0.00e+00	0.00e+00	4.33e-01	2.45e-01	8.13e-02
 1.36037e+13	7.72e-01	2.28e-01	1.27e-05	0.00e+00	0.00e+00	0.00e+00	0.00e+00	0.00e+00	0.00e+00	4.39e-01	2.48e-01	8.22e-02
 1.36714e+13	7.81e-01	2.19e-01	1.16e-05	0.00e+00	0.00e+00	0.00e+00	0.00e+00	0.00e+00	0.00e+00	4.44e-01	2.51e-01	8.32e-02
 1.37389e+13	7.90e-01	2.10e-01	1.07e-05	0.00e+00	0.00e+00	0.00e+00	0.00e+00	0.00e+00	0.00e+00	4.49e-01	2.53e-01	8.41e-02
 1.38064e+13	7.98e-01	2.02e-01	9.76e-06	0.00e+00	0.00e+00	0.00e+00	0.00e+00	0.00e+00	0.00e+00	4.54e-01	2.56e-01	8.51e-02
 1.38739e+13	8.06e-01	1.94e-01	8.96e-06	0.00e+00	0.00e+00	0.00e+00	0.00e+00	0.00e+00	0.00e+00	4.59e-01	2.59e-01	8.59e-02
 1.39417e+13	8.15e-01	1.85e-01	8.20e-06	0.00e+00	0.00e+00	0.00e+00	0.00e+00	0.00e+00	0.00e+00	4.64e-01	2.61e-01	8.68e-02
 1.40094e+13	8.22e-01	1.78e-01	7.53e-06	0.00e+00	0.00e+00	0.00e+00	0.00e+00	0.00e+00	0.00e+00	4.68e-01	2.63e-01	8.76e-02
 1.40766e+13	8.29e-01	1.71e-01	6.90e-06	0.00e+00	0.00e+00	0.00e+00	0.00e+00	0.00e+00	0.00e+00	4.73e-01	2.66e-01	8.84e-02
 1.41448e+13	8.36e-01	1.64e-01	6.32e-06	0.00e+00	0.00e+00	0.00e+00	0.00e+00	0.00e+00	0.00e+00	4.77e-01	2.68e-01	8.91e-02
 1.42128e+13	8.43e-01	1.57e-01	5.79e-06	0.00e+00	0.00e+00	0.00e+00	0.00e+00	0.00e+00	0.00e+00	4.81e-01	2.70e-01	8.99e-02
 1.42798e+13	8.50e-01	1.50e-01	5.32e-06	0.00e+00	0.00e+00	0.00e+00	0.00e+00	0.00e+00	0.00e+00	4.85e-01	2.72e-01	9.05e-02
 1.43464e+13	8.56e-01	1.44e-01	4.88e-06	0.00e+00	0.00e+00	0.00e+00	0.00e+00	0.00e+00	0.00e+00	4.89e-01	2.74e-01	9.12e-02
 1.44134e+13	8.62e-01	1.38e-01	4.49e-06	0.00e+00	0.00e+00	0.00e+00	0.00e+00	0.00e+00	0.00e+00	4.92e-01	2.76e-01	9.18e-02
 1.44804e+13	8.68e-01	1.32e-01	4.12e-06	0.00e+00	0.00e+00	0.00e+00	0.00e+00	0.00e+00	0.00e+00	4.96e-01	2.77e-01	9.25e-02
 1.45474e+13	8.73e-01	1.27e-01	3.78e-06	0.00e+00	0.00e+00	0.00e+00	0.00e+00	0.00e+00	0.00e+00	4.99e-01	2.79e-01	9.30e-02
 1.46141e+13	8.79e-01	1.21e-01	3.48e-06	0.00e+00	0.00e+00	0.00e+00	0.00e+00	0.00e+00	0.00e+00	5.03e-01	2.81e-01	9.36e-02
 1.46802e+13	8.84e-01	1.16e-01	3.20e-06	0.00e+00	0.00e+00	0.00e+00	0.00e+00	0.00e+00	0.00e+00	5.06e-01	2.82e-01	9.41e-02
 1.47467e+13	8.89e-01	1.11e-01	2.94e-06	0.00e+00	0.00e+00	0.00e+00	0.00e+00	0.00e+00	0.00e+00	5.09e-01	2.84e-01	9.46e-02
 1.48139e+13	8.93e-01	1.07e-01	2.70e-06	0.00e+00	0.00e+00	0.00e+00	0.00e+00	0.00e+00	0.00e+00	5.12e-01	2.85e-01	9.51e-02
 1.48812e+13	8.98e-01	1.02e-01	2.48e-06	0.00e+00	0.00e+00	0.00e+00	0.00e+00	0.00e+00	0.00e+00	5.15e-01	2.86e-01	9.56e-02
 1.49478e+13	9.02e-01	9.78e-02	2.28e-06	0.00e+00	0.00e+00	0.00e+00	0.00e+00	0.00e+00	0.00e+00	5.17e-01	2.88e-01	9.60e-02
 1.50140e+13	9.06e-01	9.36e-02	2.10e-06	0.00e+00	0.00e+00	0.00e+00	0.00e+00	0.00e+00	0.00e+00	5.20e-01	2.89e-01	9.64e-02
 1.50808e+13	9.10e-01	8.98e-02	1.93e-06	0.00e+00	0.00e+00	0.00e+00	0.00e+00	0.00e+00	0.00e+00	5.22e-01	2.90e-01	9.68e-02
 1.51481e+13	9.14e-01	8.59e-02	1.78e-06	0.00e+00	0.00e+00	0.00e+00	0.00e+00	0.00e+00	0.00e+00	5.25e-01	2.91e-01	9.72e-02
 1.52151e+13	9.18e-01	8.24e-02	1.64e-06	0.00e+00	0.00e+00	0.00e+00	0.00e+00	0.00e+00	0.00e+00	5.27e-01	2.92e-01	9.76e-02
 1.52826e+13	9.21e-01	7.88e-02	1.51e-06	0.00e+00	0.00e+00	0.00e+00	0.00e+00	0.00e+00	0.00e+00	5.29e-01	2.93e-01	9.79e-02
 1.53509e+13	9.24e-01	7.56e-02	1.39e-06	0.00e+00	0.00e+00	0.00e+00	0.00e+00	0.00e+00	0.00e+00	5.31e-01	2.94e-01	9.82e-02
 1.54192e+13	9.28e-01	7.23e-02	1.27e-06	0.00e+00	0.00e+00	0.00e+00	0.00e+00	0.00e+00	0.00e+00	5.33e-01	2.95e-01	9.86e-02
 1.54871e+13	9.31e-01	6.93e-02	1.17e-06	0.00e+00	0.00e+00	0.00e+00	0.00e+00	0.00e+00	0.00e+00	5.35e-01	2.96e-01	9.89e-02
 1.55557e+13	9.34e-01	6.63e-02	1.08e-06	0.00e+00	0.00e+00	0.00e+00	0.00e+00	0.00e+00	0.00e+00	5.37e-01	2.96e-01	9.92e-02
 1.56255e+13	9.36e-01	6.36e-02	9.93e-07	0.00e+00	0.00e+00	0.00e+00	0.00e+00	0.00e+00	0.00e+00	5.39e-01	2.97e-01	9.94e-02
 1.56956e+13	9.39e-01	6.08e-02	9.13e-07	0.00e+00	0.00e+00	0.00e+00	0.00e+00	0.00e+00	0.00e+00	5.41e-01	2.98e-01	9.97e-02
 1.57657e+13	9.42e-01	5.82e-02	8.40e-07	0.00e+00	0.00e+00	0.00e+00	0.00e+00	0.00e+00	0.00e+00	5.42e-01	2.99e-01	9.99e-02
 1.58365e+13	9.44e-01	5.58e-02	7.72e-07	0.00e+00	0.00e+00	0.00e+00	0.00e+00	0.00e+00	0.00e+00	5.44e-01	2.99e-01	1.00e-01
 1.59079e+13	9.47e-01	5.34e-02	7.10e-07	0.00e+00	0.00e+00	0.00e+00	0.00e+00	0.00e+00	0.00e+00	5.46e-01	3.00e-01	1.00e-01
 1.59797e+13	9.49e-01	5.12e-02	6.53e-07	0.00e+00	0.00e+00	0.00e+00	0.00e+00	0.00e+00	0.00e+00	5.47e-01	3.00e-01	1.01e-01
 1.60521e+13	9.51e-01	4.90e-02	6.00e-07	0.00e+00	0.00e+00	0.00e+00	0.00e+00	0.00e+00	0.00e+00	5.49e-01	3.01e-01	1.01e-01
 1.61255e+13	9.53e-01	4.70e-02	5.52e-07	0.00e+00	0.00e+00	0.00e+00	0.00e+00	0.00e+00	0.00e+00	5.50e-01	3.02e-01	1.01e-01
 1.61997e+13	9.55e-01	4.50e-02	5.07e-07	0.00e+00	0.00e+00	0.00e+00	0.00e+00	0.00e+00	0.00e+00	5.51e-01	3.02e-01	1.01e-01
 1.62739e+13	9.57e-01	4.31e-02	4.66e-07	0.00e+00	0.00e+00	0.00e+00	0.00e+00	0.00e+00	0.00e+00	5.53e-01	3.03e-01	1.01e-01
 1.63494e+13	9.59e-01	4.12e-02	4.27e-07	0.00e+00	0.00e+00	0.00e+00	0.00e+00	0.00e+00	0.00e+00	5.54e-01	3.03e-01	1.01e-01
 1.64266e+13	9.61e-01	3.95e-02	3.92e-07	0.00e+00	0.00e+00	0.00e+00	0.00e+00	0.00e+00	0.00e+00	5.55e-01	3.03e-01	1.02e-01
 1.65049e+13	9.62e-01	3.78e-02	3.59e-07	0.00e+00	0.00e+00	0.00e+00	0.00e+00	0.00e+00	0.00e+00	5.56e-01	3.04e-01	1.02e-01
 1.65832e+13	9.64e-01	3.62e-02	3.30e-07	0.00e+00	0.00e+00	0.00e+00	0.00e+00	0.00e+00	0.00e+00	5.57e-01	3.04e-01	1.02e-01
 1.66616e+13	9.65e-01	3.47e-02	3.03e-07	0.00e+00	0.00e+00	0.00e+00	0.00e+00	0.00e+00	0.00e+00	5.58e-01	3.05e-01	1.02e-01
 1.67410e+13	9.67e-01	3.32e-02	2.78e-07	0.00e+00	0.00e+00	0.00e+00	0.00e+00	0.00e+00	0.00e+00	5.59e-01	3.05e-01	1.02e-01
 1.68226e+13	9.68e-01	3.18e-02	2.54e-07	0.00e+00	0.00e+00	0.00e+00	0.00e+00	0.00e+00	0.00e+00	5.60e-01	3.05e-01	1.02e-01
 1.69064e+13	9.70e-01	3.05e-02	2.33e-07	0.00e+00	0.00e+00	0.00e+00	0.00e+00	0.00e+00	0.00e+00	5.61e-01	3.06e-01	1.02e-01
 1.69905e+13	9.71e-01	2.92e-02	2.13e-07	0.00e+00	0.00e+00	0.00e+00	0.00e+00	0.00e+00	0.00e+00	5.62e-01	3.06e-01	1.03e-01
 1.70742e+13	9.72e-01	2.80e-02	1.95e-07	0.00e+00	0.00e+00	0.00e+00	0.00e+00	0.00e+00	0.00e+00	5.63e-01	3.06e-01	1.03e-01
 1.71600e+13	9.73e-01	2.68e-02	1.79e-07	0.00e+00	0.00e+00	0.00e+00	0.00e+00	0.00e+00	0.00e+00	5.64e-01	3.06e-01	1.03e-01
 1.72491e+13	9.74e-01	2.57e-02	1.63e-07	0.00e+00	0.00e+00	0.00e+00	0.00e+00	0.00e+00	0.00e+00	5.65e-01	3.07e-01	1.03e-01
 1.73387e+13	9.75e-01	2.46e-02	1.49e-07	0.00e+00	0.00e+00	0.00e+00	0.00e+00	0.00e+00	0.00e+00	5.65e-01	3.07e-01	1.03e-01
 1.74282e+13	9.76e-01	2.36e-02	1.36e-07	0.00e+00	0.00e+00	0.00e+00	0.00e+00	0.00e+00	0.00e+00	5.66e-01	3.07e-01	1.03e-01
 1.75193e+13	9.77e-01	2.26e-02	1.25e-07	0.00e+00	0.00e+00	0.00e+00	0.00e+00	0.00e+00	0.00e+00	5.67e-01	3.07e-01	1.03e-01
 1.76134e+13	9.78e-01	2.16e-02	1.14e-07	0.00e+00	0.00e+00	0.00e+00	0.00e+00	0.00e+00	0.00e+00	5.68e-01	3.08e-01	1.03e-01
 1.77092e+13	9.79e-01	2.07e-02	1.04e-07	0.00e+00	0.00e+00	0.00e+00	0.00e+00	0.00e+00	0.00e+00	5.68e-01	3.08e-01	1.03e-01
 1.78059e+13	9.80e-01	1.99e-02	9.46e-08	0.00e+00	0.00e+00	0.00e+00	0.00e+00	0.00e+00	0.00e+00	5.69e-01	3.08e-01	1.03e-01
 1.79041e+13	9.81e-01	1.91e-02	8.62e-08	0.00e+00	0.00e+00	0.00e+00	0.00e+00	0.00e+00	0.00e+00	5.69e-01	3.08e-01	1.03e-01
 1.80032e+13	9.82e-01	1.83e-02	7.86e-08	0.00e+00	0.00e+00	0.00e+00	0.00e+00	0.00e+00	0.00e+00	5.70e-01	3.08e-01	1.03e-01
 1.81035e+13	9.82e-01	1.75e-02	7.16e-08	0.00e+00	0.00e+00	0.00e+00	0.00e+00	0.00e+00	0.00e+00	5.71e-01	3.08e-01	1.03e-01
 1.82076e+13	9.83e-01	1.68e-02	6.51e-08	0.00e+00	0.00e+00	0.00e+00	0.00e+00	0.00e+00	0.00e+00	5.71e-01	3.08e-01	1.03e-01
 1.83142e+13	9.84e-01	1.61e-02	5.92e-08	0.00e+00	0.00e+00	0.00e+00	0.00e+00	0.00e+00	0.00e+00	5.72e-01	3.09e-01	1.03e-01
 1.84191e+13	9.85e-01	1.55e-02	5.39e-08	0.00e+00	0.00e+00	0.00e+00	0.00e+00	0.00e+00	0.00e+00	5.72e-01	3.09e-01	1.03e-01
 1.85272e+13	9.85e-01	1.48e-02	4.90e-08	0.00e+00	0.00e+00	0.00e+00	0.00e+00	0.00e+00	0.00e+00	5.73e-01	3.09e-01	1.03e-01
 1.86400e+13	9.86e-01	1.42e-02	4.44e-08	0.00e+00	0.00e+00	0.00e+00	0.00e+00	0.00e+00	0.00e+00	5.73e-01	3.09e-01	1.04e-01
 1.87531e+13	9.86e-01	1.37e-02	4.03e-08	0.00e+00	0.00e+00	0.00e+00	0.00e+00	0.00e+00	0.00e+00	5.74e-01	3.09e-01	1.04e-01
 1.88666e+13	9.87e-01	1.31e-02	3.66e-08	0.00e+00	0.00e+00	0.00e+00	0.00e+00	0.00e+00	0.00e+00	5.74e-01	3.09e-01	1.04e-01
 1.89802e+13	9.87e-01	1.26e-02	3.33e-08	0.00e+00	0.00e+00	0.00e+00	0.00e+00	0.00e+00	0.00e+00	5.75e-01	3.09e-01	1.04e-01
 1.90968e+13	9.88e-01	1.21e-02	3.02e-08	0.00e+00	0.00e+00	0.00e+00	0.00e+00	0.00e+00	0.00e+00	5.75e-01	3.09e-01	1.04e-01
 1.92175e+13	9.88e-01	1.16e-02	2.73e-08	0.00e+00	0.00e+00	0.00e+00	0.00e+00	0.00e+00	0.00e+00	5.76e-01	3.09e-01	1.04e-01
 1.93384e+13	9.89e-01	1.11e-02	2.48e-08	0.00e+00	0.00e+00	0.00e+00	0.00e+00	0.00e+00	0.00e+00	5.76e-01	3.09e-01	1.04e-01
 1.94597e+13	9.89e-01	1.07e-02	2.24e-08	0.00e+00	0.00e+00	0.00e+00	0.00e+00	0.00e+00	0.00e+00	5.76e-01	3.09e-01	1.04e-01
 1.95823e+13	9.90e-01	1.02e-02	2.03e-08	0.00e+00	0.00e+00	0.00e+00	0.00e+00	0.00e+00	0.00e+00	5.77e-01	3.09e-01	1.04e-01
 1.97066e+13	9.90e-01	9.82e-03	1.84e-08	0.00e+00	0.00e+00	0.00e+00	0.00e+00	0.00e+00	0.00e+00	5.77e-01	3.09e-01	1.04e-01
 1.98322e+13	9.91e-01	9.42e-03	1.67e-08	0.00e+00	0.00e+00	0.00e+00	0.00e+00	0.00e+00	0.00e+00	5.78e-01	3.09e-01	1.04e-01
 1.99589e+13	9.91e-01	9.03e-03	1.51e-08	0.00e+00	0.00e+00	0.00e+00	0.00e+00	0.00e+00	0.00e+00	5.78e-01	3.09e-01	1.04e-01
 2.00866e+13	9.91e-01	8.69e-03	1.37e-08	0.00e+00	0.00e+00	0.00e+00	0.00e+00	0.00e+00	0.00e+00	5.78e-01	3.09e-01	1.04e-01
 2.02110e+13	9.92e-01	8.36e-03	1.24e-08	0.00e+00	0.00e+00	0.00e+00	0.00e+00	0.00e+00	0.00e+00	5.79e-01	3.09e-01	1.04e-01
 2.03337e+13	9.92e-01	8.02e-03	1.13e-08	0.00e+00	0.00e+00	0.00e+00	0.00e+00	0.00e+00	0.00e+00	5.79e-01	3.09e-01	1.03e-01
 2.04626e+13	9.92e-01	7.69e-03	1.02e-08	0.00e+00	0.00e+00	0.00e+00	0.00e+00	0.00e+00	0.00e+00	5.80e-01	3.09e-01	1.03e-01
 2.05948e+13	9.93e-01	7.37e-03	9.26e-09	0.00e+00	0.00e+00	0.00e+00	0.00e+00	0.00e+00	0.00e+00	5.80e-01	3.09e-01	1.03e-01
 2.07261e+13	9.93e-01	7.06e-03	8.38e-09	0.00e+00	0.00e+00	0.00e+00	0.00e+00	0.00e+00	0.00e+00	5.80e-01	3.09e-01	1.03e-01
 2.08550e+13	9.93e-01	6.76e-03	7.60e-09	0.00e+00	0.00e+00	0.00e+00	0.00e+00	0.00e+00	0.00e+00	5.81e-01	3.09e-01	1.03e-01
 2.09822e+13	9.94e-01	6.48e-03	6.91e-09	0.00e+00	0.00e+00	0.00e+00	0.00e+00	0.00e+00	0.00e+00	5.81e-01	3.09e-01	1.03e-01
 2.11108e+13	9.94e-01	6.20e-03	6.27e-09	0.00e+00	0.00e+00	0.00e+00	0.00e+00	0.00e+00	0.00e+00	5.82e-01	3.09e-01	1.03e-01
 2.12394e+13	9.94e-01	5.93e-03	5.69e-09	0.00e+00	0.00e+00	0.00e+00	0.00e+00	0.00e+00	0.00e+00	5.82e-01	3.09e-01	1.03e-01
 2.13670e+13	9.94e-01	5.68e-03	5.17e-09	0.00e+00	0.00e+00	0.00e+00	0.00e+00	0.00e+00	0.00e+00	5.82e-01	3.09e-01	1.03e-01
 2.14937e+13	9.95e-01	5.42e-03	4.70e-09	0.00e+00	0.00e+00	0.00e+00	0.00e+00	0.00e+00	0.00e+00	5.83e-01	3.09e-01	1.03e-01
 2.16197e+13	9.95e-01	5.18e-03	4.28e-09	0.00e+00	0.00e+00	0.00e+00	0.00e+00	0.00e+00	0.00e+00	5.83e-01	3.09e-01	1.03e-01
 2.17449e+13	9.95e-01	4.95e-03	3.90e-09	0.00e+00	0.00e+00	0.00e+00	0.00e+00	0.00e+00	0.00e+00	5.84e-01	3.08e-01	1.03e-01
 2.18690e+13	9.95e-01	4.72e-03	3.55e-09	0.00e+00	0.00e+00	0.00e+00	0.00e+00	0.00e+00	0.00e+00	5.84e-01	3.08e-01	1.03e-01
 2.19917e+13	9.96e-01	4.49e-03	3.23e-09	0.00e+00	0.00e+00	0.00e+00	0.00e+00	0.00e+00	0.00e+00	5.85e-01	3.08e-01	1.02e-01
 2.21126e+13	9.96e-01	4.26e-03	2.94e-09	0.00e+00	0.00e+00	0.00e+00	0.00e+00	0.00e+00	0.00e+00	5.86e-01	3.08e-01	1.02e-01
