#depth	O	O+	O+2	O+3	O+4	O+5	O+6	O+7	O+8	O[1]	O[2]	O[3]
 5.76640e+12	1.04e-07	5.65e-03	8.13e-01	1.81e-01	2.07e-05	0.00e+00	0.00e+00	0.00e+00	0.00e+00	9.02e-08	7.37e-09	6.12e-09
 3.45984e+13	1.04e-07	5.66e-03	8.13e-01	1.81e-01	2.06e-05	0.00e+00	0.00e+00	0.00e+00	0.00e+00	9.01e-08	7.41e-09	6.15e-09
 1.49926e+14	1.05e-07	5.70e-03	8.16e-01	1.78e-01	2.01e-05	0.00e+00	0.00e+00	0.00e+00	0.00e+00	9.13e-08	7.50e-09	6.23e-09
 6.11238e+14	1.10e-07	5.86e-03	8.27e-01	1.68e-01	1.81e-05	0.00e+00	0.00e+00	0.00e+00	0.00e+00	9.58e-08	7.86e-09	6.53e-09
 1.46005e+15	1.20e-07	6.16e-03	8.42e-01	1.52e-01	1.52e-05	0.00e+00	0.00e+00	0.00e+00	0.00e+00	1.05e-07	8.53e-09	7.11e-09
 2.56351e+15	1.34e-07	6.54e-03	8.60e-01	1.33e-01	1.21e-05	0.00e+00	0.00e+00	0.00e+00	0.00e+00	1.17e-07	9.44e-09	7.90e-09
 3.99800e+15	1.54e-07	7.05e-03	8.82e-01	1.11e-01	8.87e-06	0.00e+00	0.00e+00	0.00e+00	0.00e+00	1.34e-07	1.07e-08	9.03e-09
 5.86285e+15	1.83e-07	7.73e-03	9.06e-01	8.61e-02	5.83e-06	0.00e+00	0.00e+00	0.00e+00	0.00e+00	1.60e-07	1.26e-08	1.06e-08
 8.05530e+15	2.21e-07	8.53e-03	9.29e-01	6.26e-02	3.49e-06	0.00e+00	0.00e+00	0.00e+00	0.00e+00	1.93e-07	1.50e-08	1.27e-08
 1.03776e+16	2.65e-07	9.39e-03	9.47e-01	4.36e-02	1.98e-06	0.00e+00	0.00e+00	0.00e+00	0.00e+00	2.32e-07	1.77e-08	1.52e-08
 1.27929e+16	3.19e-07	1.03e-02	9.60e-01	2.93e-02	1.07e-06	0.00e+00	0.00e+00	0.00e+00	0.00e+00	2.80e-07	2.11e-08	1.81e-08
 1.53047e+16	3.83e-07	1.13e-02	9.70e-01	1.91e-02	5.51e-07	0.00e+00	0.00e+00	0.00e+00	0.00e+00	3.37e-07	2.50e-08	2.16e-08
 1.79171e+16	4.60e-07	1.24e-02	9.76e-01	1.21e-02	2.74e-07	0.00e+00	0.00e+00	0.00e+00	0.00e+00	4.04e-07	2.96e-08	2.57e-08
 2.06339e+16	5.51e-07	1.35e-02	9.79e-01	7.49e-03	1.33e-07	0.00e+00	0.00e+00	0.00e+00	0.00e+00	4.85e-07	3.51e-08	3.06e-08
 2.34594e+16	6.59e-07	1.47e-02	9.81e-01	4.57e-03	0.00e+00	0.00e+00	0.00e+00	0.00e+00	0.00e+00	5.81e-07	4.16e-08	3.63e-08
 2.63979e+16	7.89e-07	1.60e-02	9.81e-01	2.75e-03	0.00e+00	0.00e+00	0.00e+00	0.00e+00	0.00e+00	6.96e-07	4.93e-08	4.32e-08
 2.94540e+16	9.43e-07	1.74e-02	9.81e-01	1.64e-03	0.00e+00	0.00e+00	0.00e+00	0.00e+00	0.00e+00	8.34e-07	5.84e-08	5.13e-08
 3.26323e+16	1.13e-06	1.89e-02	9.80e-01	9.64e-04	0.00e+00	0.00e+00	0.00e+00	0.00e+00	0.00e+00	9.98e-07	6.91e-08	6.09e-08
 3.59377e+16	1.35e-06	2.05e-02	9.79e-01	5.64e-04	0.00e+00	0.00e+00	0.00e+00	0.00e+00	0.00e+00	1.19e-06	8.19e-08	7.23e-08
 3.93753e+16	1.61e-06	2.22e-02	9.77e-01	3.29e-04	0.00e+00	0.00e+00	0.00e+00	0.00e+00	0.00e+00	1.43e-06	9.71e-08	8.59e-08
 4.29505e+16	1.93e-06	2.41e-02	9.76e-01	1.91e-04	0.00e+00	0.00e+00	0.00e+00	0.00e+00	0.00e+00	1.71e-06	1.15e-07	1.02e-07
 4.66686e+16	2.31e-06	2.62e-02	9.74e-01	1.11e-04	0.00e+00	0.00e+00	0.00e+00	0.00e+00	0.00e+00	2.05e-06	1.37e-07	1.22e-07
 5.05355e+16	2.76e-06	2.84e-02	9.72e-01	6.42e-05	0.00e+00	0.00e+00	0.00e+00	0.00e+00	0.00e+00	2.46e-06	1.63e-07	1.45e-07
 5.45571e+16	3.31e-06	3.09e-02	9.69e-01	3.74e-05	0.00e+00	0.00e+00	0.00e+00	0.00e+00	0.00e+00	2.95e-06	1.94e-07	1.72e-07
 5.87395e+16	3.97e-06	3.35e-02	9.66e-01	2.20e-05	0.00e+00	0.00e+00	0.00e+00	0.00e+00	0.00e+00	3.53e-06	2.30e-07	2.06e-07
 6.30892e+16	4.76e-06	3.64e-02	9.64e-01	1.30e-05	0.00e+00	0.00e+00	0.00e+00	0.00e+00	0.00e+00	4.24e-06	2.75e-07	2.45e-07
 6.76129e+16	5.71e-06	3.95e-02	9.60e-01	7.82e-06	0.00e+00	0.00e+00	0.00e+00	0.00e+00	0.00e+00	5.09e-06	3.28e-07	2.93e-07
 7.23176e+16	6.85e-06	4.29e-02	9.57e-01	4.80e-06	0.00e+00	0.00e+00	0.00e+00	0.00e+00	0.00e+00	6.11e-06	3.91e-07	3.50e-07
 7.72104e+16	8.23e-06	4.67e-02	9.53e-01	3.02e-06	0.00e+00	0.00e+00	0.00e+00	0.00e+00	0.00e+00	7.35e-06	4.68e-07	4.19e-07
 8.22990e+16	9.90e-06	5.08e-02	9.49e-01	1.96e-06	0.00e+00	0.00e+00	0.00e+00	0.00e+00	0.00e+00	8.83e-06	5.60e-07	5.02e-07
 8.75911e+16	1.19e-05	5.53e-02	9.45e-01	1.33e-06	0.00e+00	0.00e+00	0.00e+00	0.00e+00	0.00e+00	1.06e-05	6.70e-07	6.02e-07
 9.30949e+16	1.43e-05	6.02e-02	9.40e-01	9.37e-07	0.00e+00	0.00e+00	0.00e+00	0.00e+00	0.00e+00	1.28e-05	8.03e-07	7.22e-07
 9.88188e+16	1.72e-05	6.56e-02	9.34e-01	6.90e-07	0.00e+00	0.00e+00	0.00e+00	0.00e+00	0.00e+00	1.54e-05	9.63e-07	8.67e-07
 1.04772e+17	2.08e-05	7.15e-02	9.29e-01	5.30e-07	0.00e+00	0.00e+00	0.00e+00	0.00e+00	0.00e+00	1.86e-05	1.16e-06	1.04e-06
 1.10963e+17	2.51e-05	7.79e-02	9.22e-01	4.22e-07	0.00e+00	0.00e+00	0.00e+00	0.00e+00	0.00e+00	2.24e-05	1.39e-06	1.25e-06
 1.17401e+17	3.03e-05	8.51e-02	9.15e-01	3.45e-07	0.00e+00	0.00e+00	0.00e+00	0.00e+00	0.00e+00	2.71e-05	1.67e-06	1.51e-06
 1.23866e+17	3.64e-05	9.26e-02	9.07e-01	2.91e-07	0.00e+00	0.00e+00	0.00e+00	0.00e+00	0.00e+00	3.25e-05	2.00e-06	1.81e-06
 1.30589e+17	4.37e-05	1.01e-01	8.99e-01	2.48e-07	0.00e+00	0.00e+00	0.00e+00	0.00e+00	0.00e+00	3.92e-05	2.40e-06	2.17e-06
 1.37611e+17	5.27e-05	1.10e-01	8.90e-01	2.13e-07	0.00e+00	0.00e+00	0.00e+00	0.00e+00	0.00e+00	4.72e-05	2.88e-06	2.61e-06
 1.44480e+17	6.29e-05	1.20e-01	8.80e-01	1.86e-07	0.00e+00	0.00e+00	0.00e+00	0.00e+00	0.00e+00	5.64e-05	3.43e-06	3.11e-06
 1.51826e+17	7.58e-05	1.31e-01	8.69e-01	1.61e-07	0.00e+00	0.00e+00	0.00e+00	0.00e+00	0.00e+00	6.80e-05	4.13e-06	3.74e-06
 1.59425e+17	9.14e-05	1.43e-01	8.57e-01	1.40e-07	0.00e+00	0.00e+00	0.00e+00	0.00e+00	0.00e+00	8.19e-05	4.96e-06	4.50e-06
 1.66408e+17	1.08e-04	1.54e-01	8.46e-01	0.00e+00	0.00e+00	0.00e+00	0.00e+00	0.00e+00	0.00e+00	9.67e-05	5.84e-06	5.31e-06
 1.74096e+17	1.30e-04	1.68e-01	8.32e-01	0.00e+00	0.00e+00	0.00e+00	0.00e+00	0.00e+00	0.00e+00	1.16e-04	7.01e-06	6.37e-06
 1.82424e+17	1.57e-04	1.84e-01	8.16e-01	0.00e+00	0.00e+00	0.00e+00	0.00e+00	0.00e+00	0.00e+00	1.41e-04	8.46e-06	7.70e-06
 1.89879e+17	1.86e-04	1.99e-01	8.01e-01	0.00e+00	0.00e+00	0.00e+00	0.00e+00	0.00e+00	0.00e+00	1.67e-04	9.99e-06	9.10e-06
 1.96817e+17	2.17e-04	2.14e-01	7.86e-01	0.00e+00	0.00e+00	0.00e+00	0.00e+00	0.00e+00	0.00e+00	1.95e-04	1.17e-05	1.06e-05
 2.04786e+17	2.60e-04	2.32e-01	7.67e-01	0.00e+00	0.00e+00	0.00e+00	0.00e+00	0.00e+00	0.00e+00	2.34e-04	1.40e-05	1.27e-05
 2.13378e+17	3.15e-04	2.54e-01	7.46e-01	0.00e+00	0.00e+00	0.00e+00	0.00e+00	0.00e+00	0.00e+00	2.83e-04	1.69e-05	1.54e-05
 2.20964e+17	3.72e-04	2.74e-01	7.26e-01	0.00e+00	0.00e+00	0.00e+00	0.00e+00	0.00e+00	0.00e+00	3.34e-04	1.99e-05	1.82e-05
 2.27888e+17	4.35e-04	2.94e-01	7.06e-01	0.00e+00	0.00e+00	0.00e+00	0.00e+00	0.00e+00	0.00e+00	3.90e-04	2.32e-05	2.12e-05
 2.35763e+17	5.21e-04	3.18e-01	6.81e-01	0.00e+00	0.00e+00	0.00e+00	0.00e+00	0.00e+00	0.00e+00	4.68e-04	2.77e-05	2.53e-05
 2.44173e+17	6.30e-04	3.46e-01	6.53e-01	0.00e+00	0.00e+00	0.00e+00	0.00e+00	0.00e+00	0.00e+00	5.66e-04	3.35e-05	3.06e-05
 2.51429e+17	7.45e-04	3.72e-01	6.27e-01	0.00e+00	0.00e+00	0.00e+00	0.00e+00	0.00e+00	0.00e+00	6.69e-04	3.96e-05	3.62e-05
 2.57870e+17	8.68e-04	3.97e-01	6.02e-01	0.00e+00	0.00e+00	0.00e+00	0.00e+00	0.00e+00	0.00e+00	7.80e-04	4.61e-05	4.21e-05
 2.65102e+17	1.04e-03	4.28e-01	5.71e-01	0.00e+00	0.00e+00	0.00e+00	0.00e+00	0.00e+00	0.00e+00	9.31e-04	5.50e-05	5.03e-05
 2.72791e+17	1.26e-03	4.63e-01	5.36e-01	0.00e+00	0.00e+00	0.00e+00	0.00e+00	0.00e+00	0.00e+00	1.13e-03	6.65e-05	6.09e-05
 2.79306e+17	1.49e-03	4.95e-01	5.03e-01	0.00e+00	0.00e+00	0.00e+00	0.00e+00	0.00e+00	0.00e+00	1.34e-03	7.87e-05	7.20e-05
 2.84919e+17	1.73e-03	5.25e-01	4.73e-01	0.00e+00	0.00e+00	0.00e+00	0.00e+00	0.00e+00	0.00e+00	1.55e-03	9.15e-05	8.37e-05
 2.91126e+17	2.06e-03	5.61e-01	4.37e-01	0.00e+00	0.00e+00	0.00e+00	0.00e+00	0.00e+00	0.00e+00	1.85e-03	1.09e-04	9.95e-05
 2.97722e+17	2.49e-03	6.01e-01	3.96e-01	0.00e+00	0.00e+00	0.00e+00	0.00e+00	0.00e+00	0.00e+00	2.24e-03	1.32e-04	1.21e-04
 3.03247e+17	2.95e-03	6.37e-01	3.60e-01	0.00e+00	0.00e+00	0.00e+00	0.00e+00	0.00e+00	0.00e+00	2.65e-03	1.56e-04	1.43e-04
 3.07880e+17	3.42e-03	6.69e-01	3.27e-01	0.00e+00	0.00e+00	0.00e+00	0.00e+00	0.00e+00	0.00e+00	3.07e-03	1.80e-04	1.65e-04
 3.12927e+17	4.06e-03	7.06e-01	2.90e-01	0.00e+00	0.00e+00	0.00e+00	0.00e+00	0.00e+00	0.00e+00	3.65e-03	2.14e-04	1.96e-04
 3.17988e+17	4.85e-03	7.44e-01	2.51e-01	0.00e+00	0.00e+00	0.00e+00	0.00e+00	0.00e+00	0.00e+00	4.36e-03	2.55e-04	2.34e-04
 3.22043e+17	5.63e-03	7.76e-01	2.19e-01	0.00e+00	0.00e+00	0.00e+00	0.00e+00	0.00e+00	0.00e+00	5.06e-03	2.96e-04	2.71e-04
 3.25533e+17	6.47e-03	8.03e-01	1.90e-01	0.00e+00	0.00e+00	0.00e+00	0.00e+00	0.00e+00	0.00e+00	5.82e-03	3.40e-04	3.12e-04
 3.28733e+17	7.37e-03	8.28e-01	1.64e-01	0.00e+00	0.00e+00	0.00e+00	0.00e+00	0.00e+00	0.00e+00	6.63e-03	3.87e-04	3.55e-04
 3.31612e+17	8.32e-03	8.51e-01	1.41e-01	0.00e+00	0.00e+00	0.00e+00	0.00e+00	0.00e+00	0.00e+00	7.48e-03	4.37e-04	4.00e-04
 3.34192e+17	9.36e-03	8.70e-01	1.20e-01	0.00e+00	0.00e+00	0.00e+00	0.00e+00	0.00e+00	0.00e+00	8.42e-03	4.90e-04	4.50e-04
 3.36648e+17	1.05e-02	8.89e-01	1.01e-01	0.00e+00	0.00e+00	0.00e+00	0.00e+00	0.00e+00	0.00e+00	9.43e-03	5.49e-04	5.04e-04
 3.38859e+17	1.17e-02	9.04e-01	8.42e-02	0.00e+00	0.00e+00	0.00e+00	0.00e+00	0.00e+00	0.00e+00	1.05e-02	6.11e-04	5.60e-04
 3.40716e+17	1.28e-02	9.17e-01	7.05e-02	0.00e+00	0.00e+00	0.00e+00	0.00e+00	0.00e+00	0.00e+00	1.15e-02	6.71e-04	6.15e-04
 3.42311e+17	1.40e-02	9.27e-01	5.93e-02	0.00e+00	0.00e+00	0.00e+00	0.00e+00	0.00e+00	0.00e+00	1.26e-02	7.30e-04	6.70e-04
 3.43802e+17	1.52e-02	9.35e-01	4.94e-02	0.00e+00	0.00e+00	0.00e+00	0.00e+00	0.00e+00	0.00e+00	1.36e-02	7.92e-04	7.26e-04
 3.45224e+17	1.65e-02	9.43e-01	4.04e-02	0.00e+00	0.00e+00	0.00e+00	0.00e+00	0.00e+00	0.00e+00	1.48e-02	8.60e-04	7.89e-04
 3.46512e+17	1.78e-02	9.49e-01	3.28e-02	0.00e+00	0.00e+00	0.00e+00	0.00e+00	0.00e+00	0.00e+00	1.61e-02	9.30e-04	8.54e-04
 3.47658e+17	1.90e-02	9.54e-01	2.67e-02	0.00e+00	0.00e+00	0.00e+00	0.00e+00	0.00e+00	0.00e+00	1.71e-02	9.91e-04	9.10e-04
 3.48720e+17	2.03e-02	9.58e-01	2.16e-02	0.00e+00	0.00e+00	0.00e+00	0.00e+00	0.00e+00	0.00e+00	1.82e-02	1.05e-03	9.68e-04
 3.49748e+17	2.16e-02	9.61e-01	1.71e-02	0.00e+00	0.00e+00	0.00e+00	0.00e+00	0.00e+00	0.00e+00	1.94e-02	1.12e-03	1.03e-03
 3.50741e+17	2.30e-02	9.64e-01	1.33e-02	0.00e+00	0.00e+00	0.00e+00	0.00e+00	0.00e+00	0.00e+00	2.07e-02	1.20e-03	1.10e-03
 3.51699e+17	2.45e-02	9.65e-01	1.01e-02	0.00e+00	0.00e+00	0.00e+00	0.00e+00	0.00e+00	0.00e+00	2.21e-02	1.27e-03	1.17e-03
 3.52786e+17	2.64e-02	9.66e-01	7.21e-03	0.00e+00	0.00e+00	0.00e+00	0.00e+00	0.00e+00	0.00e+00	2.37e-02	1.37e-03	1.26e-03
 3.53986e+17	2.87e-02	9.66e-01	4.79e-03	0.00e+00	0.00e+00	0.00e+00	0.00e+00	0.00e+00	0.00e+00	2.59e-02	1.49e-03	1.37e-03
 3.55138e+17	3.13e-02	9.66e-01	3.13e-03	0.00e+00	0.00e+00	0.00e+00	0.00e+00	0.00e+00	0.00e+00	2.82e-02	1.62e-03	1.49e-03
 3.56443e+17	3.45e-02	9.64e-01	1.88e-03	0.00e+00	0.00e+00	0.00e+00	0.00e+00	0.00e+00	0.00e+00	3.11e-02	1.78e-03	1.64e-03
 3.58140e+17	3.99e-02	9.59e-01	9.50e-04	0.00e+00	0.00e+00	0.00e+00	0.00e+00	0.00e+00	0.00e+00	3.59e-02	2.05e-03	1.88e-03
 3.60048e+17	4.74e-02	9.52e-01	4.32e-04	0.00e+00	0.00e+00	0.00e+00	0.00e+00	0.00e+00	0.00e+00	4.28e-02	2.43e-03	2.24e-03
 3.61753e+17	5.68e-02	9.43e-01	2.11e-04	0.00e+00	0.00e+00	0.00e+00	0.00e+00	0.00e+00	0.00e+00	5.12e-02	2.89e-03	2.67e-03
 3.63088e+17	6.66e-02	9.33e-01	1.19e-04	0.00e+00	0.00e+00	0.00e+00	0.00e+00	0.00e+00	0.00e+00	6.01e-02	3.37e-03	3.11e-03
 3.64168e+17	7.68e-02	9.23e-01	7.42e-05	0.00e+00	0.00e+00	0.00e+00	0.00e+00	0.00e+00	0.00e+00	6.94e-02	3.87e-03	3.57e-03
 3.65157e+17	8.87e-02	9.11e-01	4.74e-05	0.00e+00	0.00e+00	0.00e+00	0.00e+00	0.00e+00	0.00e+00	8.02e-02	4.43e-03	4.10e-03
 3.66113e+17	1.03e-01	8.97e-01	3.03e-05	0.00e+00	0.00e+00	0.00e+00	0.00e+00	0.00e+00	0.00e+00	9.32e-02	5.11e-03	4.73e-03
 3.67012e+17	1.20e-01	8.80e-01	1.96e-05	0.00e+00	0.00e+00	0.00e+00	0.00e+00	0.00e+00	0.00e+00	1.09e-01	5.90e-03	5.48e-03
 3.67819e+17	1.40e-01	8.60e-01	1.30e-05	0.00e+00	0.00e+00	0.00e+00	0.00e+00	0.00e+00	0.00e+00	1.27e-01	6.78e-03	6.32e-03
 3.68531e+17	1.63e-01	8.37e-01	8.86e-06	0.00e+00	0.00e+00	0.00e+00	0.00e+00	0.00e+00	0.00e+00	1.48e-01	7.74e-03	7.23e-03
 3.69174e+17	1.88e-01	8.12e-01	6.15e-06	0.00e+00	0.00e+00	0.00e+00	0.00e+00	0.00e+00	0.00e+00	1.71e-01	8.77e-03	8.23e-03
 3.69770e+17	2.17e-01	7.83e-01	4.29e-06	0.00e+00	0.00e+00	0.00e+00	0.00e+00	0.00e+00	0.00e+00	1.98e-01	9.91e-03	9.33e-03
 3.70328e+17	2.50e-01	7.50e-01	2.99e-06	0.00e+00	0.00e+00	0.00e+00	0.00e+00	0.00e+00	0.00e+00	2.29e-01	1.11e-02	1.05e-02
 3.70846e+17	2.88e-01	7.12e-01	2.10e-06	0.00e+00	0.00e+00	0.00e+00	0.00e+00	0.00e+00	0.00e+00	2.64e-01	1.24e-02	1.18e-02
 3.71318e+17	3.30e-01	6.70e-01	1.49e-06	0.00e+00	0.00e+00	0.00e+00	0.00e+00	0.00e+00	0.00e+00	3.03e-01	1.36e-02	1.31e-02
 3.71711e+17	3.69e-01	6.31e-01	1.10e-06	0.00e+00	0.00e+00	0.00e+00	0.00e+00	0.00e+00	0.00e+00	3.40e-01	1.47e-02	1.42e-02
 3.72008e+17	4.03e-01	5.97e-01	8.65e-07	0.00e+00	0.00e+00	0.00e+00	0.00e+00	0.00e+00	0.00e+00	3.73e-01	1.55e-02	1.50e-02
 3.72245e+17	4.32e-01	5.68e-01	7.10e-07	0.00e+00	0.00e+00	0.00e+00	0.00e+00	0.00e+00	0.00e+00	4.00e-01	1.61e-02	1.57e-02
 3.72451e+17	4.59e-01	5.41e-01	5.94e-07	0.00e+00	0.00e+00	0.00e+00	0.00e+00	0.00e+00	0.00e+00	4.26e-01	1.65e-02	1.62e-02
 3.72639e+17	4.84e-01	5.16e-01	5.02e-07	0.00e+00	0.00e+00	0.00e+00	0.00e+00	0.00e+00	0.00e+00	4.50e-01	1.69e-02	1.66e-02
 3.72814e+17	5.08e-01	4.92e-01	4.28e-07	0.00e+00	0.00e+00	0.00e+00	0.00e+00	0.00e+00	0.00e+00	4.74e-01	1.72e-02	1.70e-02
 3.72973e+17	5.31e-01	4.69e-01	3.69e-07	0.00e+00	0.00e+00	0.00e+00	0.00e+00	0.00e+00	0.00e+00	4.96e-01	1.74e-02	1.73e-02
 3.73119e+17	5.53e-01	4.47e-01	3.21e-07	0.00e+00	0.00e+00	0.00e+00	0.00e+00	0.00e+00	0.00e+00	5.17e-01	1.76e-02	1.75e-02
 3.73257e+17	5.73e-01	4.27e-01	2.81e-07	0.00e+00	0.00e+00	0.00e+00	0.00e+00	0.00e+00	0.00e+00	5.37e-01	1.77e-02	1.77e-02
 3.73387e+17	5.93e-01	4.07e-01	2.47e-07	0.00e+00	0.00e+00	0.00e+00	0.00e+00	0.00e+00	0.00e+00	5.57e-01	1.77e-02	1.78e-02
 3.73488e+17	6.07e-01	3.93e-01	2.25e-07	0.00e+00	0.00e+00	0.00e+00	0.00e+00	0.00e+00	0.00e+00	5.71e-01	1.77e-02	1.78e-02
 3.73561e+17	6.18e-01	3.82e-01	2.09e-07	0.00e+00	0.00e+00	0.00e+00	0.00e+00	0.00e+00	0.00e+00	5.82e-01	1.77e-02	1.79e-02
 3.73634e+17	6.29e-01	3.71e-01	1.94e-07	0.00e+00	0.00e+00	0.00e+00	0.00e+00	0.00e+00	0.00e+00	5.93e-01	1.77e-02	1.79e-02
 3.73714e+17	6.41e-01	3.59e-01	1.79e-07	0.00e+00	0.00e+00	0.00e+00	0.00e+00	0.00e+00	0.00e+00	6.05e-01	1.76e-02	1.79e-02
 3.73796e+17	6.54e-01	3.46e-01	1.64e-07	0.00e+00	0.00e+00	0.00e+00	0.00e+00	0.00e+00	0.00e+00	6.18e-01	1.76e-02	1.78e-02
 3.73875e+17	6.65e-01	3.35e-01	1.51e-07	0.00e+00	0.00e+00	0.00e+00	0.00e+00	0.00e+00	0.00e+00	6.30e-01	1.75e-02	1.78e-02
 3.73951e+17	6.76e-01	3.24e-01	1.40e-07	0.00e+00	0.00e+00	0.00e+00	0.00e+00	0.00e+00	0.00e+00	6.41e-01	1.74e-02	1.77e-02
 3.74028e+17	6.88e-01	3.12e-01	1.29e-07	0.00e+00	0.00e+00	0.00e+00	0.00e+00	0.00e+00	0.00e+00	6.53e-01	1.73e-02	1.77e-02
 3.74105e+17	6.99e-01	3.01e-01	1.19e-07	0.00e+00	0.00e+00	0.00e+00	0.00e+00	0.00e+00	0.00e+00	6.65e-01	1.71e-02	1.76e-02
 3.74180e+17	7.10e-01	2.90e-01	1.10e-07	0.00e+00	0.00e+00	0.00e+00	0.00e+00	0.00e+00	0.00e+00	6.75e-01	1.70e-02	1.74e-02
 3.74253e+17	7.20e-01	2.80e-01	1.01e-07	0.00e+00	0.00e+00	0.00e+00	0.00e+00	0.00e+00	0.00e+00	6.86e-01	1.68e-02	1.72e-02
 3.74326e+17	7.31e-01	2.69e-01	9.37e-08	0.00e+00	0.00e+00	0.00e+00	0.00e+00	0.00e+00	0.00e+00	6.97e-01	1.67e-02	1.71e-02
 3.74400e+17	7.41e-01	2.59e-01	8.65e-08	0.00e+00	0.00e+00	0.00e+00	0.00e+00	0.00e+00	0.00e+00	7.08e-01	1.65e-02	1.69e-02
 3.74473e+17	7.51e-01	2.49e-01	8.00e-08	0.00e+00	0.00e+00	0.00e+00	0.00e+00	0.00e+00	0.00e+00	7.18e-01	1.63e-02	1.66e-02
 3.74545e+17	7.61e-01	2.39e-01	7.39e-08	0.00e+00	0.00e+00	0.00e+00	0.00e+00	0.00e+00	0.00e+00	7.28e-01	1.60e-02	1.64e-02
 3.74615e+17	7.70e-01	2.30e-01	6.84e-08	0.00e+00	0.00e+00	0.00e+00	0.00e+00	0.00e+00	0.00e+00	7.38e-01	1.58e-02	1.62e-02
 3.74684e+17	7.79e-01	2.21e-01	6.34e-08	0.00e+00	0.00e+00	0.00e+00	0.00e+00	0.00e+00	0.00e+00	7.47e-01	1.56e-02	1.59e-02
 3.74754e+17	7.88e-01	2.12e-01	5.87e-08	0.00e+00	0.00e+00	0.00e+00	0.00e+00	0.00e+00	0.00e+00	7.57e-01	1.54e-02	1.57e-02
 3.74824e+17	7.96e-01	2.04e-01	5.44e-08	0.00e+00	0.00e+00	0.00e+00	0.00e+00	0.00e+00	0.00e+00	7.66e-01	1.51e-02	1.54e-02
 3.74893e+17	8.05e-01	1.95e-01	5.03e-08	0.00e+00	0.00e+00	0.00e+00	0.00e+00	0.00e+00	0.00e+00	7.75e-01	1.49e-02	1.51e-02
 3.74961e+17	8.13e-01	1.87e-01	4.67e-08	0.00e+00	0.00e+00	0.00e+00	0.00e+00	0.00e+00	0.00e+00	7.83e-01	1.47e-02	1.49e-02
 3.75026e+17	8.21e-01	1.79e-01	4.34e-08	0.00e+00	0.00e+00	0.00e+00	0.00e+00	0.00e+00	0.00e+00	7.92e-01	1.44e-02	1.46e-02
 3.75091e+17	8.28e-01	1.72e-01	4.03e-08	0.00e+00	0.00e+00	0.00e+00	0.00e+00	0.00e+00	0.00e+00	8.00e-01	1.42e-02	1.43e-02
 3.75156e+17	8.35e-01	1.65e-01	3.76e-08	0.00e+00	0.00e+00	0.00e+00	0.00e+00	0.00e+00	0.00e+00	8.07e-01	1.39e-02	1.40e-02
 3.75218e+17	8.42e-01	1.58e-01	3.50e-08	0.00e+00	0.00e+00	0.00e+00	0.00e+00	0.00e+00	0.00e+00	8.15e-01	1.37e-02	1.37e-02
 3.75278e+17	8.49e-01	1.51e-01	3.27e-08	0.00e+00	0.00e+00	0.00e+00	0.00e+00	0.00e+00	0.00e+00	8.22e-01	1.34e-02	1.35e-02
 3.75338e+17	8.55e-01	1.45e-01	3.06e-08	0.00e+00	0.00e+00	0.00e+00	0.00e+00	0.00e+00	0.00e+00	8.29e-01	1.32e-02	1.32e-02
 3.75396e+17	8.61e-01	1.39e-01	2.87e-08	0.00e+00	0.00e+00	0.00e+00	0.00e+00	0.00e+00	0.00e+00	8.35e-01	1.29e-02	1.29e-02
 3.75452e+17	8.67e-01	1.33e-01	2.70e-08	0.00e+00	0.00e+00	0.00e+00	0.00e+00	0.00e+00	0.00e+00	8.41e-01	1.27e-02	1.26e-02
 3.75507e+17	8.72e-01	1.28e-01	2.53e-08	0.00e+00	0.00e+00	0.00e+00	0.00e+00	0.00e+00	0.00e+00	8.48e-01	1.25e-02	1.23e-02
 3.75561e+17	8.78e-01	1.22e-01	2.39e-08	0.00e+00	0.00e+00	0.00e+00	0.00e+00	0.00e+00	0.00e+00	8.54e-01	1.22e-02	1.20e-02
 3.75612e+17	8.83e-01	1.17e-01	2.25e-08	0.00e+00	0.00e+00	0.00e+00	0.00e+00	0.00e+00	0.00e+00	8.59e-01	1.20e-02	1.18e-02
 3.75662e+17	8.88e-01	1.12e-01	2.13e-08	0.00e+00	0.00e+00	0.00e+00	0.00e+00	0.00e+00	0.00e+00	8.65e-01	1.18e-02	1.15e-02
 3.75709e+17	8.93e-01	1.07e-01	2.02e-08	0.00e+00	0.00e+00	0.00e+00	0.00e+00	0.00e+00	0.00e+00	8.70e-01	1.15e-02	1.12e-02
 3.75752e+17	8.97e-01	1.03e-01	1.92e-08	0.00e+00	0.00e+00	0.00e+00	0.00e+00	0.00e+00	0.00e+00	8.75e-01	1.13e-02	1.09e-02
 3.75788e+17	9.01e-01	9.91e-02	1.85e-08	0.00e+00	0.00e+00	0.00e+00	0.00e+00	0.00e+00	0.00e+00	8.79e-01	1.11e-02	1.07e-02
 3.75818e+17	9.04e-01	9.60e-02	1.79e-08	0.00e+00	0.00e+00	0.00e+00	0.00e+00	0.00e+00	0.00e+00	8.83e-01	1.09e-02	1.05e-02
 3.75843e+17	9.07e-01	9.31e-02	1.74e-08	0.00e+00	0.00e+00	0.00e+00	0.00e+00	0.00e+00	0.00e+00	8.86e-01	1.07e-02	1.03e-02
 3.75867e+17	9.10e-01	9.05e-02	1.69e-08	0.00e+00	0.00e+00	0.00e+00	0.00e+00	0.00e+00	0.00e+00	8.89e-01	1.05e-02	1.01e-02
 3.75887e+17	9.12e-01	8.81e-02	1.65e-08	0.00e+00	0.00e+00	0.00e+00	0.00e+00	0.00e+00	0.00e+00	8.92e-01	1.04e-02	9.92e-03
 3.75905e+17	9.14e-01	8.59e-02	1.62e-08	0.00e+00	0.00e+00	0.00e+00	0.00e+00	0.00e+00	0.00e+00	8.94e-01	1.03e-02	9.76e-03
