#depth	He	He+	He+2
 2.71077e+09	1.48e-01	8.51e-01	4.21e-04
 1.62646e+10	1.49e-01	8.51e-01	4.19e-04
 7.04800e+10	1.49e-01	8.50e-01	4.16e-04
 2.87342e+11	1.52e-01	8.48e-01	4.04e-04
 6.86367e+11	1.54e-01	8.46e-01	3.92e-04
 1.20510e+12	1.58e-01	8.42e-01	3.71e-04
 1.87945e+12	1.65e-01	8.34e-01	3.40e-04
 2.75611e+12	1.78e-01	8.21e-01	2.99e-04
 3.78602e+12	1.97e-01	8.03e-01	2.53e-04
 4.81076e+12	2.21e-01	7.79e-01	2.12e-04
 5.74342e+12	2.50e-01	7.50e-01	1.77e-04
 6.56195e+12	2.83e-01	7.17e-01	1.49e-04
 7.26021e+12	3.18e-01	6.82e-01	1.26e-04
 7.86116e+12	3.54e-01	6.46e-01	1.09e-04
 8.40161e+12	3.93e-01	6.07e-01	9.40e-05
 8.90346e+12	4.33e-01	5.67e-01	8.12e-05
 9.36361e+12	4.75e-01	5.25e-01	7.03e-05
 9.79118e+12	5.17e-01	4.83e-01	6.09e-05
 1.01908e+13	5.59e-01	4.41e-01	5.30e-05
 1.05555e+13	5.99e-01	4.01e-01	4.64e-05
 1.08632e+13	6.33e-01	3.67e-01	4.16e-05
 1.11000e+13	6.58e-01	3.42e-01	3.83e-05
 1.12874e+13	6.78e-01	3.22e-01	3.58e-05
 1.14569e+13	6.96e-01	3.04e-01	3.38e-05
 1.16195e+13	7.12e-01	2.88e-01	3.19e-05
 1.17691e+13	7.27e-01	2.73e-01	3.04e-05
 1.19041e+13	7.39e-01	2.61e-01	2.92e-05
 1.20261e+13	7.50e-01	2.50e-01	2.82e-05
 1.21417e+13	7.61e-01	2.39e-01	2.73e-05
 1.22550e+13	7.70e-01	2.30e-01	2.64e-05
 1.23633e+13	7.79e-01	2.21e-01	2.57e-05
 1.24502e+13	7.85e-01	2.15e-01	2.53e-05
 1.25136e+13	7.90e-01	2.10e-01	2.49e-05
 1.25745e+13	7.94e-01	2.06e-01	2.45e-05
 1.26414e+13	7.99e-01	2.01e-01	2.42e-05
 1.27112e+13	8.04e-01	1.96e-01	2.38e-05
 1.27798e+13	8.09e-01	1.91e-01	2.36e-05
 1.28478e+13	8.13e-01	1.87e-01	2.32e-05
 1.29151e+13	8.17e-01	1.83e-01	2.30e-05
 1.29824e+13	8.21e-01	1.79e-01	2.27e-05
 1.30496e+13	8.25e-01	1.75e-01	2.26e-05
 1.31169e+13	8.29e-01	1.71e-01	2.23e-05
 1.31847e+13	8.33e-01	1.67e-01	2.21e-05
 1.32512e+13	8.36e-01	1.64e-01	2.20e-05
 1.33174e+13	8.40e-01	1.60e-01	2.18e-05
 1.33846e+13	8.43e-01	1.57e-01	2.16e-05
 1.34516e+13	8.46e-01	1.53e-01	2.16e-05
 1.35186e+13	8.50e-01	1.50e-01	2.14e-05
 1.35855e+13	8.53e-01	1.47e-01	2.14e-05
 1.36526e+13	8.56e-01	1.44e-01	2.12e-05
 1.37203e+13	8.59e-01	1.41e-01	2.12e-05
 1.37870e+13	8.61e-01	1.39e-01	2.11e-05
 1.38536e+13	8.64e-01	1.36e-01	2.10e-05
 1.39211e+13	8.67e-01	1.33e-01	2.10e-05
 1.39889e+13	8.69e-01	1.31e-01	2.10e-05
 1.40563e+13	8.72e-01	1.28e-01	2.09e-05
 1.41233e+13	8.74e-01	1.26e-01	2.09e-05
 1.41898e+13	8.76e-01	1.24e-01	2.09e-05
 1.42561e+13	8.78e-01	1.22e-01	2.09e-05
 1.43223e+13	8.80e-01	1.20e-01	2.09e-05
 1.43883e+13	8.83e-01	1.17e-01	2.09e-05
 1.44547e+13	8.85e-01	1.15e-01	2.09e-05
 1.45216e+13	8.87e-01	1.13e-01	2.09e-05
 1.45882e+13	8.89e-01	1.11e-01	2.09e-05
 1.46539e+13	8.90e-01	1.10e-01	2.10e-05
 1.47191e+13	8.92e-01	1.08e-01	2.10e-05
 1.47851e+13	8.94e-01	1.06e-01	2.10e-05
 1.48515e+13	8.96e-01	1.04e-01	2.10e-05
 1.49172e+13	8.97e-01	1.03e-01	2.11e-05
 1.49832e+13	8.99e-01	1.01e-01	2.10e-05
 1.50500e+13	9.01e-01	9.94e-02	2.11e-05
 1.51168e+13	9.02e-01	9.77e-02	2.11e-05
 1.51832e+13	9.04e-01	9.61e-02	2.11e-05
 1.52500e+13	9.05e-01	9.45e-02	2.11e-05
 1.53179e+13	9.07e-01	9.30e-02	2.11e-05
 1.53858e+13	9.09e-01	9.14e-02	2.11e-05
 1.54533e+13	9.10e-01	8.99e-02	2.11e-05
 1.55216e+13	9.12e-01	8.84e-02	2.11e-05
 1.55911e+13	9.13e-01	8.69e-02	2.11e-05
 1.56607e+13	9.15e-01	8.54e-02	2.10e-05
 1.57301e+13	9.16e-01	8.39e-02	2.10e-05
 1.58004e+13	9.18e-01	8.25e-02	2.09e-05
 1.58716e+13	9.19e-01	8.10e-02	2.09e-05
 1.59432e+13	9.20e-01	7.95e-02	2.08e-05
 1.60153e+13	9.22e-01	7.80e-02	2.07e-05
 1.60885e+13	9.23e-01	7.66e-02	2.06e-05
 1.61622e+13	9.25e-01	7.51e-02	2.05e-05
 1.62367e+13	9.26e-01	7.37e-02	2.04e-05
 1.63120e+13	9.28e-01	7.22e-02	2.02e-05
 1.63884e+13	9.29e-01	7.08e-02	2.01e-05
 1.64656e+13	9.31e-01	6.93e-02	2.00e-05
 1.65430e+13	9.32e-01	6.79e-02	1.98e-05
 1.66216e+13	9.34e-01	6.64e-02	1.96e-05
 1.67020e+13	9.35e-01	6.49e-02	1.94e-05
 1.67836e+13	9.37e-01	6.34e-02	1.91e-05
 1.68663e+13	9.38e-01	6.20e-02	1.89e-05
 1.69496e+13	9.40e-01	6.05e-02	1.86e-05
 1.70341e+13	9.41e-01	5.90e-02	1.84e-05
 1.71200e+13	9.42e-01	5.75e-02	1.81e-05
 1.72074e+13	9.44e-01	5.60e-02	1.77e-05
 1.72969e+13	9.45e-01	5.46e-02	1.74e-05
 1.73864e+13	9.47e-01	5.31e-02	1.71e-05
 1.74773e+13	9.48e-01	5.17e-02	1.68e-05
 1.75699e+13	9.50e-01	5.02e-02	1.64e-05
 1.76630e+13	9.51e-01	4.88e-02	1.60e-05
 1.77587e+13	9.53e-01	4.73e-02	1.56e-05
 1.78581e+13	9.54e-01	4.58e-02	1.52e-05
 1.79579e+13	9.56e-01	4.44e-02	1.48e-05
 1.80567e+13	9.57e-01	4.30e-02	1.44e-05
 1.81586e+13	9.58e-01	4.15e-02	1.39e-05
 1.82643e+13	9.60e-01	4.01e-02	1.35e-05
 1.83699e+13	9.61e-01	3.87e-02	1.30e-05
 1.84763e+13	9.63e-01	3.74e-02	1.26e-05
 1.85855e+13	9.64e-01	3.60e-02	1.22e-05
 1.86963e+13	9.65e-01	3.47e-02	1.17e-05
 1.88083e+13	9.67e-01	3.34e-02	1.13e-05
 1.89217e+13	9.68e-01	3.22e-02	1.08e-05
 1.90364e+13	9.69e-01	3.10e-02	1.04e-05
 1.91522e+13	9.70e-01	2.98e-02	9.96e-06
 1.92690e+13	9.71e-01	2.86e-02	9.54e-06
 1.93875e+13	9.72e-01	2.75e-02	9.14e-06
 1.95050e+13	9.74e-01	2.64e-02	8.74e-06
 1.96245e+13	9.75e-01	2.54e-02	8.37e-06
 1.97450e+13	9.76e-01	2.44e-02	8.00e-06
 1.98641e+13	9.77e-01	2.34e-02	7.63e-06
 1.99886e+13	9.77e-01	2.25e-02	7.27e-06
 2.01139e+13	9.78e-01	2.16e-02	6.93e-06
 2.02357e+13	9.79e-01	2.08e-02	6.61e-06
 2.03573e+13	9.80e-01	2.00e-02	6.30e-06
 2.04794e+13	9.81e-01	1.92e-02	6.01e-06
 2.06007e+13	9.82e-01	1.85e-02	5.72e-06
 2.07238e+13	9.82e-01	1.78e-02	5.45e-06
 2.08465e+13	9.83e-01	1.71e-02	5.20e-06
 2.09636e+13	9.83e-01	1.66e-02	4.97e-06
 2.10794e+13	9.84e-01	1.60e-02	4.74e-06
 2.11965e+13	9.85e-01	1.55e-02	4.53e-06
 2.13126e+13	9.85e-01	1.50e-02	4.33e-06
