#depth	O	O+	O+2	O+3	O+4	O+5	O+6	O+7	O+8	O[1]	O[2]	O[3]
 4.09636e+11	2.35e-05	7.12e-02	9.11e-01	1.83e-02	2.09e-07	0.00e+00	0.00e+00	0.00e+00	0.00e+00	1.62e-05	4.97e-06	2.34e-06
 2.45782e+12	2.35e-05	7.11e-02	9.11e-01	1.82e-02	2.08e-07	0.00e+00	0.00e+00	0.00e+00	0.00e+00	1.62e-05	4.97e-06	2.34e-06
 1.06505e+13	2.35e-05	7.11e-02	9.11e-01	1.80e-02	2.04e-07	0.00e+00	0.00e+00	0.00e+00	0.00e+00	1.62e-05	4.97e-06	2.34e-06
 4.34215e+13	2.36e-05	7.12e-02	9.12e-01	1.70e-02	1.87e-07	0.00e+00	0.00e+00	0.00e+00	0.00e+00	1.62e-05	4.98e-06	2.35e-06
 1.03720e+14	2.35e-05	7.12e-02	9.13e-01	1.56e-02	1.66e-07	0.00e+00	0.00e+00	0.00e+00	0.00e+00	1.62e-05	4.98e-06	2.35e-06
 1.82108e+14	2.36e-05	7.12e-02	9.15e-01	1.40e-02	1.41e-07	0.00e+00	0.00e+00	0.00e+00	0.00e+00	1.62e-05	4.98e-06	2.35e-06
 2.84012e+14	2.37e-05	7.13e-02	9.17e-01	1.21e-02	0.00e+00	0.00e+00	0.00e+00	0.00e+00	0.00e+00	1.63e-05	5.00e-06	2.36e-06
 4.16488e+14	2.38e-05	7.16e-02	9.18e-01	9.98e-03	0.00e+00	0.00e+00	0.00e+00	0.00e+00	0.00e+00	1.64e-05	5.03e-06	2.37e-06
 5.88707e+14	2.41e-05	7.22e-02	9.20e-01	7.70e-03	0.00e+00	0.00e+00	0.00e+00	0.00e+00	0.00e+00	1.66e-05	5.09e-06	2.40e-06
 8.12591e+14	2.46e-05	7.31e-02	9.21e-01	5.45e-03	0.00e+00	0.00e+00	0.00e+00	0.00e+00	0.00e+00	1.70e-05	5.19e-06	2.45e-06
 1.10364e+15	2.53e-05	7.45e-02	9.22e-01	3.46e-03	0.00e+00	0.00e+00	0.00e+00	0.00e+00	0.00e+00	1.75e-05	5.34e-06	2.52e-06
 1.48200e+15	2.63e-05	7.64e-02	9.22e-01	1.92e-03	0.00e+00	0.00e+00	0.00e+00	0.00e+00	0.00e+00	1.82e-05	5.55e-06	2.62e-06
 1.97388e+15	2.77e-05	7.88e-02	9.20e-01	8.98e-04	0.00e+00	0.00e+00	0.00e+00	0.00e+00	0.00e+00	1.91e-05	5.83e-06	2.75e-06
 2.61331e+15	2.94e-05	8.17e-02	9.18e-01	3.45e-04	0.00e+00	0.00e+00	0.00e+00	0.00e+00	0.00e+00	2.03e-05	6.19e-06	2.93e-06
 3.44458e+15	3.19e-05	8.54e-02	9.14e-01	1.07e-04	0.00e+00	0.00e+00	0.00e+00	0.00e+00	0.00e+00	2.20e-05	6.70e-06	3.17e-06
 4.52522e+15	3.53e-05	9.02e-02	9.10e-01	2.79e-05	0.00e+00	0.00e+00	0.00e+00	0.00e+00	0.00e+00	2.44e-05	7.42e-06	3.52e-06
 5.93006e+15	4.04e-05	9.68e-02	9.03e-01	7.40e-06	0.00e+00	0.00e+00	0.00e+00	0.00e+00	0.00e+00	2.79e-05	8.48e-06	4.02e-06
 7.75635e+15	4.84e-05	1.06e-01	8.94e-01	3.04e-06	0.00e+00	0.00e+00	0.00e+00	0.00e+00	0.00e+00	3.34e-05	1.01e-05	4.81e-06
 9.96445e+15	6.00e-05	1.18e-01	8.82e-01	2.02e-06	0.00e+00	0.00e+00	0.00e+00	0.00e+00	0.00e+00	4.15e-05	1.25e-05	5.97e-06
 1.20836e+16	7.35e-05	1.31e-01	8.69e-01	1.64e-06	0.00e+00	0.00e+00	0.00e+00	0.00e+00	0.00e+00	5.08e-05	1.53e-05	7.31e-06
 1.36782e+16	8.56e-05	1.41e-01	8.59e-01	1.43e-06	0.00e+00	0.00e+00	0.00e+00	0.00e+00	0.00e+00	5.92e-05	1.78e-05	8.51e-06
 1.50461e+16	9.87e-05	1.51e-01	8.49e-01	1.28e-06	0.00e+00	0.00e+00	0.00e+00	0.00e+00	0.00e+00	6.83e-05	2.06e-05	9.82e-06
 1.65507e+16	1.16e-04	1.63e-01	8.37e-01	1.13e-06	0.00e+00	0.00e+00	0.00e+00	0.00e+00	0.00e+00	8.00e-05	2.41e-05	1.15e-05
 1.82057e+16	1.38e-04	1.77e-01	8.22e-01	9.90e-07	0.00e+00	0.00e+00	0.00e+00	0.00e+00	0.00e+00	9.57e-05	2.87e-05	1.37e-05
 1.98630e+16	1.66e-04	1.93e-01	8.07e-01	8.60e-07	0.00e+00	0.00e+00	0.00e+00	0.00e+00	0.00e+00	1.15e-04	3.44e-05	1.65e-05
 2.13592e+16	1.96e-04	2.09e-01	7.91e-01	7.57e-07	0.00e+00	0.00e+00	0.00e+00	0.00e+00	0.00e+00	1.36e-04	4.08e-05	1.95e-05
 2.27402e+16	2.31e-04	2.26e-01	7.74e-01	6.68e-07	0.00e+00	0.00e+00	0.00e+00	0.00e+00	0.00e+00	1.60e-04	4.80e-05	2.30e-05
 2.40840e+16	2.72e-04	2.43e-01	7.56e-01	5.90e-07	0.00e+00	0.00e+00	0.00e+00	0.00e+00	0.00e+00	1.89e-04	5.66e-05	2.71e-05
 2.54032e+16	3.23e-04	2.63e-01	7.37e-01	5.20e-07	0.00e+00	0.00e+00	0.00e+00	0.00e+00	0.00e+00	2.24e-04	6.70e-05	3.21e-05
 2.66678e+16	3.82e-04	2.84e-01	7.16e-01	4.57e-07	0.00e+00	0.00e+00	0.00e+00	0.00e+00	0.00e+00	2.64e-04	7.92e-05	3.79e-05
 2.78600e+16	4.51e-04	3.06e-01	6.94e-01	4.00e-07	0.00e+00	0.00e+00	0.00e+00	0.00e+00	0.00e+00	3.13e-04	9.37e-05	4.48e-05
 2.89859e+16	5.32e-04	3.29e-01	6.70e-01	3.53e-07	0.00e+00	0.00e+00	0.00e+00	0.00e+00	0.00e+00	3.69e-04	1.11e-04	5.29e-05
 3.00566e+16	6.28e-04	3.54e-01	6.46e-01	3.06e-07	0.00e+00	0.00e+00	0.00e+00	0.00e+00	0.00e+00	4.35e-04	1.30e-04	6.24e-05
 3.10762e+16	7.39e-04	3.80e-01	6.19e-01	2.67e-07	0.00e+00	0.00e+00	0.00e+00	0.00e+00	0.00e+00	5.12e-04	1.54e-04	7.35e-05
 3.20477e+16	8.76e-04	4.09e-01	5.90e-01	2.30e-07	0.00e+00	0.00e+00	0.00e+00	0.00e+00	0.00e+00	6.07e-04	1.82e-04	8.71e-05
 3.29645e+16	1.03e-03	4.39e-01	5.60e-01	1.98e-07	0.00e+00	0.00e+00	0.00e+00	0.00e+00	0.00e+00	7.15e-04	2.15e-04	1.03e-04
 3.38225e+16	1.21e-03	4.70e-01	5.28e-01	1.67e-07	0.00e+00	0.00e+00	0.00e+00	0.00e+00	0.00e+00	8.41e-04	2.52e-04	1.21e-04
 3.46390e+16	1.43e-03	5.04e-01	4.95e-01	1.41e-07	0.00e+00	0.00e+00	0.00e+00	0.00e+00	0.00e+00	9.92e-04	2.98e-04	1.42e-04
 3.54185e+16	1.70e-03	5.40e-01	4.59e-01	0.00e+00	0.00e+00	0.00e+00	0.00e+00	0.00e+00	0.00e+00	1.17e-03	3.52e-04	1.69e-04
 3.61481e+16	2.00e-03	5.76e-01	4.22e-01	0.00e+00	0.00e+00	0.00e+00	0.00e+00	0.00e+00	0.00e+00	1.38e-03	4.15e-04	1.99e-04
 3.68296e+16	2.34e-03	6.14e-01	3.84e-01	0.00e+00	0.00e+00	0.00e+00	0.00e+00	0.00e+00	0.00e+00	1.62e-03	4.87e-04	2.33e-04
 3.74810e+16	2.77e-03	6.54e-01	3.43e-01	0.00e+00	0.00e+00	0.00e+00	0.00e+00	0.00e+00	0.00e+00	1.92e-03	5.75e-04	2.75e-04
 3.81009e+16	3.27e-03	6.94e-01	3.02e-01	0.00e+00	0.00e+00	0.00e+00	0.00e+00	0.00e+00	0.00e+00	2.26e-03	6.78e-04	3.24e-04
 3.86803e+16	3.84e-03	7.35e-01	2.61e-01	0.00e+00	0.00e+00	0.00e+00	0.00e+00	0.00e+00	0.00e+00	2.66e-03	7.97e-04	3.81e-04
 3.92259e+16	4.50e-03	7.76e-01	2.20e-01	0.00e+00	0.00e+00	0.00e+00	0.00e+00	0.00e+00	0.00e+00	3.12e-03	9.35e-04	4.47e-04
 3.96611e+16	5.14e-03	8.10e-01	1.85e-01	0.00e+00	0.00e+00	0.00e+00	0.00e+00	0.00e+00	0.00e+00	3.56e-03	1.07e-03	5.11e-04
 3.99464e+16	5.65e-03	8.33e-01	1.61e-01	0.00e+00	0.00e+00	0.00e+00	0.00e+00	0.00e+00	0.00e+00	3.92e-03	1.17e-03	5.61e-04
 4.01697e+16	6.09e-03	8.51e-01	1.43e-01	0.00e+00	0.00e+00	0.00e+00	0.00e+00	0.00e+00	0.00e+00	4.22e-03	1.26e-03	6.04e-04
 4.04182e+16	6.61e-03	8.71e-01	1.22e-01	0.00e+00	0.00e+00	0.00e+00	0.00e+00	0.00e+00	0.00e+00	4.58e-03	1.37e-03	6.56e-04
 4.06803e+16	7.24e-03	8.92e-01	1.00e-01	0.00e+00	0.00e+00	0.00e+00	0.00e+00	0.00e+00	0.00e+00	5.02e-03	1.50e-03	7.18e-04
 4.08897e+16	7.81e-03	9.09e-01	8.32e-02	0.00e+00	0.00e+00	0.00e+00	0.00e+00	0.00e+00	0.00e+00	5.41e-03	1.62e-03	7.75e-04
 4.10500e+16	8.29e-03	9.21e-01	7.03e-02	0.00e+00	0.00e+00	0.00e+00	0.00e+00	0.00e+00	0.00e+00	5.74e-03	1.72e-03	8.22e-04
 4.11907e+16	8.75e-03	9.32e-01	5.93e-02	0.00e+00	0.00e+00	0.00e+00	0.00e+00	0.00e+00	0.00e+00	6.07e-03	1.81e-03	8.68e-04
 4.13267e+16	9.24e-03	9.42e-01	4.91e-02	0.00e+00	0.00e+00	0.00e+00	0.00e+00	0.00e+00	0.00e+00	6.41e-03	1.91e-03	9.16e-04
 4.14579e+16	9.65e-03	9.50e-01	3.99e-02	0.00e+00	0.00e+00	0.00e+00	0.00e+00	0.00e+00	0.00e+00	6.69e-03	2.00e-03	9.57e-04
 4.15793e+16	1.01e-02	9.58e-01	3.21e-02	0.00e+00	0.00e+00	0.00e+00	0.00e+00	0.00e+00	0.00e+00	6.97e-03	2.08e-03	9.97e-04
 4.16915e+16	1.05e-02	9.64e-01	2.54e-02	0.00e+00	0.00e+00	0.00e+00	0.00e+00	0.00e+00	0.00e+00	7.26e-03	2.17e-03	1.04e-03
 4.17964e+16	1.09e-02	9.69e-01	1.99e-02	0.00e+00	0.00e+00	0.00e+00	0.00e+00	0.00e+00	0.00e+00	7.53e-03	2.25e-03	1.08e-03
 4.18976e+16	1.13e-02	9.73e-01	1.53e-02	0.00e+00	0.00e+00	0.00e+00	0.00e+00	0.00e+00	0.00e+00	7.81e-03	2.33e-03	1.12e-03
 4.20133e+16	1.17e-02	9.77e-01	1.10e-02	0.00e+00	0.00e+00	0.00e+00	0.00e+00	0.00e+00	0.00e+00	8.13e-03	2.43e-03	1.16e-03
 4.21397e+16	1.22e-02	9.80e-01	7.39e-03	0.00e+00	0.00e+00	0.00e+00	0.00e+00	0.00e+00	0.00e+00	8.48e-03	2.53e-03	1.21e-03
 4.22590e+16	1.27e-02	9.82e-01	4.92e-03	0.00e+00	0.00e+00	0.00e+00	0.00e+00	0.00e+00	0.00e+00	8.84e-03	2.63e-03	1.26e-03
 4.23931e+16	1.34e-02	9.84e-01	3.05e-03	0.00e+00	0.00e+00	0.00e+00	0.00e+00	0.00e+00	0.00e+00	9.29e-03	2.77e-03	1.33e-03
 4.25673e+16	1.43e-02	9.84e-01	1.63e-03	0.00e+00	0.00e+00	0.00e+00	0.00e+00	0.00e+00	0.00e+00	9.91e-03	2.95e-03	1.42e-03
 4.27938e+16	1.55e-02	9.84e-01	7.20e-04	0.00e+00	0.00e+00	0.00e+00	0.00e+00	0.00e+00	0.00e+00	1.08e-02	3.21e-03	1.54e-03
 4.30883e+16	1.75e-02	9.82e-01	2.55e-04	0.00e+00	0.00e+00	0.00e+00	0.00e+00	0.00e+00	0.00e+00	1.22e-02	3.61e-03	1.74e-03
 4.34712e+16	2.08e-02	9.79e-01	6.96e-05	0.00e+00	0.00e+00	0.00e+00	0.00e+00	0.00e+00	0.00e+00	1.44e-02	4.28e-03	2.06e-03
 4.38657e+16	2.54e-02	9.75e-01	1.86e-05	0.00e+00	0.00e+00	0.00e+00	0.00e+00	0.00e+00	0.00e+00	1.76e-02	5.23e-03	2.51e-03
 4.41801e+16	3.06e-02	9.69e-01	6.75e-06	0.00e+00	0.00e+00	0.00e+00	0.00e+00	0.00e+00	0.00e+00	2.13e-02	6.31e-03	3.03e-03
 4.44477e+16	3.67e-02	9.63e-01	2.86e-06	0.00e+00	0.00e+00	0.00e+00	0.00e+00	0.00e+00	0.00e+00	2.55e-02	7.56e-03	3.64e-03
 4.46789e+16	4.40e-02	9.56e-01	1.37e-06	0.00e+00	0.00e+00	0.00e+00	0.00e+00	0.00e+00	0.00e+00	3.06e-02	9.03e-03	4.35e-03
 4.48557e+16	5.14e-02	9.49e-01	7.73e-07	0.00e+00	0.00e+00	0.00e+00	0.00e+00	0.00e+00	0.00e+00	3.58e-02	1.05e-02	5.08e-03
 4.50012e+16	5.93e-02	9.41e-01	4.75e-07	0.00e+00	0.00e+00	0.00e+00	0.00e+00	0.00e+00	0.00e+00	4.13e-02	1.21e-02	5.85e-03
 4.51373e+16	6.87e-02	9.31e-01	2.97e-07	0.00e+00	0.00e+00	0.00e+00	0.00e+00	0.00e+00	0.00e+00	4.79e-02	1.40e-02	6.78e-03
 4.52683e+16	8.06e-02	9.19e-01	1.85e-07	0.00e+00	0.00e+00	0.00e+00	0.00e+00	0.00e+00	0.00e+00	5.63e-02	1.64e-02	7.94e-03
 4.53868e+16	9.44e-02	9.06e-01	1.19e-07	0.00e+00	0.00e+00	0.00e+00	0.00e+00	0.00e+00	0.00e+00	6.60e-02	1.91e-02	9.28e-03
 4.54895e+16	1.10e-01	8.90e-01	7.99e-08	0.00e+00	0.00e+00	0.00e+00	0.00e+00	0.00e+00	0.00e+00	7.70e-02	2.22e-02	1.08e-02
 4.55800e+16	1.28e-01	8.72e-01	5.49e-08	0.00e+00	0.00e+00	0.00e+00	0.00e+00	0.00e+00	0.00e+00	8.97e-02	2.56e-02	1.25e-02
 4.56618e+16	1.48e-01	8.52e-01	3.83e-08	0.00e+00	0.00e+00	0.00e+00	0.00e+00	0.00e+00	0.00e+00	1.04e-01	2.95e-02	1.45e-02
 4.57366e+16	1.72e-01	8.28e-01	2.70e-08	0.00e+00	0.00e+00	0.00e+00	0.00e+00	0.00e+00	0.00e+00	1.21e-01	3.39e-02	1.68e-02
 4.58054e+16	1.99e-01	8.01e-01	1.91e-08	0.00e+00	0.00e+00	0.00e+00	0.00e+00	0.00e+00	0.00e+00	1.41e-01	3.89e-02	1.93e-02
 4.58686e+16	2.30e-01	7.70e-01	1.36e-08	0.00e+00	0.00e+00	0.00e+00	0.00e+00	0.00e+00	0.00e+00	1.64e-01	4.45e-02	2.23e-02
 4.59265e+16	2.66e-01	7.34e-01	9.73e-09	0.00e+00	0.00e+00	0.00e+00	0.00e+00	0.00e+00	0.00e+00	1.90e-01	5.06e-02	2.56e-02
 4.59796e+16	3.06e-01	6.94e-01	6.99e-09	0.00e+00	0.00e+00	0.00e+00	0.00e+00	0.00e+00	0.00e+00	2.19e-01	5.71e-02	2.92e-02
 4.60264e+16	3.47e-01	6.53e-01	5.12e-09	0.00e+00	0.00e+00	0.00e+00	0.00e+00	0.00e+00	0.00e+00	2.51e-01	6.36e-02	3.29e-02
 4.60633e+16	3.84e-01	6.16e-01	3.96e-09	0.00e+00	0.00e+00	0.00e+00	0.00e+00	0.00e+00	0.00e+00	2.79e-01	6.90e-02	3.62e-02
 4.60911e+16	4.15e-01	5.85e-01	3.23e-09	0.00e+00	0.00e+00	0.00e+00	0.00e+00	0.00e+00	0.00e+00	3.03e-01	7.33e-02	3.88e-02
 4.61138e+16	4.42e-01	5.58e-01	2.71e-09	0.00e+00	0.00e+00	0.00e+00	0.00e+00	0.00e+00	0.00e+00	3.24e-01	7.68e-02	4.10e-02
 4.61345e+16	4.69e-01	5.31e-01	2.29e-09	0.00e+00	0.00e+00	0.00e+00	0.00e+00	0.00e+00	0.00e+00	3.45e-01	8.01e-02	4.31e-02
 4.61542e+16	4.95e-01	5.05e-01	1.95e-09	0.00e+00	0.00e+00	0.00e+00	0.00e+00	0.00e+00	0.00e+00	3.67e-01	8.31e-02	4.52e-02
 4.61724e+16	5.19e-01	4.81e-01	1.68e-09	0.00e+00	0.00e+00	0.00e+00	0.00e+00	0.00e+00	0.00e+00	3.86e-01	8.56e-02	4.70e-02
 4.61884e+16	5.41e-01	4.59e-01	1.46e-09	0.00e+00	0.00e+00	0.00e+00	0.00e+00	0.00e+00	0.00e+00	4.05e-01	8.78e-02	4.86e-02
 4.62028e+16	5.62e-01	4.38e-01	1.29e-09	0.00e+00	0.00e+00	0.00e+00	0.00e+00	0.00e+00	0.00e+00	4.22e-01	8.96e-02	5.00e-02
 4.62165e+16	5.81e-01	4.19e-01	1.14e-09	0.00e+00	0.00e+00	0.00e+00	0.00e+00	0.00e+00	0.00e+00	4.39e-01	9.12e-02	5.14e-02
 4.62273e+16	5.96e-01	4.04e-01	1.04e-09	0.00e+00	0.00e+00	0.00e+00	0.00e+00	0.00e+00	0.00e+00	4.52e-01	9.23e-02	5.23e-02
 4.62352e+16	6.07e-01	3.93e-01	9.69e-10	0.00e+00	0.00e+00	0.00e+00	0.00e+00	0.00e+00	0.00e+00	4.61e-01	9.31e-02	5.30e-02
 4.62428e+16	6.19e-01	3.81e-01	9.02e-10	0.00e+00	0.00e+00	0.00e+00	0.00e+00	0.00e+00	0.00e+00	4.71e-01	9.38e-02	5.37e-02
 4.62511e+16	6.31e-01	3.69e-01	8.33e-10	0.00e+00	0.00e+00	0.00e+00	0.00e+00	0.00e+00	0.00e+00	4.82e-01	9.45e-02	5.44e-02
 4.62596e+16	6.43e-01	3.57e-01	7.70e-10	0.00e+00	0.00e+00	0.00e+00	0.00e+00	0.00e+00	0.00e+00	4.93e-01	9.51e-02	5.51e-02
 4.62680e+16	6.55e-01	3.45e-01	7.11e-10	0.00e+00	0.00e+00	0.00e+00	0.00e+00	0.00e+00	0.00e+00	5.04e-01	9.56e-02	5.57e-02
 4.62761e+16	6.67e-01	3.33e-01	6.59e-10	0.00e+00	0.00e+00	0.00e+00	0.00e+00	0.00e+00	0.00e+00	5.14e-01	9.60e-02	5.63e-02
 4.62841e+16	6.78e-01	3.22e-01	6.10e-10	0.00e+00	0.00e+00	0.00e+00	0.00e+00	0.00e+00	0.00e+00	5.25e-01	9.64e-02	5.68e-02
 4.62921e+16	6.90e-01	3.10e-01	5.63e-10	0.00e+00	0.00e+00	0.00e+00	0.00e+00	0.00e+00	0.00e+00	5.36e-01	9.67e-02	5.73e-02
 4.63000e+16	7.01e-01	2.99e-01	5.22e-10	0.00e+00	0.00e+00	0.00e+00	0.00e+00	0.00e+00	0.00e+00	5.46e-01	9.69e-02	5.78e-02
 4.63077e+16	7.11e-01	2.89e-01	4.84e-10	0.00e+00	0.00e+00	0.00e+00	0.00e+00	0.00e+00	0.00e+00	5.56e-01	9.70e-02	5.82e-02
 4.63154e+16	7.22e-01	2.78e-01	4.48e-10	0.00e+00	0.00e+00	0.00e+00	0.00e+00	0.00e+00	0.00e+00	5.66e-01	9.70e-02	5.85e-02
 4.63231e+16	7.32e-01	2.68e-01	4.16e-10	0.00e+00	0.00e+00	0.00e+00	0.00e+00	0.00e+00	0.00e+00	5.76e-01	9.70e-02	5.88e-02
 4.63307e+16	7.43e-01	2.57e-01	3.85e-10	0.00e+00	0.00e+00	0.00e+00	0.00e+00	0.00e+00	0.00e+00	5.87e-01	9.69e-02	5.91e-02
 4.63382e+16	7.52e-01	2.48e-01	3.57e-10	0.00e+00	0.00e+00	0.00e+00	0.00e+00	0.00e+00	0.00e+00	5.96e-01	9.67e-02	5.93e-02
 4.63457e+16	7.62e-01	2.38e-01	3.31e-10	0.00e+00	0.00e+00	0.00e+00	0.00e+00	0.00e+00	0.00e+00	6.06e-01	9.64e-02	5.95e-02
 4.63532e+16	7.71e-01	2.29e-01	3.07e-10	0.00e+00	0.00e+00	0.00e+00	0.00e+00	0.00e+00	0.00e+00	6.16e-01	9.61e-02	5.96e-02
 4.63605e+16	7.80e-01	2.20e-01	2.85e-10	0.00e+00	0.00e+00	0.00e+00	0.00e+00	0.00e+00	0.00e+00	6.25e-01	9.57e-02	5.96e-02
 4.63678e+16	7.89e-01	2.11e-01	2.64e-10	0.00e+00	0.00e+00	0.00e+00	0.00e+00	0.00e+00	0.00e+00	6.34e-01	9.52e-02	5.95e-02
 4.63750e+16	7.97e-01	2.03e-01	2.45e-10	0.00e+00	0.00e+00	0.00e+00	0.00e+00	0.00e+00	0.00e+00	6.43e-01	9.47e-02	5.95e-02
 4.63823e+16	8.06e-01	1.94e-01	2.28e-10	0.00e+00	0.00e+00	0.00e+00	0.00e+00	0.00e+00	0.00e+00	6.52e-01	9.41e-02	5.94e-02
 4.63895e+16	8.14e-01	1.86e-01	2.12e-10	0.00e+00	0.00e+00	0.00e+00	0.00e+00	0.00e+00	0.00e+00	6.61e-01	9.35e-02	5.92e-02
 4.63966e+16	8.21e-01	1.79e-01	1.97e-10	0.00e+00	0.00e+00	0.00e+00	0.00e+00	0.00e+00	0.00e+00	6.70e-01	9.28e-02	5.90e-02
 4.64035e+16	8.29e-01	1.71e-01	1.83e-10	0.00e+00	0.00e+00	0.00e+00	0.00e+00	0.00e+00	0.00e+00	6.78e-01	9.22e-02	5.88e-02
 4.64103e+16	8.36e-01	1.64e-01	1.71e-10	0.00e+00	0.00e+00	0.00e+00	0.00e+00	0.00e+00	0.00e+00	6.86e-01	9.14e-02	5.85e-02
 4.64170e+16	8.42e-01	1.58e-01	1.59e-10	0.00e+00	0.00e+00	0.00e+00	0.00e+00	0.00e+00	0.00e+00	6.93e-01	9.07e-02	5.82e-02
 4.64237e+16	8.49e-01	1.51e-01	1.49e-10	0.00e+00	0.00e+00	0.00e+00	0.00e+00	0.00e+00	0.00e+00	7.01e-01	9.00e-02	5.80e-02
 4.64302e+16	8.55e-01	1.45e-01	1.39e-10	0.00e+00	0.00e+00	0.00e+00	0.00e+00	0.00e+00	0.00e+00	7.08e-01	8.92e-02	5.76e-02
 4.64367e+16	8.61e-01	1.39e-01	1.30e-10	0.00e+00	0.00e+00	0.00e+00	0.00e+00	0.00e+00	0.00e+00	7.15e-01	8.84e-02	5.73e-02
 4.64431e+16	8.67e-01	1.33e-01	1.21e-10	0.00e+00	0.00e+00	0.00e+00	0.00e+00	0.00e+00	0.00e+00	7.22e-01	8.77e-02	5.69e-02
 4.64493e+16	8.72e-01	1.28e-01	1.14e-10	0.00e+00	0.00e+00	0.00e+00	0.00e+00	0.00e+00	0.00e+00	7.29e-01	8.69e-02	5.65e-02
 4.64555e+16	8.77e-01	1.23e-01	1.07e-10	0.00e+00	0.00e+00	0.00e+00	0.00e+00	0.00e+00	0.00e+00	7.35e-01	8.61e-02	5.62e-02
 4.64617e+16	8.82e-01	1.18e-01	9.99e-11	0.00e+00	0.00e+00	0.00e+00	0.00e+00	0.00e+00	0.00e+00	7.41e-01	8.53e-02	5.58e-02
 4.64677e+16	8.87e-01	1.13e-01	9.38e-11	0.00e+00	0.00e+00	0.00e+00	0.00e+00	0.00e+00	0.00e+00	7.47e-01	8.45e-02	5.54e-02
 4.64736e+16	8.92e-01	1.08e-01	8.82e-11	0.00e+00	0.00e+00	0.00e+00	0.00e+00	0.00e+00	0.00e+00	7.53e-01	8.37e-02	5.50e-02
 4.64795e+16	8.96e-01	1.04e-01	8.28e-11	0.00e+00	0.00e+00	0.00e+00	0.00e+00	0.00e+00	0.00e+00	7.59e-01	8.29e-02	5.45e-02
 4.64854e+16	9.00e-01	9.96e-02	7.79e-11	0.00e+00	0.00e+00	0.00e+00	0.00e+00	0.00e+00	0.00e+00	7.64e-01	8.21e-02	5.41e-02
 4.64912e+16	9.05e-01	9.55e-02	7.33e-11	0.00e+00	0.00e+00	0.00e+00	0.00e+00	0.00e+00	0.00e+00	7.70e-01	8.13e-02	5.36e-02
 4.64968e+16	9.08e-01	9.16e-02	6.91e-11	0.00e+00	0.00e+00	0.00e+00	0.00e+00	0.00e+00	0.00e+00	7.75e-01	8.05e-02	5.32e-02
 4.65023e+16	9.12e-01	8.79e-02	6.52e-11	0.00e+00	0.00e+00	0.00e+00	0.00e+00	0.00e+00	0.00e+00	7.80e-01	7.97e-02	5.28e-02
 4.65078e+16	9.16e-01	8.43e-02	6.16e-11	0.00e+00	0.00e+00	0.00e+00	0.00e+00	0.00e+00	0.00e+00	7.84e-01	7.90e-02	5.23e-02
 4.65133e+16	9.19e-01	8.09e-02	5.82e-11	0.00e+00	0.00e+00	0.00e+00	0.00e+00	0.00e+00	0.00e+00	7.89e-01	7.82e-02	5.19e-02
 4.65186e+16	9.22e-01	7.75e-02	5.50e-11	0.00e+00	0.00e+00	0.00e+00	0.00e+00	0.00e+00	0.00e+00	7.94e-01	7.74e-02	5.14e-02
 4.65238e+16	9.26e-01	7.44e-02	5.21e-11	0.00e+00	0.00e+00	0.00e+00	0.00e+00	0.00e+00	0.00e+00	7.98e-01	7.67e-02	5.09e-02
 4.65290e+16	9.29e-01	7.13e-02	4.93e-11	0.00e+00	0.00e+00	0.00e+00	0.00e+00	0.00e+00	0.00e+00	8.02e-01	7.59e-02	5.05e-02
 4.65340e+16	9.32e-01	6.83e-02	4.68e-11	0.00e+00	0.00e+00	0.00e+00	0.00e+00	0.00e+00	0.00e+00	8.06e-01	7.52e-02	5.00e-02
 4.65389e+16	9.34e-01	6.55e-02	4.44e-11	0.00e+00	0.00e+00	0.00e+00	0.00e+00	0.00e+00	0.00e+00	8.11e-01	7.44e-02	4.95e-02
 4.65437e+16	9.37e-01	6.28e-02	4.23e-11	0.00e+00	0.00e+00	0.00e+00	0.00e+00	0.00e+00	0.00e+00	8.15e-01	7.36e-02	4.90e-02
 4.65484e+16	9.40e-01	6.01e-02	4.03e-11	0.00e+00	0.00e+00	0.00e+00	0.00e+00	0.00e+00	0.00e+00	8.19e-01	7.28e-02	4.85e-02
 4.65528e+16	9.42e-01	5.75e-02	3.84e-11	0.00e+00	0.00e+00	0.00e+00	0.00e+00	0.00e+00	0.00e+00	8.23e-01	7.20e-02	4.79e-02
 4.65570e+16	9.45e-01	5.52e-02	3.68e-11	0.00e+00	0.00e+00	0.00e+00	0.00e+00	0.00e+00	0.00e+00	8.26e-01	7.12e-02	4.74e-02
 4.65605e+16	9.47e-01	5.32e-02	3.55e-11	0.00e+00	0.00e+00	0.00e+00	0.00e+00	0.00e+00	0.00e+00	8.29e-01	7.05e-02	4.69e-02
 4.65635e+16	9.49e-01	5.14e-02	3.44e-11	0.00e+00	0.00e+00	0.00e+00	0.00e+00	0.00e+00	0.00e+00	8.32e-01	6.98e-02	4.65e-02
 4.65660e+16	9.50e-01	4.99e-02	3.35e-11	0.00e+00	0.00e+00	0.00e+00	0.00e+00	0.00e+00	0.00e+00	8.35e-01	6.93e-02	4.61e-02
