#depth	He	He+	He+2
 4.09376e+13	2.01e-03	9.58e-01	3.95e-02
 2.45626e+14	2.01e-03	9.59e-01	3.94e-02
 1.06438e+15	2.02e-03	9.59e-01	3.91e-02
 4.33939e+15	2.04e-03	9.61e-01	3.74e-02
 1.03654e+16	2.08e-03	9.62e-01	3.59e-02
 1.81992e+16	2.14e-03	9.65e-01	3.31e-02
 2.83832e+16	2.24e-03	9.69e-01	2.91e-02
 4.16224e+16	2.36e-03	9.74e-01	2.40e-02
 5.88333e+16	2.53e-03	9.79e-01	1.82e-02
 7.99331e+16	2.74e-03	9.85e-01	1.27e-02
 1.03132e+17	2.97e-03	9.89e-01	8.33e-03
 1.26596e+17	3.22e-03	9.91e-01	5.40e-03
 1.50998e+17	3.48e-03	9.93e-01	3.42e-03
 1.77040e+17	3.78e-03	9.94e-01	2.11e-03
 2.03231e+17	4.09e-03	9.95e-01	1.30e-03
 2.30469e+17	4.42e-03	9.95e-01	7.94e-04
 2.59070e+17	4.79e-03	9.95e-01	4.77e-04
 2.87450e+17	5.17e-03	9.95e-01	2.90e-04
 3.17583e+17	5.60e-03	9.94e-01	1.74e-04
 3.49472e+17	6.08e-03	9.94e-01	1.02e-04
 3.80724e+17	6.57e-03	9.93e-01	6.18e-05
 4.14042e+17	7.14e-03	9.93e-01	3.66e-05
 4.49217e+17	7.77e-03	9.92e-01	2.15e-05
 4.82800e+17	8.42e-03	9.92e-01	1.32e-05
 5.19115e+17	9.18e-03	9.91e-01	7.88e-06
 5.57827e+17	1.01e-02	9.90e-01	4.68e-06
 5.93630e+17	1.09e-02	9.89e-01	2.95e-06
 6.27372e+17	1.18e-02	9.88e-01	1.94e-06
 6.65708e+17	1.30e-02	9.87e-01	1.21e-06
 7.07372e+17	1.44e-02	9.86e-01	7.50e-07
 7.44665e+17	1.58e-02	9.84e-01	5.00e-07
 7.78881e+17	1.72e-02	9.83e-01	3.47e-07
 8.17794e+17	1.91e-02	9.81e-01	2.31e-07
 8.59256e+17	2.14e-02	9.79e-01	1.54e-07
 8.94890e+17	2.38e-02	9.76e-01	1.11e-07
 9.26440e+17	2.63e-02	9.74e-01	8.30e-08
 9.61823e+17	2.96e-02	9.70e-01	6.03e-08
 9.99492e+17	3.38e-02	9.66e-01	4.41e-08
 1.03143e+18	3.82e-02	9.62e-01	3.44e-08
 1.05461e+18	4.20e-02	9.58e-01	2.91e-08
 1.07151e+18	4.53e-02	9.55e-01	2.57e-08
 1.08983e+18	4.94e-02	9.51e-01	2.24e-08
 1.11365e+18	5.58e-02	9.44e-01	1.89e-08
 1.13755e+18	6.36e-02	9.36e-01	1.63e-08
 1.15563e+18	7.09e-02	9.29e-01	1.46e-08
 1.17321e+18	7.96e-02	9.20e-01	1.31e-08
 1.19256e+18	9.11e-02	9.09e-01	1.18e-08
 1.21034e+18	1.05e-01	8.95e-01	1.08e-08
 1.22666e+18	1.21e-01	8.79e-01	9.99e-09
 1.24242e+18	1.40e-01	8.60e-01	9.35e-09
 1.25744e+18	1.64e-01	8.36e-01	8.81e-09
 1.27101e+18	1.92e-01	8.08e-01	8.35e-09
 1.28294e+18	2.23e-01	7.77e-01	8.02e-09
 1.29361e+18	2.58e-01	7.42e-01	7.75e-09
 1.30347e+18	2.98e-01	7.02e-01	7.52e-09
 1.31267e+18	3.44e-01	6.56e-01	7.30e-09
 1.32119e+18	3.95e-01	6.05e-01	7.07e-09
 1.32904e+18	4.49e-01	5.51e-01	6.93e-09
 1.33645e+18	5.07e-01	4.93e-01	6.67e-09
 1.34361e+18	5.67e-01	4.33e-01	6.39e-09
 1.35171e+18	6.41e-01	3.59e-01	5.92e-09
 1.36001e+18	7.15e-01	2.85e-01	5.33e-09
 1.36662e+18	7.70e-01	2.30e-01	4.91e-09
 1.37229e+18	8.12e-01	1.88e-01	4.60e-09
 1.37868e+18	8.54e-01	1.46e-01	4.25e-09
 1.38558e+18	8.90e-01	1.10e-01	3.98e-09
 1.39146e+18	9.13e-01	8.66e-02	3.92e-09
 1.39584e+18	9.28e-01	7.24e-02	4.01e-09
 1.39895e+18	9.36e-01	6.40e-02	4.13e-09
 1.40146e+18	9.42e-01	5.80e-02	4.35e-09
 1.40372e+18	9.47e-01	5.32e-02	4.56e-09
 1.40574e+18	9.51e-01	4.92e-02	4.78e-09
 1.40763e+18	9.54e-01	4.59e-02	5.07e-09
 1.40936e+18	9.57e-01	4.32e-02	5.39e-09
 1.41090e+18	9.59e-01	4.11e-02	5.73e-09
 1.41228e+18	9.61e-01	3.93e-02	6.11e-09
 1.41357e+18	9.62e-01	3.77e-02	6.45e-09
 1.41481e+18	9.64e-01	3.63e-02	6.87e-09
 1.41583e+18	9.65e-01	3.53e-02	7.26e-09
 1.41658e+18	9.65e-01	3.46e-02	7.53e-09
 1.41727e+18	9.66e-01	3.39e-02	7.84e-09
 1.41802e+18	9.67e-01	3.32e-02	8.19e-09
 1.41881e+18	9.67e-01	3.25e-02	8.55e-09
 1.41958e+18	9.68e-01	3.19e-02	8.96e-09
 1.42031e+18	9.69e-01	3.13e-02	9.38e-09
 1.42105e+18	9.69e-01	3.08e-02	9.83e-09
 1.42179e+18	9.70e-01	3.03e-02	1.03e-08
 1.42252e+18	9.70e-01	2.98e-02	1.08e-08
 1.42325e+18	9.71e-01	2.93e-02	1.14e-08
 1.42395e+18	9.71e-01	2.89e-02	1.19e-08
 1.42465e+18	9.71e-01	2.85e-02	1.25e-08
 1.42536e+18	9.72e-01	2.81e-02	1.32e-08
 1.42606e+18	9.72e-01	2.78e-02	1.38e-08
 1.42674e+18	9.73e-01	2.74e-02	1.45e-08
 1.42742e+18	9.73e-01	2.71e-02	1.53e-08
 1.42810e+18	9.73e-01	2.68e-02	1.61e-08
 1.42878e+18	9.74e-01	2.65e-02	1.69e-08
 1.42944e+18	9.74e-01	2.63e-02	1.78e-08
 1.43009e+18	9.74e-01	2.60e-02	1.86e-08
 1.43074e+18	9.74e-01	2.57e-02	1.96e-08
 1.43138e+18	9.75e-01	2.55e-02	2.05e-08
 1.43202e+18	9.75e-01	2.53e-02	2.15e-08
 1.43264e+18	9.75e-01	2.50e-02	2.26e-08
 1.43325e+18	9.75e-01	2.48e-02	2.36e-08
 1.43383e+18	9.75e-01	2.46e-02	2.47e-08
 1.43440e+18	9.76e-01	2.45e-02	2.58e-08
 1.43496e+18	9.76e-01	2.43e-02	2.68e-08
 1.43552e+18	9.76e-01	2.41e-02	2.79e-08
 1.43606e+18	9.76e-01	2.39e-02	2.90e-08
 1.43658e+18	9.76e-01	2.36e-02	3.00e-08
 1.43709e+18	9.77e-01	2.34e-02	3.10e-08
 1.43759e+18	9.77e-01	2.32e-02	3.20e-08
 1.43805e+18	9.77e-01	2.30e-02	3.29e-08
 1.43845e+18	9.77e-01	2.28e-02	3.36e-08
 1.43881e+18	9.77e-01	2.26e-02	3.42e-08
 1.43911e+18	9.78e-01	2.24e-02	3.47e-08
 1.43938e+18	9.78e-01	2.22e-02	3.51e-08
 1.43963e+18	9.78e-01	2.21e-02	3.54e-08
