#depth	O	O+	O+2	O+3	O+4	O+5	O+6	O+7	O+8	O[1]	O[2]	O[3]
 4.08823e+11	2.50e-05	7.35e-02	9.09e-01	1.79e-02	2.00e-07	0.00e+00	0.00e+00	0.00e+00	0.00e+00	1.73e-05	5.25e-06	2.49e-06
 2.45294e+12	2.50e-05	7.35e-02	9.09e-01	1.79e-02	1.99e-07	0.00e+00	0.00e+00	0.00e+00	0.00e+00	1.73e-05	5.25e-06	2.49e-06
 1.06294e+13	2.50e-05	7.35e-02	9.09e-01	1.76e-02	1.94e-07	0.00e+00	0.00e+00	0.00e+00	0.00e+00	1.73e-05	5.25e-06	2.49e-06
 4.33353e+13	2.51e-05	7.36e-02	9.10e-01	1.66e-02	1.79e-07	0.00e+00	0.00e+00	0.00e+00	0.00e+00	1.73e-05	5.27e-06	2.50e-06
 1.03514e+14	2.51e-05	7.35e-02	9.11e-01	1.53e-02	1.58e-07	0.00e+00	0.00e+00	0.00e+00	0.00e+00	1.73e-05	5.26e-06	2.50e-06
 1.81746e+14	2.51e-05	7.35e-02	9.13e-01	1.37e-02	1.34e-07	0.00e+00	0.00e+00	0.00e+00	0.00e+00	1.73e-05	5.27e-06	2.50e-06
 2.83449e+14	2.52e-05	7.36e-02	9.15e-01	1.19e-02	0.00e+00	0.00e+00	0.00e+00	0.00e+00	0.00e+00	1.74e-05	5.28e-06	2.51e-06
 4.15661e+14	2.54e-05	7.39e-02	9.16e-01	9.74e-03	0.00e+00	0.00e+00	0.00e+00	0.00e+00	0.00e+00	1.75e-05	5.32e-06	2.53e-06
 5.87538e+14	2.57e-05	7.45e-02	9.18e-01	7.50e-03	0.00e+00	0.00e+00	0.00e+00	0.00e+00	0.00e+00	1.78e-05	5.39e-06	2.56e-06
 8.10977e+14	2.63e-05	7.56e-02	9.19e-01	5.31e-03	0.00e+00	0.00e+00	0.00e+00	0.00e+00	0.00e+00	1.81e-05	5.50e-06	2.61e-06
 1.10145e+15	2.70e-05	7.70e-02	9.20e-01	3.37e-03	0.00e+00	0.00e+00	0.00e+00	0.00e+00	0.00e+00	1.87e-05	5.65e-06	2.69e-06
 1.47906e+15	2.81e-05	7.90e-02	9.19e-01	1.86e-03	0.00e+00	0.00e+00	0.00e+00	0.00e+00	0.00e+00	1.94e-05	5.87e-06	2.80e-06
 1.96996e+15	2.95e-05	8.15e-02	9.18e-01	8.70e-04	0.00e+00	0.00e+00	0.00e+00	0.00e+00	0.00e+00	2.04e-05	6.17e-06	2.94e-06
 2.60812e+15	3.14e-05	8.45e-02	9.15e-01	3.34e-04	0.00e+00	0.00e+00	0.00e+00	0.00e+00	0.00e+00	2.17e-05	6.56e-06	3.13e-06
 3.43774e+15	3.40e-05	8.83e-02	9.12e-01	1.03e-04	0.00e+00	0.00e+00	0.00e+00	0.00e+00	0.00e+00	2.35e-05	7.10e-06	3.39e-06
 4.51624e+15	3.78e-05	9.33e-02	9.07e-01	2.65e-05	0.00e+00	0.00e+00	0.00e+00	0.00e+00	0.00e+00	2.61e-05	7.87e-06	3.76e-06
 5.91829e+15	4.33e-05	1.00e-01	9.00e-01	6.79e-06	0.00e+00	0.00e+00	0.00e+00	0.00e+00	0.00e+00	3.00e-05	9.01e-06	4.31e-06
 7.74095e+15	5.19e-05	1.10e-01	8.90e-01	2.62e-06	0.00e+00	0.00e+00	0.00e+00	0.00e+00	0.00e+00	3.59e-05	1.08e-05	5.16e-06
 9.79326e+15	6.34e-05	1.21e-01	8.79e-01	1.71e-06	0.00e+00	0.00e+00	0.00e+00	0.00e+00	0.00e+00	4.39e-05	1.31e-05	6.30e-06
 1.16971e+16	7.63e-05	1.33e-01	8.67e-01	1.39e-06	0.00e+00	0.00e+00	0.00e+00	0.00e+00	0.00e+00	5.29e-05	1.58e-05	7.58e-06
 1.32078e+16	8.85e-05	1.43e-01	8.56e-01	1.22e-06	0.00e+00	0.00e+00	0.00e+00	0.00e+00	0.00e+00	6.14e-05	1.83e-05	8.80e-06
 1.45285e+16	1.02e-04	1.53e-01	8.47e-01	1.09e-06	0.00e+00	0.00e+00	0.00e+00	0.00e+00	0.00e+00	7.06e-05	2.10e-05	1.01e-05
 1.59814e+16	1.19e-04	1.65e-01	8.35e-01	9.67e-07	0.00e+00	0.00e+00	0.00e+00	0.00e+00	0.00e+00	8.23e-05	2.45e-05	1.18e-05
 1.75795e+16	1.41e-04	1.79e-01	8.21e-01	8.48e-07	0.00e+00	0.00e+00	0.00e+00	0.00e+00	0.00e+00	9.81e-05	2.92e-05	1.41e-05
 1.91983e+16	1.69e-04	1.95e-01	8.05e-01	7.37e-07	0.00e+00	0.00e+00	0.00e+00	0.00e+00	0.00e+00	1.17e-04	3.49e-05	1.68e-05
 2.06845e+16	2.01e-04	2.11e-01	7.88e-01	6.48e-07	0.00e+00	0.00e+00	0.00e+00	0.00e+00	0.00e+00	1.39e-04	4.14e-05	2.00e-05
 2.20571e+16	2.37e-04	2.28e-01	7.72e-01	5.71e-07	0.00e+00	0.00e+00	0.00e+00	0.00e+00	0.00e+00	1.64e-04	4.88e-05	2.35e-05
 2.33815e+16	2.79e-04	2.46e-01	7.54e-01	5.06e-07	0.00e+00	0.00e+00	0.00e+00	0.00e+00	0.00e+00	1.94e-04	5.76e-05	2.77e-05
 2.46758e+16	3.30e-04	2.66e-01	7.34e-01	4.49e-07	0.00e+00	0.00e+00	0.00e+00	0.00e+00	0.00e+00	2.29e-04	6.81e-05	3.28e-05
 2.59197e+16	3.91e-04	2.87e-01	7.13e-01	3.93e-07	0.00e+00	0.00e+00	0.00e+00	0.00e+00	0.00e+00	2.71e-04	8.06e-05	3.88e-05
 2.70953e+16	4.62e-04	3.09e-01	6.91e-01	3.44e-07	0.00e+00	0.00e+00	0.00e+00	0.00e+00	0.00e+00	3.20e-04	9.52e-05	4.59e-05
 2.82044e+16	5.45e-04	3.33e-01	6.67e-01	3.02e-07	0.00e+00	0.00e+00	0.00e+00	0.00e+00	0.00e+00	3.78e-04	1.12e-04	5.41e-05
 2.92580e+16	6.42e-04	3.58e-01	6.42e-01	2.65e-07	0.00e+00	0.00e+00	0.00e+00	0.00e+00	0.00e+00	4.46e-04	1.32e-04	6.38e-05
 3.02618e+16	7.56e-04	3.84e-01	6.15e-01	2.30e-07	0.00e+00	0.00e+00	0.00e+00	0.00e+00	0.00e+00	5.25e-04	1.56e-04	7.52e-05
 3.12191e+16	8.92e-04	4.13e-01	5.86e-01	1.99e-07	0.00e+00	0.00e+00	0.00e+00	0.00e+00	0.00e+00	6.19e-04	1.84e-04	8.87e-05
 3.21269e+16	1.05e-03	4.44e-01	5.55e-01	1.71e-07	0.00e+00	0.00e+00	0.00e+00	0.00e+00	0.00e+00	7.31e-04	2.17e-04	1.05e-04
 3.29801e+16	1.24e-03	4.75e-01	5.23e-01	1.45e-07	0.00e+00	0.00e+00	0.00e+00	0.00e+00	0.00e+00	8.61e-04	2.56e-04	1.23e-04
 3.37835e+16	1.46e-03	5.09e-01	4.90e-01	0.00e+00	0.00e+00	0.00e+00	0.00e+00	0.00e+00	0.00e+00	1.01e-03	3.02e-04	1.45e-04
 3.45446e+16	1.72e-03	5.44e-01	4.54e-01	0.00e+00	0.00e+00	0.00e+00	0.00e+00	0.00e+00	0.00e+00	1.19e-03	3.55e-04	1.71e-04
 3.52671e+16	2.02e-03	5.81e-01	4.17e-01	0.00e+00	0.00e+00	0.00e+00	0.00e+00	0.00e+00	0.00e+00	1.40e-03	4.18e-04	2.01e-04
 3.59514e+16	2.38e-03	6.19e-01	3.78e-01	0.00e+00	0.00e+00	0.00e+00	0.00e+00	0.00e+00	0.00e+00	1.65e-03	4.92e-04	2.36e-04
 3.65980e+16	2.79e-03	6.59e-01	3.39e-01	0.00e+00	0.00e+00	0.00e+00	0.00e+00	0.00e+00	0.00e+00	1.94e-03	5.78e-04	2.77e-04
 3.72090e+16	3.28e-03	6.98e-01	2.98e-01	0.00e+00	0.00e+00	0.00e+00	0.00e+00	0.00e+00	0.00e+00	2.27e-03	6.78e-04	3.26e-04
 3.77870e+16	3.86e-03	7.39e-01	2.57e-01	0.00e+00	0.00e+00	0.00e+00	0.00e+00	0.00e+00	0.00e+00	2.68e-03	7.97e-04	3.83e-04
 3.83309e+16	4.51e-03	7.79e-01	2.17e-01	0.00e+00	0.00e+00	0.00e+00	0.00e+00	0.00e+00	0.00e+00	3.13e-03	9.33e-04	4.48e-04
 3.87662e+16	5.16e-03	8.12e-01	1.83e-01	0.00e+00	0.00e+00	0.00e+00	0.00e+00	0.00e+00	0.00e+00	3.58e-03	1.07e-03	5.12e-04
 3.90614e+16	5.66e-03	8.35e-01	1.59e-01	0.00e+00	0.00e+00	0.00e+00	0.00e+00	0.00e+00	0.00e+00	3.92e-03	1.17e-03	5.61e-04
 3.92956e+16	6.12e-03	8.54e-01	1.40e-01	0.00e+00	0.00e+00	0.00e+00	0.00e+00	0.00e+00	0.00e+00	4.24e-03	1.27e-03	6.07e-04
 3.95517e+16	6.66e-03	8.74e-01	1.19e-01	0.00e+00	0.00e+00	0.00e+00	0.00e+00	0.00e+00	0.00e+00	4.62e-03	1.38e-03	6.61e-04
 3.98231e+16	7.30e-03	8.95e-01	9.78e-02	0.00e+00	0.00e+00	0.00e+00	0.00e+00	0.00e+00	0.00e+00	5.06e-03	1.51e-03	7.23e-04
 4.00388e+16	7.90e-03	9.11e-01	8.07e-02	0.00e+00	0.00e+00	0.00e+00	0.00e+00	0.00e+00	0.00e+00	5.48e-03	1.63e-03	7.83e-04
 4.01974e+16	8.38e-03	9.23e-01	6.83e-02	0.00e+00	0.00e+00	0.00e+00	0.00e+00	0.00e+00	0.00e+00	5.81e-03	1.73e-03	8.30e-04
 4.03342e+16	8.84e-03	9.33e-01	5.80e-02	0.00e+00	0.00e+00	0.00e+00	0.00e+00	0.00e+00	0.00e+00	6.13e-03	1.83e-03	8.76e-04
 4.04890e+16	9.35e-03	9.44e-01	4.70e-02	0.00e+00	0.00e+00	0.00e+00	0.00e+00	0.00e+00	0.00e+00	6.49e-03	1.93e-03	9.27e-04
 4.06492e+16	9.86e-03	9.54e-01	3.65e-02	0.00e+00	0.00e+00	0.00e+00	0.00e+00	0.00e+00	0.00e+00	6.84e-03	2.04e-03	9.77e-04
 4.07756e+16	1.03e-02	9.61e-01	2.88e-02	0.00e+00	0.00e+00	0.00e+00	0.00e+00	0.00e+00	0.00e+00	7.14e-03	2.13e-03	1.02e-03
 4.08753e+16	1.07e-02	9.66e-01	2.32e-02	0.00e+00	0.00e+00	0.00e+00	0.00e+00	0.00e+00	0.00e+00	7.41e-03	2.20e-03	1.06e-03
 4.09812e+16	1.11e-02	9.71e-01	1.80e-02	0.00e+00	0.00e+00	0.00e+00	0.00e+00	0.00e+00	0.00e+00	7.70e-03	2.29e-03	1.10e-03
 4.10982e+16	1.15e-02	9.75e-01	1.32e-02	0.00e+00	0.00e+00	0.00e+00	0.00e+00	0.00e+00	0.00e+00	8.01e-03	2.38e-03	1.14e-03
 4.12057e+16	1.20e-02	9.78e-01	9.55e-03	0.00e+00	0.00e+00	0.00e+00	0.00e+00	0.00e+00	0.00e+00	8.33e-03	2.48e-03	1.19e-03
 4.13061e+16	1.24e-02	9.81e-01	6.89e-03	0.00e+00	0.00e+00	0.00e+00	0.00e+00	0.00e+00	0.00e+00	8.63e-03	2.57e-03	1.23e-03
 4.14216e+16	1.30e-02	9.82e-01	4.64e-03	0.00e+00	0.00e+00	0.00e+00	0.00e+00	0.00e+00	0.00e+00	8.99e-03	2.67e-03	1.28e-03
 4.15717e+16	1.37e-02	9.84e-01	2.72e-03	0.00e+00	0.00e+00	0.00e+00	0.00e+00	0.00e+00	0.00e+00	9.50e-03	2.82e-03	1.36e-03
 4.17668e+16	1.47e-02	9.84e-01	1.34e-03	0.00e+00	0.00e+00	0.00e+00	0.00e+00	0.00e+00	0.00e+00	1.02e-02	3.03e-03	1.46e-03
 4.20204e+16	1.62e-02	9.83e-01	5.37e-04	0.00e+00	0.00e+00	0.00e+00	0.00e+00	0.00e+00	0.00e+00	1.12e-02	3.33e-03	1.60e-03
 4.23501e+16	1.86e-02	9.81e-01	1.69e-04	0.00e+00	0.00e+00	0.00e+00	0.00e+00	0.00e+00	0.00e+00	1.29e-02	3.82e-03	1.84e-03
 4.27788e+16	2.26e-02	9.77e-01	4.01e-05	0.00e+00	0.00e+00	0.00e+00	0.00e+00	0.00e+00	0.00e+00	1.57e-02	4.66e-03	2.24e-03
 4.31916e+16	2.84e-02	9.72e-01	1.01e-05	0.00e+00	0.00e+00	0.00e+00	0.00e+00	0.00e+00	0.00e+00	1.97e-02	5.84e-03	2.81e-03
 4.34840e+16	3.44e-02	9.66e-01	3.94e-06	0.00e+00	0.00e+00	0.00e+00	0.00e+00	0.00e+00	0.00e+00	2.39e-02	7.07e-03	3.40e-03
 4.37207e+16	4.10e-02	9.59e-01	1.84e-06	0.00e+00	0.00e+00	0.00e+00	0.00e+00	0.00e+00	0.00e+00	2.85e-02	8.40e-03	4.05e-03
 4.39269e+16	4.87e-02	9.51e-01	9.43e-07	0.00e+00	0.00e+00	0.00e+00	0.00e+00	0.00e+00	0.00e+00	3.39e-02	9.96e-03	4.81e-03
 4.40918e+16	5.69e-02	9.43e-01	5.47e-07	0.00e+00	0.00e+00	0.00e+00	0.00e+00	0.00e+00	0.00e+00	3.96e-02	1.16e-02	5.62e-03
 4.42309e+16	6.59e-02	9.34e-01	3.40e-07	0.00e+00	0.00e+00	0.00e+00	0.00e+00	0.00e+00	0.00e+00	4.59e-02	1.34e-02	6.50e-03
 4.43587e+16	7.64e-02	9.24e-01	2.16e-07	0.00e+00	0.00e+00	0.00e+00	0.00e+00	0.00e+00	0.00e+00	5.34e-02	1.55e-02	7.53e-03
 4.44792e+16	8.95e-02	9.10e-01	1.38e-07	0.00e+00	0.00e+00	0.00e+00	0.00e+00	0.00e+00	0.00e+00	6.26e-02	1.81e-02	8.81e-03
 4.45879e+16	1.05e-01	8.95e-01	9.11e-08	0.00e+00	0.00e+00	0.00e+00	0.00e+00	0.00e+00	0.00e+00	7.32e-02	2.11e-02	1.03e-02
 4.46833e+16	1.22e-01	8.78e-01	6.18e-08	0.00e+00	0.00e+00	0.00e+00	0.00e+00	0.00e+00	0.00e+00	8.54e-02	2.44e-02	1.19e-02
 4.47684e+16	1.41e-01	8.59e-01	4.28e-08	0.00e+00	0.00e+00	0.00e+00	0.00e+00	0.00e+00	0.00e+00	9.94e-02	2.81e-02	1.38e-02
 4.48455e+16	1.64e-01	8.36e-01	3.01e-08	0.00e+00	0.00e+00	0.00e+00	0.00e+00	0.00e+00	0.00e+00	1.15e-01	3.23e-02	1.60e-02
 4.49161e+16	1.90e-01	8.10e-01	2.13e-08	0.00e+00	0.00e+00	0.00e+00	0.00e+00	0.00e+00	0.00e+00	1.34e-01	3.71e-02	1.85e-02
 4.49812e+16	2.20e-01	7.80e-01	1.51e-08	0.00e+00	0.00e+00	0.00e+00	0.00e+00	0.00e+00	0.00e+00	1.56e-01	4.25e-02	2.13e-02
 4.50408e+16	2.54e-01	7.46e-01	1.08e-08	0.00e+00	0.00e+00	0.00e+00	0.00e+00	0.00e+00	0.00e+00	1.81e-01	4.85e-02	2.45e-02
 4.50954e+16	2.92e-01	7.08e-01	7.72e-09	0.00e+00	0.00e+00	0.00e+00	0.00e+00	0.00e+00	0.00e+00	2.09e-01	5.48e-02	2.80e-02
 4.51445e+16	3.33e-01	6.67e-01	5.61e-09	0.00e+00	0.00e+00	0.00e+00	0.00e+00	0.00e+00	0.00e+00	2.40e-01	6.14e-02	3.17e-02
 4.51849e+16	3.73e-01	6.27e-01	4.24e-09	0.00e+00	0.00e+00	0.00e+00	0.00e+00	0.00e+00	0.00e+00	2.70e-01	6.73e-02	3.52e-02
 4.52155e+16	4.06e-01	5.94e-01	3.40e-09	0.00e+00	0.00e+00	0.00e+00	0.00e+00	0.00e+00	0.00e+00	2.96e-01	7.19e-02	3.80e-02
 4.52396e+16	4.34e-01	5.66e-01	2.83e-09	0.00e+00	0.00e+00	0.00e+00	0.00e+00	0.00e+00	0.00e+00	3.18e-01	7.57e-02	4.03e-02
 4.52608e+16	4.60e-01	5.40e-01	2.39e-09	0.00e+00	0.00e+00	0.00e+00	0.00e+00	0.00e+00	0.00e+00	3.39e-01	7.90e-02	4.25e-02
 4.52807e+16	4.87e-01	5.13e-01	2.03e-09	0.00e+00	0.00e+00	0.00e+00	0.00e+00	0.00e+00	0.00e+00	3.60e-01	8.20e-02	4.45e-02
 4.52994e+16	5.11e-01	4.89e-01	1.74e-09	0.00e+00	0.00e+00	0.00e+00	0.00e+00	0.00e+00	0.00e+00	3.80e-01	8.47e-02	4.64e-02
 4.53159e+16	5.34e-01	4.66e-01	1.51e-09	0.00e+00	0.00e+00	0.00e+00	0.00e+00	0.00e+00	0.00e+00	3.99e-01	8.70e-02	4.81e-02
 4.53308e+16	5.55e-01	4.45e-01	1.33e-09	0.00e+00	0.00e+00	0.00e+00	0.00e+00	0.00e+00	0.00e+00	4.16e-01	8.89e-02	4.96e-02
 4.53447e+16	5.75e-01	4.25e-01	1.18e-09	0.00e+00	0.00e+00	0.00e+00	0.00e+00	0.00e+00	0.00e+00	4.33e-01	9.05e-02	5.09e-02
 4.53578e+16	5.94e-01	4.06e-01	1.05e-09	0.00e+00	0.00e+00	0.00e+00	0.00e+00	0.00e+00	0.00e+00	4.49e-01	9.20e-02	5.21e-02
 4.53685e+16	6.08e-01	3.92e-01	9.53e-10	0.00e+00	0.00e+00	0.00e+00	0.00e+00	0.00e+00	0.00e+00	4.62e-01	9.30e-02	5.31e-02
 4.53764e+16	6.20e-01	3.80e-01	8.86e-10	0.00e+00	0.00e+00	0.00e+00	0.00e+00	0.00e+00	0.00e+00	4.72e-01	9.37e-02	5.37e-02
 4.53839e+16	6.31e-01	3.69e-01	8.26e-10	0.00e+00	0.00e+00	0.00e+00	0.00e+00	0.00e+00	0.00e+00	4.82e-01	9.43e-02	5.44e-02
 4.53920e+16	6.43e-01	3.57e-01	7.65e-10	0.00e+00	0.00e+00	0.00e+00	0.00e+00	0.00e+00	0.00e+00	4.93e-01	9.49e-02	5.50e-02
 4.54005e+16	6.55e-01	3.45e-01	7.05e-10	0.00e+00	0.00e+00	0.00e+00	0.00e+00	0.00e+00	0.00e+00	5.04e-01	9.55e-02	5.57e-02
 4.54086e+16	6.67e-01	3.33e-01	6.53e-10	0.00e+00	0.00e+00	0.00e+00	0.00e+00	0.00e+00	0.00e+00	5.14e-01	9.59e-02	5.63e-02
 4.54166e+16	6.78e-01	3.22e-01	6.04e-10	0.00e+00	0.00e+00	0.00e+00	0.00e+00	0.00e+00	0.00e+00	5.25e-01	9.62e-02	5.68e-02
 4.54245e+16	6.89e-01	3.11e-01	5.60e-10	0.00e+00	0.00e+00	0.00e+00	0.00e+00	0.00e+00	0.00e+00	5.35e-01	9.65e-02	5.73e-02
 4.54324e+16	7.00e-01	3.00e-01	5.18e-10	0.00e+00	0.00e+00	0.00e+00	0.00e+00	0.00e+00	0.00e+00	5.46e-01	9.67e-02	5.77e-02
 4.54403e+16	7.12e-01	2.88e-01	4.79e-10	0.00e+00	0.00e+00	0.00e+00	0.00e+00	0.00e+00	0.00e+00	5.57e-01	9.68e-02	5.81e-02
 4.54479e+16	7.22e-01	2.78e-01	4.44e-10	0.00e+00	0.00e+00	0.00e+00	0.00e+00	0.00e+00	0.00e+00	5.67e-01	9.68e-02	5.85e-02
 4.54555e+16	7.32e-01	2.68e-01	4.12e-10	0.00e+00	0.00e+00	0.00e+00	0.00e+00	0.00e+00	0.00e+00	5.76e-01	9.68e-02	5.88e-02
 4.54631e+16	7.42e-01	2.58e-01	3.82e-10	0.00e+00	0.00e+00	0.00e+00	0.00e+00	0.00e+00	0.00e+00	5.86e-01	9.67e-02	5.91e-02
 4.54707e+16	7.52e-01	2.48e-01	3.54e-10	0.00e+00	0.00e+00	0.00e+00	0.00e+00	0.00e+00	0.00e+00	5.97e-01	9.65e-02	5.93e-02
 4.54781e+16	7.62e-01	2.38e-01	3.28e-10	0.00e+00	0.00e+00	0.00e+00	0.00e+00	0.00e+00	0.00e+00	6.06e-01	9.62e-02	5.94e-02
 4.54855e+16	7.71e-01	2.29e-01	3.05e-10	0.00e+00	0.00e+00	0.00e+00	0.00e+00	0.00e+00	0.00e+00	6.16e-01	9.59e-02	5.94e-02
 4.54928e+16	7.80e-01	2.20e-01	2.83e-10	0.00e+00	0.00e+00	0.00e+00	0.00e+00	0.00e+00	0.00e+00	6.25e-01	9.55e-02	5.94e-02
 4.55001e+16	7.89e-01	2.11e-01	2.62e-10	0.00e+00	0.00e+00	0.00e+00	0.00e+00	0.00e+00	0.00e+00	6.34e-01	9.50e-02	5.94e-02
 4.55074e+16	7.97e-01	2.03e-01	2.44e-10	0.00e+00	0.00e+00	0.00e+00	0.00e+00	0.00e+00	0.00e+00	6.44e-01	9.45e-02	5.93e-02
 4.55147e+16	8.06e-01	1.94e-01	2.26e-10	0.00e+00	0.00e+00	0.00e+00	0.00e+00	0.00e+00	0.00e+00	6.53e-01	9.39e-02	5.92e-02
 4.55218e+16	8.14e-01	1.86e-01	2.10e-10	0.00e+00	0.00e+00	0.00e+00	0.00e+00	0.00e+00	0.00e+00	6.61e-01	9.33e-02	5.90e-02
 4.55287e+16	8.21e-01	1.79e-01	1.96e-10	0.00e+00	0.00e+00	0.00e+00	0.00e+00	0.00e+00	0.00e+00	6.70e-01	9.26e-02	5.88e-02
 4.55357e+16	8.29e-01	1.71e-01	1.82e-10	0.00e+00	0.00e+00	0.00e+00	0.00e+00	0.00e+00	0.00e+00	6.78e-01	9.19e-02	5.86e-02
 4.55425e+16	8.36e-01	1.64e-01	1.70e-10	0.00e+00	0.00e+00	0.00e+00	0.00e+00	0.00e+00	0.00e+00	6.86e-01	9.12e-02	5.84e-02
 4.55493e+16	8.42e-01	1.58e-01	1.58e-10	0.00e+00	0.00e+00	0.00e+00	0.00e+00	0.00e+00	0.00e+00	6.94e-01	9.05e-02	5.81e-02
 4.55559e+16	8.49e-01	1.51e-01	1.48e-10	0.00e+00	0.00e+00	0.00e+00	0.00e+00	0.00e+00	0.00e+00	7.01e-01	8.98e-02	5.78e-02
 4.55623e+16	8.55e-01	1.45e-01	1.38e-10	0.00e+00	0.00e+00	0.00e+00	0.00e+00	0.00e+00	0.00e+00	7.09e-01	8.90e-02	5.74e-02
 4.55688e+16	8.61e-01	1.39e-01	1.29e-10	0.00e+00	0.00e+00	0.00e+00	0.00e+00	0.00e+00	0.00e+00	7.16e-01	8.82e-02	5.71e-02
 4.55752e+16	8.67e-01	1.33e-01	1.21e-10	0.00e+00	0.00e+00	0.00e+00	0.00e+00	0.00e+00	0.00e+00	7.23e-01	8.74e-02	5.67e-02
 4.55815e+16	8.72e-01	1.28e-01	1.13e-10	0.00e+00	0.00e+00	0.00e+00	0.00e+00	0.00e+00	0.00e+00	7.29e-01	8.66e-02	5.64e-02
 4.55876e+16	8.77e-01	1.23e-01	1.06e-10	0.00e+00	0.00e+00	0.00e+00	0.00e+00	0.00e+00	0.00e+00	7.35e-01	8.59e-02	5.60e-02
 4.55936e+16	8.82e-01	1.18e-01	9.95e-11	0.00e+00	0.00e+00	0.00e+00	0.00e+00	0.00e+00	0.00e+00	7.42e-01	8.51e-02	5.56e-02
 4.55996e+16	8.87e-01	1.13e-01	9.34e-11	0.00e+00	0.00e+00	0.00e+00	0.00e+00	0.00e+00	0.00e+00	7.48e-01	8.42e-02	5.52e-02
 4.56056e+16	8.92e-01	1.08e-01	8.77e-11	0.00e+00	0.00e+00	0.00e+00	0.00e+00	0.00e+00	0.00e+00	7.54e-01	8.34e-02	5.48e-02
 4.56115e+16	8.96e-01	1.04e-01	8.25e-11	0.00e+00	0.00e+00	0.00e+00	0.00e+00	0.00e+00	0.00e+00	7.59e-01	8.26e-02	5.43e-02
 4.56172e+16	9.00e-01	9.96e-02	7.76e-11	0.00e+00	0.00e+00	0.00e+00	0.00e+00	0.00e+00	0.00e+00	7.65e-01	8.18e-02	5.39e-02
 4.56229e+16	9.05e-01	9.55e-02	7.31e-11	0.00e+00	0.00e+00	0.00e+00	0.00e+00	0.00e+00	0.00e+00	7.70e-01	8.10e-02	5.34e-02
 4.56285e+16	9.08e-01	9.16e-02	6.90e-11	0.00e+00	0.00e+00	0.00e+00	0.00e+00	0.00e+00	0.00e+00	7.75e-01	8.03e-02	5.30e-02
 4.56340e+16	9.12e-01	8.79e-02	6.51e-11	0.00e+00	0.00e+00	0.00e+00	0.00e+00	0.00e+00	0.00e+00	7.80e-01	7.95e-02	5.25e-02
 4.56394e+16	9.16e-01	8.43e-02	6.15e-11	0.00e+00	0.00e+00	0.00e+00	0.00e+00	0.00e+00	0.00e+00	7.85e-01	7.87e-02	5.21e-02
 4.56448e+16	9.19e-01	8.08e-02	5.81e-11	0.00e+00	0.00e+00	0.00e+00	0.00e+00	0.00e+00	0.00e+00	7.90e-01	7.79e-02	5.16e-02
 4.56501e+16	9.23e-01	7.75e-02	5.50e-11	0.00e+00	0.00e+00	0.00e+00	0.00e+00	0.00e+00	0.00e+00	7.94e-01	7.71e-02	5.11e-02
 4.56552e+16	9.26e-01	7.43e-02	5.21e-11	0.00e+00	0.00e+00	0.00e+00	0.00e+00	0.00e+00	0.00e+00	7.99e-01	7.64e-02	5.07e-02
 4.56602e+16	9.29e-01	7.12e-02	4.94e-11	0.00e+00	0.00e+00	0.00e+00	0.00e+00	0.00e+00	0.00e+00	8.03e-01	7.56e-02	5.02e-02
 4.56651e+16	9.32e-01	6.83e-02	4.70e-11	0.00e+00	0.00e+00	0.00e+00	0.00e+00	0.00e+00	0.00e+00	8.07e-01	7.48e-02	4.97e-02
 4.56699e+16	9.35e-01	6.54e-02	4.47e-11	0.00e+00	0.00e+00	0.00e+00	0.00e+00	0.00e+00	0.00e+00	8.11e-01	7.40e-02	4.92e-02
 4.56746e+16	9.37e-01	6.26e-02	4.25e-11	0.00e+00	0.00e+00	0.00e+00	0.00e+00	0.00e+00	0.00e+00	8.16e-01	7.32e-02	4.86e-02
 4.56790e+16	9.40e-01	6.00e-02	4.06e-11	0.00e+00	0.00e+00	0.00e+00	0.00e+00	0.00e+00	0.00e+00	8.20e-01	7.23e-02	4.81e-02
 4.56830e+16	9.42e-01	5.76e-02	3.89e-11	0.00e+00	0.00e+00	0.00e+00	0.00e+00	0.00e+00	0.00e+00	8.23e-01	7.15e-02	4.76e-02
 4.56865e+16	9.45e-01	5.55e-02	3.76e-11	0.00e+00	0.00e+00	0.00e+00	0.00e+00	0.00e+00	0.00e+00	8.27e-01	7.08e-02	4.71e-02
 4.56894e+16	9.46e-01	5.37e-02	3.64e-11	0.00e+00	0.00e+00	0.00e+00	0.00e+00	0.00e+00	0.00e+00	8.29e-01	7.02e-02	4.66e-02
 4.56919e+16	9.48e-01	5.21e-02	3.54e-11	0.00e+00	0.00e+00	0.00e+00	0.00e+00	0.00e+00	0.00e+00	8.32e-01	6.96e-02	4.62e-02
