#depth	He	He+	He+2
 3.88965e+10	1.72e-02	9.78e-01	4.77e-03
 2.33379e+11	1.72e-02	9.78e-01	4.76e-03
 1.01131e+12	1.72e-02	9.78e-01	4.73e-03
 4.12303e+12	1.73e-02	9.78e-01	4.59e-03
 9.84860e+12	1.73e-02	9.78e-01	4.52e-03
 1.72918e+13	1.73e-02	9.78e-01	4.29e-03
 2.69680e+13	1.73e-02	9.79e-01	3.91e-03
 3.95471e+13	1.74e-02	9.79e-01	3.37e-03
 5.58999e+13	1.76e-02	9.80e-01	2.71e-03
 7.71585e+13	1.78e-02	9.80e-01	1.99e-03
 1.04795e+14	1.83e-02	9.80e-01	1.31e-03
 1.40722e+14	1.90e-02	9.80e-01	7.44e-04
 1.87427e+14	2.00e-02	9.80e-01	3.58e-04
 2.48144e+14	2.17e-02	9.78e-01	1.41e-04
 3.27076e+14	2.46e-02	9.75e-01	4.41e-05
 4.13786e+14	2.87e-02	9.71e-01	1.28e-05
 4.90048e+14	3.41e-02	9.66e-01	4.73e-06
 5.51850e+14	4.04e-02	9.60e-01	2.26e-06
 5.96409e+14	4.68e-02	9.53e-01	1.39e-06
 6.26673e+14	5.25e-02	9.48e-01	1.01e-06
 6.57356e+14	5.97e-02	9.40e-01	7.16e-07
 6.91578e+14	7.01e-02	9.30e-01	5.03e-07
 7.22721e+14	8.31e-02	9.17e-01	3.68e-07
 7.49467e+14	9.84e-02	9.02e-01	2.81e-07
 7.73487e+14	1.17e-01	8.83e-01	2.21e-07
 7.95628e+14	1.40e-01	8.60e-01	1.74e-07
 8.15662e+14	1.68e-01	8.32e-01	1.41e-07
 8.33341e+14	2.02e-01	7.98e-01	1.15e-07
 8.48748e+14	2.43e-01	7.57e-01	9.53e-08
 8.62375e+14	2.89e-01	7.11e-01	7.89e-08
 8.74849e+14	3.44e-01	6.56e-01	6.48e-08
 8.86477e+14	4.07e-01	5.93e-01	5.24e-08
 8.97378e+14	4.79e-01	5.21e-01	4.15e-08
 9.07725e+14	5.57e-01	4.43e-01	3.18e-08
 9.17840e+14	6.39e-01	3.61e-01	2.34e-08
 9.29451e+14	7.32e-01	2.68e-01	1.54e-08
 9.42166e+14	8.21e-01	1.79e-01	9.12e-09
 9.54160e+14	8.85e-01	1.15e-01	5.29e-09
 9.65412e+14	9.26e-01	7.45e-02	3.11e-09
 9.75766e+14	9.51e-01	4.94e-02	1.90e-09
 9.85049e+14	9.66e-01	3.43e-02	1.23e-09
 9.93209e+14	9.75e-01	2.49e-02	8.45e-10
 1.00052e+15	9.81e-01	1.88e-02	6.08e-10
 1.00721e+15	9.85e-01	1.46e-02	4.54e-10
 1.01337e+15	9.88e-01	1.16e-02	3.51e-10
 1.01910e+15	9.91e-01	9.41e-03	2.79e-10
 1.02446e+15	9.92e-01	7.77e-03	2.27e-10
 1.02945e+15	9.93e-01	6.55e-03	1.91e-10
 1.03394e+15	9.94e-01	5.65e-03	1.65e-10
 1.03763e+15	9.95e-01	5.06e-03	1.50e-10
 1.04045e+15	9.95e-01	4.66e-03	1.40e-10
 1.04270e+15	9.96e-01	4.38e-03	1.34e-10
 1.04469e+15	9.96e-01	4.16e-03	1.30e-10
 1.04658e+15	9.96e-01	3.95e-03	1.26e-10
 1.04835e+15	9.96e-01	3.80e-03	1.24e-10
 1.04992e+15	9.96e-01	3.66e-03	1.22e-10
 1.05133e+15	9.96e-01	3.56e-03	1.22e-10
 1.05266e+15	9.97e-01	3.47e-03	1.22e-10
 1.05392e+15	9.97e-01	3.39e-03	1.22e-10
 1.05495e+15	9.97e-01	3.34e-03	1.22e-10
 1.05571e+15	9.97e-01	3.30e-03	1.23e-10
 1.05642e+15	9.97e-01	3.26e-03	1.24e-10
 1.05720e+15	9.97e-01	3.22e-03	1.24e-10
 1.05801e+15	9.97e-01	3.19e-03	1.26e-10
 1.05881e+15	9.97e-01	3.15e-03	1.27e-10
 1.05959e+15	9.97e-01	3.13e-03	1.29e-10
 1.06035e+15	9.97e-01	3.10e-03	1.30e-10
 1.06113e+15	9.97e-01	3.08e-03	1.32e-10
 1.06188e+15	9.97e-01	3.06e-03	1.34e-10
 1.06262e+15	9.97e-01	3.04e-03	1.36e-10
 1.06337e+15	9.97e-01	3.02e-03	1.39e-10
 1.06412e+15	9.97e-01	3.01e-03	1.42e-10
 1.06486e+15	9.97e-01	2.99e-03	1.44e-10
 1.06559e+15	9.97e-01	2.98e-03	1.48e-10
 1.06631e+15	9.97e-01	2.97e-03	1.51e-10
 1.06704e+15	9.97e-01	2.97e-03	1.55e-10
 1.06776e+15	9.97e-01	2.96e-03	1.58e-10
 1.06848e+15	9.97e-01	2.96e-03	1.62e-10
 1.06919e+15	9.97e-01	2.95e-03	1.67e-10
 1.06989e+15	9.97e-01	2.95e-03	1.71e-10
 1.07060e+15	9.97e-01	2.95e-03	1.76e-10
 1.07129e+15	9.97e-01	2.96e-03	1.81e-10
 1.07197e+15	9.97e-01	2.96e-03	1.86e-10
 1.07263e+15	9.97e-01	2.96e-03	1.92e-10
 1.07330e+15	9.97e-01	2.97e-03	1.97e-10
 1.07396e+15	9.97e-01	2.97e-03	2.03e-10
 1.07461e+15	9.97e-01	2.98e-03	2.09e-10
 1.07526e+15	9.97e-01	2.99e-03	2.16e-10
 1.07590e+15	9.97e-01	3.00e-03	2.23e-10
 1.07652e+15	9.97e-01	3.00e-03	2.29e-10
 1.07715e+15	9.97e-01	3.01e-03	2.37e-10
 1.07777e+15	9.97e-01	3.02e-03	2.44e-10
 1.07839e+15	9.97e-01	3.03e-03	2.52e-10
 1.07900e+15	9.97e-01	3.05e-03	2.60e-10
 1.07961e+15	9.97e-01	3.06e-03	2.69e-10
 1.08020e+15	9.97e-01	3.07e-03	2.77e-10
 1.08080e+15	9.97e-01	3.09e-03	2.86e-10
 1.08140e+15	9.97e-01	3.10e-03	2.95e-10
 1.08199e+15	9.97e-01	3.12e-03	3.05e-10
 1.08257e+15	9.97e-01	3.13e-03	3.14e-10
 1.08316e+15	9.97e-01	3.15e-03	3.25e-10
 1.08374e+15	9.97e-01	3.17e-03	3.36e-10
 1.08432e+15	9.97e-01	3.18e-03	3.47e-10
 1.08489e+15	9.97e-01	3.20e-03	3.57e-10
 1.08546e+15	9.97e-01	3.22e-03	3.69e-10
 1.08604e+15	9.97e-01	3.24e-03	3.82e-10
 1.08661e+15	9.97e-01	3.26e-03	3.94e-10
 1.08718e+15	9.97e-01	3.28e-03	4.07e-10
 1.08774e+15	9.97e-01	3.29e-03	4.20e-10
 1.08829e+15	9.97e-01	3.31e-03	4.33e-10
 1.08885e+15	9.97e-01	3.33e-03	4.46e-10
 1.08941e+15	9.97e-01	3.35e-03	4.60e-10
 1.08997e+15	9.97e-01	3.37e-03	4.75e-10
 1.09053e+15	9.97e-01	3.39e-03	4.90e-10
 1.09108e+15	9.97e-01	3.42e-03	5.07e-10
 1.09162e+15	9.97e-01	3.44e-03	5.22e-10
 1.09215e+15	9.97e-01	3.46e-03	5.38e-10
 1.09269e+15	9.97e-01	3.48e-03	5.54e-10
 1.09323e+15	9.96e-01	3.50e-03	5.71e-10
 1.09376e+15	9.96e-01	3.53e-03	5.88e-10
 1.09429e+15	9.96e-01	3.55e-03	6.06e-10
 1.09481e+15	9.96e-01	3.58e-03	6.23e-10
 1.09533e+15	9.96e-01	3.60e-03	6.41e-10
 1.09584e+15	9.96e-01	3.63e-03	6.60e-10
 1.09635e+15	9.96e-01	3.66e-03	6.78e-10
 1.09684e+15	9.96e-01	3.69e-03	6.97e-10
 1.09733e+15	9.96e-01	3.72e-03	7.16e-10
 1.09781e+15	9.96e-01	3.75e-03	7.35e-10
 1.09828e+15	9.96e-01	3.79e-03	7.54e-10
 1.09874e+15	9.96e-01	3.83e-03	7.72e-10
 1.09918e+15	9.96e-01	3.87e-03	7.90e-10
