#depth	He	He+	He+2
 5.76640e+12	1.15e-04	6.80e-01	3.20e-01
 3.45984e+13	1.15e-04	6.80e-01	3.20e-01
 1.49926e+14	1.16e-04	6.82e-01	3.18e-01
 6.11238e+14	1.19e-04	6.92e-01	3.08e-01
 1.46005e+15	1.23e-04	7.03e-01	2.97e-01
 2.56351e+15	1.31e-04	7.22e-01	2.78e-01
 3.99800e+15	1.43e-04	7.52e-01	2.48e-01
 5.86285e+15	1.61e-04	7.93e-01	2.07e-01
 8.05530e+15	1.83e-04	8.38e-01	1.61e-01
 1.03776e+16	2.09e-04	8.81e-01	1.18e-01
 1.27929e+16	2.36e-04	9.17e-01	8.24e-02
 1.53047e+16	2.64e-04	9.45e-01	5.47e-02
 1.79171e+16	2.93e-04	9.65e-01	3.50e-02
 2.06339e+16	3.23e-04	9.78e-01	2.17e-02
 2.34594e+16	3.55e-04	9.86e-01	1.32e-02
 2.63979e+16	3.88e-04	9.92e-01	7.85e-03
 2.94540e+16	4.23e-04	9.95e-01	4.61e-03
 3.26323e+16	4.61e-04	9.97e-01	2.68e-03
 3.59377e+16	5.02e-04	9.98e-01	1.54e-03
 3.93753e+16	5.46e-04	9.99e-01	8.83e-04
 4.29505e+16	5.93e-04	9.99e-01	5.03e-04
 4.66686e+16	6.44e-04	9.99e-01	2.86e-04
 5.05355e+16	6.99e-04	9.99e-01	1.62e-04
 5.45571e+16	7.59e-04	9.99e-01	9.23e-05
 5.87395e+16	8.23e-04	9.99e-01	5.26e-05
 6.30892e+16	8.94e-04	9.99e-01	3.00e-05
 6.76129e+16	9.69e-04	9.99e-01	1.72e-05
 7.23176e+16	1.05e-03	9.99e-01	9.92e-06
 7.72104e+16	1.14e-03	9.99e-01	5.74e-06
 8.22990e+16	1.24e-03	9.99e-01	3.33e-06
 8.75911e+16	1.34e-03	9.99e-01	1.95e-06
 9.30949e+16	1.46e-03	9.99e-01	1.14e-06
 9.88188e+16	1.58e-03	9.98e-01	6.70e-07
 1.04772e+17	1.72e-03	9.98e-01	3.95e-07
 1.10963e+17	1.87e-03	9.98e-01	2.34e-07
 1.17401e+17	2.03e-03	9.98e-01	1.38e-07
 1.23866e+17	2.21e-03	9.98e-01	8.39e-08
 1.30589e+17	2.40e-03	9.98e-01	5.06e-08
 1.37611e+17	2.61e-03	9.97e-01	3.07e-08
 1.44480e+17	2.83e-03	9.97e-01	1.92e-08
 1.51826e+17	3.08e-03	9.97e-01	1.18e-08
 1.59425e+17	3.36e-03	9.97e-01	7.41e-09
 1.66408e+17	3.63e-03	9.96e-01	4.94e-09
 1.74096e+17	3.96e-03	9.96e-01	3.21e-09
 1.82424e+17	4.35e-03	9.96e-01	2.11e-09
 1.89879e+17	4.72e-03	9.95e-01	1.51e-09
 1.96817e+17	5.10e-03	9.95e-01	1.14e-09
 2.04786e+17	5.59e-03	9.94e-01	8.56e-10
 2.13378e+17	6.18e-03	9.94e-01	6.70e-10
 2.20964e+17	6.75e-03	9.93e-01	5.65e-10
 2.27888e+17	7.34e-03	9.93e-01	4.98e-10
 2.35763e+17	8.11e-03	9.92e-01	4.45e-10
 2.44173e+17	9.05e-03	9.91e-01	4.09e-10
 2.51429e+17	9.98e-03	9.90e-01	3.89e-10
 2.57870e+17	1.10e-02	9.89e-01	3.75e-10
 2.65102e+17	1.22e-02	9.88e-01	3.65e-10
 2.72791e+17	1.39e-02	9.86e-01	3.57e-10
 2.79306e+17	1.55e-02	9.84e-01	3.53e-10
 2.84919e+17	1.73e-02	9.83e-01	3.51e-10
 2.91126e+17	1.96e-02	9.80e-01	3.50e-10
 2.97722e+17	2.27e-02	9.77e-01	3.50e-10
 3.03247e+17	2.60e-02	9.74e-01	3.51e-10
 3.07880e+17	2.95e-02	9.70e-01	3.52e-10
 3.12927e+17	3.43e-02	9.66e-01	3.54e-10
 3.17988e+17	4.06e-02	9.59e-01	3.57e-10
 3.22043e+17	4.75e-02	9.53e-01	3.59e-10
 3.25533e+17	5.51e-02	9.45e-01	3.64e-10
 3.28733e+17	6.41e-02	9.36e-01	3.68e-10
 3.31612e+17	7.48e-02	9.25e-01	3.71e-10
 3.34192e+17	8.70e-02	9.13e-01	3.77e-10
 3.36648e+17	1.02e-01	8.98e-01	3.81e-10
 3.38859e+17	1.21e-01	8.79e-01	3.84e-10
 3.40716e+17	1.41e-01	8.59e-01	3.88e-10
 3.42311e+17	1.63e-01	8.37e-01	3.95e-10
 3.43802e+17	1.89e-01	8.11e-01	3.98e-10
 3.45224e+17	2.21e-01	7.79e-01	3.99e-10
 3.46512e+17	2.58e-01	7.42e-01	3.97e-10
 3.47658e+17	2.99e-01	7.01e-01	3.98e-10
 3.48720e+17	3.44e-01	6.56e-01	3.94e-10
 3.49748e+17	3.98e-01	6.02e-01	3.81e-10
 3.50741e+17	4.60e-01	5.40e-01	3.65e-10
 3.51699e+17	5.27e-01	4.73e-01	3.43e-10
 3.52786e+17	6.10e-01	3.90e-01	3.11e-10
 3.53986e+17	7.05e-01	2.95e-01	2.55e-10
 3.55138e+17	7.88e-01	2.12e-01	1.99e-10
 3.56443e+17	8.62e-01	1.38e-01	1.42e-10
 3.58140e+17	9.26e-01	7.37e-02	8.15e-11
 3.60048e+17	9.64e-01	3.58e-02	4.33e-11
 3.61753e+17	9.81e-01	1.93e-02	2.50e-11
 3.63088e+17	9.88e-01	1.24e-02	1.71e-11
 3.64168e+17	9.91e-01	8.88e-03	1.30e-11
 3.65157e+17	9.93e-01	6.67e-03	1.04e-11
 3.66113e+17	9.95e-01	5.18e-03	8.88e-12
 3.67012e+17	9.96e-01	4.17e-03	7.89e-12
 3.67819e+17	9.97e-01	3.49e-03	7.45e-12
 3.68531e+17	9.97e-01	3.01e-03	7.27e-12
 3.69174e+17	9.97e-01	2.65e-03	7.36e-12
 3.69770e+17	9.98e-01	2.37e-03	7.65e-12
 3.70328e+17	9.98e-01	2.14e-03	8.17e-12
 3.70846e+17	9.98e-01	1.95e-03	8.94e-12
 3.71318e+17	9.98e-01	1.78e-03	9.95e-12
 3.71711e+17	9.98e-01	1.64e-03	1.11e-11
 3.72008e+17	9.98e-01	1.54e-03	1.21e-11
 3.72245e+17	9.99e-01	1.47e-03	1.33e-11
 3.72451e+17	9.99e-01	1.40e-03	1.44e-11
 3.72639e+17	9.99e-01	1.34e-03	1.56e-11
 3.72814e+17	9.99e-01	1.29e-03	1.69e-11
 3.72973e+17	9.99e-01	1.24e-03	1.82e-11
 3.73119e+17	9.99e-01	1.20e-03	1.95e-11
 3.73257e+17	9.99e-01	1.16e-03	2.10e-11
 3.73387e+17	9.99e-01	1.13e-03	2.24e-11
 3.73488e+17	9.99e-01	1.10e-03	2.37e-11
 3.73561e+17	9.99e-01	1.08e-03	2.47e-11
 3.73634e+17	9.99e-01	1.06e-03	2.58e-11
 3.73714e+17	9.99e-01	1.05e-03	2.71e-11
 3.73796e+17	9.99e-01	1.03e-03	2.84e-11
 3.73875e+17	9.99e-01	1.01e-03	2.98e-11
 3.73951e+17	9.99e-01	9.87e-04	3.12e-11
 3.74028e+17	9.99e-01	9.74e-04	3.28e-11
 3.74105e+17	9.99e-01	9.59e-04	3.44e-11
 3.74180e+17	9.99e-01	9.45e-04	3.62e-11
 3.74253e+17	9.99e-01	9.31e-04	3.80e-11
 3.74326e+17	9.99e-01	9.18e-04	4.00e-11
 3.74400e+17	9.99e-01	9.02e-04	4.19e-11
 3.74473e+17	9.99e-01	8.92e-04	4.42e-11
 3.74545e+17	9.99e-01	8.81e-04	4.64e-11
 3.74615e+17	9.99e-01	8.71e-04	4.89e-11
 3.74684e+17	9.99e-01	8.62e-04	5.15e-11
 3.74754e+17	9.99e-01	8.52e-04	5.41e-11
 3.74824e+17	9.99e-01	8.44e-04	5.71e-11
 3.74893e+17	9.99e-01	8.35e-04	6.00e-11
 3.74961e+17	9.99e-01	8.28e-04	6.32e-11
 3.75026e+17	9.99e-01	8.23e-04	6.65e-11
 3.75091e+17	9.99e-01	8.18e-04	7.00e-11
 3.75156e+17	9.99e-01	8.13e-04	7.38e-11
 3.75218e+17	9.99e-01	8.10e-04	7.76e-11
 3.75278e+17	9.99e-01	8.07e-04	8.15e-11
 3.75338e+17	9.99e-01	8.04e-04	8.55e-11
 3.75396e+17	9.99e-01	8.03e-04	8.99e-11
 3.75452e+17	9.99e-01	8.01e-04	9.41e-11
 3.75507e+17	9.99e-01	8.00e-04	9.85e-11
 3.75561e+17	9.99e-01	7.99e-04	1.03e-10
 3.75612e+17	9.99e-01	7.98e-04	1.07e-10
 3.75662e+17	9.99e-01	7.98e-04	1.12e-10
 3.75709e+17	9.99e-01	7.97e-04	1.16e-10
 3.75752e+17	9.99e-01	7.96e-04	1.20e-10
 3.75788e+17	9.99e-01	7.96e-04	1.23e-10
 3.75818e+17	9.99e-01	7.95e-04	1.26e-10
 3.75843e+17	9.99e-01	7.93e-04	1.28e-10
 3.75867e+17	9.99e-01	7.92e-04	1.30e-10
 3.75887e+17	9.99e-01	7.88e-04	1.31e-10
 3.75905e+17	9.99e-01	7.77e-04	1.31e-10
