#depth	O	O+	O+2	O+3	O+4	O+5	O+6	O+7	O+8	O[1]	O[2]	O[3]
 3.89613e+10	3.05e-03	5.98e-01	3.98e-01	4.00e-04	0.00e+00	0.00e+00	0.00e+00	0.00e+00	0.00e+00	1.77e-03	9.41e-04	3.21e-04
 2.33768e+11	3.04e-03	5.98e-01	3.99e-01	3.98e-04	0.00e+00	0.00e+00	0.00e+00	0.00e+00	0.00e+00	1.77e-03	9.40e-04	3.20e-04
 1.01299e+12	3.04e-03	5.98e-01	3.99e-01	3.93e-04	0.00e+00	0.00e+00	0.00e+00	0.00e+00	0.00e+00	1.77e-03	9.39e-04	3.20e-04
 4.12990e+12	3.04e-03	5.98e-01	3.99e-01	3.72e-04	0.00e+00	0.00e+00	0.00e+00	0.00e+00	0.00e+00	1.77e-03	9.38e-04	3.20e-04
 9.86500e+12	2.97e-03	5.96e-01	4.01e-01	3.49e-04	0.00e+00	0.00e+00	0.00e+00	0.00e+00	0.00e+00	1.73e-03	9.19e-04	3.13e-04
 1.73206e+13	2.92e-03	5.95e-01	4.02e-01	3.17e-04	0.00e+00	0.00e+00	0.00e+00	0.00e+00	0.00e+00	1.70e-03	9.03e-04	3.08e-04
 2.70130e+13	2.88e-03	5.95e-01	4.02e-01	2.77e-04	0.00e+00	0.00e+00	0.00e+00	0.00e+00	0.00e+00	1.68e-03	8.91e-04	3.04e-04
 3.96130e+13	2.85e-03	5.96e-01	4.01e-01	2.30e-04	0.00e+00	0.00e+00	0.00e+00	0.00e+00	0.00e+00	1.66e-03	8.81e-04	3.01e-04
 5.59930e+13	2.84e-03	5.99e-01	3.98e-01	1.79e-04	0.00e+00	0.00e+00	0.00e+00	0.00e+00	0.00e+00	1.65e-03	8.77e-04	2.99e-04
 7.72871e+13	2.85e-03	6.04e-01	3.93e-01	1.28e-04	0.00e+00	0.00e+00	0.00e+00	0.00e+00	0.00e+00	1.66e-03	8.79e-04	3.00e-04
 1.04969e+14	2.88e-03	6.12e-01	3.85e-01	8.16e-05	0.00e+00	0.00e+00	0.00e+00	0.00e+00	0.00e+00	1.68e-03	8.91e-04	3.04e-04
 1.40956e+14	2.97e-03	6.24e-01	3.73e-01	4.53e-05	0.00e+00	0.00e+00	0.00e+00	0.00e+00	0.00e+00	1.73e-03	9.18e-04	3.14e-04
 1.87739e+14	3.13e-03	6.40e-01	3.57e-01	2.13e-05	0.00e+00	0.00e+00	0.00e+00	0.00e+00	0.00e+00	1.82e-03	9.66e-04	3.30e-04
 2.48557e+14	3.40e-03	6.63e-01	3.34e-01	8.21e-06	0.00e+00	0.00e+00	0.00e+00	0.00e+00	0.00e+00	1.98e-03	1.05e-03	3.59e-04
 3.27620e+14	3.87e-03	6.95e-01	3.01e-01	2.61e-06	0.00e+00	0.00e+00	0.00e+00	0.00e+00	0.00e+00	2.25e-03	1.20e-03	4.09e-04
 4.15025e+14	4.55e-03	7.33e-01	2.63e-01	8.80e-07	0.00e+00	0.00e+00	0.00e+00	0.00e+00	0.00e+00	2.65e-03	1.41e-03	4.81e-04
 4.92352e+14	5.42e-03	7.69e-01	2.25e-01	4.08e-07	0.00e+00	0.00e+00	0.00e+00	0.00e+00	0.00e+00	3.16e-03	1.67e-03	5.73e-04
 5.55328e+14	6.42e-03	8.02e-01	1.92e-01	2.38e-07	0.00e+00	0.00e+00	0.00e+00	0.00e+00	0.00e+00	3.74e-03	1.98e-03	6.79e-04
 6.00981e+14	7.37e-03	8.26e-01	1.66e-01	1.64e-07	0.00e+00	0.00e+00	0.00e+00	0.00e+00	0.00e+00	4.29e-03	2.27e-03	7.79e-04
 6.31763e+14	8.18e-03	8.43e-01	1.48e-01	1.25e-07	0.00e+00	0.00e+00	0.00e+00	0.00e+00	0.00e+00	4.77e-03	2.53e-03	8.65e-04
 6.62801e+14	9.16e-03	8.61e-01	1.30e-01	0.00e+00	0.00e+00	0.00e+00	0.00e+00	0.00e+00	0.00e+00	5.34e-03	2.83e-03	9.69e-04
 6.97568e+14	1.05e-02	8.80e-01	1.09e-01	0.00e+00	0.00e+00	0.00e+00	0.00e+00	0.00e+00	0.00e+00	6.11e-03	3.24e-03	1.11e-03
 7.29367e+14	1.20e-02	8.97e-01	9.05e-02	0.00e+00	0.00e+00	0.00e+00	0.00e+00	0.00e+00	0.00e+00	6.99e-03	3.70e-03	1.27e-03
 7.57050e+14	1.37e-02	9.12e-01	7.46e-02	0.00e+00	0.00e+00	0.00e+00	0.00e+00	0.00e+00	0.00e+00	7.96e-03	4.22e-03	1.44e-03
 7.82010e+14	1.55e-02	9.24e-01	6.07e-02	0.00e+00	0.00e+00	0.00e+00	0.00e+00	0.00e+00	0.00e+00	9.02e-03	4.78e-03	1.64e-03
 8.04451e+14	1.75e-02	9.34e-01	4.88e-02	0.00e+00	0.00e+00	0.00e+00	0.00e+00	0.00e+00	0.00e+00	1.02e-02	5.40e-03	1.85e-03
 8.24386e+14	1.97e-02	9.41e-01	3.89e-02	0.00e+00	0.00e+00	0.00e+00	0.00e+00	0.00e+00	0.00e+00	1.15e-02	6.06e-03	2.08e-03
 8.42006e+14	2.20e-02	9.47e-01	3.07e-02	0.00e+00	0.00e+00	0.00e+00	0.00e+00	0.00e+00	0.00e+00	1.28e-02	6.79e-03	2.33e-03
 8.57682e+14	2.44e-02	9.51e-01	2.41e-02	0.00e+00	0.00e+00	0.00e+00	0.00e+00	0.00e+00	0.00e+00	1.42e-02	7.54e-03	2.58e-03
 8.71814e+14	2.71e-02	9.54e-01	1.86e-02	0.00e+00	0.00e+00	0.00e+00	0.00e+00	0.00e+00	0.00e+00	1.58e-02	8.35e-03	2.86e-03
 8.84600e+14	2.98e-02	9.56e-01	1.43e-02	0.00e+00	0.00e+00	0.00e+00	0.00e+00	0.00e+00	0.00e+00	1.74e-02	9.20e-03	3.15e-03
 8.96321e+14	3.28e-02	9.56e-01	1.08e-02	0.00e+00	0.00e+00	0.00e+00	0.00e+00	0.00e+00	0.00e+00	1.91e-02	1.01e-02	3.47e-03
 9.07336e+14	3.61e-02	9.56e-01	8.01e-03	0.00e+00	0.00e+00	0.00e+00	0.00e+00	0.00e+00	0.00e+00	2.10e-02	1.11e-02	3.82e-03
 9.17739e+14	3.97e-02	9.54e-01	5.83e-03	0.00e+00	0.00e+00	0.00e+00	0.00e+00	0.00e+00	0.00e+00	2.31e-02	1.22e-02	4.20e-03
 9.27806e+14	4.36e-02	9.52e-01	4.16e-03	0.00e+00	0.00e+00	0.00e+00	0.00e+00	0.00e+00	0.00e+00	2.54e-02	1.35e-02	4.62e-03
 9.39342e+14	4.91e-02	9.48e-01	2.71e-03	0.00e+00	0.00e+00	0.00e+00	0.00e+00	0.00e+00	0.00e+00	2.86e-02	1.51e-02	5.19e-03
 9.52010e+14	5.64e-02	9.42e-01	1.63e-03	0.00e+00	0.00e+00	0.00e+00	0.00e+00	0.00e+00	0.00e+00	3.29e-02	1.74e-02	5.97e-03
 9.63926e+14	6.51e-02	9.34e-01	9.81e-04	0.00e+00	0.00e+00	0.00e+00	0.00e+00	0.00e+00	0.00e+00	3.79e-02	2.00e-02	6.89e-03
 9.75350e+14	7.60e-02	9.23e-01	5.85e-04	0.00e+00	0.00e+00	0.00e+00	0.00e+00	0.00e+00	0.00e+00	4.44e-02	2.34e-02	8.05e-03
 9.86009e+14	8.89e-02	9.11e-01	3.55e-04	0.00e+00	0.00e+00	0.00e+00	0.00e+00	0.00e+00	0.00e+00	5.19e-02	2.74e-02	9.41e-03
 9.95409e+14	1.04e-01	8.96e-01	2.24e-04	0.00e+00	0.00e+00	0.00e+00	0.00e+00	0.00e+00	0.00e+00	6.09e-02	3.21e-02	1.10e-02
 1.00358e+15	1.21e-01	8.79e-01	1.48e-04	0.00e+00	0.00e+00	0.00e+00	0.00e+00	0.00e+00	0.00e+00	7.06e-02	3.72e-02	1.28e-02
 1.01085e+15	1.40e-01	8.60e-01	9.99e-05	0.00e+00	0.00e+00	0.00e+00	0.00e+00	0.00e+00	0.00e+00	8.17e-02	4.29e-02	1.48e-02
 1.01764e+15	1.62e-01	8.38e-01	6.79e-05	0.00e+00	0.00e+00	0.00e+00	0.00e+00	0.00e+00	0.00e+00	9.48e-02	4.97e-02	1.71e-02
 1.02397e+15	1.88e-01	8.12e-01	4.66e-05	0.00e+00	0.00e+00	0.00e+00	0.00e+00	0.00e+00	0.00e+00	1.10e-01	5.74e-02	1.99e-02
 1.02977e+15	2.17e-01	7.83e-01	3.23e-05	0.00e+00	0.00e+00	0.00e+00	0.00e+00	0.00e+00	0.00e+00	1.27e-01	6.63e-02	2.29e-02
 1.03513e+15	2.50e-01	7.50e-01	2.25e-05	0.00e+00	0.00e+00	0.00e+00	0.00e+00	0.00e+00	0.00e+00	1.47e-01	7.63e-02	2.65e-02
 1.04013e+15	2.88e-01	7.12e-01	1.58e-05	0.00e+00	0.00e+00	0.00e+00	0.00e+00	0.00e+00	0.00e+00	1.69e-01	8.75e-02	3.05e-02
 1.04469e+15	3.29e-01	6.71e-01	1.11e-05	0.00e+00	0.00e+00	0.00e+00	0.00e+00	0.00e+00	0.00e+00	1.94e-01	9.97e-02	3.48e-02
 1.04851e+15	3.68e-01	6.32e-01	8.22e-06	0.00e+00	0.00e+00	0.00e+00	0.00e+00	0.00e+00	0.00e+00	2.17e-01	1.11e-01	3.89e-02
 1.05142e+15	4.02e-01	5.98e-01	6.45e-06	0.00e+00	0.00e+00	0.00e+00	0.00e+00	0.00e+00	0.00e+00	2.38e-01	1.21e-01	4.25e-02
 1.05371e+15	4.30e-01	5.70e-01	5.29e-06	0.00e+00	0.00e+00	0.00e+00	0.00e+00	0.00e+00	0.00e+00	2.55e-01	1.29e-01	4.54e-02
 1.05572e+15	4.56e-01	5.44e-01	4.42e-06	0.00e+00	0.00e+00	0.00e+00	0.00e+00	0.00e+00	0.00e+00	2.71e-01	1.37e-01	4.82e-02
 1.05760e+15	4.82e-01	5.18e-01	3.71e-06	0.00e+00	0.00e+00	0.00e+00	0.00e+00	0.00e+00	0.00e+00	2.86e-01	1.44e-01	5.09e-02
 1.05934e+15	5.07e-01	4.93e-01	3.14e-06	0.00e+00	0.00e+00	0.00e+00	0.00e+00	0.00e+00	0.00e+00	3.02e-01	1.51e-01	5.35e-02
 1.06096e+15	5.30e-01	4.70e-01	2.69e-06	0.00e+00	0.00e+00	0.00e+00	0.00e+00	0.00e+00	0.00e+00	3.16e-01	1.57e-01	5.59e-02
 1.06244e+15	5.52e-01	4.48e-01	2.33e-06	0.00e+00	0.00e+00	0.00e+00	0.00e+00	0.00e+00	0.00e+00	3.30e-01	1.63e-01	5.82e-02
 1.06378e+15	5.71e-01	4.29e-01	2.04e-06	0.00e+00	0.00e+00	0.00e+00	0.00e+00	0.00e+00	0.00e+00	3.42e-01	1.68e-01	6.02e-02
 1.06504e+15	5.91e-01	4.09e-01	1.79e-06	0.00e+00	0.00e+00	0.00e+00	0.00e+00	0.00e+00	0.00e+00	3.55e-01	1.74e-01	6.22e-02
 1.06605e+15	6.05e-01	3.95e-01	1.63e-06	0.00e+00	0.00e+00	0.00e+00	0.00e+00	0.00e+00	0.00e+00	3.64e-01	1.77e-01	6.36e-02
 1.06679e+15	6.16e-01	3.84e-01	1.51e-06	0.00e+00	0.00e+00	0.00e+00	0.00e+00	0.00e+00	0.00e+00	3.71e-01	1.80e-01	6.48e-02
 1.06751e+15	6.27e-01	3.73e-01	1.40e-06	0.00e+00	0.00e+00	0.00e+00	0.00e+00	0.00e+00	0.00e+00	3.78e-01	1.83e-01	6.59e-02
 1.06832e+15	6.39e-01	3.61e-01	1.28e-06	0.00e+00	0.00e+00	0.00e+00	0.00e+00	0.00e+00	0.00e+00	3.86e-01	1.86e-01	6.71e-02
 1.06915e+15	6.52e-01	3.48e-01	1.17e-06	0.00e+00	0.00e+00	0.00e+00	0.00e+00	0.00e+00	0.00e+00	3.94e-01	1.89e-01	6.84e-02
 1.06994e+15	6.63e-01	3.37e-01	1.08e-06	0.00e+00	0.00e+00	0.00e+00	0.00e+00	0.00e+00	0.00e+00	4.01e-01	1.92e-01	6.95e-02
 1.07071e+15	6.75e-01	3.25e-01	9.94e-07	0.00e+00	0.00e+00	0.00e+00	0.00e+00	0.00e+00	0.00e+00	4.09e-01	1.95e-01	7.07e-02
 1.07148e+15	6.86e-01	3.14e-01	9.16e-07	0.00e+00	0.00e+00	0.00e+00	0.00e+00	0.00e+00	0.00e+00	4.16e-01	1.97e-01	7.18e-02
 1.07224e+15	6.98e-01	3.02e-01	8.42e-07	0.00e+00	0.00e+00	0.00e+00	0.00e+00	0.00e+00	0.00e+00	4.24e-01	2.00e-01	7.29e-02
 1.07300e+15	7.08e-01	2.92e-01	7.76e-07	0.00e+00	0.00e+00	0.00e+00	0.00e+00	0.00e+00	0.00e+00	4.31e-01	2.02e-01	7.39e-02
 1.07376e+15	7.19e-01	2.81e-01	7.14e-07	0.00e+00	0.00e+00	0.00e+00	0.00e+00	0.00e+00	0.00e+00	4.39e-01	2.05e-01	7.50e-02
 1.07452e+15	7.29e-01	2.71e-01	6.56e-07	0.00e+00	0.00e+00	0.00e+00	0.00e+00	0.00e+00	0.00e+00	4.46e-01	2.07e-01	7.60e-02
 1.07526e+15	7.39e-01	2.61e-01	6.05e-07	0.00e+00	0.00e+00	0.00e+00	0.00e+00	0.00e+00	0.00e+00	4.53e-01	2.09e-01	7.69e-02
 1.07599e+15	7.49e-01	2.51e-01	5.58e-07	0.00e+00	0.00e+00	0.00e+00	0.00e+00	0.00e+00	0.00e+00	4.59e-01	2.11e-01	7.78e-02
 1.07673e+15	7.59e-01	2.41e-01	5.13e-07	0.00e+00	0.00e+00	0.00e+00	0.00e+00	0.00e+00	0.00e+00	4.66e-01	2.13e-01	7.87e-02
 1.07746e+15	7.68e-01	2.32e-01	4.73e-07	0.00e+00	0.00e+00	0.00e+00	0.00e+00	0.00e+00	0.00e+00	4.73e-01	2.15e-01	7.96e-02
 1.07819e+15	7.77e-01	2.23e-01	4.36e-07	0.00e+00	0.00e+00	0.00e+00	0.00e+00	0.00e+00	0.00e+00	4.80e-01	2.17e-01	8.04e-02
 1.07892e+15	7.86e-01	2.14e-01	4.01e-07	0.00e+00	0.00e+00	0.00e+00	0.00e+00	0.00e+00	0.00e+00	4.86e-01	2.19e-01	8.12e-02
 1.07963e+15	7.95e-01	2.05e-01	3.70e-07	0.00e+00	0.00e+00	0.00e+00	0.00e+00	0.00e+00	0.00e+00	4.92e-01	2.20e-01	8.19e-02
 1.08034e+15	8.03e-01	1.97e-01	3.42e-07	0.00e+00	0.00e+00	0.00e+00	0.00e+00	0.00e+00	0.00e+00	4.98e-01	2.22e-01	8.26e-02
 1.08105e+15	8.11e-01	1.89e-01	3.15e-07	0.00e+00	0.00e+00	0.00e+00	0.00e+00	0.00e+00	0.00e+00	5.05e-01	2.23e-01	8.33e-02
 1.08176e+15	8.19e-01	1.81e-01	2.91e-07	0.00e+00	0.00e+00	0.00e+00	0.00e+00	0.00e+00	0.00e+00	5.10e-01	2.24e-01	8.39e-02
 1.08244e+15	8.26e-01	1.74e-01	2.69e-07	0.00e+00	0.00e+00	0.00e+00	0.00e+00	0.00e+00	0.00e+00	5.16e-01	2.25e-01	8.45e-02
 1.08312e+15	8.33e-01	1.67e-01	2.49e-07	0.00e+00	0.00e+00	0.00e+00	0.00e+00	0.00e+00	0.00e+00	5.22e-01	2.26e-01	8.50e-02
 1.08379e+15	8.40e-01	1.60e-01	2.31e-07	0.00e+00	0.00e+00	0.00e+00	0.00e+00	0.00e+00	0.00e+00	5.27e-01	2.27e-01	8.55e-02
 1.08446e+15	8.46e-01	1.54e-01	2.14e-07	0.00e+00	0.00e+00	0.00e+00	0.00e+00	0.00e+00	0.00e+00	5.32e-01	2.28e-01	8.60e-02
 1.08512e+15	8.53e-01	1.47e-01	1.98e-07	0.00e+00	0.00e+00	0.00e+00	0.00e+00	0.00e+00	0.00e+00	5.37e-01	2.29e-01	8.64e-02
 1.08578e+15	8.59e-01	1.41e-01	1.84e-07	0.00e+00	0.00e+00	0.00e+00	0.00e+00	0.00e+00	0.00e+00	5.42e-01	2.29e-01	8.68e-02
 1.08643e+15	8.64e-01	1.36e-01	1.70e-07	0.00e+00	0.00e+00	0.00e+00	0.00e+00	0.00e+00	0.00e+00	5.47e-01	2.30e-01	8.72e-02
 1.08707e+15	8.70e-01	1.30e-01	1.58e-07	0.00e+00	0.00e+00	0.00e+00	0.00e+00	0.00e+00	0.00e+00	5.52e-01	2.31e-01	8.75e-02
 1.08771e+15	8.75e-01	1.25e-01	1.47e-07	0.00e+00	0.00e+00	0.00e+00	0.00e+00	0.00e+00	0.00e+00	5.56e-01	2.31e-01	8.78e-02
 1.08834e+15	8.80e-01	1.20e-01	1.37e-07	0.00e+00	0.00e+00	0.00e+00	0.00e+00	0.00e+00	0.00e+00	5.61e-01	2.31e-01	8.81e-02
 1.08895e+15	8.85e-01	1.15e-01	1.28e-07	0.00e+00	0.00e+00	0.00e+00	0.00e+00	0.00e+00	0.00e+00	5.65e-01	2.32e-01	8.83e-02
 1.08957e+15	8.90e-01	1.10e-01	1.19e-07	0.00e+00	0.00e+00	0.00e+00	0.00e+00	0.00e+00	0.00e+00	5.69e-01	2.32e-01	8.85e-02
 1.09018e+15	8.94e-01	1.06e-01	1.11e-07	0.00e+00	0.00e+00	0.00e+00	0.00e+00	0.00e+00	0.00e+00	5.73e-01	2.32e-01	8.87e-02
 1.09079e+15	8.99e-01	1.01e-01	1.03e-07	0.00e+00	0.00e+00	0.00e+00	0.00e+00	0.00e+00	0.00e+00	5.77e-01	2.32e-01	8.89e-02
 1.09139e+15	9.03e-01	9.73e-02	9.64e-08	0.00e+00	0.00e+00	0.00e+00	0.00e+00	0.00e+00	0.00e+00	5.81e-01	2.33e-01	8.91e-02
 1.09199e+15	9.07e-01	9.34e-02	9.00e-08	0.00e+00	0.00e+00	0.00e+00	0.00e+00	0.00e+00	0.00e+00	5.85e-01	2.33e-01	8.92e-02
 1.09259e+15	9.10e-01	8.97e-02	8.40e-08	0.00e+00	0.00e+00	0.00e+00	0.00e+00	0.00e+00	0.00e+00	5.88e-01	2.33e-01	8.94e-02
 1.09319e+15	9.14e-01	8.61e-02	7.85e-08	0.00e+00	0.00e+00	0.00e+00	0.00e+00	0.00e+00	0.00e+00	5.92e-01	2.33e-01	8.95e-02
 1.09377e+15	9.17e-01	8.26e-02	7.33e-08	0.00e+00	0.00e+00	0.00e+00	0.00e+00	0.00e+00	0.00e+00	5.95e-01	2.33e-01	8.95e-02
 1.09436e+15	9.21e-01	7.93e-02	6.86e-08	0.00e+00	0.00e+00	0.00e+00	0.00e+00	0.00e+00	0.00e+00	5.98e-01	2.33e-01	8.96e-02
 1.09494e+15	9.24e-01	7.62e-02	6.41e-08	0.00e+00	0.00e+00	0.00e+00	0.00e+00	0.00e+00	0.00e+00	6.02e-01	2.33e-01	8.97e-02
 1.09553e+15	9.27e-01	7.30e-02	6.00e-08	0.00e+00	0.00e+00	0.00e+00	0.00e+00	0.00e+00	0.00e+00	6.05e-01	2.32e-01	8.97e-02
 1.09611e+15	9.30e-01	7.01e-02	5.61e-08	0.00e+00	0.00e+00	0.00e+00	0.00e+00	0.00e+00	0.00e+00	6.08e-01	2.32e-01	8.98e-02
 1.09669e+15	9.33e-01	6.73e-02	5.25e-08	0.00e+00	0.00e+00	0.00e+00	0.00e+00	0.00e+00	0.00e+00	6.11e-01	2.32e-01	8.98e-02
 1.09726e+15	9.35e-01	6.45e-02	4.92e-08	0.00e+00	0.00e+00	0.00e+00	0.00e+00	0.00e+00	0.00e+00	6.14e-01	2.32e-01	8.98e-02
 1.09782e+15	9.38e-01	6.20e-02	4.61e-08	0.00e+00	0.00e+00	0.00e+00	0.00e+00	0.00e+00	0.00e+00	6.16e-01	2.32e-01	8.98e-02
 1.09839e+15	9.40e-01	5.95e-02	4.32e-08	0.00e+00	0.00e+00	0.00e+00	0.00e+00	0.00e+00	0.00e+00	6.19e-01	2.32e-01	8.98e-02
 1.09896e+15	9.43e-01	5.71e-02	4.05e-08	0.00e+00	0.00e+00	0.00e+00	0.00e+00	0.00e+00	0.00e+00	6.22e-01	2.31e-01	8.98e-02
 1.09952e+15	9.45e-01	5.48e-02	3.80e-08	0.00e+00	0.00e+00	0.00e+00	0.00e+00	0.00e+00	0.00e+00	6.24e-01	2.31e-01	8.98e-02
 1.10008e+15	9.47e-01	5.26e-02	3.56e-08	0.00e+00	0.00e+00	0.00e+00	0.00e+00	0.00e+00	0.00e+00	6.27e-01	2.31e-01	8.97e-02
 1.10065e+15	9.50e-01	5.04e-02	3.34e-08	0.00e+00	0.00e+00	0.00e+00	0.00e+00	0.00e+00	0.00e+00	6.29e-01	2.31e-01	8.97e-02
 1.10121e+15	9.52e-01	4.84e-02	3.14e-08	0.00e+00	0.00e+00	0.00e+00	0.00e+00	0.00e+00	0.00e+00	6.31e-01	2.31e-01	8.96e-02
 1.10176e+15	9.54e-01	4.65e-02	2.94e-08	0.00e+00	0.00e+00	0.00e+00	0.00e+00	0.00e+00	0.00e+00	6.34e-01	2.30e-01	8.96e-02
 1.10232e+15	9.55e-01	4.46e-02	2.77e-08	0.00e+00	0.00e+00	0.00e+00	0.00e+00	0.00e+00	0.00e+00	6.36e-01	2.30e-01	8.95e-02
 1.10286e+15	9.57e-01	4.29e-02	2.60e-08	0.00e+00	0.00e+00	0.00e+00	0.00e+00	0.00e+00	0.00e+00	6.38e-01	2.30e-01	8.95e-02
 1.10340e+15	9.59e-01	4.11e-02	2.45e-08	0.00e+00	0.00e+00	0.00e+00	0.00e+00	0.00e+00	0.00e+00	6.40e-01	2.29e-01	8.94e-02
 1.10396e+15	9.61e-01	3.94e-02	2.30e-08	0.00e+00	0.00e+00	0.00e+00	0.00e+00	0.00e+00	0.00e+00	6.42e-01	2.29e-01	8.93e-02
 1.10451e+15	9.62e-01	3.78e-02	2.16e-08	0.00e+00	0.00e+00	0.00e+00	0.00e+00	0.00e+00	0.00e+00	6.44e-01	2.29e-01	8.92e-02
 1.10505e+15	9.64e-01	3.62e-02	2.03e-08	0.00e+00	0.00e+00	0.00e+00	0.00e+00	0.00e+00	0.00e+00	6.46e-01	2.29e-01	8.91e-02
 1.10559e+15	9.65e-01	3.47e-02	1.91e-08	0.00e+00	0.00e+00	0.00e+00	0.00e+00	0.00e+00	0.00e+00	6.48e-01	2.28e-01	8.90e-02
 1.10611e+15	9.67e-01	3.33e-02	1.80e-08	0.00e+00	0.00e+00	0.00e+00	0.00e+00	0.00e+00	0.00e+00	6.50e-01	2.28e-01	8.89e-02
 1.10664e+15	9.68e-01	3.20e-02	1.70e-08	0.00e+00	0.00e+00	0.00e+00	0.00e+00	0.00e+00	0.00e+00	6.52e-01	2.28e-01	8.88e-02
 1.10716e+15	9.69e-01	3.07e-02	1.60e-08	0.00e+00	0.00e+00	0.00e+00	0.00e+00	0.00e+00	0.00e+00	6.53e-01	2.27e-01	8.87e-02
 1.10768e+15	9.71e-01	2.94e-02	1.51e-08	0.00e+00	0.00e+00	0.00e+00	0.00e+00	0.00e+00	0.00e+00	6.55e-01	2.27e-01	8.86e-02
 1.10819e+15	9.72e-01	2.82e-02	1.43e-08	0.00e+00	0.00e+00	0.00e+00	0.00e+00	0.00e+00	0.00e+00	6.57e-01	2.26e-01	8.84e-02
 1.10870e+15	9.73e-01	2.70e-02	1.35e-08	0.00e+00	0.00e+00	0.00e+00	0.00e+00	0.00e+00	0.00e+00	6.59e-01	2.26e-01	8.83e-02
 1.10920e+15	9.74e-01	2.58e-02	1.27e-08	0.00e+00	0.00e+00	0.00e+00	0.00e+00	0.00e+00	0.00e+00	6.60e-01	2.26e-01	8.81e-02
 1.10970e+15	9.75e-01	2.48e-02	1.20e-08	0.00e+00	0.00e+00	0.00e+00	0.00e+00	0.00e+00	0.00e+00	6.62e-01	2.25e-01	8.79e-02
 1.11018e+15	9.76e-01	2.37e-02	1.14e-08	0.00e+00	0.00e+00	0.00e+00	0.00e+00	0.00e+00	0.00e+00	6.64e-01	2.25e-01	8.77e-02
 1.11064e+15	9.77e-01	2.27e-02	1.08e-08	0.00e+00	0.00e+00	0.00e+00	0.00e+00	0.00e+00	0.00e+00	6.65e-01	2.24e-01	8.75e-02
 1.11110e+15	9.78e-01	2.17e-02	1.03e-08	0.00e+00	0.00e+00	0.00e+00	0.00e+00	0.00e+00	0.00e+00	6.67e-01	2.24e-01	8.73e-02
 1.11154e+15	9.79e-01	2.08e-02	9.79e-09	0.00e+00	0.00e+00	0.00e+00	0.00e+00	0.00e+00	0.00e+00	6.69e-01	2.23e-01	8.70e-02
