#depth	He	He+	He+2
 3.85005e+10	1.85e-02	9.77e-01	4.44e-03
 2.31003e+11	1.85e-02	9.77e-01	4.44e-03
 1.00101e+12	1.85e-02	9.77e-01	4.41e-03
 4.08106e+12	1.85e-02	9.77e-01	4.27e-03
 9.74834e+12	1.85e-02	9.77e-01	4.20e-03
 1.71158e+13	1.85e-02	9.78e-01	3.97e-03
 2.66935e+13	1.86e-02	9.78e-01	3.60e-03
 3.91445e+13	1.87e-02	9.78e-01	3.10e-03
 5.53308e+13	1.89e-02	9.79e-01	2.48e-03
 7.63730e+13	1.92e-02	9.79e-01	1.82e-03
 1.03728e+14	1.97e-02	9.79e-01	1.19e-03
 1.39289e+14	2.04e-02	9.79e-01	6.75e-04
 1.85519e+14	2.16e-02	9.78e-01	3.24e-04
 2.45618e+14	2.35e-02	9.76e-01	1.27e-04
 3.23746e+14	2.68e-02	9.73e-01	3.97e-05
 4.07926e+14	3.16e-02	9.68e-01	1.18e-05
 4.79275e+14	3.77e-02	9.62e-01	4.59e-06
 5.34793e+14	4.46e-02	9.55e-01	2.34e-06
 5.74184e+14	5.14e-02	9.49e-01	1.50e-06
 6.01962e+14	5.76e-02	9.42e-01	1.11e-06
 6.30890e+14	6.58e-02	9.34e-01	7.98e-07
 6.68496e+14	7.97e-02	9.20e-01	5.24e-07
 7.04307e+14	9.95e-02	9.00e-01	3.63e-07
 7.29255e+14	1.20e-01	8.80e-01	2.82e-07
 7.48523e+14	1.41e-01	8.59e-01	2.28e-07
 7.66251e+14	1.67e-01	8.33e-01	1.87e-07
 7.83631e+14	2.01e-01	7.99e-01	1.51e-07
 7.99758e+14	2.43e-01	7.57e-01	1.23e-07
 8.13738e+14	2.92e-01	7.08e-01	1.01e-07
 8.25859e+14	3.49e-01	6.51e-01	8.25e-08
 8.36886e+14	4.12e-01	5.88e-01	6.68e-08
 8.47242e+14	4.84e-01	5.16e-01	5.29e-08
 8.57291e+14	5.63e-01	4.37e-01	4.03e-08
 8.66852e+14	6.45e-01	3.55e-01	2.98e-08
 8.77387e+14	7.33e-01	2.67e-01	2.00e-08
 8.91082e+14	8.31e-01	1.69e-01	1.10e-08
 9.05360e+14	9.04e-01	9.59e-02	5.48e-09
 9.17762e+14	9.43e-01	5.66e-02	2.91e-09
 9.28177e+14	9.63e-01	3.65e-02	1.73e-09
 9.36551e+14	9.74e-01	2.58e-02	1.14e-09
 9.43961e+14	9.81e-01	1.90e-02	7.99e-10
 9.51017e+14	9.86e-01	1.43e-02	5.74e-10
 9.57778e+14	9.89e-01	1.09e-02	4.22e-10
 9.63994e+14	9.91e-01	8.60e-03	3.23e-10
 9.69528e+14	9.93e-01	6.99e-03	2.57e-10
 9.74567e+14	9.94e-01	5.81e-03	2.11e-10
 9.79332e+14	9.95e-01	4.91e-03	1.78e-10
 9.83629e+14	9.96e-01	4.26e-03	1.56e-10
 9.87043e+14	9.96e-01	3.84e-03	1.42e-10
 9.89618e+14	9.96e-01	3.56e-03	1.34e-10
 9.91755e+14	9.97e-01	3.35e-03	1.28e-10
 9.93694e+14	9.97e-01	3.18e-03	1.24e-10
 9.95491e+14	9.97e-01	3.03e-03	1.20e-10
 9.97173e+14	9.97e-01	2.92e-03	1.19e-10
 9.98681e+14	9.97e-01	2.82e-03	1.17e-10
 1.00006e+15	9.97e-01	2.74e-03	1.17e-10
 1.00136e+15	9.97e-01	2.67e-03	1.16e-10
 1.00259e+15	9.97e-01	2.61e-03	1.17e-10
 1.00363e+15	9.97e-01	2.57e-03	1.17e-10
 1.00438e+15	9.97e-01	2.54e-03	1.18e-10
 1.00508e+15	9.97e-01	2.51e-03	1.18e-10
 1.00585e+15	9.98e-01	2.48e-03	1.19e-10
 1.00666e+15	9.98e-01	2.45e-03	1.20e-10
 1.00745e+15	9.98e-01	2.43e-03	1.21e-10
 1.00821e+15	9.98e-01	2.41e-03	1.23e-10
 1.00897e+15	9.98e-01	2.39e-03	1.24e-10
 1.00972e+15	9.98e-01	2.37e-03	1.26e-10
 1.01047e+15	9.98e-01	2.35e-03	1.28e-10
 1.01122e+15	9.98e-01	2.34e-03	1.30e-10
 1.01195e+15	9.98e-01	2.33e-03	1.33e-10
 1.01267e+15	9.98e-01	2.32e-03	1.35e-10
 1.01341e+15	9.98e-01	2.31e-03	1.38e-10
 1.01413e+15	9.98e-01	2.30e-03	1.41e-10
 1.01485e+15	9.98e-01	2.29e-03	1.44e-10
 1.01557e+15	9.98e-01	2.29e-03	1.48e-10
 1.01628e+15	9.98e-01	2.28e-03	1.51e-10
 1.01697e+15	9.98e-01	2.28e-03	1.55e-10
 1.01768e+15	9.98e-01	2.28e-03	1.59e-10
 1.01837e+15	9.98e-01	2.28e-03	1.64e-10
 1.01906e+15	9.98e-01	2.28e-03	1.68e-10
 1.01974e+15	9.98e-01	2.28e-03	1.73e-10
 1.02042e+15	9.98e-01	2.28e-03	1.78e-10
 1.02108e+15	9.98e-01	2.29e-03	1.83e-10
 1.02173e+15	9.98e-01	2.29e-03	1.88e-10
 1.02238e+15	9.98e-01	2.30e-03	1.94e-10
 1.02301e+15	9.98e-01	2.30e-03	1.99e-10
 1.02364e+15	9.98e-01	2.31e-03	2.05e-10
 1.02427e+15	9.98e-01	2.32e-03	2.12e-10
 1.02490e+15	9.98e-01	2.32e-03	2.18e-10
 1.02551e+15	9.98e-01	2.33e-03	2.25e-10
 1.02611e+15	9.98e-01	2.34e-03	2.32e-10
 1.02672e+15	9.98e-01	2.35e-03	2.39e-10
 1.02732e+15	9.98e-01	2.36e-03	2.47e-10
 1.02791e+15	9.98e-01	2.37e-03	2.54e-10
 1.02850e+15	9.98e-01	2.38e-03	2.63e-10
 1.02909e+15	9.98e-01	2.39e-03	2.71e-10
 1.02967e+15	9.98e-01	2.41e-03	2.80e-10
 1.03025e+15	9.98e-01	2.42e-03	2.89e-10
 1.03082e+15	9.98e-01	2.43e-03	2.98e-10
 1.03140e+15	9.98e-01	2.45e-03	3.08e-10
 1.03196e+15	9.98e-01	2.46e-03	3.17e-10
 1.03252e+15	9.98e-01	2.47e-03	3.27e-10
 1.03308e+15	9.98e-01	2.48e-03	3.37e-10
 1.03364e+15	9.98e-01	2.50e-03	3.48e-10
 1.03420e+15	9.97e-01	2.51e-03	3.59e-10
 1.03475e+15	9.97e-01	2.53e-03	3.70e-10
 1.03529e+15	9.97e-01	2.54e-03	3.82e-10
 1.03584e+15	9.97e-01	2.56e-03	3.95e-10
 1.03638e+15	9.97e-01	2.58e-03	4.06e-10
 1.03691e+15	9.97e-01	2.60e-03	4.19e-10
 1.03744e+15	9.97e-01	2.61e-03	4.31e-10
 1.03797e+15	9.97e-01	2.63e-03	4.45e-10
 1.03849e+15	9.97e-01	2.65e-03	4.57e-10
 1.03900e+15	9.97e-01	2.67e-03	4.71e-10
 1.03951e+15	9.97e-01	2.69e-03	4.85e-10
 1.04001e+15	9.97e-01	2.71e-03	4.98e-10
 1.04051e+15	9.97e-01	2.73e-03	5.13e-10
 1.04099e+15	9.97e-01	2.75e-03	5.27e-10
 1.04147e+15	9.97e-01	2.77e-03	5.41e-10
 1.04193e+15	9.97e-01	2.80e-03	5.55e-10
 1.04239e+15	9.97e-01	2.82e-03	5.69e-10
 1.04282e+15	9.97e-01	2.85e-03	5.82e-10
 1.04323e+15	9.97e-01	2.88e-03	5.94e-10
 1.04358e+15	9.97e-01	2.90e-03	6.05e-10
