#depth	O	O+	O+2	O+3	O+4	O+5	O+6	O+7	O+8	O[1]	O[2]	O[3]
 2.69797e+09	5.25e-02	9.36e-01	1.12e-02	1.91e-07	0.00e+00	0.00e+00	0.00e+00	0.00e+00	0.00e+00	2.92e-02	1.68e-02	5.52e-03
 1.61878e+10	5.26e-02	9.36e-01	1.12e-02	1.90e-07	0.00e+00	0.00e+00	0.00e+00	0.00e+00	0.00e+00	2.92e-02	1.68e-02	5.53e-03
 7.01473e+10	5.25e-02	9.36e-01	1.12e-02	1.88e-07	0.00e+00	0.00e+00	0.00e+00	0.00e+00	0.00e+00	2.92e-02	1.68e-02	5.52e-03
 2.85985e+11	5.27e-02	9.36e-01	1.09e-02	1.75e-07	0.00e+00	0.00e+00	0.00e+00	0.00e+00	0.00e+00	2.93e-02	1.69e-02	5.54e-03
 6.83127e+11	5.07e-02	9.38e-01	1.10e-02	1.72e-07	0.00e+00	0.00e+00	0.00e+00	0.00e+00	0.00e+00	2.82e-02	1.63e-02	5.33e-03
 1.19941e+12	5.01e-02	9.39e-01	1.06e-02	1.55e-07	0.00e+00	0.00e+00	0.00e+00	0.00e+00	0.00e+00	2.79e-02	1.61e-02	5.28e-03
 1.87058e+12	5.10e-02	9.39e-01	9.90e-03	1.27e-07	0.00e+00	0.00e+00	0.00e+00	0.00e+00	0.00e+00	2.84e-02	1.64e-02	5.37e-03
 2.74310e+12	5.38e-02	9.37e-01	8.69e-03	0.00e+00	0.00e+00	0.00e+00	0.00e+00	0.00e+00	0.00e+00	3.00e-02	1.73e-02	5.67e-03
 3.76788e+12	5.88e-02	9.34e-01	7.23e-03	0.00e+00	0.00e+00	0.00e+00	0.00e+00	0.00e+00	0.00e+00	3.27e-02	1.89e-02	6.20e-03
 4.78721e+12	6.61e-02	9.28e-01	5.78e-03	0.00e+00	0.00e+00	0.00e+00	0.00e+00	0.00e+00	0.00e+00	3.68e-02	2.12e-02	6.97e-03
 5.71771e+12	7.62e-02	9.19e-01	4.49e-03	0.00e+00	0.00e+00	0.00e+00	0.00e+00	0.00e+00	0.00e+00	4.25e-02	2.45e-02	8.04e-03
 6.53358e+12	8.87e-02	9.08e-01	3.44e-03	0.00e+00	0.00e+00	0.00e+00	0.00e+00	0.00e+00	0.00e+00	4.95e-02	2.85e-02	9.36e-03
 7.22323e+12	1.03e-01	8.94e-01	2.64e-03	0.00e+00	0.00e+00	0.00e+00	0.00e+00	0.00e+00	0.00e+00	5.76e-02	3.32e-02	1.09e-02
 7.82211e+12	1.20e-01	8.78e-01	2.02e-03	0.00e+00	0.00e+00	0.00e+00	0.00e+00	0.00e+00	0.00e+00	6.71e-02	3.86e-02	1.27e-02
 8.36040e+12	1.40e-01	8.59e-01	1.54e-03	0.00e+00	0.00e+00	0.00e+00	0.00e+00	0.00e+00	0.00e+00	7.79e-02	4.48e-02	1.47e-02
 8.85905e+12	1.63e-01	8.36e-01	1.16e-03	0.00e+00	0.00e+00	0.00e+00	0.00e+00	0.00e+00	0.00e+00	9.11e-02	5.24e-02	1.72e-02
 9.32098e+12	1.90e-01	8.09e-01	8.69e-04	0.00e+00	0.00e+00	0.00e+00	0.00e+00	0.00e+00	0.00e+00	1.06e-01	6.11e-02	2.01e-02
 9.74628e+12	2.22e-01	7.77e-01	6.44e-04	0.00e+00	0.00e+00	0.00e+00	0.00e+00	0.00e+00	0.00e+00	1.24e-01	7.13e-02	2.34e-02
 1.01421e+13	2.58e-01	7.41e-01	4.72e-04	0.00e+00	0.00e+00	0.00e+00	0.00e+00	0.00e+00	0.00e+00	1.44e-01	8.30e-02	2.73e-02
 1.05028e+13	2.98e-01	7.02e-01	3.47e-04	0.00e+00	0.00e+00	0.00e+00	0.00e+00	0.00e+00	0.00e+00	1.67e-01	9.58e-02	3.15e-02
 1.08074e+13	3.37e-01	6.63e-01	2.62e-04	0.00e+00	0.00e+00	0.00e+00	0.00e+00	0.00e+00	0.00e+00	1.89e-01	1.08e-01	3.57e-02
 1.10426e+13	3.71e-01	6.29e-01	2.08e-04	0.00e+00	0.00e+00	0.00e+00	0.00e+00	0.00e+00	0.00e+00	2.08e-01	1.19e-01	3.93e-02
 1.12303e+13	4.00e-01	5.99e-01	1.72e-04	0.00e+00	0.00e+00	0.00e+00	0.00e+00	0.00e+00	0.00e+00	2.25e-01	1.29e-01	4.24e-02
 1.13993e+13	4.28e-01	5.72e-01	1.44e-04	0.00e+00	0.00e+00	0.00e+00	0.00e+00	0.00e+00	0.00e+00	2.40e-01	1.38e-01	4.53e-02
 1.15592e+13	4.55e-01	5.45e-01	1.21e-04	0.00e+00	0.00e+00	0.00e+00	0.00e+00	0.00e+00	0.00e+00	2.56e-01	1.46e-01	4.82e-02
 1.17068e+13	4.81e-01	5.19e-01	1.03e-04	0.00e+00	0.00e+00	0.00e+00	0.00e+00	0.00e+00	0.00e+00	2.70e-01	1.55e-01	5.10e-02
 1.18413e+13	5.04e-01	4.95e-01	8.81e-05	0.00e+00	0.00e+00	0.00e+00	0.00e+00	0.00e+00	0.00e+00	2.84e-01	1.62e-01	5.35e-02
 1.19647e+13	5.27e-01	4.73e-01	7.64e-05	0.00e+00	0.00e+00	0.00e+00	0.00e+00	0.00e+00	0.00e+00	2.96e-01	1.69e-01	5.59e-02
 1.20805e+13	5.48e-01	4.52e-01	6.67e-05	0.00e+00	0.00e+00	0.00e+00	0.00e+00	0.00e+00	0.00e+00	3.08e-01	1.76e-01	5.81e-02
 1.21911e+13	5.68e-01	4.32e-01	5.85e-05	0.00e+00	0.00e+00	0.00e+00	0.00e+00	0.00e+00	0.00e+00	3.20e-01	1.83e-01	6.03e-02
 1.22974e+13	5.87e-01	4.13e-01	5.15e-05	0.00e+00	0.00e+00	0.00e+00	0.00e+00	0.00e+00	0.00e+00	3.31e-01	1.89e-01	6.23e-02
 1.23838e+13	6.02e-01	3.98e-01	4.66e-05	0.00e+00	0.00e+00	0.00e+00	0.00e+00	0.00e+00	0.00e+00	3.39e-01	1.94e-01	6.39e-02
 1.24473e+13	6.13e-01	3.87e-01	4.32e-05	0.00e+00	0.00e+00	0.00e+00	0.00e+00	0.00e+00	0.00e+00	3.46e-01	1.97e-01	6.51e-02
 1.25078e+13	6.24e-01	3.76e-01	4.01e-05	0.00e+00	0.00e+00	0.00e+00	0.00e+00	0.00e+00	0.00e+00	3.52e-01	2.01e-01	6.63e-02
 1.25744e+13	6.36e-01	3.64e-01	3.68e-05	0.00e+00	0.00e+00	0.00e+00	0.00e+00	0.00e+00	0.00e+00	3.59e-01	2.05e-01	6.76e-02
 1.26441e+13	6.48e-01	3.52e-01	3.38e-05	0.00e+00	0.00e+00	0.00e+00	0.00e+00	0.00e+00	0.00e+00	3.66e-01	2.08e-01	6.89e-02
 1.27133e+13	6.60e-01	3.40e-01	3.10e-05	0.00e+00	0.00e+00	0.00e+00	0.00e+00	0.00e+00	0.00e+00	3.73e-01	2.12e-01	7.02e-02
 1.27814e+13	6.72e-01	3.28e-01	2.85e-05	0.00e+00	0.00e+00	0.00e+00	0.00e+00	0.00e+00	0.00e+00	3.80e-01	2.16e-01	7.14e-02
 1.28476e+13	6.83e-01	3.17e-01	2.62e-05	0.00e+00	0.00e+00	0.00e+00	0.00e+00	0.00e+00	0.00e+00	3.86e-01	2.20e-01	7.26e-02
 1.29136e+13	6.93e-01	3.07e-01	2.41e-05	0.00e+00	0.00e+00	0.00e+00	0.00e+00	0.00e+00	0.00e+00	3.93e-01	2.23e-01	7.38e-02
 1.29811e+13	7.05e-01	2.95e-01	2.21e-05	0.00e+00	0.00e+00	0.00e+00	0.00e+00	0.00e+00	0.00e+00	3.99e-01	2.27e-01	7.50e-02
 1.30482e+13	7.15e-01	2.85e-01	2.03e-05	0.00e+00	0.00e+00	0.00e+00	0.00e+00	0.00e+00	0.00e+00	4.05e-01	2.30e-01	7.61e-02
 1.31150e+13	7.26e-01	2.74e-01	1.86e-05	0.00e+00	0.00e+00	0.00e+00	0.00e+00	0.00e+00	0.00e+00	4.11e-01	2.33e-01	7.73e-02
 1.31814e+13	7.35e-01	2.65e-01	1.71e-05	0.00e+00	0.00e+00	0.00e+00	0.00e+00	0.00e+00	0.00e+00	4.17e-01	2.36e-01	7.83e-02
 1.32481e+13	7.45e-01	2.54e-01	1.57e-05	0.00e+00	0.00e+00	0.00e+00	0.00e+00	0.00e+00	0.00e+00	4.23e-01	2.40e-01	7.94e-02
 1.33155e+13	7.55e-01	2.45e-01	1.44e-05	0.00e+00	0.00e+00	0.00e+00	0.00e+00	0.00e+00	0.00e+00	4.29e-01	2.43e-01	8.05e-02
 1.33817e+13	7.65e-01	2.35e-01	1.32e-05	0.00e+00	0.00e+00	0.00e+00	0.00e+00	0.00e+00	0.00e+00	4.34e-01	2.46e-01	8.14e-02
 1.34475e+13	7.74e-01	2.26e-01	1.21e-05	0.00e+00	0.00e+00	0.00e+00	0.00e+00	0.00e+00	0.00e+00	4.40e-01	2.48e-01	8.24e-02
 1.35144e+13	7.83e-01	2.17e-01	1.11e-05	0.00e+00	0.00e+00	0.00e+00	0.00e+00	0.00e+00	0.00e+00	4.45e-01	2.51e-01	8.34e-02
 1.35811e+13	7.91e-01	2.09e-01	1.02e-05	0.00e+00	0.00e+00	0.00e+00	0.00e+00	0.00e+00	0.00e+00	4.50e-01	2.54e-01	8.43e-02
 1.36478e+13	8.00e-01	2.00e-01	9.36e-06	0.00e+00	0.00e+00	0.00e+00	0.00e+00	0.00e+00	0.00e+00	4.55e-01	2.57e-01	8.52e-02
 1.37145e+13	8.08e-01	1.92e-01	8.59e-06	0.00e+00	0.00e+00	0.00e+00	0.00e+00	0.00e+00	0.00e+00	4.60e-01	2.59e-01	8.60e-02
 1.37813e+13	8.16e-01	1.84e-01	7.88e-06	0.00e+00	0.00e+00	0.00e+00	0.00e+00	0.00e+00	0.00e+00	4.65e-01	2.61e-01	8.69e-02
 1.38487e+13	8.23e-01	1.77e-01	7.22e-06	0.00e+00	0.00e+00	0.00e+00	0.00e+00	0.00e+00	0.00e+00	4.69e-01	2.64e-01	8.77e-02
 1.39153e+13	8.31e-01	1.69e-01	6.62e-06	0.00e+00	0.00e+00	0.00e+00	0.00e+00	0.00e+00	0.00e+00	4.74e-01	2.66e-01	8.85e-02
 1.39821e+13	8.38e-01	1.62e-01	6.07e-06	0.00e+00	0.00e+00	0.00e+00	0.00e+00	0.00e+00	0.00e+00	4.78e-01	2.68e-01	8.92e-02
 1.40494e+13	8.44e-01	1.56e-01	5.56e-06	0.00e+00	0.00e+00	0.00e+00	0.00e+00	0.00e+00	0.00e+00	4.82e-01	2.70e-01	9.00e-02
 1.41163e+13	8.51e-01	1.49e-01	5.11e-06	0.00e+00	0.00e+00	0.00e+00	0.00e+00	0.00e+00	0.00e+00	4.86e-01	2.72e-01	9.07e-02
 1.41826e+13	8.57e-01	1.43e-01	4.69e-06	0.00e+00	0.00e+00	0.00e+00	0.00e+00	0.00e+00	0.00e+00	4.90e-01	2.74e-01	9.13e-02
 1.42487e+13	8.63e-01	1.37e-01	4.31e-06	0.00e+00	0.00e+00	0.00e+00	0.00e+00	0.00e+00	0.00e+00	4.93e-01	2.76e-01	9.19e-02
 1.43144e+13	8.69e-01	1.31e-01	3.95e-06	0.00e+00	0.00e+00	0.00e+00	0.00e+00	0.00e+00	0.00e+00	4.97e-01	2.78e-01	9.26e-02
 1.43801e+13	8.74e-01	1.26e-01	3.63e-06	0.00e+00	0.00e+00	0.00e+00	0.00e+00	0.00e+00	0.00e+00	5.00e-01	2.79e-01	9.31e-02
 1.44460e+13	8.80e-01	1.20e-01	3.34e-06	0.00e+00	0.00e+00	0.00e+00	0.00e+00	0.00e+00	0.00e+00	5.04e-01	2.81e-01	9.37e-02
 1.45115e+13	8.85e-01	1.15e-01	3.07e-06	0.00e+00	0.00e+00	0.00e+00	0.00e+00	0.00e+00	0.00e+00	5.07e-01	2.82e-01	9.42e-02
 1.45764e+13	8.90e-01	1.10e-01	2.83e-06	0.00e+00	0.00e+00	0.00e+00	0.00e+00	0.00e+00	0.00e+00	5.10e-01	2.84e-01	9.47e-02
 1.46413e+13	8.94e-01	1.06e-01	2.60e-06	0.00e+00	0.00e+00	0.00e+00	0.00e+00	0.00e+00	0.00e+00	5.12e-01	2.85e-01	9.51e-02
 1.47068e+13	8.99e-01	1.01e-01	2.40e-06	0.00e+00	0.00e+00	0.00e+00	0.00e+00	0.00e+00	0.00e+00	5.15e-01	2.86e-01	9.56e-02
 1.47728e+13	9.03e-01	9.71e-02	2.20e-06	0.00e+00	0.00e+00	0.00e+00	0.00e+00	0.00e+00	0.00e+00	5.18e-01	2.88e-01	9.60e-02
 1.48385e+13	9.07e-01	9.29e-02	2.03e-06	0.00e+00	0.00e+00	0.00e+00	0.00e+00	0.00e+00	0.00e+00	5.21e-01	2.89e-01	9.65e-02
 1.49042e+13	9.11e-01	8.91e-02	1.87e-06	0.00e+00	0.00e+00	0.00e+00	0.00e+00	0.00e+00	0.00e+00	5.23e-01	2.90e-01	9.68e-02
 1.49700e+13	9.15e-01	8.53e-02	1.72e-06	0.00e+00	0.00e+00	0.00e+00	0.00e+00	0.00e+00	0.00e+00	5.25e-01	2.91e-01	9.72e-02
 1.50355e+13	9.18e-01	8.18e-02	1.59e-06	0.00e+00	0.00e+00	0.00e+00	0.00e+00	0.00e+00	0.00e+00	5.28e-01	2.92e-01	9.76e-02
 1.51015e+13	9.22e-01	7.83e-02	1.46e-06	0.00e+00	0.00e+00	0.00e+00	0.00e+00	0.00e+00	0.00e+00	5.30e-01	2.93e-01	9.79e-02
 1.51685e+13	9.25e-01	7.50e-02	1.34e-06	0.00e+00	0.00e+00	0.00e+00	0.00e+00	0.00e+00	0.00e+00	5.32e-01	2.94e-01	9.82e-02
 1.52361e+13	9.28e-01	7.17e-02	1.24e-06	0.00e+00	0.00e+00	0.00e+00	0.00e+00	0.00e+00	0.00e+00	5.34e-01	2.95e-01	9.85e-02
 1.53030e+13	9.31e-01	6.88e-02	1.14e-06	0.00e+00	0.00e+00	0.00e+00	0.00e+00	0.00e+00	0.00e+00	5.36e-01	2.96e-01	9.88e-02
 1.53697e+13	9.34e-01	6.58e-02	1.05e-06	0.00e+00	0.00e+00	0.00e+00	0.00e+00	0.00e+00	0.00e+00	5.38e-01	2.96e-01	9.91e-02
 1.54374e+13	9.37e-01	6.31e-02	9.66e-07	0.00e+00	0.00e+00	0.00e+00	0.00e+00	0.00e+00	0.00e+00	5.40e-01	2.97e-01	9.94e-02
 1.55064e+13	9.40e-01	6.04e-02	8.89e-07	0.00e+00	0.00e+00	0.00e+00	0.00e+00	0.00e+00	0.00e+00	5.41e-01	2.98e-01	9.96e-02
 1.55752e+13	9.42e-01	5.79e-02	8.19e-07	0.00e+00	0.00e+00	0.00e+00	0.00e+00	0.00e+00	0.00e+00	5.43e-01	2.99e-01	9.99e-02
 1.56436e+13	9.45e-01	5.54e-02	7.54e-07	0.00e+00	0.00e+00	0.00e+00	0.00e+00	0.00e+00	0.00e+00	5.45e-01	2.99e-01	1.00e-01
 1.57125e+13	9.47e-01	5.31e-02	6.95e-07	0.00e+00	0.00e+00	0.00e+00	0.00e+00	0.00e+00	0.00e+00	5.46e-01	3.00e-01	1.00e-01
 1.57828e+13	9.49e-01	5.08e-02	6.39e-07	0.00e+00	0.00e+00	0.00e+00	0.00e+00	0.00e+00	0.00e+00	5.48e-01	3.00e-01	1.01e-01
 1.58545e+13	9.51e-01	4.87e-02	5.87e-07	0.00e+00	0.00e+00	0.00e+00	0.00e+00	0.00e+00	0.00e+00	5.49e-01	3.01e-01	1.01e-01
 1.59262e+13	9.53e-01	4.66e-02	5.40e-07	0.00e+00	0.00e+00	0.00e+00	0.00e+00	0.00e+00	0.00e+00	5.51e-01	3.01e-01	1.01e-01
 1.59975e+13	9.55e-01	4.46e-02	4.97e-07	0.00e+00	0.00e+00	0.00e+00	0.00e+00	0.00e+00	0.00e+00	5.52e-01	3.02e-01	1.01e-01
 1.60699e+13	9.57e-01	4.27e-02	4.57e-07	0.00e+00	0.00e+00	0.00e+00	0.00e+00	0.00e+00	0.00e+00	5.53e-01	3.02e-01	1.01e-01
 1.61443e+13	9.59e-01	4.10e-02	4.20e-07	0.00e+00	0.00e+00	0.00e+00	0.00e+00	0.00e+00	0.00e+00	5.54e-01	3.03e-01	1.01e-01
 1.62191e+13	9.61e-01	3.92e-02	3.86e-07	0.00e+00	0.00e+00	0.00e+00	0.00e+00	0.00e+00	0.00e+00	5.56e-01	3.03e-01	1.02e-01
 1.62937e+13	9.63e-01	3.75e-02	3.54e-07	0.00e+00	0.00e+00	0.00e+00	0.00e+00	0.00e+00	0.00e+00	5.57e-01	3.04e-01	1.02e-01
 1.63699e+13	9.64e-01	3.59e-02	3.25e-07	0.00e+00	0.00e+00	0.00e+00	0.00e+00	0.00e+00	0.00e+00	5.58e-01	3.04e-01	1.02e-01
 1.64472e+13	9.66e-01	3.44e-02	2.99e-07	0.00e+00	0.00e+00	0.00e+00	0.00e+00	0.00e+00	0.00e+00	5.59e-01	3.04e-01	1.02e-01
 1.65248e+13	9.67e-01	3.29e-02	2.74e-07	0.00e+00	0.00e+00	0.00e+00	0.00e+00	0.00e+00	0.00e+00	5.60e-01	3.05e-01	1.02e-01
 1.66035e+13	9.68e-01	3.15e-02	2.52e-07	0.00e+00	0.00e+00	0.00e+00	0.00e+00	0.00e+00	0.00e+00	5.61e-01	3.05e-01	1.02e-01
 1.66838e+13	9.70e-01	3.02e-02	2.31e-07	0.00e+00	0.00e+00	0.00e+00	0.00e+00	0.00e+00	0.00e+00	5.62e-01	3.05e-01	1.02e-01
 1.67650e+13	9.71e-01	2.89e-02	2.11e-07	0.00e+00	0.00e+00	0.00e+00	0.00e+00	0.00e+00	0.00e+00	5.63e-01	3.06e-01	1.02e-01
 1.68471e+13	9.72e-01	2.77e-02	1.94e-07	0.00e+00	0.00e+00	0.00e+00	0.00e+00	0.00e+00	0.00e+00	5.64e-01	3.06e-01	1.02e-01
 1.69304e+13	9.73e-01	2.66e-02	1.78e-07	0.00e+00	0.00e+00	0.00e+00	0.00e+00	0.00e+00	0.00e+00	5.64e-01	3.06e-01	1.03e-01
 1.70143e+13	9.75e-01	2.54e-02	1.63e-07	0.00e+00	0.00e+00	0.00e+00	0.00e+00	0.00e+00	0.00e+00	5.65e-01	3.06e-01	1.03e-01
 1.70996e+13	9.76e-01	2.43e-02	1.49e-07	0.00e+00	0.00e+00	0.00e+00	0.00e+00	0.00e+00	0.00e+00	5.66e-01	3.07e-01	1.03e-01
 1.71873e+13	9.77e-01	2.33e-02	1.36e-07	0.00e+00	0.00e+00	0.00e+00	0.00e+00	0.00e+00	0.00e+00	5.67e-01	3.07e-01	1.03e-01
 1.72763e+13	9.78e-01	2.23e-02	1.24e-07	0.00e+00	0.00e+00	0.00e+00	0.00e+00	0.00e+00	0.00e+00	5.68e-01	3.07e-01	1.03e-01
 1.73663e+13	9.79e-01	2.14e-02	1.14e-07	0.00e+00	0.00e+00	0.00e+00	0.00e+00	0.00e+00	0.00e+00	5.68e-01	3.07e-01	1.03e-01
 1.74573e+13	9.80e-01	2.05e-02	1.04e-07	0.00e+00	0.00e+00	0.00e+00	0.00e+00	0.00e+00	0.00e+00	5.69e-01	3.07e-01	1.03e-01
 1.75501e+13	9.80e-01	1.97e-02	9.49e-08	0.00e+00	0.00e+00	0.00e+00	0.00e+00	0.00e+00	0.00e+00	5.70e-01	3.08e-01	1.03e-01
 1.76441e+13	9.81e-01	1.88e-02	8.67e-08	0.00e+00	0.00e+00	0.00e+00	0.00e+00	0.00e+00	0.00e+00	5.70e-01	3.08e-01	1.03e-01
 1.77380e+13	9.82e-01	1.81e-02	7.92e-08	0.00e+00	0.00e+00	0.00e+00	0.00e+00	0.00e+00	0.00e+00	5.71e-01	3.08e-01	1.03e-01
 1.78345e+13	9.83e-01	1.73e-02	7.23e-08	0.00e+00	0.00e+00	0.00e+00	0.00e+00	0.00e+00	0.00e+00	5.71e-01	3.08e-01	1.03e-01
 1.79336e+13	9.83e-01	1.66e-02	6.58e-08	0.00e+00	0.00e+00	0.00e+00	0.00e+00	0.00e+00	0.00e+00	5.72e-01	3.08e-01	1.03e-01
 1.80347e+13	9.84e-01	1.59e-02	6.00e-08	0.00e+00	0.00e+00	0.00e+00	0.00e+00	0.00e+00	0.00e+00	5.73e-01	3.08e-01	1.03e-01
 1.81374e+13	9.85e-01	1.52e-02	5.46e-08	0.00e+00	0.00e+00	0.00e+00	0.00e+00	0.00e+00	0.00e+00	5.73e-01	3.08e-01	1.03e-01
 1.82406e+13	9.85e-01	1.46e-02	4.97e-08	0.00e+00	0.00e+00	0.00e+00	0.00e+00	0.00e+00	0.00e+00	5.74e-01	3.08e-01	1.03e-01
 1.83451e+13	9.86e-01	1.40e-02	4.53e-08	0.00e+00	0.00e+00	0.00e+00	0.00e+00	0.00e+00	0.00e+00	5.74e-01	3.09e-01	1.03e-01
 1.84501e+13	9.87e-01	1.34e-02	4.13e-08	0.00e+00	0.00e+00	0.00e+00	0.00e+00	0.00e+00	0.00e+00	5.75e-01	3.09e-01	1.03e-01
 1.85561e+13	9.87e-01	1.29e-02	3.76e-08	0.00e+00	0.00e+00	0.00e+00	0.00e+00	0.00e+00	0.00e+00	5.75e-01	3.09e-01	1.03e-01
 1.86645e+13	9.88e-01	1.23e-02	3.42e-08	0.00e+00	0.00e+00	0.00e+00	0.00e+00	0.00e+00	0.00e+00	5.76e-01	3.09e-01	1.03e-01
 1.87766e+13	9.88e-01	1.18e-02	3.10e-08	0.00e+00	0.00e+00	0.00e+00	0.00e+00	0.00e+00	0.00e+00	5.76e-01	3.09e-01	1.03e-01
 1.88909e+13	9.89e-01	1.13e-02	2.82e-08	0.00e+00	0.00e+00	0.00e+00	0.00e+00	0.00e+00	0.00e+00	5.76e-01	3.09e-01	1.03e-01
 1.90041e+13	9.89e-01	1.09e-02	2.56e-08	0.00e+00	0.00e+00	0.00e+00	0.00e+00	0.00e+00	0.00e+00	5.77e-01	3.09e-01	1.03e-01
 1.91173e+13	9.90e-01	1.04e-02	2.33e-08	0.00e+00	0.00e+00	0.00e+00	0.00e+00	0.00e+00	0.00e+00	5.77e-01	3.09e-01	1.03e-01
 1.92324e+13	9.90e-01	1.00e-02	2.12e-08	0.00e+00	0.00e+00	0.00e+00	0.00e+00	0.00e+00	0.00e+00	5.78e-01	3.09e-01	1.03e-01
 1.93463e+13	9.90e-01	9.61e-03	1.93e-08	0.00e+00	0.00e+00	0.00e+00	0.00e+00	0.00e+00	0.00e+00	5.78e-01	3.09e-01	1.03e-01
 1.94599e+13	9.91e-01	9.21e-03	1.76e-08	0.00e+00	0.00e+00	0.00e+00	0.00e+00	0.00e+00	0.00e+00	5.79e-01	3.09e-01	1.03e-01
 1.95773e+13	9.91e-01	8.83e-03	1.60e-08	0.00e+00	0.00e+00	0.00e+00	0.00e+00	0.00e+00	0.00e+00	5.79e-01	3.09e-01	1.03e-01
 1.96969e+13	9.92e-01	8.45e-03	1.45e-08	0.00e+00	0.00e+00	0.00e+00	0.00e+00	0.00e+00	0.00e+00	5.80e-01	3.09e-01	1.03e-01
 1.98155e+13	9.92e-01	8.09e-03	1.32e-08	0.00e+00	0.00e+00	0.00e+00	0.00e+00	0.00e+00	0.00e+00	5.80e-01	3.09e-01	1.03e-01
 1.99327e+13	9.92e-01	7.75e-03	1.20e-08	0.00e+00	0.00e+00	0.00e+00	0.00e+00	0.00e+00	0.00e+00	5.80e-01	3.09e-01	1.03e-01
 2.00502e+13	9.93e-01	7.41e-03	1.09e-08	0.00e+00	0.00e+00	0.00e+00	0.00e+00	0.00e+00	0.00e+00	5.81e-01	3.09e-01	1.03e-01
 2.01669e+13	9.93e-01	7.10e-03	9.95e-09	0.00e+00	0.00e+00	0.00e+00	0.00e+00	0.00e+00	0.00e+00	5.81e-01	3.09e-01	1.03e-01
 2.02828e+13	9.93e-01	6.79e-03	9.08e-09	0.00e+00	0.00e+00	0.00e+00	0.00e+00	0.00e+00	0.00e+00	5.82e-01	3.08e-01	1.03e-01
 2.03990e+13	9.94e-01	6.48e-03	8.27e-09	0.00e+00	0.00e+00	0.00e+00	0.00e+00	0.00e+00	0.00e+00	5.82e-01	3.08e-01	1.03e-01
 2.05148e+13	9.94e-01	6.19e-03	7.55e-09	0.00e+00	0.00e+00	0.00e+00	0.00e+00	0.00e+00	0.00e+00	5.83e-01	3.08e-01	1.03e-01
 2.06290e+13	9.94e-01	5.90e-03	6.89e-09	0.00e+00	0.00e+00	0.00e+00	0.00e+00	0.00e+00	0.00e+00	5.84e-01	3.08e-01	1.03e-01
 2.07410e+13	9.94e-01	5.63e-03	6.30e-09	0.00e+00	0.00e+00	0.00e+00	0.00e+00	0.00e+00	0.00e+00	5.84e-01	3.08e-01	1.02e-01
 2.08513e+13	9.95e-01	5.36e-03	5.77e-09	0.00e+00	0.00e+00	0.00e+00	0.00e+00	0.00e+00	0.00e+00	5.85e-01	3.07e-01	1.02e-01
