#depth	O	O+	O+2	O+3	O+4	O+5	O+6	O+7	O+8	O[1]	O[2]	O[3]
 4.06302e+11	2.91e-05	7.94e-02	9.03e-01	1.72e-02	1.80e-07	0.00e+00	0.00e+00	0.00e+00	0.00e+00	2.02e-05	6.01e-06	2.90e-06
 2.43781e+12	2.91e-05	7.94e-02	9.03e-01	1.71e-02	1.79e-07	0.00e+00	0.00e+00	0.00e+00	0.00e+00	2.02e-05	6.00e-06	2.90e-06
 1.05639e+13	2.91e-05	7.94e-02	9.04e-01	1.69e-02	1.75e-07	0.00e+00	0.00e+00	0.00e+00	0.00e+00	2.02e-05	6.00e-06	2.90e-06
 4.30680e+13	2.92e-05	7.95e-02	9.05e-01	1.59e-02	1.61e-07	0.00e+00	0.00e+00	0.00e+00	0.00e+00	2.03e-05	6.02e-06	2.90e-06
 1.02876e+14	2.92e-05	7.94e-02	9.06e-01	1.47e-02	1.41e-07	0.00e+00	0.00e+00	0.00e+00	0.00e+00	2.03e-05	6.01e-06	2.90e-06
 1.80626e+14	2.92e-05	7.94e-02	9.07e-01	1.31e-02	0.00e+00	0.00e+00	0.00e+00	0.00e+00	0.00e+00	2.03e-05	6.02e-06	2.90e-06
 2.81701e+14	2.93e-05	7.96e-02	9.09e-01	1.13e-02	0.00e+00	0.00e+00	0.00e+00	0.00e+00	0.00e+00	2.04e-05	6.04e-06	2.91e-06
 4.13098e+14	2.95e-05	7.99e-02	9.11e-01	9.24e-03	0.00e+00	0.00e+00	0.00e+00	0.00e+00	0.00e+00	2.05e-05	6.08e-06	2.94e-06
 5.83915e+14	2.99e-05	8.06e-02	9.12e-01	7.09e-03	0.00e+00	0.00e+00	0.00e+00	0.00e+00	0.00e+00	2.08e-05	6.16e-06	2.97e-06
 8.05976e+14	3.05e-05	8.17e-02	9.13e-01	4.99e-03	0.00e+00	0.00e+00	0.00e+00	0.00e+00	0.00e+00	2.12e-05	6.28e-06	3.03e-06
 1.09466e+15	3.14e-05	8.33e-02	9.13e-01	3.15e-03	0.00e+00	0.00e+00	0.00e+00	0.00e+00	0.00e+00	2.18e-05	6.46e-06	3.12e-06
 1.46994e+15	3.27e-05	8.55e-02	9.13e-01	1.73e-03	0.00e+00	0.00e+00	0.00e+00	0.00e+00	0.00e+00	2.27e-05	6.71e-06	3.25e-06
 1.95781e+15	3.44e-05	8.82e-02	9.11e-01	8.07e-04	0.00e+00	0.00e+00	0.00e+00	0.00e+00	0.00e+00	2.39e-05	7.05e-06	3.41e-06
 2.59204e+15	3.66e-05	9.15e-02	9.08e-01	3.08e-04	0.00e+00	0.00e+00	0.00e+00	0.00e+00	0.00e+00	2.54e-05	7.51e-06	3.64e-06
 3.41654e+15	3.97e-05	9.57e-02	9.04e-01	9.44e-05	0.00e+00	0.00e+00	0.00e+00	0.00e+00	0.00e+00	2.76e-05	8.14e-06	3.94e-06
 4.48839e+15	4.41e-05	1.01e-01	8.99e-01	2.36e-05	0.00e+00	0.00e+00	0.00e+00	0.00e+00	0.00e+00	3.07e-05	9.04e-06	4.38e-06
 5.88179e+15	5.08e-05	1.09e-01	8.91e-01	5.58e-06	0.00e+00	0.00e+00	0.00e+00	0.00e+00	0.00e+00	3.54e-05	1.04e-05	5.04e-06
 7.69322e+15	6.13e-05	1.19e-01	8.80e-01	1.84e-06	0.00e+00	0.00e+00	0.00e+00	0.00e+00	0.00e+00	4.27e-05	1.25e-05	6.08e-06
 9.68590e+15	7.49e-05	1.32e-01	8.68e-01	1.10e-06	0.00e+00	0.00e+00	0.00e+00	0.00e+00	0.00e+00	5.22e-05	1.53e-05	7.43e-06
 1.14853e+16	8.99e-05	1.45e-01	8.55e-01	8.73e-07	0.00e+00	0.00e+00	0.00e+00	0.00e+00	0.00e+00	6.27e-05	1.83e-05	8.93e-06
 1.29317e+16	1.04e-04	1.56e-01	8.44e-01	7.55e-07	0.00e+00	0.00e+00	0.00e+00	0.00e+00	0.00e+00	7.27e-05	2.12e-05	1.04e-05
 1.42249e+16	1.20e-04	1.67e-01	8.33e-01	6.70e-07	0.00e+00	0.00e+00	0.00e+00	0.00e+00	0.00e+00	8.39e-05	2.45e-05	1.19e-05
 1.56473e+16	1.41e-04	1.80e-01	8.20e-01	5.90e-07	0.00e+00	0.00e+00	0.00e+00	0.00e+00	0.00e+00	9.86e-05	2.87e-05	1.40e-05
 1.72121e+16	1.70e-04	1.96e-01	8.03e-01	5.12e-07	0.00e+00	0.00e+00	0.00e+00	0.00e+00	0.00e+00	1.18e-04	3.45e-05	1.69e-05
 1.87668e+16	2.04e-04	2.14e-01	7.86e-01	4.44e-07	0.00e+00	0.00e+00	0.00e+00	0.00e+00	0.00e+00	1.42e-04	4.15e-05	2.03e-05
 2.01505e+16	2.42e-04	2.32e-01	7.68e-01	3.91e-07	0.00e+00	0.00e+00	0.00e+00	0.00e+00	0.00e+00	1.69e-04	4.91e-05	2.40e-05
 2.14191e+16	2.85e-04	2.50e-01	7.49e-01	3.46e-07	0.00e+00	0.00e+00	0.00e+00	0.00e+00	0.00e+00	1.99e-04	5.78e-05	2.83e-05
 2.26548e+16	3.36e-04	2.70e-01	7.29e-01	3.05e-07	0.00e+00	0.00e+00	0.00e+00	0.00e+00	0.00e+00	2.35e-04	6.83e-05	3.34e-05
 2.38681e+16	3.98e-04	2.92e-01	7.08e-01	2.66e-07	0.00e+00	0.00e+00	0.00e+00	0.00e+00	0.00e+00	2.78e-04	8.09e-05	3.96e-05
 2.50280e+16	4.72e-04	3.16e-01	6.84e-01	2.34e-07	0.00e+00	0.00e+00	0.00e+00	0.00e+00	0.00e+00	3.29e-04	9.59e-05	4.69e-05
 2.61175e+16	5.58e-04	3.40e-01	6.59e-01	2.05e-07	0.00e+00	0.00e+00	0.00e+00	0.00e+00	0.00e+00	3.89e-04	1.13e-04	5.54e-05
 2.71445e+16	6.58e-04	3.67e-01	6.33e-01	1.80e-07	0.00e+00	0.00e+00	0.00e+00	0.00e+00	0.00e+00	4.59e-04	1.34e-04	6.53e-05
 2.81224e+16	7.75e-04	3.94e-01	6.05e-01	1.56e-07	0.00e+00	0.00e+00	0.00e+00	0.00e+00	0.00e+00	5.40e-04	1.57e-04	7.69e-05
 2.90597e+16	9.14e-04	4.24e-01	5.75e-01	1.35e-07	0.00e+00	0.00e+00	0.00e+00	0.00e+00	0.00e+00	6.37e-04	1.86e-04	9.07e-05
 2.99525e+16	1.08e-03	4.56e-01	5.43e-01	0.00e+00	0.00e+00	0.00e+00	0.00e+00	0.00e+00	0.00e+00	7.51e-04	2.19e-04	1.07e-04
 3.07934e+16	1.27e-03	4.89e-01	5.10e-01	0.00e+00	0.00e+00	0.00e+00	0.00e+00	0.00e+00	0.00e+00	8.84e-04	2.58e-04	1.26e-04
 3.15859e+16	1.49e-03	5.23e-01	4.75e-01	0.00e+00	0.00e+00	0.00e+00	0.00e+00	0.00e+00	0.00e+00	1.04e-03	3.03e-04	1.48e-04
 3.23383e+16	1.75e-03	5.59e-01	4.39e-01	0.00e+00	0.00e+00	0.00e+00	0.00e+00	0.00e+00	0.00e+00	1.22e-03	3.56e-04	1.73e-04
 3.30550e+16	2.05e-03	5.96e-01	4.02e-01	0.00e+00	0.00e+00	0.00e+00	0.00e+00	0.00e+00	0.00e+00	1.43e-03	4.17e-04	2.03e-04
 3.37367e+16	2.40e-03	6.34e-01	3.63e-01	0.00e+00	0.00e+00	0.00e+00	0.00e+00	0.00e+00	0.00e+00	1.67e-03	4.89e-04	2.38e-04
 3.43830e+16	2.80e-03	6.73e-01	3.24e-01	0.00e+00	0.00e+00	0.00e+00	0.00e+00	0.00e+00	0.00e+00	1.95e-03	5.73e-04	2.78e-04
 3.49952e+16	3.27e-03	7.12e-01	2.85e-01	0.00e+00	0.00e+00	0.00e+00	0.00e+00	0.00e+00	0.00e+00	2.28e-03	6.69e-04	3.24e-04
 3.55758e+16	3.83e-03	7.50e-01	2.46e-01	0.00e+00	0.00e+00	0.00e+00	0.00e+00	0.00e+00	0.00e+00	2.66e-03	7.82e-04	3.79e-04
 3.61237e+16	4.45e-03	7.88e-01	2.08e-01	0.00e+00	0.00e+00	0.00e+00	0.00e+00	0.00e+00	0.00e+00	3.10e-03	9.10e-04	4.41e-04
 3.66413e+16	5.17e-03	8.24e-01	1.71e-01	0.00e+00	0.00e+00	0.00e+00	0.00e+00	0.00e+00	0.00e+00	3.60e-03	1.06e-03	5.12e-04
 3.71064e+16	5.93e-03	8.56e-01	1.38e-01	0.00e+00	0.00e+00	0.00e+00	0.00e+00	0.00e+00	0.00e+00	4.13e-03	1.22e-03	5.88e-04
 3.74471e+16	6.62e-03	8.80e-01	1.13e-01	0.00e+00	0.00e+00	0.00e+00	0.00e+00	0.00e+00	0.00e+00	4.61e-03	1.36e-03	6.56e-04
 3.76968e+16	7.19e-03	8.97e-01	9.57e-02	0.00e+00	0.00e+00	0.00e+00	0.00e+00	0.00e+00	0.00e+00	5.00e-03	1.47e-03	7.12e-04
 3.79223e+16	7.76e-03	9.12e-01	8.02e-02	0.00e+00	0.00e+00	0.00e+00	0.00e+00	0.00e+00	0.00e+00	5.40e-03	1.59e-03	7.68e-04
 3.81143e+16	8.32e-03	9.24e-01	6.73e-02	0.00e+00	0.00e+00	0.00e+00	0.00e+00	0.00e+00	0.00e+00	5.79e-03	1.71e-03	8.24e-04
 3.82822e+16	8.86e-03	9.35e-01	5.65e-02	0.00e+00	0.00e+00	0.00e+00	0.00e+00	0.00e+00	0.00e+00	6.16e-03	1.82e-03	8.77e-04
 3.84345e+16	9.29e-03	9.44e-01	4.71e-02	0.00e+00	0.00e+00	0.00e+00	0.00e+00	0.00e+00	0.00e+00	6.46e-03	1.91e-03	9.20e-04
 3.85741e+16	9.74e-03	9.51e-01	3.89e-02	0.00e+00	0.00e+00	0.00e+00	0.00e+00	0.00e+00	0.00e+00	6.77e-03	2.00e-03	9.64e-04
 3.87016e+16	1.02e-02	9.58e-01	3.19e-02	0.00e+00	0.00e+00	0.00e+00	0.00e+00	0.00e+00	0.00e+00	7.08e-03	2.09e-03	1.01e-03
 3.88182e+16	1.06e-02	9.64e-01	2.59e-02	0.00e+00	0.00e+00	0.00e+00	0.00e+00	0.00e+00	0.00e+00	7.38e-03	2.18e-03	1.05e-03
 3.89270e+16	1.10e-02	9.68e-01	2.08e-02	0.00e+00	0.00e+00	0.00e+00	0.00e+00	0.00e+00	0.00e+00	7.67e-03	2.26e-03	1.09e-03
 3.90295e+16	1.14e-02	9.72e-01	1.64e-02	0.00e+00	0.00e+00	0.00e+00	0.00e+00	0.00e+00	0.00e+00	7.96e-03	2.35e-03	1.13e-03
 3.91270e+16	1.18e-02	9.75e-01	1.28e-02	0.00e+00	0.00e+00	0.00e+00	0.00e+00	0.00e+00	0.00e+00	8.24e-03	2.43e-03	1.17e-03
 3.92223e+16	1.22e-02	9.78e-01	9.72e-03	0.00e+00	0.00e+00	0.00e+00	0.00e+00	0.00e+00	0.00e+00	8.52e-03	2.51e-03	1.21e-03
 3.93317e+16	1.28e-02	9.80e-01	6.92e-03	0.00e+00	0.00e+00	0.00e+00	0.00e+00	0.00e+00	0.00e+00	8.88e-03	2.62e-03	1.26e-03
 3.94526e+16	1.33e-02	9.82e-01	4.60e-03	0.00e+00	0.00e+00	0.00e+00	0.00e+00	0.00e+00	0.00e+00	9.26e-03	2.73e-03	1.32e-03
 3.95882e+16	1.40e-02	9.83e-01	2.83e-03	0.00e+00	0.00e+00	0.00e+00	0.00e+00	0.00e+00	0.00e+00	9.74e-03	2.87e-03	1.39e-03
 3.97646e+16	1.49e-02	9.84e-01	1.48e-03	0.00e+00	0.00e+00	0.00e+00	0.00e+00	0.00e+00	0.00e+00	1.04e-02	3.06e-03	1.48e-03
 3.99938e+16	1.63e-02	9.83e-01	6.33e-04	0.00e+00	0.00e+00	0.00e+00	0.00e+00	0.00e+00	0.00e+00	1.14e-02	3.34e-03	1.62e-03
 4.02919e+16	1.85e-02	9.81e-01	2.15e-04	0.00e+00	0.00e+00	0.00e+00	0.00e+00	0.00e+00	0.00e+00	1.29e-02	3.78e-03	1.83e-03
 4.06793e+16	2.21e-02	9.78e-01	5.60e-05	0.00e+00	0.00e+00	0.00e+00	0.00e+00	0.00e+00	0.00e+00	1.54e-02	4.52e-03	2.19e-03
 4.10690e+16	2.72e-02	9.73e-01	1.46e-05	0.00e+00	0.00e+00	0.00e+00	0.00e+00	0.00e+00	0.00e+00	1.90e-02	5.56e-03	2.69e-03
 4.13648e+16	3.28e-02	9.67e-01	5.52e-06	0.00e+00	0.00e+00	0.00e+00	0.00e+00	0.00e+00	0.00e+00	2.28e-02	6.69e-03	3.24e-03
 4.16119e+16	3.91e-02	9.61e-01	2.45e-06	0.00e+00	0.00e+00	0.00e+00	0.00e+00	0.00e+00	0.00e+00	2.73e-02	7.98e-03	3.87e-03
 4.18301e+16	4.66e-02	9.53e-01	1.20e-06	0.00e+00	0.00e+00	0.00e+00	0.00e+00	0.00e+00	0.00e+00	3.25e-02	9.49e-03	4.61e-03
 4.20019e+16	5.46e-02	9.45e-01	6.82e-07	0.00e+00	0.00e+00	0.00e+00	0.00e+00	0.00e+00	0.00e+00	3.81e-02	1.11e-02	5.39e-03
 4.21449e+16	6.31e-02	9.37e-01	4.18e-07	0.00e+00	0.00e+00	0.00e+00	0.00e+00	0.00e+00	0.00e+00	4.41e-02	1.28e-02	6.22e-03
 4.22767e+16	7.32e-02	9.27e-01	2.62e-07	0.00e+00	0.00e+00	0.00e+00	0.00e+00	0.00e+00	0.00e+00	5.12e-02	1.48e-02	7.21e-03
 4.24018e+16	8.56e-02	9.14e-01	1.65e-07	0.00e+00	0.00e+00	0.00e+00	0.00e+00	0.00e+00	0.00e+00	5.99e-02	1.72e-02	8.42e-03
 4.25155e+16	1.00e-01	9.00e-01	1.07e-07	0.00e+00	0.00e+00	0.00e+00	0.00e+00	0.00e+00	0.00e+00	7.02e-02	2.01e-02	9.85e-03
 4.26154e+16	1.17e-01	8.83e-01	7.15e-08	0.00e+00	0.00e+00	0.00e+00	0.00e+00	0.00e+00	0.00e+00	8.21e-02	2.33e-02	1.15e-02
 4.27032e+16	1.36e-01	8.64e-01	4.91e-08	0.00e+00	0.00e+00	0.00e+00	0.00e+00	0.00e+00	0.00e+00	9.54e-02	2.69e-02	1.33e-02
 4.27824e+16	1.57e-01	8.43e-01	3.42e-08	0.00e+00	0.00e+00	0.00e+00	0.00e+00	0.00e+00	0.00e+00	1.11e-01	3.10e-02	1.54e-02
 4.28551e+16	1.83e-01	8.17e-01	2.41e-08	0.00e+00	0.00e+00	0.00e+00	0.00e+00	0.00e+00	0.00e+00	1.29e-01	3.56e-02	1.78e-02
 4.29213e+16	2.11e-01	7.89e-01	1.71e-08	0.00e+00	0.00e+00	0.00e+00	0.00e+00	0.00e+00	0.00e+00	1.50e-01	4.08e-02	2.05e-02
 4.29818e+16	2.44e-01	7.56e-01	1.22e-08	0.00e+00	0.00e+00	0.00e+00	0.00e+00	0.00e+00	0.00e+00	1.74e-01	4.66e-02	2.36e-02
 4.30375e+16	2.81e-01	7.19e-01	8.71e-09	0.00e+00	0.00e+00	0.00e+00	0.00e+00	0.00e+00	0.00e+00	2.01e-01	5.28e-02	2.70e-02
 4.30891e+16	3.23e-01	6.77e-01	6.24e-09	0.00e+00	0.00e+00	0.00e+00	0.00e+00	0.00e+00	0.00e+00	2.32e-01	5.94e-02	3.07e-02
 4.31331e+16	3.64e-01	6.36e-01	4.63e-09	0.00e+00	0.00e+00	0.00e+00	0.00e+00	0.00e+00	0.00e+00	2.64e-01	6.57e-02	3.43e-02
 4.31661e+16	3.99e-01	6.01e-01	3.65e-09	0.00e+00	0.00e+00	0.00e+00	0.00e+00	0.00e+00	0.00e+00	2.91e-01	7.06e-02	3.73e-02
 4.31911e+16	4.28e-01	5.72e-01	3.02e-09	0.00e+00	0.00e+00	0.00e+00	0.00e+00	0.00e+00	0.00e+00	3.13e-01	7.45e-02	3.98e-02
 4.32128e+16	4.54e-01	5.46e-01	2.55e-09	0.00e+00	0.00e+00	0.00e+00	0.00e+00	0.00e+00	0.00e+00	3.34e-01	7.79e-02	4.19e-02
 4.32332e+16	4.81e-01	5.19e-01	2.15e-09	0.00e+00	0.00e+00	0.00e+00	0.00e+00	0.00e+00	0.00e+00	3.56e-01	8.10e-02	4.41e-02
 4.32521e+16	5.06e-01	4.94e-01	1.85e-09	0.00e+00	0.00e+00	0.00e+00	0.00e+00	0.00e+00	0.00e+00	3.76e-01	8.37e-02	4.59e-02
 4.32688e+16	5.29e-01	4.71e-01	1.60e-09	0.00e+00	0.00e+00	0.00e+00	0.00e+00	0.00e+00	0.00e+00	3.95e-01	8.61e-02	4.77e-02
 4.32839e+16	5.50e-01	4.50e-01	1.40e-09	0.00e+00	0.00e+00	0.00e+00	0.00e+00	0.00e+00	0.00e+00	4.12e-01	8.81e-02	4.91e-02
 4.32981e+16	5.70e-01	4.30e-01	1.24e-09	0.00e+00	0.00e+00	0.00e+00	0.00e+00	0.00e+00	0.00e+00	4.30e-01	8.98e-02	5.05e-02
 4.33114e+16	5.89e-01	4.11e-01	1.10e-09	0.00e+00	0.00e+00	0.00e+00	0.00e+00	0.00e+00	0.00e+00	4.46e-01	9.13e-02	5.18e-02
 4.33221e+16	6.04e-01	3.96e-01	9.99e-10	0.00e+00	0.00e+00	0.00e+00	0.00e+00	0.00e+00	0.00e+00	4.59e-01	9.23e-02	5.27e-02
 4.33300e+16	6.16e-01	3.84e-01	9.31e-10	0.00e+00	0.00e+00	0.00e+00	0.00e+00	0.00e+00	0.00e+00	4.69e-01	9.30e-02	5.34e-02
 4.33374e+16	6.27e-01	3.73e-01	8.68e-10	0.00e+00	0.00e+00	0.00e+00	0.00e+00	0.00e+00	0.00e+00	4.79e-01	9.36e-02	5.40e-02
 4.33455e+16	6.39e-01	3.61e-01	8.02e-10	0.00e+00	0.00e+00	0.00e+00	0.00e+00	0.00e+00	0.00e+00	4.90e-01	9.43e-02	5.47e-02
 4.33539e+16	6.51e-01	3.49e-01	7.41e-10	0.00e+00	0.00e+00	0.00e+00	0.00e+00	0.00e+00	0.00e+00	5.01e-01	9.48e-02	5.54e-02
 4.33621e+16	6.63e-01	3.37e-01	6.85e-10	0.00e+00	0.00e+00	0.00e+00	0.00e+00	0.00e+00	0.00e+00	5.12e-01	9.53e-02	5.60e-02
 4.33701e+16	6.74e-01	3.26e-01	6.34e-10	0.00e+00	0.00e+00	0.00e+00	0.00e+00	0.00e+00	0.00e+00	5.22e-01	9.57e-02	5.65e-02
 4.33780e+16	6.86e-01	3.14e-01	5.87e-10	0.00e+00	0.00e+00	0.00e+00	0.00e+00	0.00e+00	0.00e+00	5.33e-01	9.60e-02	5.70e-02
 4.33859e+16	6.97e-01	3.03e-01	5.44e-10	0.00e+00	0.00e+00	0.00e+00	0.00e+00	0.00e+00	0.00e+00	5.43e-01	9.62e-02	5.75e-02
 4.33937e+16	7.08e-01	2.92e-01	5.03e-10	0.00e+00	0.00e+00	0.00e+00	0.00e+00	0.00e+00	0.00e+00	5.53e-01	9.63e-02	5.79e-02
 4.34014e+16	7.18e-01	2.82e-01	4.66e-10	0.00e+00	0.00e+00	0.00e+00	0.00e+00	0.00e+00	0.00e+00	5.64e-01	9.64e-02	5.82e-02
 4.34090e+16	7.29e-01	2.71e-01	4.32e-10	0.00e+00	0.00e+00	0.00e+00	0.00e+00	0.00e+00	0.00e+00	5.74e-01	9.63e-02	5.84e-02
 4.34165e+16	7.39e-01	2.61e-01	4.01e-10	0.00e+00	0.00e+00	0.00e+00	0.00e+00	0.00e+00	0.00e+00	5.84e-01	9.62e-02	5.86e-02
 4.34241e+16	7.49e-01	2.51e-01	3.71e-10	0.00e+00	0.00e+00	0.00e+00	0.00e+00	0.00e+00	0.00e+00	5.94e-01	9.60e-02	5.88e-02
 4.34315e+16	7.58e-01	2.42e-01	3.45e-10	0.00e+00	0.00e+00	0.00e+00	0.00e+00	0.00e+00	0.00e+00	6.04e-01	9.57e-02	5.89e-02
 4.34388e+16	7.68e-01	2.32e-01	3.20e-10	0.00e+00	0.00e+00	0.00e+00	0.00e+00	0.00e+00	0.00e+00	6.13e-01	9.54e-02	5.89e-02
 4.34461e+16	7.77e-01	2.23e-01	2.97e-10	0.00e+00	0.00e+00	0.00e+00	0.00e+00	0.00e+00	0.00e+00	6.23e-01	9.50e-02	5.90e-02
 4.34534e+16	7.86e-01	2.14e-01	2.76e-10	0.00e+00	0.00e+00	0.00e+00	0.00e+00	0.00e+00	0.00e+00	6.32e-01	9.46e-02	5.89e-02
 4.34607e+16	7.95e-01	2.05e-01	2.56e-10	0.00e+00	0.00e+00	0.00e+00	0.00e+00	0.00e+00	0.00e+00	6.42e-01	9.40e-02	5.88e-02
 4.34678e+16	8.03e-01	1.97e-01	2.38e-10	0.00e+00	0.00e+00	0.00e+00	0.00e+00	0.00e+00	0.00e+00	6.51e-01	9.35e-02	5.87e-02
 4.34748e+16	8.11e-01	1.89e-01	2.21e-10	0.00e+00	0.00e+00	0.00e+00	0.00e+00	0.00e+00	0.00e+00	6.59e-01	9.29e-02	5.86e-02
 4.34818e+16	8.19e-01	1.81e-01	2.05e-10	0.00e+00	0.00e+00	0.00e+00	0.00e+00	0.00e+00	0.00e+00	6.68e-01	9.23e-02	5.84e-02
 4.34888e+16	8.26e-01	1.74e-01	1.91e-10	0.00e+00	0.00e+00	0.00e+00	0.00e+00	0.00e+00	0.00e+00	6.76e-01	9.16e-02	5.82e-02
 4.34956e+16	8.33e-01	1.67e-01	1.78e-10	0.00e+00	0.00e+00	0.00e+00	0.00e+00	0.00e+00	0.00e+00	6.85e-01	9.09e-02	5.79e-02
 4.35023e+16	8.40e-01	1.60e-01	1.66e-10	0.00e+00	0.00e+00	0.00e+00	0.00e+00	0.00e+00	0.00e+00	6.93e-01	9.01e-02	5.76e-02
 4.35088e+16	8.47e-01	1.53e-01	1.55e-10	0.00e+00	0.00e+00	0.00e+00	0.00e+00	0.00e+00	0.00e+00	7.00e-01	8.94e-02	5.73e-02
 4.35154e+16	8.53e-01	1.47e-01	1.45e-10	0.00e+00	0.00e+00	0.00e+00	0.00e+00	0.00e+00	0.00e+00	7.08e-01	8.86e-02	5.70e-02
 4.35218e+16	8.59e-01	1.41e-01	1.35e-10	0.00e+00	0.00e+00	0.00e+00	0.00e+00	0.00e+00	0.00e+00	7.15e-01	8.78e-02	5.66e-02
 4.35280e+16	8.65e-01	1.35e-01	1.27e-10	0.00e+00	0.00e+00	0.00e+00	0.00e+00	0.00e+00	0.00e+00	7.22e-01	8.70e-02	5.63e-02
 4.35341e+16	8.70e-01	1.30e-01	1.19e-10	0.00e+00	0.00e+00	0.00e+00	0.00e+00	0.00e+00	0.00e+00	7.28e-01	8.63e-02	5.59e-02
 4.35403e+16	8.76e-01	1.24e-01	1.11e-10	0.00e+00	0.00e+00	0.00e+00	0.00e+00	0.00e+00	0.00e+00	7.35e-01	8.54e-02	5.55e-02
 4.35464e+16	8.81e-01	1.19e-01	1.05e-10	0.00e+00	0.00e+00	0.00e+00	0.00e+00	0.00e+00	0.00e+00	7.41e-01	8.46e-02	5.51e-02
 4.35523e+16	8.86e-01	1.14e-01	9.83e-11	0.00e+00	0.00e+00	0.00e+00	0.00e+00	0.00e+00	0.00e+00	7.47e-01	8.38e-02	5.46e-02
 4.35581e+16	8.90e-01	1.10e-01	9.25e-11	0.00e+00	0.00e+00	0.00e+00	0.00e+00	0.00e+00	0.00e+00	7.53e-01	8.30e-02	5.42e-02
 4.35638e+16	8.95e-01	1.05e-01	8.71e-11	0.00e+00	0.00e+00	0.00e+00	0.00e+00	0.00e+00	0.00e+00	7.59e-01	8.22e-02	5.38e-02
 4.35693e+16	8.99e-01	1.01e-01	8.21e-11	0.00e+00	0.00e+00	0.00e+00	0.00e+00	0.00e+00	0.00e+00	7.65e-01	8.14e-02	5.33e-02
 4.35749e+16	9.03e-01	9.67e-02	7.75e-11	0.00e+00	0.00e+00	0.00e+00	0.00e+00	0.00e+00	0.00e+00	7.70e-01	8.06e-02	5.28e-02
 4.35804e+16	9.07e-01	9.26e-02	7.31e-11	0.00e+00	0.00e+00	0.00e+00	0.00e+00	0.00e+00	0.00e+00	7.75e-01	7.98e-02	5.24e-02
 4.35857e+16	9.11e-01	8.89e-02	6.91e-11	0.00e+00	0.00e+00	0.00e+00	0.00e+00	0.00e+00	0.00e+00	7.80e-01	7.90e-02	5.19e-02
 4.35909e+16	9.15e-01	8.52e-02	6.54e-11	0.00e+00	0.00e+00	0.00e+00	0.00e+00	0.00e+00	0.00e+00	7.85e-01	7.81e-02	5.14e-02
 4.35960e+16	9.18e-01	8.16e-02	6.20e-11	0.00e+00	0.00e+00	0.00e+00	0.00e+00	0.00e+00	0.00e+00	7.90e-01	7.73e-02	5.09e-02
 4.36010e+16	9.22e-01	7.82e-02	5.88e-11	0.00e+00	0.00e+00	0.00e+00	0.00e+00	0.00e+00	0.00e+00	7.95e-01	7.65e-02	5.04e-02
 4.36058e+16	9.25e-01	7.50e-02	5.59e-11	0.00e+00	0.00e+00	0.00e+00	0.00e+00	0.00e+00	0.00e+00	8.00e-01	7.56e-02	4.98e-02
 4.36105e+16	9.28e-01	7.18e-02	5.32e-11	0.00e+00	0.00e+00	0.00e+00	0.00e+00	0.00e+00	0.00e+00	8.04e-01	7.47e-02	4.93e-02
 4.36151e+16	9.31e-01	6.87e-02	5.07e-11	0.00e+00	0.00e+00	0.00e+00	0.00e+00	0.00e+00	0.00e+00	8.09e-01	7.38e-02	4.87e-02
 4.36191e+16	9.34e-01	6.60e-02	4.86e-11	0.00e+00	0.00e+00	0.00e+00	0.00e+00	0.00e+00	0.00e+00	8.13e-01	7.30e-02	4.82e-02
 4.36226e+16	9.36e-01	6.36e-02	4.68e-11	0.00e+00	0.00e+00	0.00e+00	0.00e+00	0.00e+00	0.00e+00	8.17e-01	7.22e-02	4.76e-02
 4.36255e+16	9.38e-01	6.15e-02	4.54e-11	0.00e+00	0.00e+00	0.00e+00	0.00e+00	0.00e+00	0.00e+00	8.20e-01	7.15e-02	4.72e-02
 4.36281e+16	9.40e-01	5.97e-02	4.42e-11	0.00e+00	0.00e+00	0.00e+00	0.00e+00	0.00e+00	0.00e+00	8.23e-01	7.09e-02	4.67e-02
