#depth	He	He+	He+2
 3.86783e+10	1.80e-02	9.77e-01	4.57e-03
 2.32070e+11	1.80e-02	9.77e-01	4.56e-03
 1.00564e+12	1.80e-02	9.77e-01	4.54e-03
 4.09990e+12	1.80e-02	9.78e-01	4.40e-03
 9.79334e+12	1.80e-02	9.78e-01	4.32e-03
 1.71948e+13	1.80e-02	9.78e-01	4.10e-03
 2.68167e+13	1.81e-02	9.78e-01	3.72e-03
 3.93252e+13	1.82e-02	9.79e-01	3.20e-03
 5.55863e+13	1.84e-02	9.79e-01	2.57e-03
 7.67256e+13	1.87e-02	9.79e-01	1.89e-03
 1.04207e+14	1.91e-02	9.80e-01	1.23e-03
 1.39932e+14	1.98e-02	9.79e-01	7.02e-04
 1.86375e+14	2.10e-02	9.79e-01	3.37e-04
 2.46752e+14	2.28e-02	9.77e-01	1.33e-04
 3.25240e+14	2.59e-02	9.74e-01	4.14e-05
 4.10048e+14	3.04e-02	9.70e-01	1.23e-05
 4.83374e+14	3.62e-02	9.64e-01	4.68e-06
 5.42048e+14	4.30e-02	9.57e-01	2.31e-06
 5.83606e+14	4.96e-02	9.50e-01	1.45e-06
 6.12110e+14	5.55e-02	9.44e-01	1.06e-06
 6.41404e+14	6.33e-02	9.37e-01	7.69e-07
 6.79487e+14	7.64e-02	9.24e-01	5.06e-07
 7.16343e+14	9.52e-02	9.05e-01	3.49e-07
 7.42514e+14	1.15e-01	8.85e-01	2.69e-07
 7.62505e+14	1.35e-01	8.65e-01	2.17e-07
 7.80708e+14	1.59e-01	8.41e-01	1.78e-07
 7.98662e+14	1.91e-01	8.09e-01	1.44e-07
 8.15496e+14	2.32e-01	7.68e-01	1.17e-07
 8.30032e+14	2.80e-01	7.20e-01	9.60e-08
 8.42468e+14	3.32e-01	6.68e-01	7.88e-08
 8.53897e+14	3.93e-01	6.07e-01	6.42e-08
 8.64741e+14	4.63e-01	5.37e-01	5.10e-08
 8.75061e+14	5.41e-01	4.59e-01	3.93e-08
 8.85145e+14	6.25e-01	3.75e-01	2.90e-08
 8.95026e+14	7.08e-01	2.92e-01	2.05e-08
 9.06234e+14	7.93e-01	2.07e-01	1.29e-08
 9.20805e+14	8.78e-01	1.22e-01	6.61e-09
 9.35931e+14	9.34e-01	6.59e-02	3.14e-09
 9.48750e+14	9.61e-01	3.87e-02	1.67e-09
 9.58669e+14	9.74e-01	2.60e-02	1.04e-09
 9.65754e+14	9.80e-01	1.97e-02	7.54e-10
 9.71927e+14	9.85e-01	1.54e-02	5.68e-10
 9.79011e+14	9.88e-01	1.16e-02	4.10e-10
 9.86398e+14	9.91e-01	8.80e-03	3.01e-10
 9.92277e+14	9.93e-01	7.14e-03	2.40e-10
 9.96899e+14	9.94e-01	6.08e-03	2.03e-10
 1.00118e+15	9.95e-01	5.24e-03	1.75e-10
 1.00518e+15	9.95e-01	4.61e-03	1.56e-10
 1.00843e+15	9.96e-01	4.18e-03	1.43e-10
 1.01092e+15	9.96e-01	3.90e-03	1.36e-10
 1.01296e+15	9.96e-01	3.68e-03	1.31e-10
 1.01484e+15	9.96e-01	3.51e-03	1.27e-10
 1.01661e+15	9.97e-01	3.35e-03	1.24e-10
 1.01826e+15	9.97e-01	3.23e-03	1.22e-10
 1.01974e+15	9.97e-01	3.12e-03	1.21e-10
 1.02112e+15	9.97e-01	3.04e-03	1.21e-10
 1.02242e+15	9.97e-01	2.96e-03	1.20e-10
 1.02343e+15	9.97e-01	2.92e-03	1.21e-10
 1.02416e+15	9.97e-01	2.88e-03	1.21e-10
 1.02489e+15	9.97e-01	2.85e-03	1.22e-10
 1.02568e+15	9.97e-01	2.81e-03	1.22e-10
 1.02650e+15	9.97e-01	2.78e-03	1.23e-10
 1.02730e+15	9.97e-01	2.75e-03	1.24e-10
 1.02807e+15	9.97e-01	2.73e-03	1.26e-10
 1.02884e+15	9.97e-01	2.70e-03	1.27e-10
 1.02961e+15	9.97e-01	2.68e-03	1.29e-10
 1.03036e+15	9.97e-01	2.66e-03	1.31e-10
 1.03110e+15	9.97e-01	2.64e-03	1.33e-10
 1.03185e+15	9.97e-01	2.62e-03	1.35e-10
 1.03260e+15	9.97e-01	2.61e-03	1.38e-10
 1.03333e+15	9.97e-01	2.60e-03	1.40e-10
 1.03407e+15	9.97e-01	2.59e-03	1.43e-10
 1.03479e+15	9.97e-01	2.58e-03	1.46e-10
 1.03551e+15	9.97e-01	2.57e-03	1.50e-10
 1.03623e+15	9.97e-01	2.56e-03	1.53e-10
 1.03694e+15	9.97e-01	2.56e-03	1.57e-10
 1.03765e+15	9.97e-01	2.56e-03	1.61e-10
 1.03836e+15	9.97e-01	2.56e-03	1.65e-10
 1.03906e+15	9.97e-01	2.56e-03	1.70e-10
 1.03975e+15	9.97e-01	2.56e-03	1.75e-10
 1.04043e+15	9.97e-01	2.56e-03	1.79e-10
 1.04111e+15	9.97e-01	2.56e-03	1.85e-10
 1.04178e+15	9.97e-01	2.56e-03	1.90e-10
 1.04243e+15	9.97e-01	2.57e-03	1.96e-10
 1.04308e+15	9.97e-01	2.57e-03	2.01e-10
 1.04373e+15	9.97e-01	2.58e-03	2.08e-10
 1.04437e+15	9.97e-01	2.59e-03	2.14e-10
 1.04500e+15	9.97e-01	2.60e-03	2.21e-10
 1.04562e+15	9.97e-01	2.60e-03	2.27e-10
 1.04624e+15	9.97e-01	2.61e-03	2.34e-10
 1.04685e+15	9.97e-01	2.62e-03	2.42e-10
 1.04746e+15	9.97e-01	2.63e-03	2.49e-10
 1.04806e+15	9.97e-01	2.65e-03	2.57e-10
 1.04866e+15	9.97e-01	2.66e-03	2.65e-10
 1.04925e+15	9.97e-01	2.67e-03	2.74e-10
 1.04984e+15	9.97e-01	2.68e-03	2.83e-10
 1.05043e+15	9.97e-01	2.70e-03	2.92e-10
 1.05101e+15	9.97e-01	2.71e-03	3.01e-10
 1.05159e+15	9.97e-01	2.72e-03	3.10e-10
 1.05217e+15	9.97e-01	2.74e-03	3.21e-10
 1.05275e+15	9.97e-01	2.75e-03	3.31e-10
 1.05332e+15	9.97e-01	2.77e-03	3.42e-10
 1.05388e+15	9.97e-01	2.78e-03	3.53e-10
 1.05444e+15	9.97e-01	2.80e-03	3.63e-10
 1.05500e+15	9.97e-01	2.81e-03	3.75e-10
 1.05556e+15	9.97e-01	2.83e-03	3.87e-10
 1.05612e+15	9.97e-01	2.85e-03	4.00e-10
 1.05667e+15	9.97e-01	2.87e-03	4.13e-10
 1.05721e+15	9.97e-01	2.88e-03	4.26e-10
 1.05775e+15	9.97e-01	2.90e-03	4.39e-10
 1.05830e+15	9.97e-01	2.92e-03	4.52e-10
 1.05885e+15	9.97e-01	2.94e-03	4.67e-10
 1.05939e+15	9.97e-01	2.96e-03	4.81e-10
 1.05991e+15	9.97e-01	2.98e-03	4.96e-10
 1.06044e+15	9.97e-01	3.00e-03	5.10e-10
 1.06096e+15	9.97e-01	3.02e-03	5.25e-10
 1.06147e+15	9.97e-01	3.04e-03	5.40e-10
 1.06198e+15	9.97e-01	3.06e-03	5.56e-10
 1.06248e+15	9.97e-01	3.09e-03	5.72e-10
 1.06298e+15	9.97e-01	3.11e-03	5.88e-10
 1.06347e+15	9.97e-01	3.14e-03	6.04e-10
 1.06394e+15	9.97e-01	3.16e-03	6.20e-10
 1.06441e+15	9.97e-01	3.19e-03	6.36e-10
 1.06486e+15	9.97e-01	3.22e-03	6.52e-10
 1.06529e+15	9.97e-01	3.26e-03	6.67e-10
 1.06570e+15	9.97e-01	3.29e-03	6.81e-10
