#depth	He	He+	He+2
 5.59241e+12	1.31e-04	7.00e-01	2.99e-01
 3.35544e+13	1.31e-04	7.01e-01	2.99e-01
 1.45403e+14	1.32e-04	7.03e-01	2.97e-01
 5.92795e+14	1.35e-04	7.13e-01	2.87e-01
 1.41600e+15	1.39e-04	7.23e-01	2.77e-01
 2.48616e+15	1.46e-04	7.42e-01	2.58e-01
 3.87737e+15	1.58e-04	7.70e-01	2.30e-01
 5.68595e+15	1.77e-04	8.08e-01	1.91e-01
 7.84242e+15	2.01e-04	8.51e-01	1.48e-01
 1.01563e+16	2.28e-04	8.92e-01	1.08e-01
 1.25626e+16	2.56e-04	9.25e-01	7.46e-02
 1.50653e+16	2.86e-04	9.50e-01	4.93e-02
 1.76680e+16	3.17e-04	9.68e-01	3.14e-02
 2.03749e+16	3.49e-04	9.80e-01	1.94e-02
 2.31900e+16	3.83e-04	9.88e-01	1.18e-02
 2.61178e+16	4.18e-04	9.93e-01	6.99e-03
 2.91626e+16	4.56e-04	9.95e-01	4.11e-03
 3.23293e+16	4.97e-04	9.97e-01	2.38e-03
 3.56226e+16	5.41e-04	9.98e-01	1.37e-03
 3.90476e+16	5.88e-04	9.99e-01	7.86e-04
 4.26096e+16	6.39e-04	9.99e-01	4.48e-04
 4.63142e+16	6.94e-04	9.99e-01	2.55e-04
 5.01669e+16	7.54e-04	9.99e-01	1.45e-04
 5.41737e+16	8.18e-04	9.99e-01	8.21e-05
 5.83408e+16	8.88e-04	9.99e-01	4.68e-05
 6.26745e+16	9.64e-04	9.99e-01	2.67e-05
 6.71817e+16	1.05e-03	9.99e-01	1.53e-05
 7.18691e+16	1.13e-03	9.99e-01	8.82e-06
 7.67440e+16	1.23e-03	9.99e-01	5.10e-06
 8.18139e+16	1.34e-03	9.99e-01	2.97e-06
 8.70866e+16	1.45e-03	9.99e-01	1.73e-06
 9.25702e+16	1.57e-03	9.98e-01	1.01e-06
 9.82731e+16	1.71e-03	9.98e-01	5.95e-07
 1.04204e+17	1.86e-03	9.98e-01	3.51e-07
 1.10372e+17	2.02e-03	9.98e-01	2.07e-07
 1.16788e+17	2.20e-03	9.98e-01	1.23e-07
 1.23201e+17	2.38e-03	9.98e-01	7.46e-08
 1.29481e+17	2.58e-03	9.97e-01	4.66e-08
 1.36272e+17	2.80e-03	9.97e-01	2.84e-08
 1.43497e+17	3.05e-03	9.97e-01	1.73e-08
 1.50474e+17	3.31e-03	9.97e-01	1.10e-08
 1.57182e+17	3.57e-03	9.96e-01	7.22e-09
 1.64696e+17	3.90e-03	9.96e-01	4.58e-09
 1.72737e+17	4.27e-03	9.96e-01	2.95e-09
 1.79922e+17	4.63e-03	9.95e-01	2.05e-09
 1.87637e+17	5.06e-03	9.95e-01	1.42e-09
 1.95961e+17	5.57e-03	9.94e-01	1.02e-09
 2.03339e+17	6.06e-03	9.94e-01	7.91e-10
 2.10111e+17	6.57e-03	9.93e-01	6.49e-10
 2.17836e+17	7.22e-03	9.93e-01	5.38e-10
 2.26117e+17	8.01e-03	9.92e-01	4.63e-10
 2.33321e+17	8.78e-03	9.91e-01	4.20e-10
 2.39774e+17	9.58e-03	9.90e-01	3.93e-10
 2.47050e+17	1.06e-02	9.89e-01	3.71e-10
 2.54799e+17	1.19e-02	9.88e-01	3.56e-10
 2.61411e+17	1.32e-02	9.87e-01	3.47e-10
 2.67169e+17	1.46e-02	9.85e-01	3.42e-10
 2.73568e+17	1.64e-02	9.84e-01	3.39e-10
 2.80376e+17	1.87e-02	9.81e-01	3.36e-10
 2.86112e+17	2.11e-02	9.79e-01	3.36e-10
 2.90996e+17	2.36e-02	9.76e-01	3.37e-10
 2.96377e+17	2.71e-02	9.73e-01	3.38e-10
 3.02087e+17	3.18e-02	9.68e-01	3.40e-10
 3.06847e+17	3.70e-02	9.63e-01	3.43e-10
 3.10797e+17	4.25e-02	9.58e-01	3.48e-10
 3.14296e+17	4.87e-02	9.51e-01	3.51e-10
 3.18063e+17	5.75e-02	9.43e-01	3.54e-10
 3.22306e+17	7.11e-02	9.29e-01	3.59e-10
 3.25696e+17	8.68e-02	9.13e-01	3.65e-10
 3.27891e+17	1.00e-01	9.00e-01	3.73e-10
 3.29712e+17	1.14e-01	8.86e-01	3.77e-10
 3.31789e+17	1.35e-01	8.65e-01	3.82e-10
 3.34120e+17	1.67e-01	8.33e-01	3.89e-10
 3.36204e+17	2.08e-01	7.92e-01	3.86e-10
 3.37820e+17	2.51e-01	7.49e-01	3.95e-10
 3.39000e+17	2.93e-01	7.07e-01	3.95e-10
 3.39946e+17	3.34e-01	6.66e-01	3.88e-10
 3.40988e+17	3.87e-01	6.13e-01	3.82e-10
 3.42131e+17	4.57e-01	5.43e-01	3.59e-10
 3.43143e+17	5.30e-01	4.70e-01	3.36e-10
 3.44031e+17	6.00e-01	4.00e-01	3.08e-10
 3.45022e+17	6.80e-01	3.20e-01	2.67e-10
 3.46310e+17	7.76e-01	2.24e-01	2.08e-10
 3.47985e+17	8.73e-01	1.27e-01	1.31e-10
 3.49855e+17	9.38e-01	6.21e-02	6.98e-11
 3.51584e+17	9.68e-01	3.17e-02	3.84e-11
 3.53065e+17	9.82e-01	1.85e-02	2.39e-11
 3.54321e+17	9.88e-01	1.21e-02	1.66e-11
 3.55435e+17	9.91e-01	8.58e-03	1.25e-11
 3.56457e+17	9.94e-01	6.44e-03	1.01e-11
 3.57398e+17	9.95e-01	5.07e-03	8.76e-12
 3.58258e+17	9.96e-01	4.16e-03	7.95e-12
 3.59037e+17	9.96e-01	3.53e-03	7.62e-12
 3.59741e+17	9.97e-01	3.07e-03	7.56e-12
 3.60386e+17	9.97e-01	2.72e-03	7.71e-12
 3.60978e+17	9.98e-01	2.45e-03	8.11e-12
 3.61523e+17	9.98e-01	2.22e-03	8.73e-12
 3.62030e+17	9.98e-01	2.02e-03	9.60e-12
 3.62487e+17	9.98e-01	1.85e-03	1.07e-11
 3.62857e+17	9.98e-01	1.71e-03	1.19e-11
 3.63137e+17	9.98e-01	1.60e-03	1.29e-11
 3.63365e+17	9.98e-01	1.52e-03	1.41e-11
 3.63568e+17	9.99e-01	1.45e-03	1.51e-11
 3.63753e+17	9.99e-01	1.39e-03	1.65e-11
 3.63925e+17	9.99e-01	1.33e-03	1.77e-11
 3.64080e+17	9.99e-01	1.28e-03	1.90e-11
 3.64225e+17	9.99e-01	1.24e-03	2.04e-11
 3.64362e+17	9.99e-01	1.20e-03	2.19e-11
 3.64489e+17	9.99e-01	1.16e-03	2.34e-11
 3.64590e+17	9.99e-01	1.13e-03	2.48e-11
 3.64666e+17	9.99e-01	1.12e-03	2.59e-11
 3.64739e+17	9.99e-01	1.10e-03	2.70e-11
 3.64817e+17	9.99e-01	1.08e-03	2.83e-11
 3.64896e+17	9.99e-01	1.06e-03	2.97e-11
 3.64975e+17	9.99e-01	1.04e-03	3.12e-11
 3.65052e+17	9.99e-01	1.03e-03	3.28e-11
 3.65128e+17	9.99e-01	1.01e-03	3.45e-11
 3.65203e+17	9.99e-01	9.98e-04	3.63e-11
 3.65278e+17	9.99e-01	9.85e-04	3.82e-11
 3.65352e+17	9.99e-01	9.71e-04	4.01e-11
 3.65425e+17	9.99e-01	9.59e-04	4.22e-11
 3.65497e+17	9.99e-01	9.46e-04	4.45e-11
 3.65569e+17	9.99e-01	9.36e-04	4.69e-11
 3.65641e+17	9.99e-01	9.26e-04	4.94e-11
 3.65712e+17	9.99e-01	9.16e-04	5.21e-11
 3.65782e+17	9.99e-01	9.07e-04	5.48e-11
 3.65851e+17	9.99e-01	8.98e-04	5.76e-11
 3.65918e+17	9.99e-01	8.91e-04	6.08e-11
 3.65985e+17	9.99e-01	8.83e-04	6.39e-11
 3.66051e+17	9.99e-01	8.77e-04	6.72e-11
 3.66116e+17	9.99e-01	8.71e-04	7.07e-11
 3.66180e+17	9.99e-01	8.66e-04	7.44e-11
 3.66243e+17	9.99e-01	8.61e-04	7.83e-11
 3.66304e+17	9.99e-01	8.57e-04	8.22e-11
 3.66363e+17	9.99e-01	8.54e-04	8.62e-11
 3.66421e+17	9.99e-01	8.52e-04	9.04e-11
 3.66477e+17	9.99e-01	8.49e-04	9.47e-11
 3.66532e+17	9.99e-01	8.47e-04	9.90e-11
 3.66585e+17	9.99e-01	8.45e-04	1.03e-10
 3.66636e+17	9.99e-01	8.43e-04	1.08e-10
 3.66686e+17	9.99e-01	8.42e-04	1.12e-10
 3.66731e+17	9.99e-01	8.39e-04	1.16e-10
 3.66771e+17	9.99e-01	8.37e-04	1.19e-10
 3.66805e+17	9.99e-01	8.33e-04	1.22e-10
 3.66833e+17	9.99e-01	8.27e-04	1.23e-10
 3.66858e+17	9.99e-01	8.05e-04	1.22e-10
 3.66880e+17	9.99e-01	8.11e-04	1.25e-10
 3.66900e+17	9.99e-01	8.27e-04	1.29e-10
