#depth	O	O+	O+2	O+3	O+4	O+5	O+6	O+7	O+8	O[1]	O[2]	O[3]
 3.88056e+10	3.17e-03	6.02e-01	3.94e-01	3.86e-04	0.00e+00	0.00e+00	0.00e+00	0.00e+00	0.00e+00	1.84e-03	9.79e-04	3.34e-04
 2.32834e+11	3.17e-03	6.02e-01	3.95e-01	3.85e-04	0.00e+00	0.00e+00	0.00e+00	0.00e+00	0.00e+00	1.84e-03	9.78e-04	3.34e-04
 1.00895e+12	3.16e-03	6.02e-01	3.95e-01	3.80e-04	0.00e+00	0.00e+00	0.00e+00	0.00e+00	0.00e+00	1.84e-03	9.77e-04	3.34e-04
 4.11339e+12	3.16e-03	6.02e-01	3.94e-01	3.60e-04	0.00e+00	0.00e+00	0.00e+00	0.00e+00	0.00e+00	1.84e-03	9.76e-04	3.33e-04
 9.82557e+12	3.10e-03	6.00e-01	3.96e-01	3.37e-04	0.00e+00	0.00e+00	0.00e+00	0.00e+00	0.00e+00	1.80e-03	9.57e-04	3.27e-04
 1.72514e+13	3.05e-03	6.00e-01	3.97e-01	3.05e-04	0.00e+00	0.00e+00	0.00e+00	0.00e+00	0.00e+00	1.77e-03	9.41e-04	3.22e-04
 2.69050e+13	3.01e-03	6.00e-01	3.97e-01	2.67e-04	0.00e+00	0.00e+00	0.00e+00	0.00e+00	0.00e+00	1.75e-03	9.28e-04	3.18e-04
 3.94547e+13	2.98e-03	6.01e-01	3.95e-01	2.21e-04	0.00e+00	0.00e+00	0.00e+00	0.00e+00	0.00e+00	1.73e-03	9.20e-04	3.15e-04
 5.57692e+13	2.97e-03	6.05e-01	3.92e-01	1.71e-04	0.00e+00	0.00e+00	0.00e+00	0.00e+00	0.00e+00	1.73e-03	9.16e-04	3.13e-04
 7.69782e+13	2.98e-03	6.11e-01	3.86e-01	1.22e-04	0.00e+00	0.00e+00	0.00e+00	0.00e+00	0.00e+00	1.73e-03	9.20e-04	3.15e-04
 1.04550e+14	3.02e-03	6.19e-01	3.78e-01	7.75e-05	0.00e+00	0.00e+00	0.00e+00	0.00e+00	0.00e+00	1.76e-03	9.34e-04	3.20e-04
 1.40393e+14	3.12e-03	6.32e-01	3.65e-01	4.28e-05	0.00e+00	0.00e+00	0.00e+00	0.00e+00	0.00e+00	1.82e-03	9.64e-04	3.30e-04
 1.86989e+14	3.30e-03	6.49e-01	3.48e-01	1.99e-05	0.00e+00	0.00e+00	0.00e+00	0.00e+00	0.00e+00	1.92e-03	1.02e-03	3.49e-04
 2.47564e+14	3.59e-03	6.73e-01	3.23e-01	7.57e-06	0.00e+00	0.00e+00	0.00e+00	0.00e+00	0.00e+00	2.09e-03	1.11e-03	3.80e-04
 3.26311e+14	4.12e-03	7.07e-01	2.89e-01	2.34e-06	0.00e+00	0.00e+00	0.00e+00	0.00e+00	0.00e+00	2.40e-03	1.27e-03	4.36e-04
 4.12153e+14	4.86e-03	7.46e-01	2.49e-01	7.69e-07	0.00e+00	0.00e+00	0.00e+00	0.00e+00	0.00e+00	2.83e-03	1.50e-03	5.14e-04
 4.87112e+14	5.78e-03	7.83e-01	2.12e-01	3.47e-07	0.00e+00	0.00e+00	0.00e+00	0.00e+00	0.00e+00	3.37e-03	1.78e-03	6.12e-04
 5.47537e+14	6.84e-03	8.15e-01	1.78e-01	1.98e-07	0.00e+00	0.00e+00	0.00e+00	0.00e+00	0.00e+00	3.98e-03	2.11e-03	7.24e-04
 5.90710e+14	7.82e-03	8.38e-01	1.54e-01	1.34e-07	0.00e+00	0.00e+00	0.00e+00	0.00e+00	0.00e+00	4.56e-03	2.41e-03	8.28e-04
 6.20140e+14	8.65e-03	8.55e-01	1.37e-01	0.00e+00	0.00e+00	0.00e+00	0.00e+00	0.00e+00	0.00e+00	5.04e-03	2.67e-03	9.16e-04
 6.50168e+14	9.69e-03	8.72e-01	1.19e-01	0.00e+00	0.00e+00	0.00e+00	0.00e+00	0.00e+00	0.00e+00	5.65e-03	2.99e-03	1.03e-03
 6.83677e+14	1.11e-02	8.90e-01	9.91e-02	0.00e+00	0.00e+00	0.00e+00	0.00e+00	0.00e+00	0.00e+00	6.46e-03	3.42e-03	1.17e-03
 7.14246e+14	1.26e-02	9.06e-01	8.17e-02	0.00e+00	0.00e+00	0.00e+00	0.00e+00	0.00e+00	0.00e+00	7.37e-03	3.90e-03	1.34e-03
 7.40747e+14	1.43e-02	9.19e-01	6.69e-02	0.00e+00	0.00e+00	0.00e+00	0.00e+00	0.00e+00	0.00e+00	8.36e-03	4.42e-03	1.52e-03
 7.64577e+14	1.62e-02	9.30e-01	5.42e-02	0.00e+00	0.00e+00	0.00e+00	0.00e+00	0.00e+00	0.00e+00	9.44e-03	4.99e-03	1.71e-03
 7.86215e+14	1.83e-02	9.38e-01	4.34e-02	0.00e+00	0.00e+00	0.00e+00	0.00e+00	0.00e+00	0.00e+00	1.06e-02	5.63e-03	1.93e-03
 8.05607e+14	2.05e-02	9.45e-01	3.43e-02	0.00e+00	0.00e+00	0.00e+00	0.00e+00	0.00e+00	0.00e+00	1.19e-02	6.32e-03	2.17e-03
 8.22721e+14	2.29e-02	9.50e-01	2.70e-02	0.00e+00	0.00e+00	0.00e+00	0.00e+00	0.00e+00	0.00e+00	1.33e-02	7.06e-03	2.42e-03
 8.37876e+14	2.54e-02	9.54e-01	2.10e-02	0.00e+00	0.00e+00	0.00e+00	0.00e+00	0.00e+00	0.00e+00	1.48e-02	7.83e-03	2.68e-03
 8.51540e+14	2.81e-02	9.56e-01	1.62e-02	0.00e+00	0.00e+00	0.00e+00	0.00e+00	0.00e+00	0.00e+00	1.64e-02	8.66e-03	2.97e-03
 8.63859e+14	3.10e-02	9.57e-01	1.23e-02	0.00e+00	0.00e+00	0.00e+00	0.00e+00	0.00e+00	0.00e+00	1.80e-02	9.55e-03	3.27e-03
 8.75029e+14	3.39e-02	9.57e-01	9.34e-03	0.00e+00	0.00e+00	0.00e+00	0.00e+00	0.00e+00	0.00e+00	1.97e-02	1.04e-02	3.58e-03
 8.85680e+14	3.73e-02	9.56e-01	6.90e-03	0.00e+00	0.00e+00	0.00e+00	0.00e+00	0.00e+00	0.00e+00	2.17e-02	1.15e-02	3.94e-03
 8.96008e+14	4.10e-02	9.54e-01	4.97e-03	0.00e+00	0.00e+00	0.00e+00	0.00e+00	0.00e+00	0.00e+00	2.39e-02	1.26e-02	4.34e-03
 9.06010e+14	4.51e-02	9.51e-01	3.51e-03	0.00e+00	0.00e+00	0.00e+00	0.00e+00	0.00e+00	0.00e+00	2.63e-02	1.39e-02	4.78e-03
 9.17435e+14	5.08e-02	9.47e-01	2.27e-03	0.00e+00	0.00e+00	0.00e+00	0.00e+00	0.00e+00	0.00e+00	2.96e-02	1.57e-02	5.38e-03
 9.30083e+14	5.85e-02	9.40e-01	1.35e-03	0.00e+00	0.00e+00	0.00e+00	0.00e+00	0.00e+00	0.00e+00	3.41e-02	1.80e-02	6.19e-03
 9.42213e+14	6.83e-02	9.31e-01	7.90e-04	0.00e+00	0.00e+00	0.00e+00	0.00e+00	0.00e+00	0.00e+00	3.98e-02	2.10e-02	7.23e-03
 9.53499e+14	7.96e-02	9.20e-01	4.71e-04	0.00e+00	0.00e+00	0.00e+00	0.00e+00	0.00e+00	0.00e+00	4.65e-02	2.45e-02	8.43e-03
 9.63631e+14	9.32e-02	9.07e-01	2.90e-04	0.00e+00	0.00e+00	0.00e+00	0.00e+00	0.00e+00	0.00e+00	5.44e-02	2.87e-02	9.86e-03
 9.72609e+14	1.09e-01	8.91e-01	1.85e-04	0.00e+00	0.00e+00	0.00e+00	0.00e+00	0.00e+00	0.00e+00	6.36e-02	3.35e-02	1.15e-02
 9.80486e+14	1.26e-01	8.74e-01	1.23e-04	0.00e+00	0.00e+00	0.00e+00	0.00e+00	0.00e+00	0.00e+00	7.37e-02	3.87e-02	1.33e-02
 9.87611e+14	1.46e-01	8.54e-01	8.31e-05	0.00e+00	0.00e+00	0.00e+00	0.00e+00	0.00e+00	0.00e+00	8.53e-02	4.47e-02	1.54e-02
 9.94271e+14	1.69e-01	8.31e-01	5.66e-05	0.00e+00	0.00e+00	0.00e+00	0.00e+00	0.00e+00	0.00e+00	9.88e-02	5.17e-02	1.79e-02
 1.00047e+15	1.96e-01	8.04e-01	3.88e-05	0.00e+00	0.00e+00	0.00e+00	0.00e+00	0.00e+00	0.00e+00	1.15e-01	5.98e-02	2.07e-02
 1.00618e+15	2.26e-01	7.74e-01	2.69e-05	0.00e+00	0.00e+00	0.00e+00	0.00e+00	0.00e+00	0.00e+00	1.33e-01	6.91e-02	2.40e-02
 1.01141e+15	2.61e-01	7.39e-01	1.88e-05	0.00e+00	0.00e+00	0.00e+00	0.00e+00	0.00e+00	0.00e+00	1.53e-01	7.95e-02	2.76e-02
 1.01626e+15	2.99e-01	7.01e-01	1.31e-05	0.00e+00	0.00e+00	0.00e+00	0.00e+00	0.00e+00	0.00e+00	1.76e-01	9.10e-02	3.17e-02
 1.02061e+15	3.40e-01	6.60e-01	9.39e-06	0.00e+00	0.00e+00	0.00e+00	0.00e+00	0.00e+00	0.00e+00	2.01e-01	1.03e-01	3.60e-02
 1.02414e+15	3.78e-01	6.22e-01	7.05e-06	0.00e+00	0.00e+00	0.00e+00	0.00e+00	0.00e+00	0.00e+00	2.23e-01	1.14e-01	4.00e-02
 1.02684e+15	4.10e-01	5.90e-01	5.62e-06	0.00e+00	0.00e+00	0.00e+00	0.00e+00	0.00e+00	0.00e+00	2.42e-01	1.23e-01	4.33e-02
 1.02902e+15	4.37e-01	5.63e-01	4.64e-06	0.00e+00	0.00e+00	0.00e+00	0.00e+00	0.00e+00	0.00e+00	2.59e-01	1.31e-01	4.62e-02
 1.03098e+15	4.63e-01	5.37e-01	3.88e-06	0.00e+00	0.00e+00	0.00e+00	0.00e+00	0.00e+00	0.00e+00	2.75e-01	1.39e-01	4.90e-02
 1.03283e+15	4.90e-01	5.10e-01	3.26e-06	0.00e+00	0.00e+00	0.00e+00	0.00e+00	0.00e+00	0.00e+00	2.91e-01	1.46e-01	5.17e-02
 1.03457e+15	5.14e-01	4.86e-01	2.77e-06	0.00e+00	0.00e+00	0.00e+00	0.00e+00	0.00e+00	0.00e+00	3.06e-01	1.53e-01	5.42e-02
 1.03613e+15	5.36e-01	4.64e-01	2.38e-06	0.00e+00	0.00e+00	0.00e+00	0.00e+00	0.00e+00	0.00e+00	3.20e-01	1.59e-01	5.66e-02
 1.03751e+15	5.57e-01	4.43e-01	2.08e-06	0.00e+00	0.00e+00	0.00e+00	0.00e+00	0.00e+00	0.00e+00	3.33e-01	1.64e-01	5.87e-02
 1.03882e+15	5.77e-01	4.23e-01	1.82e-06	0.00e+00	0.00e+00	0.00e+00	0.00e+00	0.00e+00	0.00e+00	3.46e-01	1.70e-01	6.07e-02
 1.04007e+15	5.95e-01	4.05e-01	1.60e-06	0.00e+00	0.00e+00	0.00e+00	0.00e+00	0.00e+00	0.00e+00	3.58e-01	1.75e-01	6.27e-02
 1.04110e+15	6.10e-01	3.90e-01	1.45e-06	0.00e+00	0.00e+00	0.00e+00	0.00e+00	0.00e+00	0.00e+00	3.67e-01	1.79e-01	6.42e-02
 1.04186e+15	6.22e-01	3.78e-01	1.34e-06	0.00e+00	0.00e+00	0.00e+00	0.00e+00	0.00e+00	0.00e+00	3.74e-01	1.82e-01	6.53e-02
 1.04257e+15	6.33e-01	3.67e-01	1.24e-06	0.00e+00	0.00e+00	0.00e+00	0.00e+00	0.00e+00	0.00e+00	3.81e-01	1.84e-01	6.64e-02
 1.04334e+15	6.45e-01	3.55e-01	1.14e-06	0.00e+00	0.00e+00	0.00e+00	0.00e+00	0.00e+00	0.00e+00	3.89e-01	1.87e-01	6.76e-02
 1.04415e+15	6.57e-01	3.43e-01	1.05e-06	0.00e+00	0.00e+00	0.00e+00	0.00e+00	0.00e+00	0.00e+00	3.97e-01	1.90e-01	6.89e-02
 1.04494e+15	6.68e-01	3.32e-01	9.65e-07	0.00e+00	0.00e+00	0.00e+00	0.00e+00	0.00e+00	0.00e+00	4.05e-01	1.93e-01	7.00e-02
 1.04571e+15	6.80e-01	3.20e-01	8.88e-07	0.00e+00	0.00e+00	0.00e+00	0.00e+00	0.00e+00	0.00e+00	4.12e-01	1.96e-01	7.12e-02
 1.04647e+15	6.91e-01	3.09e-01	8.17e-07	0.00e+00	0.00e+00	0.00e+00	0.00e+00	0.00e+00	0.00e+00	4.20e-01	1.98e-01	7.22e-02
 1.04723e+15	7.02e-01	2.98e-01	7.52e-07	0.00e+00	0.00e+00	0.00e+00	0.00e+00	0.00e+00	0.00e+00	4.27e-01	2.01e-01	7.33e-02
 1.04799e+15	7.13e-01	2.87e-01	6.92e-07	0.00e+00	0.00e+00	0.00e+00	0.00e+00	0.00e+00	0.00e+00	4.34e-01	2.03e-01	7.44e-02
 1.04874e+15	7.23e-01	2.77e-01	6.37e-07	0.00e+00	0.00e+00	0.00e+00	0.00e+00	0.00e+00	0.00e+00	4.42e-01	2.06e-01	7.54e-02
 1.04949e+15	7.33e-01	2.67e-01	5.87e-07	0.00e+00	0.00e+00	0.00e+00	0.00e+00	0.00e+00	0.00e+00	4.49e-01	2.08e-01	7.63e-02
 1.05022e+15	7.43e-01	2.57e-01	5.41e-07	0.00e+00	0.00e+00	0.00e+00	0.00e+00	0.00e+00	0.00e+00	4.56e-01	2.10e-01	7.73e-02
 1.05096e+15	7.53e-01	2.47e-01	4.98e-07	0.00e+00	0.00e+00	0.00e+00	0.00e+00	0.00e+00	0.00e+00	4.63e-01	2.12e-01	7.82e-02
 1.05169e+15	7.63e-01	2.37e-01	4.59e-07	0.00e+00	0.00e+00	0.00e+00	0.00e+00	0.00e+00	0.00e+00	4.69e-01	2.14e-01	7.91e-02
 1.05241e+15	7.72e-01	2.28e-01	4.23e-07	0.00e+00	0.00e+00	0.00e+00	0.00e+00	0.00e+00	0.00e+00	4.76e-01	2.16e-01	7.99e-02
 1.05313e+15	7.81e-01	2.19e-01	3.90e-07	0.00e+00	0.00e+00	0.00e+00	0.00e+00	0.00e+00	0.00e+00	4.82e-01	2.18e-01	8.07e-02
 1.05385e+15	7.90e-01	2.10e-01	3.60e-07	0.00e+00	0.00e+00	0.00e+00	0.00e+00	0.00e+00	0.00e+00	4.89e-01	2.19e-01	8.15e-02
 1.05457e+15	7.98e-01	2.02e-01	3.32e-07	0.00e+00	0.00e+00	0.00e+00	0.00e+00	0.00e+00	0.00e+00	4.95e-01	2.21e-01	8.22e-02
 1.05528e+15	8.06e-01	1.94e-01	3.06e-07	0.00e+00	0.00e+00	0.00e+00	0.00e+00	0.00e+00	0.00e+00	5.01e-01	2.22e-01	8.29e-02
 1.05598e+15	8.14e-01	1.86e-01	2.82e-07	0.00e+00	0.00e+00	0.00e+00	0.00e+00	0.00e+00	0.00e+00	5.07e-01	2.23e-01	8.35e-02
 1.05668e+15	8.22e-01	1.78e-01	2.61e-07	0.00e+00	0.00e+00	0.00e+00	0.00e+00	0.00e+00	0.00e+00	5.13e-01	2.25e-01	8.41e-02
 1.05737e+15	8.29e-01	1.71e-01	2.41e-07	0.00e+00	0.00e+00	0.00e+00	0.00e+00	0.00e+00	0.00e+00	5.19e-01	2.26e-01	8.47e-02
 1.05804e+15	8.36e-01	1.64e-01	2.23e-07	0.00e+00	0.00e+00	0.00e+00	0.00e+00	0.00e+00	0.00e+00	5.24e-01	2.27e-01	8.52e-02
 1.05871e+15	8.43e-01	1.57e-01	2.07e-07	0.00e+00	0.00e+00	0.00e+00	0.00e+00	0.00e+00	0.00e+00	5.30e-01	2.27e-01	8.57e-02
 1.05937e+15	8.49e-01	1.51e-01	1.92e-07	0.00e+00	0.00e+00	0.00e+00	0.00e+00	0.00e+00	0.00e+00	5.35e-01	2.28e-01	8.61e-02
 1.06003e+15	8.55e-01	1.45e-01	1.78e-07	0.00e+00	0.00e+00	0.00e+00	0.00e+00	0.00e+00	0.00e+00	5.40e-01	2.29e-01	8.65e-02
 1.06068e+15	8.61e-01	1.39e-01	1.65e-07	0.00e+00	0.00e+00	0.00e+00	0.00e+00	0.00e+00	0.00e+00	5.45e-01	2.30e-01	8.69e-02
 1.06131e+15	8.67e-01	1.33e-01	1.53e-07	0.00e+00	0.00e+00	0.00e+00	0.00e+00	0.00e+00	0.00e+00	5.50e-01	2.30e-01	8.72e-02
 1.06195e+15	8.72e-01	1.28e-01	1.43e-07	0.00e+00	0.00e+00	0.00e+00	0.00e+00	0.00e+00	0.00e+00	5.54e-01	2.31e-01	8.75e-02
 1.06258e+15	8.77e-01	1.23e-01	1.33e-07	0.00e+00	0.00e+00	0.00e+00	0.00e+00	0.00e+00	0.00e+00	5.59e-01	2.31e-01	8.78e-02
 1.06320e+15	8.83e-01	1.17e-01	1.23e-07	0.00e+00	0.00e+00	0.00e+00	0.00e+00	0.00e+00	0.00e+00	5.63e-01	2.31e-01	8.81e-02
 1.06382e+15	8.87e-01	1.13e-01	1.15e-07	0.00e+00	0.00e+00	0.00e+00	0.00e+00	0.00e+00	0.00e+00	5.67e-01	2.32e-01	8.83e-02
 1.06443e+15	8.92e-01	1.08e-01	1.07e-07	0.00e+00	0.00e+00	0.00e+00	0.00e+00	0.00e+00	0.00e+00	5.71e-01	2.32e-01	8.85e-02
 1.06503e+15	8.96e-01	1.04e-01	9.99e-08	0.00e+00	0.00e+00	0.00e+00	0.00e+00	0.00e+00	0.00e+00	5.75e-01	2.32e-01	8.87e-02
 1.06563e+15	9.00e-01	9.96e-02	9.32e-08	0.00e+00	0.00e+00	0.00e+00	0.00e+00	0.00e+00	0.00e+00	5.79e-01	2.32e-01	8.89e-02
 1.06623e+15	9.04e-01	9.57e-02	8.70e-08	0.00e+00	0.00e+00	0.00e+00	0.00e+00	0.00e+00	0.00e+00	5.83e-01	2.32e-01	8.90e-02
 1.06683e+15	9.08e-01	9.18e-02	8.12e-08	0.00e+00	0.00e+00	0.00e+00	0.00e+00	0.00e+00	0.00e+00	5.87e-01	2.32e-01	8.92e-02
 1.06742e+15	9.12e-01	8.80e-02	7.59e-08	0.00e+00	0.00e+00	0.00e+00	0.00e+00	0.00e+00	0.00e+00	5.90e-01	2.32e-01	8.93e-02
 1.06800e+15	9.15e-01	8.45e-02	7.09e-08	0.00e+00	0.00e+00	0.00e+00	0.00e+00	0.00e+00	0.00e+00	5.94e-01	2.32e-01	8.94e-02
 1.06859e+15	9.19e-01	8.12e-02	6.63e-08	0.00e+00	0.00e+00	0.00e+00	0.00e+00	0.00e+00	0.00e+00	5.97e-01	2.32e-01	8.95e-02
 1.06917e+15	9.22e-01	7.79e-02	6.20e-08	0.00e+00	0.00e+00	0.00e+00	0.00e+00	0.00e+00	0.00e+00	6.00e-01	2.32e-01	8.95e-02
 1.06975e+15	9.25e-01	7.47e-02	5.81e-08	0.00e+00	0.00e+00	0.00e+00	0.00e+00	0.00e+00	0.00e+00	6.03e-01	2.32e-01	8.96e-02
 1.07032e+15	9.28e-01	7.17e-02	5.43e-08	0.00e+00	0.00e+00	0.00e+00	0.00e+00	0.00e+00	0.00e+00	6.07e-01	2.32e-01	8.96e-02
 1.07090e+15	9.31e-01	6.89e-02	5.09e-08	0.00e+00	0.00e+00	0.00e+00	0.00e+00	0.00e+00	0.00e+00	6.09e-01	2.32e-01	8.96e-02
 1.07147e+15	9.34e-01	6.61e-02	4.77e-08	0.00e+00	0.00e+00	0.00e+00	0.00e+00	0.00e+00	0.00e+00	6.12e-01	2.32e-01	8.97e-02
 1.07203e+15	9.37e-01	6.34e-02	4.47e-08	0.00e+00	0.00e+00	0.00e+00	0.00e+00	0.00e+00	0.00e+00	6.15e-01	2.32e-01	8.97e-02
 1.07259e+15	9.39e-01	6.08e-02	4.19e-08	0.00e+00	0.00e+00	0.00e+00	0.00e+00	0.00e+00	0.00e+00	6.18e-01	2.31e-01	8.97e-02
 1.07315e+15	9.42e-01	5.84e-02	3.93e-08	0.00e+00	0.00e+00	0.00e+00	0.00e+00	0.00e+00	0.00e+00	6.21e-01	2.31e-01	8.96e-02
 1.07372e+15	9.44e-01	5.60e-02	3.68e-08	0.00e+00	0.00e+00	0.00e+00	0.00e+00	0.00e+00	0.00e+00	6.23e-01	2.31e-01	8.96e-02
 1.07428e+15	9.46e-01	5.38e-02	3.46e-08	0.00e+00	0.00e+00	0.00e+00	0.00e+00	0.00e+00	0.00e+00	6.26e-01	2.31e-01	8.96e-02
 1.07483e+15	9.48e-01	5.16e-02	3.25e-08	0.00e+00	0.00e+00	0.00e+00	0.00e+00	0.00e+00	0.00e+00	6.28e-01	2.31e-01	8.95e-02
 1.07537e+15	9.50e-01	4.96e-02	3.05e-08	0.00e+00	0.00e+00	0.00e+00	0.00e+00	0.00e+00	0.00e+00	6.31e-01	2.30e-01	8.95e-02
 1.07591e+15	9.52e-01	4.76e-02	2.87e-08	0.00e+00	0.00e+00	0.00e+00	0.00e+00	0.00e+00	0.00e+00	6.33e-01	2.30e-01	8.94e-02
 1.07646e+15	9.54e-01	4.57e-02	2.70e-08	0.00e+00	0.00e+00	0.00e+00	0.00e+00	0.00e+00	0.00e+00	6.35e-01	2.30e-01	8.94e-02
 1.07699e+15	9.56e-01	4.38e-02	2.54e-08	0.00e+00	0.00e+00	0.00e+00	0.00e+00	0.00e+00	0.00e+00	6.37e-01	2.30e-01	8.93e-02
 1.07753e+15	9.58e-01	4.20e-02	2.38e-08	0.00e+00	0.00e+00	0.00e+00	0.00e+00	0.00e+00	0.00e+00	6.40e-01	2.29e-01	8.92e-02
 1.07808e+15	9.60e-01	4.02e-02	2.24e-08	0.00e+00	0.00e+00	0.00e+00	0.00e+00	0.00e+00	0.00e+00	6.42e-01	2.29e-01	8.91e-02
 1.07862e+15	9.61e-01	3.86e-02	2.11e-08	0.00e+00	0.00e+00	0.00e+00	0.00e+00	0.00e+00	0.00e+00	6.44e-01	2.29e-01	8.90e-02
 1.07914e+15	9.63e-01	3.70e-02	1.99e-08	0.00e+00	0.00e+00	0.00e+00	0.00e+00	0.00e+00	0.00e+00	6.46e-01	2.28e-01	8.89e-02
 1.07965e+15	9.64e-01	3.55e-02	1.87e-08	0.00e+00	0.00e+00	0.00e+00	0.00e+00	0.00e+00	0.00e+00	6.48e-01	2.28e-01	8.88e-02
 1.08017e+15	9.66e-01	3.40e-02	1.77e-08	0.00e+00	0.00e+00	0.00e+00	0.00e+00	0.00e+00	0.00e+00	6.50e-01	2.28e-01	8.87e-02
 1.08068e+15	9.67e-01	3.26e-02	1.67e-08	0.00e+00	0.00e+00	0.00e+00	0.00e+00	0.00e+00	0.00e+00	6.52e-01	2.27e-01	8.86e-02
 1.08118e+15	9.69e-01	3.13e-02	1.58e-08	0.00e+00	0.00e+00	0.00e+00	0.00e+00	0.00e+00	0.00e+00	6.54e-01	2.27e-01	8.84e-02
 1.08167e+15	9.70e-01	3.00e-02	1.49e-08	0.00e+00	0.00e+00	0.00e+00	0.00e+00	0.00e+00	0.00e+00	6.55e-01	2.26e-01	8.83e-02
 1.08216e+15	9.71e-01	2.87e-02	1.41e-08	0.00e+00	0.00e+00	0.00e+00	0.00e+00	0.00e+00	0.00e+00	6.57e-01	2.26e-01	8.81e-02
 1.08263e+15	9.72e-01	2.75e-02	1.34e-08	0.00e+00	0.00e+00	0.00e+00	0.00e+00	0.00e+00	0.00e+00	6.59e-01	2.25e-01	8.79e-02
 1.08309e+15	9.74e-01	2.63e-02	1.27e-08	0.00e+00	0.00e+00	0.00e+00	0.00e+00	0.00e+00	0.00e+00	6.61e-01	2.25e-01	8.77e-02
 1.08354e+15	9.75e-01	2.52e-02	1.21e-08	0.00e+00	0.00e+00	0.00e+00	0.00e+00	0.00e+00	0.00e+00	6.63e-01	2.24e-01	8.75e-02
 1.08397e+15	9.76e-01	2.41e-02	1.15e-08	0.00e+00	0.00e+00	0.00e+00	0.00e+00	0.00e+00	0.00e+00	6.65e-01	2.24e-01	8.72e-02
