#depth	He	He+	He+2
 2.72038e+09	1.48e-01	8.52e-01	4.23e-04
 1.63223e+10	1.48e-01	8.51e-01	4.21e-04
 7.07300e+10	1.49e-01	8.51e-01	4.18e-04
 2.88361e+11	1.51e-01	8.48e-01	4.06e-04
 6.88801e+11	1.53e-01	8.46e-01	3.94e-04
 1.20937e+12	1.57e-01	8.42e-01	3.73e-04
 1.88612e+12	1.65e-01	8.35e-01	3.42e-04
 2.76589e+12	1.78e-01	8.22e-01	3.01e-04
 3.79965e+12	1.96e-01	8.04e-01	2.55e-04
 4.82845e+12	2.20e-01	7.80e-01	2.13e-04
 5.76507e+12	2.49e-01	7.51e-01	1.78e-04
 6.58725e+12	2.82e-01	7.18e-01	1.50e-04
 7.28742e+12	3.16e-01	6.83e-01	1.28e-04
 7.89483e+12	3.53e-01	6.47e-01	1.10e-04
 8.44059e+12	3.92e-01	6.08e-01	9.46e-05
 8.93856e+12	4.31e-01	5.69e-01	8.19e-05
 9.40130e+12	4.74e-01	5.26e-01	7.07e-05
 9.82895e+12	5.15e-01	4.85e-01	6.16e-05
 1.02240e+13	5.57e-01	4.43e-01	5.36e-05
 1.05942e+13	5.97e-01	4.03e-01	4.69e-05
 1.09095e+13	6.32e-01	3.68e-01	4.19e-05
 1.11500e+13	6.58e-01	3.42e-01	3.86e-05
 1.13382e+13	6.78e-01	3.22e-01	3.61e-05
 1.15061e+13	6.95e-01	3.05e-01	3.41e-05
 1.16662e+13	7.11e-01	2.89e-01	3.23e-05
 1.18158e+13	7.26e-01	2.74e-01	3.08e-05
 1.19506e+13	7.38e-01	2.62e-01	2.95e-05
 1.20744e+13	7.49e-01	2.51e-01	2.85e-05
 1.21914e+13	7.60e-01	2.40e-01	2.75e-05
 1.23039e+13	7.69e-01	2.31e-01	2.68e-05
 1.24119e+13	7.78e-01	2.22e-01	2.60e-05
 1.24970e+13	7.84e-01	2.16e-01	2.55e-05
 1.25592e+13	7.88e-01	2.12e-01	2.52e-05
 1.26204e+13	7.93e-01	2.07e-01	2.49e-05
 1.26886e+13	7.98e-01	2.02e-01	2.44e-05
 1.27592e+13	8.02e-01	1.97e-01	2.42e-05
 1.28286e+13	8.07e-01	1.93e-01	2.38e-05
 1.28971e+13	8.12e-01	1.88e-01	2.35e-05
 1.29640e+13	8.16e-01	1.84e-01	2.33e-05
 1.30307e+13	8.20e-01	1.80e-01	2.31e-05
 1.30987e+13	8.24e-01	1.76e-01	2.28e-05
 1.31663e+13	8.28e-01	1.72e-01	2.26e-05
 1.32334e+13	8.32e-01	1.68e-01	2.24e-05
 1.33005e+13	8.35e-01	1.65e-01	2.23e-05
 1.33680e+13	8.39e-01	1.61e-01	2.21e-05
 1.34359e+13	8.42e-01	1.58e-01	2.19e-05
 1.35026e+13	8.45e-01	1.55e-01	2.18e-05
 1.35690e+13	8.48e-01	1.52e-01	2.17e-05
 1.36365e+13	8.52e-01	1.48e-01	2.16e-05
 1.37039e+13	8.54e-01	1.46e-01	2.16e-05
 1.37711e+13	8.57e-01	1.43e-01	2.14e-05
 1.38385e+13	8.60e-01	1.40e-01	2.14e-05
 1.39061e+13	8.63e-01	1.37e-01	2.14e-05
 1.39742e+13	8.65e-01	1.35e-01	2.13e-05
 1.40415e+13	8.68e-01	1.32e-01	2.13e-05
 1.41087e+13	8.70e-01	1.30e-01	2.13e-05
 1.41766e+13	8.73e-01	1.27e-01	2.12e-05
 1.42443e+13	8.75e-01	1.25e-01	2.12e-05
 1.43112e+13	8.77e-01	1.23e-01	2.12e-05
 1.43781e+13	8.79e-01	1.21e-01	2.12e-05
 1.44450e+13	8.82e-01	1.18e-01	2.12e-05
 1.45118e+13	8.83e-01	1.17e-01	2.13e-05
 1.45784e+13	8.85e-01	1.15e-01	2.13e-05
 1.46443e+13	8.87e-01	1.13e-01	2.13e-05
 1.47105e+13	8.89e-01	1.11e-01	2.13e-05
 1.47773e+13	8.91e-01	1.09e-01	2.14e-05
 1.48439e+13	8.93e-01	1.07e-01	2.14e-05
 1.49099e+13	8.95e-01	1.05e-01	2.14e-05
 1.49762e+13	8.96e-01	1.04e-01	2.14e-05
 1.50433e+13	8.98e-01	1.02e-01	2.14e-05
 1.51103e+13	9.00e-01	1.00e-01	2.14e-05
 1.51768e+13	9.01e-01	9.87e-02	2.15e-05
 1.52439e+13	9.03e-01	9.70e-02	2.14e-05
 1.53120e+13	9.05e-01	9.55e-02	2.15e-05
 1.53800e+13	9.06e-01	9.39e-02	2.15e-05
 1.54475e+13	9.08e-01	9.23e-02	2.15e-05
 1.55158e+13	9.09e-01	9.08e-02	2.14e-05
 1.55852e+13	9.11e-01	8.93e-02	2.15e-05
 1.56549e+13	9.12e-01	8.77e-02	2.14e-05
 1.57243e+13	9.14e-01	8.62e-02	2.14e-05
 1.57945e+13	9.15e-01	8.47e-02	2.13e-05
 1.58659e+13	9.17e-01	8.32e-02	2.13e-05
 1.59376e+13	9.18e-01	8.17e-02	2.12e-05
 1.60100e+13	9.20e-01	8.03e-02	2.12e-05
 1.60828e+13	9.21e-01	7.88e-02	2.11e-05
 1.61560e+13	9.23e-01	7.73e-02	2.09e-05
 1.62304e+13	9.24e-01	7.58e-02	2.08e-05
 1.63058e+13	9.26e-01	7.43e-02	2.07e-05
 1.63818e+13	9.27e-01	7.28e-02	2.06e-05
 1.64585e+13	9.29e-01	7.13e-02	2.04e-05
 1.65366e+13	9.30e-01	6.98e-02	2.03e-05
 1.66155e+13	9.32e-01	6.83e-02	2.01e-05
 1.66946e+13	9.33e-01	6.69e-02	1.98e-05
 1.67753e+13	9.35e-01	6.53e-02	1.96e-05
 1.68582e+13	9.36e-01	6.38e-02	1.94e-05
 1.69416e+13	9.38e-01	6.23e-02	1.91e-05
 1.70251e+13	9.39e-01	6.08e-02	1.89e-05
 1.71105e+13	9.41e-01	5.93e-02	1.86e-05
 1.71981e+13	9.42e-01	5.78e-02	1.83e-05
 1.72868e+13	9.44e-01	5.63e-02	1.79e-05
 1.73765e+13	9.45e-01	5.48e-02	1.76e-05
 1.74674e+13	9.47e-01	5.33e-02	1.72e-05
 1.75598e+13	9.48e-01	5.18e-02	1.69e-05
 1.76543e+13	9.50e-01	5.03e-02	1.65e-05
 1.77500e+13	9.51e-01	4.88e-02	1.61e-05
 1.78476e+13	9.53e-01	4.73e-02	1.57e-05
 1.79465e+13	9.54e-01	4.59e-02	1.53e-05
 1.80456e+13	9.56e-01	4.44e-02	1.49e-05
 1.81478e+13	9.57e-01	4.29e-02	1.44e-05
 1.82534e+13	9.59e-01	4.15e-02	1.40e-05
 1.83599e+13	9.60e-01	4.01e-02	1.35e-05
 1.84660e+13	9.61e-01	3.87e-02	1.31e-05
 1.85744e+13	9.63e-01	3.73e-02	1.26e-05
 1.86862e+13	9.64e-01	3.59e-02	1.21e-05
 1.87990e+13	9.65e-01	3.45e-02	1.17e-05
 1.89129e+13	9.67e-01	3.33e-02	1.12e-05
 1.90265e+13	9.68e-01	3.20e-02	1.08e-05
 1.91425e+13	9.69e-01	3.07e-02	1.03e-05
 1.92627e+13	9.70e-01	2.95e-02	9.91e-06
 1.93818e+13	9.72e-01	2.84e-02	9.48e-06
 1.94996e+13	9.73e-01	2.72e-02	9.08e-06
 1.96201e+13	9.74e-01	2.61e-02	8.67e-06
 1.97442e+13	9.75e-01	2.51e-02	8.27e-06
 1.98687e+13	9.76e-01	2.40e-02	7.88e-06
 1.99923e+13	9.77e-01	2.31e-02	7.51e-06
 2.01179e+13	9.78e-01	2.21e-02	7.14e-06
 2.02452e+13	9.79e-01	2.12e-02	6.79e-06
 2.03731e+13	9.80e-01	2.03e-02	6.46e-06
 2.04998e+13	9.80e-01	1.95e-02	6.15e-06
 2.06248e+13	9.81e-01	1.87e-02	5.85e-06
 2.07504e+13	9.82e-01	1.80e-02	5.56e-06
 2.08764e+13	9.83e-01	1.73e-02	5.30e-06
 2.10012e+13	9.83e-01	1.66e-02	5.04e-06
 2.11248e+13	9.84e-01	1.60e-02	4.80e-06
 2.12485e+13	9.85e-01	1.54e-02	4.57e-06
 2.13716e+13	9.85e-01	1.49e-02	4.35e-06
 2.14934e+13	9.86e-01	1.44e-02	4.15e-06
 2.16138e+13	9.86e-01	1.39e-02	3.96e-06
 2.17328e+13	9.87e-01	1.34e-02	3.78e-06
