#depth	He	He+	He+2
 4.06302e+11	1.97e-03	9.59e-01	3.94e-02
 2.43781e+12	1.97e-03	9.59e-01	3.94e-02
 1.05639e+13	1.97e-03	9.59e-01	3.92e-02
 4.30680e+13	1.97e-03	9.60e-01	3.79e-02
 1.02876e+14	1.98e-03	9.61e-01	3.73e-02
 1.80626e+14	1.98e-03	9.63e-01	3.53e-02
 2.81701e+14	2.00e-03	9.66e-01	3.21e-02
 4.13098e+14	2.02e-03	9.70e-01	2.76e-02
 5.83915e+14	2.04e-03	9.76e-01	2.20e-02
 8.05976e+14	2.07e-03	9.82e-01	1.60e-02
 1.09466e+15	2.11e-03	9.88e-01	1.03e-02
 1.46994e+15	2.15e-03	9.92e-01	5.70e-03
 1.95781e+15	2.20e-03	9.95e-01	2.63e-03
 2.59204e+15	2.26e-03	9.97e-01	9.76e-04
 3.41654e+15	2.34e-03	9.97e-01	2.85e-04
 4.48839e+15	2.46e-03	9.97e-01	6.42e-05
 5.88179e+15	2.62e-03	9.97e-01	1.14e-05
 7.69322e+15	2.85e-03	9.97e-01	1.70e-06
 9.68590e+15	3.12e-03	9.97e-01	2.83e-07
 1.14853e+16	3.39e-03	9.97e-01	7.12e-08
 1.29317e+16	3.63e-03	9.96e-01	2.67e-08
 1.42249e+16	3.89e-03	9.96e-01	1.18e-08
 1.56473e+16	4.20e-03	9.96e-01	5.10e-09
 1.72121e+16	4.61e-03	9.95e-01	2.17e-09
 1.87668e+16	5.06e-03	9.95e-01	9.96e-10
 2.01505e+16	5.52e-03	9.94e-01	5.28e-10
 2.14191e+16	6.03e-03	9.94e-01	3.08e-10
 2.26548e+16	6.60e-03	9.93e-01	1.91e-10
 2.38681e+16	7.25e-03	9.93e-01	1.27e-10
 2.50280e+16	7.99e-03	9.92e-01	9.09e-11
 2.61175e+16	8.82e-03	9.91e-01	7.02e-11
 2.71445e+16	9.74e-03	9.90e-01	5.77e-11
 2.81224e+16	1.08e-02	9.89e-01	4.98e-11
 2.90597e+16	1.20e-02	9.88e-01	4.47e-11
 2.99525e+16	1.34e-02	9.87e-01	4.14e-11
 3.07934e+16	1.51e-02	9.85e-01	3.93e-11
 3.15859e+16	1.70e-02	9.83e-01	3.79e-11
 3.23383e+16	1.92e-02	9.81e-01	3.70e-11
 3.30550e+16	2.19e-02	9.78e-01	3.65e-11
 3.37367e+16	2.52e-02	9.75e-01	3.61e-11
 3.43830e+16	2.92e-02	9.71e-01	3.60e-11
 3.49952e+16	3.43e-02	9.66e-01	3.60e-11
 3.55758e+16	4.05e-02	9.59e-01	3.63e-11
 3.61237e+16	4.89e-02	9.51e-01	3.65e-11
 3.66413e+16	6.00e-02	9.40e-01	3.69e-11
 3.71064e+16	7.50e-02	9.25e-01	3.71e-11
 3.74471e+16	9.07e-02	9.09e-01	3.77e-11
 3.76968e+16	1.07e-01	8.93e-01	3.79e-11
 3.79223e+16	1.25e-01	8.75e-01	3.81e-11
 3.81143e+16	1.46e-01	8.54e-01	3.83e-11
 3.82822e+16	1.70e-01	8.30e-01	3.83e-11
 3.84345e+16	1.98e-01	8.02e-01	3.85e-11
 3.85741e+16	2.31e-01	7.69e-01	3.83e-11
 3.87016e+16	2.68e-01	7.32e-01	3.83e-11
 3.88182e+16	3.11e-01	6.89e-01	3.77e-11
 3.89270e+16	3.61e-01	6.39e-01	3.69e-11
 3.90295e+16	4.17e-01	5.83e-01	3.53e-11
 3.91270e+16	4.80e-01	5.20e-01	3.38e-11
 3.92223e+16	5.49e-01	4.51e-01	3.13e-11
 3.93317e+16	6.36e-01	3.64e-01	2.69e-11
 3.94526e+16	7.31e-01	2.69e-01	2.19e-11
 3.95882e+16	8.24e-01	1.76e-01	1.53e-11
 3.97646e+16	9.07e-01	9.27e-02	8.68e-12
 3.99938e+16	9.62e-01	3.79e-02	3.77e-12
 4.02919e+16	9.87e-01	1.25e-02	1.30e-12
 4.06793e+16	9.96e-01	3.93e-03	4.18e-13
 4.10690e+16	9.98e-01	1.83e-03	2.02e-13
 4.13648e+16	9.99e-01	1.27e-03	1.45e-13
 4.16119e+16	9.99e-01	1.17e-03	1.39e-13
 4.18301e+16	9.99e-01	1.06e-03	1.33e-13
 4.20019e+16	9.99e-01	9.96e-04	1.31e-13
 4.21449e+16	9.99e-01	9.44e-04	1.31e-13
 4.22767e+16	9.99e-01	8.91e-04	1.32e-13
 4.24018e+16	9.99e-01	8.31e-04	1.32e-13
 4.25155e+16	9.99e-01	7.68e-04	1.33e-13
 4.26154e+16	9.99e-01	6.99e-04	1.33e-13
 4.27032e+16	9.99e-01	6.28e-04	1.34e-13
 4.27824e+16	9.99e-01	5.57e-04	1.34e-13
 4.28551e+16	1.00e+00	4.87e-04	1.33e-13
 4.29213e+16	1.00e+00	4.21e-04	1.34e-13
 4.29818e+16	1.00e+00	3.61e-04	1.35e-13
 4.30375e+16	1.00e+00	3.08e-04	1.38e-13
 4.30891e+16	1.00e+00	2.60e-04	1.42e-13
 4.31331e+16	1.00e+00	2.18e-04	1.45e-13
 4.31661e+16	1.00e+00	1.90e-04	1.49e-13
 4.31911e+16	1.00e+00	1.74e-04	1.55e-13
 4.32128e+16	1.00e+00	1.60e-04	1.62e-13
 4.32332e+16	1.00e+00	1.46e-04	1.67e-13
 4.32521e+16	1.00e+00	1.33e-04	1.73e-13
 4.32688e+16	1.00e+00	1.23e-04	1.78e-13
 4.32839e+16	1.00e+00	1.15e-04	1.86e-13
 4.32981e+16	1.00e+00	1.07e-04	1.91e-13
 4.33114e+16	1.00e+00	1.00e-04	1.98e-13
 4.33221e+16	1.00e+00	9.36e-05	2.00e-13
 4.33300e+16	1.00e+00	9.11e-05	2.06e-13
 4.33374e+16	1.00e+00	8.84e-05	2.12e-13
 4.33455e+16	1.00e+00	8.47e-05	2.17e-13
 4.33539e+16	1.00e+00	8.07e-05	2.21e-13
 4.33621e+16	1.00e+00	7.73e-05	2.26e-13
 4.33701e+16	1.00e+00	7.41e-05	2.31e-13
 4.33780e+16	1.00e+00	7.11e-05	2.37e-13
 4.33859e+16	1.00e+00	6.81e-05	2.42e-13
 4.33937e+16	1.00e+00	6.53e-05	2.48e-13
 4.34014e+16	1.00e+00	6.26e-05	2.54e-13
 4.34090e+16	1.00e+00	6.01e-05	2.60e-13
 4.34165e+16	1.00e+00	5.76e-05	2.66e-13
 4.34241e+16	1.00e+00	5.53e-05	2.72e-13
 4.34315e+16	1.00e+00	5.30e-05	2.78e-13
 4.34388e+16	1.00e+00	5.09e-05	2.84e-13
 4.34461e+16	1.00e+00	4.89e-05	2.91e-13
 4.34534e+16	1.00e+00	4.69e-05	2.97e-13
 4.34607e+16	1.00e+00	4.50e-05	3.04e-13
 4.34678e+16	1.00e+00	4.32e-05	3.10e-13
 4.34748e+16	1.00e+00	4.16e-05	3.18e-13
 4.34818e+16	1.00e+00	4.00e-05	3.24e-13
 4.34888e+16	1.00e+00	3.84e-05	3.31e-13
 4.34956e+16	1.00e+00	3.69e-05	3.38e-13
 4.35023e+16	1.00e+00	3.55e-05	3.44e-13
 4.35088e+16	1.00e+00	3.42e-05	3.51e-13
 4.35154e+16	1.00e+00	3.29e-05	3.57e-13
 4.35218e+16	1.00e+00	3.17e-05	3.65e-13
 4.35280e+16	1.00e+00	3.05e-05	3.69e-13
 4.35341e+16	1.00e+00	2.92e-05	3.73e-13
 4.35403e+16	1.00e+00	2.72e-05	3.67e-13
 4.35464e+16	1.00e+00	2.63e-05	3.73e-13
 4.35523e+16	1.00e+00	2.64e-05	3.93e-13
 4.35581e+16	1.00e+00	2.57e-05	4.04e-13
 4.35638e+16	1.00e+00	2.50e-05	4.11e-13
 4.35693e+16	1.00e+00	2.43e-05	4.19e-13
 4.35749e+16	1.00e+00	2.36e-05	4.26e-13
 4.35804e+16	1.00e+00	2.29e-05	4.32e-13
 4.35857e+16	1.00e+00	2.22e-05	4.39e-13
 4.35909e+16	1.00e+00	2.16e-05	4.45e-13
 4.35960e+16	1.00e+00	2.10e-05	4.51e-13
 4.36010e+16	1.00e+00	2.05e-05	4.57e-13
 4.36058e+16	1.00e+00	1.99e-05	4.62e-13
 4.36105e+16	1.00e+00	1.94e-05	4.67e-13
 4.36151e+16	1.00e+00	1.90e-05	4.72e-13
 4.36191e+16	1.00e+00	1.85e-05	4.75e-13
 4.36226e+16	1.00e+00	1.82e-05	4.77e-13
 4.36255e+16	1.00e+00	1.79e-05	4.80e-13
 4.36281e+16	1.00e+00	1.77e-05	4.82e-13
