#depth	He	He+	He+2
 4.10314e+11	1.67e-03	9.52e-01	4.59e-02
 2.46189e+12	1.67e-03	9.52e-01	4.58e-02
 1.06682e+13	1.67e-03	9.53e-01	4.56e-02
 4.34933e+13	1.67e-03	9.54e-01	4.42e-02
 1.03892e+14	1.68e-03	9.55e-01	4.36e-02
 1.82409e+14	1.68e-03	9.57e-01	4.15e-02
 2.84482e+14	1.70e-03	9.60e-01	3.79e-02
 4.17178e+14	1.71e-03	9.65e-01	3.28e-02
 5.89681e+14	1.74e-03	9.72e-01	2.64e-02
 8.13936e+14	1.76e-03	9.79e-01	1.94e-02
 1.10547e+15	1.80e-03	9.86e-01	1.26e-02
 1.48446e+15	1.83e-03	9.91e-01	7.00e-03
 1.97714e+15	1.88e-03	9.95e-01	3.25e-03
 2.61764e+15	1.93e-03	9.97e-01	1.22e-03
 3.45028e+15	2.01e-03	9.98e-01	3.57e-04
 4.53271e+15	2.10e-03	9.98e-01	8.10e-05
 5.93988e+15	2.24e-03	9.98e-01	1.45e-05
 7.76919e+15	2.43e-03	9.98e-01	2.18e-06
 9.97928e+15	2.68e-03	9.97e-01	3.19e-07
 1.21244e+16	2.95e-03	9.97e-01	6.44e-08
 1.37481e+16	3.18e-03	9.97e-01	2.25e-08
 1.51229e+16	3.41e-03	9.97e-01	9.89e-09
 1.66352e+16	3.69e-03	9.96e-01	4.25e-09
 1.82987e+16	4.04e-03	9.96e-01	1.80e-09
 1.99770e+16	4.44e-03	9.96e-01	8.18e-10
 2.15106e+16	4.87e-03	9.95e-01	4.24e-10
 2.29308e+16	5.33e-03	9.95e-01	2.44e-10
 2.43090e+16	5.86e-03	9.94e-01	1.53e-10
 2.56597e+16	6.46e-03	9.94e-01	1.03e-10
 2.69568e+16	7.15e-03	9.93e-01	7.65e-11
 2.81824e+16	7.92e-03	9.92e-01	6.12e-11
 2.93402e+16	8.78e-03	9.91e-01	5.23e-11
 3.04414e+16	9.78e-03	9.90e-01	4.67e-11
 3.14900e+16	1.09e-02	9.89e-01	4.32e-11
 3.24844e+16	1.23e-02	9.88e-01	4.10e-11
 3.34243e+16	1.38e-02	9.86e-01	3.96e-11
 3.43165e+16	1.57e-02	9.84e-01	3.86e-11
 3.51573e+16	1.78e-02	9.82e-01	3.80e-11
 3.59436e+16	2.04e-02	9.80e-01	3.76e-11
 3.66874e+16	2.35e-02	9.76e-01	3.74e-11
 3.73942e+16	2.74e-02	9.73e-01	3.73e-11
 3.80676e+16	3.22e-02	9.68e-01	3.73e-11
 3.87006e+16	3.84e-02	9.62e-01	3.75e-11
 3.92883e+16	4.65e-02	9.54e-01	3.76e-11
 3.98426e+16	5.73e-02	9.43e-01	3.77e-11
 4.02868e+16	6.95e-02	9.31e-01	3.82e-11
 4.06060e+16	8.18e-02	9.18e-01	3.84e-11
 4.08738e+16	9.55e-02	9.05e-01	3.85e-11
 4.11068e+16	1.10e-01	8.90e-01	3.88e-11
 4.13235e+16	1.29e-01	8.71e-01	3.89e-11
 4.15253e+16	1.51e-01	8.49e-01	3.92e-11
 4.17039e+16	1.76e-01	8.24e-01	3.93e-11
 4.18610e+16	2.05e-01	7.95e-01	3.93e-11
 4.20031e+16	2.39e-01	7.61e-01	3.88e-11
 4.21338e+16	2.77e-01	7.23e-01	3.84e-11
 4.22544e+16	3.20e-01	6.80e-01	3.84e-11
 4.23688e+16	3.71e-01	6.29e-01	3.71e-11
 4.24784e+16	4.29e-01	5.71e-01	3.60e-11
 4.25828e+16	4.93e-01	5.07e-01	3.37e-11
 4.26852e+16	5.63e-01	4.37e-01	3.13e-11
 4.28027e+16	6.50e-01	3.50e-01	2.68e-11
 4.29343e+16	7.42e-01	2.58e-01	2.17e-11
 4.30841e+16	8.34e-01	1.66e-01	1.49e-11
 4.32789e+16	9.13e-01	8.67e-02	8.42e-12
 4.35321e+16	9.65e-01	3.53e-02	3.61e-12
 4.38613e+16	9.88e-01	1.16e-02	1.23e-12
 4.42892e+16	9.97e-01	3.50e-03	3.81e-13
 4.47070e+16	9.98e-01	1.56e-03	1.77e-13
 4.50107e+16	9.99e-01	1.11e-03	1.31e-13
 4.52597e+16	9.99e-01	9.66e-04	1.19e-13
 4.54758e+16	9.99e-01	8.76e-04	1.13e-13
 4.56466e+16	9.99e-01	8.18e-04	1.10e-13
 4.57901e+16	9.99e-01	7.78e-04	1.10e-13
 4.59226e+16	9.99e-01	7.31e-04	1.09e-13
 4.60474e+16	9.99e-01	6.87e-04	1.09e-13
 4.61600e+16	9.99e-01	6.49e-04	1.13e-13
 4.62596e+16	9.99e-01	6.01e-04	1.15e-13
 4.63484e+16	9.99e-01	5.50e-04	1.17e-13
 4.64282e+16	1.00e+00	4.97e-04	1.18e-13
 4.65005e+16	1.00e+00	4.44e-04	1.20e-13
 4.65666e+16	1.00e+00	3.90e-04	1.23e-13
 4.66276e+16	1.00e+00	3.37e-04	1.26e-13
 4.66846e+16	1.00e+00	2.89e-04	1.29e-13
 4.67375e+16	1.00e+00	2.45e-04	1.34e-13
 4.67824e+16	1.00e+00	2.06e-04	1.38e-13
 4.68161e+16	1.00e+00	1.82e-04	1.43e-13
 4.68414e+16	1.00e+00	1.65e-04	1.49e-13
 4.68631e+16	1.00e+00	1.52e-04	1.56e-13
 4.68835e+16	1.00e+00	1.39e-04	1.61e-13
 4.69026e+16	1.00e+00	1.28e-04	1.66e-13
 4.69201e+16	1.00e+00	1.18e-04	1.74e-13
 4.69357e+16	1.00e+00	1.09e-04	1.78e-13
 4.69499e+16	1.00e+00	1.03e-04	1.86e-13
 4.69634e+16	1.00e+00	9.59e-05	1.92e-13
 4.69740e+16	1.00e+00	8.98e-05	1.94e-13
 4.69819e+16	1.00e+00	8.76e-05	2.01e-13
 4.69894e+16	1.00e+00	8.50e-05	2.07e-13
 4.69977e+16	1.00e+00	8.14e-05	2.12e-13
 4.70063e+16	1.00e+00	7.75e-05	2.16e-13
 4.70146e+16	1.00e+00	7.42e-05	2.21e-13
 4.70226e+16	1.00e+00	7.14e-05	2.27e-13
 4.70306e+16	1.00e+00	6.84e-05	2.32e-13
 4.70385e+16	1.00e+00	6.57e-05	2.38e-13
 4.70465e+16	1.00e+00	6.28e-05	2.43e-13
 4.70542e+16	1.00e+00	6.03e-05	2.49e-13
 4.70618e+16	1.00e+00	5.80e-05	2.56e-13
 4.70695e+16	1.00e+00	5.57e-05	2.61e-13
 4.70771e+16	1.00e+00	5.33e-05	2.68e-13
 4.70846e+16	1.00e+00	5.13e-05	2.75e-13
 4.70922e+16	1.00e+00	4.91e-05	2.80e-13
 4.70995e+16	1.00e+00	4.72e-05	2.87e-13
 4.71068e+16	1.00e+00	4.54e-05	2.94e-13
 4.71141e+16	1.00e+00	4.36e-05	3.01e-13
 4.71213e+16	1.00e+00	4.19e-05	3.08e-13
 4.71286e+16	1.00e+00	4.02e-05	3.15e-13
 4.71358e+16	1.00e+00	3.86e-05	3.22e-13
 4.71428e+16	1.00e+00	3.72e-05	3.29e-13
 4.71497e+16	1.00e+00	3.58e-05	3.36e-13
 4.71564e+16	1.00e+00	3.45e-05	3.44e-13
 4.71631e+16	1.00e+00	3.32e-05	3.50e-13
 4.71697e+16	1.00e+00	3.20e-05	3.58e-13
 4.71763e+16	1.00e+00	3.08e-05	3.65e-13
 4.71827e+16	1.00e+00	2.98e-05	3.72e-13
 4.71891e+16	1.00e+00	2.87e-05	3.80e-13
 4.71953e+16	1.00e+00	2.78e-05	3.88e-13
 4.72015e+16	1.00e+00	2.68e-05	3.94e-13
 4.72076e+16	1.00e+00	2.60e-05	4.02e-13
 4.72137e+16	1.00e+00	2.51e-05	4.09e-13
 4.72197e+16	1.00e+00	2.43e-05	4.16e-13
 4.72255e+16	1.00e+00	2.35e-05	4.24e-13
 4.72313e+16	1.00e+00	2.28e-05	4.31e-13
 4.72370e+16	1.00e+00	2.21e-05	4.38e-13
 4.72427e+16	1.00e+00	2.14e-05	4.45e-13
 4.72483e+16	1.00e+00	2.08e-05	4.52e-13
 4.72538e+16	1.00e+00	2.01e-05	4.58e-13
 4.72591e+16	1.00e+00	1.94e-05	4.63e-13
 4.72645e+16	1.00e+00	1.85e-05	4.59e-13
 4.72698e+16	1.00e+00	1.70e-05	4.42e-13
 4.72750e+16	1.00e+00	1.78e-05	4.80e-13
 4.72801e+16	1.00e+00	1.75e-05	4.92e-13
 4.72850e+16	1.00e+00	1.72e-05	5.01e-13
 4.72898e+16	1.00e+00	1.68e-05	5.09e-13
 4.72945e+16	1.00e+00	1.64e-05	5.16e-13
 4.72991e+16	1.00e+00	1.61e-05	5.23e-13
 4.73034e+16	1.00e+00	1.58e-05	5.28e-13
 4.73072e+16	1.00e+00	1.55e-05	5.32e-13
 4.73104e+16	1.00e+00	1.53e-05	5.37e-13
 4.73131e+16	1.00e+00	1.51e-05	5.40e-13
 4.73156e+16	1.00e+00	1.50e-05	5.42e-13
