#depth	O	O+	O+2	O+3	O+4	O+5	O+6	O+7	O+8	O[1]	O[2]	O[3]
 5.33942e+12	1.64e-07	7.28e-03	8.23e-01	1.70e-01	1.64e-05	0.00e+00	0.00e+00	0.00e+00	0.00e+00	1.43e-07	1.12e-08	9.58e-09
 3.20365e+13	1.64e-07	7.29e-03	8.23e-01	1.69e-01	1.63e-05	0.00e+00	0.00e+00	0.00e+00	0.00e+00	1.44e-07	1.12e-08	9.60e-09
 1.38825e+14	1.66e-07	7.34e-03	8.26e-01	1.67e-01	1.58e-05	0.00e+00	0.00e+00	0.00e+00	0.00e+00	1.45e-07	1.14e-08	9.70e-09
 5.65979e+14	1.74e-07	7.54e-03	8.36e-01	1.57e-01	1.43e-05	0.00e+00	0.00e+00	0.00e+00	0.00e+00	1.52e-07	1.19e-08	1.01e-08
 1.35194e+15	1.88e-07	7.86e-03	8.50e-01	1.42e-01	1.20e-05	0.00e+00	0.00e+00	0.00e+00	0.00e+00	1.64e-07	1.27e-08	1.09e-08
 2.37369e+15	2.06e-07	8.28e-03	8.68e-01	1.24e-01	9.60e-06	0.00e+00	0.00e+00	0.00e+00	0.00e+00	1.80e-07	1.38e-08	1.18e-08
 3.70197e+15	2.31e-07	8.81e-03	8.88e-01	1.03e-01	7.10e-06	0.00e+00	0.00e+00	0.00e+00	0.00e+00	2.03e-07	1.53e-08	1.32e-08
 5.42873e+15	2.67e-07	9.53e-03	9.10e-01	8.04e-02	4.73e-06	0.00e+00	0.00e+00	0.00e+00	0.00e+00	2.34e-07	1.74e-08	1.51e-08
 7.53289e+15	3.16e-07	1.04e-02	9.31e-01	5.81e-02	2.82e-06	0.00e+00	0.00e+00	0.00e+00	0.00e+00	2.78e-07	2.03e-08	1.76e-08
 9.83435e+15	3.77e-07	1.14e-02	9.49e-01	3.99e-02	1.57e-06	0.00e+00	0.00e+00	0.00e+00	0.00e+00	3.32e-07	2.37e-08	2.07e-08
 1.22279e+16	4.49e-07	1.25e-02	9.61e-01	2.65e-02	8.35e-07	0.00e+00	0.00e+00	0.00e+00	0.00e+00	3.97e-07	2.78e-08	2.44e-08
 1.47171e+16	5.36e-07	1.36e-02	9.69e-01	1.71e-02	4.26e-07	0.00e+00	0.00e+00	0.00e+00	0.00e+00	4.75e-07	3.27e-08	2.88e-08
 1.73059e+16	6.42e-07	1.49e-02	9.74e-01	1.08e-02	2.10e-07	0.00e+00	0.00e+00	0.00e+00	0.00e+00	5.69e-07	3.85e-08	3.41e-08
 1.99983e+16	7.64e-07	1.62e-02	9.77e-01	6.64e-03	0.00e+00	0.00e+00	0.00e+00	0.00e+00	0.00e+00	6.79e-07	4.53e-08	4.01e-08
 2.27984e+16	9.12e-07	1.76e-02	9.78e-01	4.04e-03	0.00e+00	0.00e+00	0.00e+00	0.00e+00	0.00e+00	8.11e-07	5.33e-08	4.74e-08
 2.57105e+16	1.09e-06	1.92e-02	9.78e-01	2.42e-03	0.00e+00	0.00e+00	0.00e+00	0.00e+00	0.00e+00	9.70e-07	6.28e-08	5.59e-08
 2.87390e+16	1.30e-06	2.08e-02	9.78e-01	1.44e-03	0.00e+00	0.00e+00	0.00e+00	0.00e+00	0.00e+00	1.16e-06	7.41e-08	6.61e-08
 3.18887e+16	1.55e-06	2.26e-02	9.77e-01	8.46e-04	0.00e+00	0.00e+00	0.00e+00	0.00e+00	0.00e+00	1.38e-06	8.74e-08	7.81e-08
 3.51644e+16	1.85e-06	2.45e-02	9.75e-01	4.94e-04	0.00e+00	0.00e+00	0.00e+00	0.00e+00	0.00e+00	1.65e-06	1.03e-07	9.24e-08
 3.85711e+16	2.20e-06	2.65e-02	9.73e-01	2.87e-04	0.00e+00	0.00e+00	0.00e+00	0.00e+00	0.00e+00	1.97e-06	1.22e-07	1.09e-07
 4.21141e+16	2.63e-06	2.88e-02	9.71e-01	1.67e-04	0.00e+00	0.00e+00	0.00e+00	0.00e+00	0.00e+00	2.36e-06	1.44e-07	1.30e-07
 4.57988e+16	3.15e-06	3.12e-02	9.69e-01	9.63e-05	0.00e+00	0.00e+00	0.00e+00	0.00e+00	0.00e+00	2.82e-06	1.71e-07	1.54e-07
 4.96309e+16	3.76e-06	3.38e-02	9.66e-01	5.56e-05	0.00e+00	0.00e+00	0.00e+00	0.00e+00	0.00e+00	3.38e-06	2.03e-07	1.83e-07
 5.36163e+16	4.50e-06	3.67e-02	9.63e-01	3.22e-05	0.00e+00	0.00e+00	0.00e+00	0.00e+00	0.00e+00	4.04e-06	2.41e-07	2.17e-07
 5.77610e+16	5.39e-06	3.98e-02	9.60e-01	1.87e-05	0.00e+00	0.00e+00	0.00e+00	0.00e+00	0.00e+00	4.84e-06	2.86e-07	2.59e-07
 6.20716e+16	6.45e-06	4.31e-02	9.57e-01	1.09e-05	0.00e+00	0.00e+00	0.00e+00	0.00e+00	0.00e+00	5.80e-06	3.41e-07	3.09e-07
 6.65546e+16	7.73e-06	4.68e-02	9.53e-01	6.43e-06	0.00e+00	0.00e+00	0.00e+00	0.00e+00	0.00e+00	6.96e-06	4.06e-07	3.68e-07
 7.12169e+16	9.28e-06	5.08e-02	9.49e-01	3.82e-06	0.00e+00	0.00e+00	0.00e+00	0.00e+00	0.00e+00	8.35e-06	4.85e-07	4.40e-07
 7.60658e+16	1.11e-05	5.52e-02	9.45e-01	2.31e-06	0.00e+00	0.00e+00	0.00e+00	0.00e+00	0.00e+00	1.00e-05	5.79e-07	5.26e-07
 8.11085e+16	1.34e-05	6.00e-02	9.40e-01	1.42e-06	0.00e+00	0.00e+00	0.00e+00	0.00e+00	0.00e+00	1.21e-05	6.92e-07	6.29e-07
 8.63530e+16	1.61e-05	6.52e-02	9.35e-01	8.95e-07	0.00e+00	0.00e+00	0.00e+00	0.00e+00	0.00e+00	1.45e-05	8.28e-07	7.54e-07
 9.18073e+16	1.94e-05	7.09e-02	9.29e-01	5.82e-07	0.00e+00	0.00e+00	0.00e+00	0.00e+00	0.00e+00	1.75e-05	9.93e-07	9.05e-07
 9.74797e+16	2.34e-05	7.72e-02	9.23e-01	3.93e-07	0.00e+00	0.00e+00	0.00e+00	0.00e+00	0.00e+00	2.11e-05	1.19e-06	1.09e-06
 1.03379e+17	2.82e-05	8.40e-02	9.16e-01	2.76e-07	0.00e+00	0.00e+00	0.00e+00	0.00e+00	0.00e+00	2.54e-05	1.43e-06	1.31e-06
 1.09514e+17	3.40e-05	9.15e-02	9.08e-01	2.02e-07	0.00e+00	0.00e+00	0.00e+00	0.00e+00	0.00e+00	3.07e-05	1.72e-06	1.57e-06
 1.15666e+17	4.08e-05	9.95e-02	9.00e-01	1.55e-07	0.00e+00	0.00e+00	0.00e+00	0.00e+00	0.00e+00	3.69e-05	2.06e-06	1.88e-06
 1.21695e+17	4.86e-05	1.08e-01	8.92e-01	1.25e-07	0.00e+00	0.00e+00	0.00e+00	0.00e+00	0.00e+00	4.39e-05	2.44e-06	2.23e-06
 1.28194e+17	5.84e-05	1.17e-01	8.83e-01	0.00e+00	0.00e+00	0.00e+00	0.00e+00	0.00e+00	0.00e+00	5.28e-05	2.93e-06	2.68e-06
 1.35104e+17	7.05e-05	1.28e-01	8.72e-01	0.00e+00	0.00e+00	0.00e+00	0.00e+00	0.00e+00	0.00e+00	6.37e-05	3.53e-06	3.23e-06
 1.41779e+17	8.42e-05	1.38e-01	8.62e-01	0.00e+00	0.00e+00	0.00e+00	0.00e+00	0.00e+00	0.00e+00	7.62e-05	4.21e-06	3.85e-06
 1.48231e+17	9.95e-05	1.49e-01	8.50e-01	0.00e+00	0.00e+00	0.00e+00	0.00e+00	0.00e+00	0.00e+00	9.00e-05	4.96e-06	4.54e-06
 1.55453e+17	1.20e-04	1.63e-01	8.37e-01	0.00e+00	0.00e+00	0.00e+00	0.00e+00	0.00e+00	0.00e+00	1.08e-04	5.96e-06	5.46e-06
 1.63173e+17	1.45e-04	1.78e-01	8.22e-01	0.00e+00	0.00e+00	0.00e+00	0.00e+00	0.00e+00	0.00e+00	1.31e-04	7.21e-06	6.60e-06
 1.70113e+17	1.72e-04	1.92e-01	8.08e-01	0.00e+00	0.00e+00	0.00e+00	0.00e+00	0.00e+00	0.00e+00	1.56e-04	8.52e-06	7.80e-06
 1.77585e+17	2.07e-04	2.08e-01	7.91e-01	0.00e+00	0.00e+00	0.00e+00	0.00e+00	0.00e+00	0.00e+00	1.87e-04	1.02e-05	9.36e-06
 1.85637e+17	2.50e-04	2.27e-01	7.72e-01	0.00e+00	0.00e+00	0.00e+00	0.00e+00	0.00e+00	0.00e+00	2.27e-04	1.24e-05	1.13e-05
 1.92753e+17	2.96e-04	2.45e-01	7.54e-01	0.00e+00	0.00e+00	0.00e+00	0.00e+00	0.00e+00	0.00e+00	2.68e-04	1.46e-05	1.34e-05
 1.99276e+17	3.45e-04	2.63e-01	7.37e-01	0.00e+00	0.00e+00	0.00e+00	0.00e+00	0.00e+00	0.00e+00	3.12e-04	1.70e-05	1.56e-05
 2.06719e+17	4.13e-04	2.85e-01	7.15e-01	0.00e+00	0.00e+00	0.00e+00	0.00e+00	0.00e+00	0.00e+00	3.74e-04	2.04e-05	1.87e-05
 2.14708e+17	4.99e-04	3.10e-01	6.90e-01	0.00e+00	0.00e+00	0.00e+00	0.00e+00	0.00e+00	0.00e+00	4.52e-04	2.46e-05	2.26e-05
 2.21673e+17	5.89e-04	3.33e-01	6.66e-01	0.00e+00	0.00e+00	0.00e+00	0.00e+00	0.00e+00	0.00e+00	5.33e-04	2.91e-05	2.67e-05
 2.27918e+17	6.85e-04	3.56e-01	6.43e-01	0.00e+00	0.00e+00	0.00e+00	0.00e+00	0.00e+00	0.00e+00	6.20e-04	3.39e-05	3.11e-05
 2.34959e+17	8.17e-04	3.84e-01	6.15e-01	0.00e+00	0.00e+00	0.00e+00	0.00e+00	0.00e+00	0.00e+00	7.39e-04	4.04e-05	3.72e-05
 2.42464e+17	9.85e-04	4.16e-01	5.83e-01	0.00e+00	0.00e+00	0.00e+00	0.00e+00	0.00e+00	0.00e+00	8.92e-04	4.88e-05	4.49e-05
 2.48874e+17	1.16e-03	4.46e-01	5.53e-01	0.00e+00	0.00e+00	0.00e+00	0.00e+00	0.00e+00	0.00e+00	1.05e-03	5.76e-05	5.31e-05
 2.54469e+17	1.35e-03	4.74e-01	5.25e-01	0.00e+00	0.00e+00	0.00e+00	0.00e+00	0.00e+00	0.00e+00	1.22e-03	6.68e-05	6.17e-05
 2.60700e+17	1.60e-03	5.07e-01	4.91e-01	0.00e+00	0.00e+00	0.00e+00	0.00e+00	0.00e+00	0.00e+00	1.44e-03	7.93e-05	7.33e-05
 2.67339e+17	1.92e-03	5.46e-01	4.53e-01	0.00e+00	0.00e+00	0.00e+00	0.00e+00	0.00e+00	0.00e+00	1.74e-03	9.56e-05	8.85e-05
 2.72955e+17	2.26e-03	5.80e-01	4.17e-01	0.00e+00	0.00e+00	0.00e+00	0.00e+00	0.00e+00	0.00e+00	2.04e-03	1.13e-04	1.04e-04
 2.77738e+17	2.61e-03	6.12e-01	3.86e-01	0.00e+00	0.00e+00	0.00e+00	0.00e+00	0.00e+00	0.00e+00	2.36e-03	1.30e-04	1.21e-04
 2.82996e+17	3.07e-03	6.48e-01	3.49e-01	0.00e+00	0.00e+00	0.00e+00	0.00e+00	0.00e+00	0.00e+00	2.77e-03	1.54e-04	1.43e-04
 2.88604e+17	3.68e-03	6.88e-01	3.08e-01	0.00e+00	0.00e+00	0.00e+00	0.00e+00	0.00e+00	0.00e+00	3.32e-03	1.85e-04	1.72e-04
 2.93324e+17	4.31e-03	7.24e-01	2.72e-01	0.00e+00	0.00e+00	0.00e+00	0.00e+00	0.00e+00	0.00e+00	3.90e-03	2.17e-04	2.02e-04
 2.97296e+17	4.97e-03	7.54e-01	2.41e-01	0.00e+00	0.00e+00	0.00e+00	0.00e+00	0.00e+00	0.00e+00	4.49e-03	2.51e-04	2.33e-04
 3.00821e+17	5.67e-03	7.82e-01	2.13e-01	0.00e+00	0.00e+00	0.00e+00	0.00e+00	0.00e+00	0.00e+00	5.11e-03	2.86e-04	2.66e-04
 3.04588e+17	6.53e-03	8.11e-01	1.83e-01	0.00e+00	0.00e+00	0.00e+00	0.00e+00	0.00e+00	0.00e+00	5.89e-03	3.29e-04	3.06e-04
 3.08831e+17	7.73e-03	8.43e-01	1.50e-01	0.00e+00	0.00e+00	0.00e+00	0.00e+00	0.00e+00	0.00e+00	6.98e-03	3.91e-04	3.63e-04
 3.12691e+17	9.11e-03	8.71e-01	1.20e-01	0.00e+00	0.00e+00	0.00e+00	0.00e+00	0.00e+00	0.00e+00	8.22e-03	4.61e-04	4.28e-04
 3.15533e+17	1.04e-02	8.91e-01	9.84e-02	0.00e+00	0.00e+00	0.00e+00	0.00e+00	0.00e+00	0.00e+00	9.38e-03	5.26e-04	4.88e-04
 3.17508e+17	1.14e-02	9.04e-01	8.42e-02	0.00e+00	0.00e+00	0.00e+00	0.00e+00	0.00e+00	0.00e+00	1.03e-02	5.77e-04	5.35e-04
 3.19526e+17	1.26e-02	9.17e-01	7.05e-02	0.00e+00	0.00e+00	0.00e+00	0.00e+00	0.00e+00	0.00e+00	1.14e-02	6.38e-04	5.92e-04
 3.21716e+17	1.42e-02	9.29e-01	5.64e-02	0.00e+00	0.00e+00	0.00e+00	0.00e+00	0.00e+00	0.00e+00	1.28e-02	7.16e-04	6.64e-04
 3.23685e+17	1.58e-02	9.40e-01	4.46e-02	0.00e+00	0.00e+00	0.00e+00	0.00e+00	0.00e+00	0.00e+00	1.43e-02	7.99e-04	7.41e-04
 3.25415e+17	1.73e-02	9.47e-01	3.52e-02	0.00e+00	0.00e+00	0.00e+00	0.00e+00	0.00e+00	0.00e+00	1.56e-02	8.75e-04	8.11e-04
 3.26837e+17	1.88e-02	9.53e-01	2.80e-02	0.00e+00	0.00e+00	0.00e+00	0.00e+00	0.00e+00	0.00e+00	1.70e-02	9.51e-04	8.81e-04
 3.27934e+17	2.01e-02	9.57e-01	2.29e-02	0.00e+00	0.00e+00	0.00e+00	0.00e+00	0.00e+00	0.00e+00	1.81e-02	1.01e-03	9.40e-04
 3.28895e+17	2.13e-02	9.60e-01	1.89e-02	0.00e+00	0.00e+00	0.00e+00	0.00e+00	0.00e+00	0.00e+00	1.92e-02	1.08e-03	9.98e-04
 3.29988e+17	2.29e-02	9.62e-01	1.48e-02	0.00e+00	0.00e+00	0.00e+00	0.00e+00	0.00e+00	0.00e+00	2.07e-02	1.16e-03	1.07e-03
 3.31143e+17	2.47e-02	9.64e-01	1.10e-02	0.00e+00	0.00e+00	0.00e+00	0.00e+00	0.00e+00	0.00e+00	2.23e-02	1.25e-03	1.16e-03
 3.32107e+17	2.64e-02	9.65e-01	8.30e-03	0.00e+00	0.00e+00	0.00e+00	0.00e+00	0.00e+00	0.00e+00	2.38e-02	1.33e-03	1.23e-03
 3.32937e+17	2.80e-02	9.66e-01	6.37e-03	0.00e+00	0.00e+00	0.00e+00	0.00e+00	0.00e+00	0.00e+00	2.52e-02	1.41e-03	1.31e-03
 3.33866e+17	2.99e-02	9.65e-01	4.63e-03	0.00e+00	0.00e+00	0.00e+00	0.00e+00	0.00e+00	0.00e+00	2.70e-02	1.51e-03	1.40e-03
 3.35073e+17	3.27e-02	9.64e-01	2.98e-03	0.00e+00	0.00e+00	0.00e+00	0.00e+00	0.00e+00	0.00e+00	2.96e-02	1.64e-03	1.53e-03
 3.36643e+17	3.71e-02	9.61e-01	1.61e-03	0.00e+00	0.00e+00	0.00e+00	0.00e+00	0.00e+00	0.00e+00	3.35e-02	1.86e-03	1.73e-03
 3.38388e+17	4.32e-02	9.56e-01	7.73e-04	0.00e+00	0.00e+00	0.00e+00	0.00e+00	0.00e+00	0.00e+00	3.90e-02	2.16e-03	2.00e-03
 3.40041e+17	5.07e-02	9.49e-01	3.77e-04	0.00e+00	0.00e+00	0.00e+00	0.00e+00	0.00e+00	0.00e+00	4.58e-02	2.52e-03	2.35e-03
 3.41530e+17	5.96e-02	9.40e-01	1.96e-04	0.00e+00	0.00e+00	0.00e+00	0.00e+00	0.00e+00	0.00e+00	5.39e-02	2.96e-03	2.75e-03
 3.42816e+17	6.97e-02	9.30e-01	1.10e-04	0.00e+00	0.00e+00	0.00e+00	0.00e+00	0.00e+00	0.00e+00	6.31e-02	3.44e-03	3.20e-03
 3.43934e+17	8.12e-02	9.19e-01	6.64e-05	0.00e+00	0.00e+00	0.00e+00	0.00e+00	0.00e+00	0.00e+00	7.35e-02	3.98e-03	3.71e-03
 3.44936e+17	9.42e-02	9.06e-01	4.15e-05	0.00e+00	0.00e+00	0.00e+00	0.00e+00	0.00e+00	0.00e+00	8.54e-02	4.59e-03	4.28e-03
 3.45856e+17	1.09e-01	8.91e-01	2.66e-05	0.00e+00	0.00e+00	0.00e+00	0.00e+00	0.00e+00	0.00e+00	9.91e-02	5.27e-03	4.93e-03
 3.46707e+17	1.27e-01	8.73e-01	1.73e-05	0.00e+00	0.00e+00	0.00e+00	0.00e+00	0.00e+00	0.00e+00	1.15e-01	6.07e-03	5.68e-03
 3.47486e+17	1.48e-01	8.52e-01	1.15e-05	0.00e+00	0.00e+00	0.00e+00	0.00e+00	0.00e+00	0.00e+00	1.35e-01	6.97e-03	6.54e-03
 3.48185e+17	1.72e-01	8.28e-01	7.77e-06	0.00e+00	0.00e+00	0.00e+00	0.00e+00	0.00e+00	0.00e+00	1.56e-01	7.95e-03	7.49e-03
 3.48815e+17	1.99e-01	8.01e-01	5.36e-06	0.00e+00	0.00e+00	0.00e+00	0.00e+00	0.00e+00	0.00e+00	1.81e-01	9.01e-03	8.52e-03
 3.49395e+17	2.28e-01	7.72e-01	3.74e-06	0.00e+00	0.00e+00	0.00e+00	0.00e+00	0.00e+00	0.00e+00	2.09e-01	1.01e-02	9.62e-03
 3.49943e+17	2.63e-01	7.37e-01	2.60e-06	0.00e+00	0.00e+00	0.00e+00	0.00e+00	0.00e+00	0.00e+00	2.41e-01	1.14e-02	1.08e-02
 3.50461e+17	3.04e-01	6.96e-01	1.80e-06	0.00e+00	0.00e+00	0.00e+00	0.00e+00	0.00e+00	0.00e+00	2.79e-01	1.26e-02	1.21e-02
 3.50916e+17	3.45e-01	6.55e-01	1.28e-06	0.00e+00	0.00e+00	0.00e+00	0.00e+00	0.00e+00	0.00e+00	3.18e-01	1.38e-02	1.34e-02
 3.51273e+17	3.83e-01	6.17e-01	9.68e-07	0.00e+00	0.00e+00	0.00e+00	0.00e+00	0.00e+00	0.00e+00	3.54e-01	1.48e-02	1.44e-02
 3.51540e+17	4.14e-01	5.86e-01	7.76e-07	0.00e+00	0.00e+00	0.00e+00	0.00e+00	0.00e+00	0.00e+00	3.84e-01	1.55e-02	1.51e-02
 3.51763e+17	4.42e-01	5.58e-01	6.41e-07	0.00e+00	0.00e+00	0.00e+00	0.00e+00	0.00e+00	0.00e+00	4.10e-01	1.60e-02	1.57e-02
 3.51965e+17	4.69e-01	5.31e-01	5.36e-07	0.00e+00	0.00e+00	0.00e+00	0.00e+00	0.00e+00	0.00e+00	4.36e-01	1.64e-02	1.62e-02
 3.52150e+17	4.93e-01	5.07e-01	4.54e-07	0.00e+00	0.00e+00	0.00e+00	0.00e+00	0.00e+00	0.00e+00	4.60e-01	1.68e-02	1.66e-02
 3.52320e+17	5.17e-01	4.83e-01	3.88e-07	0.00e+00	0.00e+00	0.00e+00	0.00e+00	0.00e+00	0.00e+00	4.83e-01	1.70e-02	1.69e-02
 3.52472e+17	5.40e-01	4.60e-01	3.36e-07	0.00e+00	0.00e+00	0.00e+00	0.00e+00	0.00e+00	0.00e+00	5.05e-01	1.72e-02	1.72e-02
 3.52616e+17	5.61e-01	4.39e-01	2.92e-07	0.00e+00	0.00e+00	0.00e+00	0.00e+00	0.00e+00	0.00e+00	5.26e-01	1.74e-02	1.74e-02
 3.52752e+17	5.81e-01	4.19e-01	2.56e-07	0.00e+00	0.00e+00	0.00e+00	0.00e+00	0.00e+00	0.00e+00	5.46e-01	1.74e-02	1.75e-02
 3.52878e+17	6.00e-01	4.00e-01	2.26e-07	0.00e+00	0.00e+00	0.00e+00	0.00e+00	0.00e+00	0.00e+00	5.65e-01	1.75e-02	1.76e-02
 3.52978e+17	6.14e-01	3.86e-01	2.05e-07	0.00e+00	0.00e+00	0.00e+00	0.00e+00	0.00e+00	0.00e+00	5.79e-01	1.75e-02	1.76e-02
 3.53054e+17	6.26e-01	3.74e-01	1.90e-07	0.00e+00	0.00e+00	0.00e+00	0.00e+00	0.00e+00	0.00e+00	5.91e-01	1.74e-02	1.76e-02
 3.53125e+17	6.37e-01	3.63e-01	1.76e-07	0.00e+00	0.00e+00	0.00e+00	0.00e+00	0.00e+00	0.00e+00	6.02e-01	1.74e-02	1.76e-02
 3.53202e+17	6.49e-01	3.51e-01	1.63e-07	0.00e+00	0.00e+00	0.00e+00	0.00e+00	0.00e+00	0.00e+00	6.14e-01	1.73e-02	1.75e-02
 3.53282e+17	6.61e-01	3.39e-01	1.50e-07	0.00e+00	0.00e+00	0.00e+00	0.00e+00	0.00e+00	0.00e+00	6.26e-01	1.72e-02	1.74e-02
 3.53360e+17	6.72e-01	3.28e-01	1.38e-07	0.00e+00	0.00e+00	0.00e+00	0.00e+00	0.00e+00	0.00e+00	6.38e-01	1.71e-02	1.73e-02
 3.53437e+17	6.84e-01	3.16e-01	1.27e-07	0.00e+00	0.00e+00	0.00e+00	0.00e+00	0.00e+00	0.00e+00	6.50e-01	1.70e-02	1.72e-02
 3.53513e+17	6.95e-01	3.05e-01	1.17e-07	0.00e+00	0.00e+00	0.00e+00	0.00e+00	0.00e+00	0.00e+00	6.61e-01	1.69e-02	1.70e-02
 3.53587e+17	7.06e-01	2.94e-01	1.08e-07	0.00e+00	0.00e+00	0.00e+00	0.00e+00	0.00e+00	0.00e+00	6.72e-01	1.67e-02	1.69e-02
 3.53661e+17	7.16e-01	2.84e-01	1.00e-07	0.00e+00	0.00e+00	0.00e+00	0.00e+00	0.00e+00	0.00e+00	6.83e-01	1.66e-02	1.67e-02
 3.53734e+17	7.27e-01	2.73e-01	9.25e-08	0.00e+00	0.00e+00	0.00e+00	0.00e+00	0.00e+00	0.00e+00	6.94e-01	1.64e-02	1.65e-02
 3.53807e+17	7.37e-01	2.63e-01	8.54e-08	0.00e+00	0.00e+00	0.00e+00	0.00e+00	0.00e+00	0.00e+00	7.05e-01	1.62e-02	1.63e-02
 3.53879e+17	7.47e-01	2.53e-01	7.91e-08	0.00e+00	0.00e+00	0.00e+00	0.00e+00	0.00e+00	0.00e+00	7.15e-01	1.60e-02	1.61e-02
 3.53949e+17	7.57e-01	2.43e-01	7.32e-08	0.00e+00	0.00e+00	0.00e+00	0.00e+00	0.00e+00	0.00e+00	7.25e-01	1.58e-02	1.59e-02
 3.54019e+17	7.66e-01	2.34e-01	6.78e-08	0.00e+00	0.00e+00	0.00e+00	0.00e+00	0.00e+00	0.00e+00	7.35e-01	1.56e-02	1.57e-02
 3.54089e+17	7.76e-01	2.24e-01	6.28e-08	0.00e+00	0.00e+00	0.00e+00	0.00e+00	0.00e+00	0.00e+00	7.45e-01	1.54e-02	1.54e-02
 3.54158e+17	7.85e-01	2.15e-01	5.81e-08	0.00e+00	0.00e+00	0.00e+00	0.00e+00	0.00e+00	0.00e+00	7.54e-01	1.51e-02	1.52e-02
 3.54227e+17	7.94e-01	2.06e-01	5.38e-08	0.00e+00	0.00e+00	0.00e+00	0.00e+00	0.00e+00	0.00e+00	7.64e-01	1.49e-02	1.49e-02
 3.54295e+17	8.02e-01	1.98e-01	5.00e-08	0.00e+00	0.00e+00	0.00e+00	0.00e+00	0.00e+00	0.00e+00	7.72e-01	1.47e-02	1.47e-02
 3.54360e+17	8.10e-01	1.90e-01	4.64e-08	0.00e+00	0.00e+00	0.00e+00	0.00e+00	0.00e+00	0.00e+00	7.81e-01	1.44e-02	1.44e-02
 3.54424e+17	8.18e-01	1.82e-01	4.32e-08	0.00e+00	0.00e+00	0.00e+00	0.00e+00	0.00e+00	0.00e+00	7.90e-01	1.42e-02	1.41e-02
 3.54487e+17	8.25e-01	1.75e-01	4.02e-08	0.00e+00	0.00e+00	0.00e+00	0.00e+00	0.00e+00	0.00e+00	7.98e-01	1.39e-02	1.38e-02
 3.54550e+17	8.33e-01	1.67e-01	3.75e-08	0.00e+00	0.00e+00	0.00e+00	0.00e+00	0.00e+00	0.00e+00	8.06e-01	1.37e-02	1.35e-02
 3.54612e+17	8.40e-01	1.60e-01	3.50e-08	0.00e+00	0.00e+00	0.00e+00	0.00e+00	0.00e+00	0.00e+00	8.13e-01	1.34e-02	1.33e-02
 3.54670e+17	8.47e-01	1.53e-01	3.28e-08	0.00e+00	0.00e+00	0.00e+00	0.00e+00	0.00e+00	0.00e+00	8.20e-01	1.32e-02	1.30e-02
 3.54727e+17	8.53e-01	1.47e-01	3.08e-08	0.00e+00	0.00e+00	0.00e+00	0.00e+00	0.00e+00	0.00e+00	8.27e-01	1.30e-02	1.27e-02
 3.54782e+17	8.59e-01	1.41e-01	2.89e-08	0.00e+00	0.00e+00	0.00e+00	0.00e+00	0.00e+00	0.00e+00	8.34e-01	1.27e-02	1.24e-02
 3.54836e+17	8.65e-01	1.35e-01	2.72e-08	0.00e+00	0.00e+00	0.00e+00	0.00e+00	0.00e+00	0.00e+00	8.41e-01	1.25e-02	1.21e-02
 3.54889e+17	8.71e-01	1.29e-01	2.56e-08	0.00e+00	0.00e+00	0.00e+00	0.00e+00	0.00e+00	0.00e+00	8.47e-01	1.22e-02	1.18e-02
 3.54939e+17	8.77e-01	1.23e-01	2.42e-08	0.00e+00	0.00e+00	0.00e+00	0.00e+00	0.00e+00	0.00e+00	8.53e-01	1.20e-02	1.15e-02
 3.54985e+17	8.82e-01	1.18e-01	2.29e-08	0.00e+00	0.00e+00	0.00e+00	0.00e+00	0.00e+00	0.00e+00	8.59e-01	1.17e-02	1.12e-02
 3.55025e+17	8.86e-01	1.14e-01	2.19e-08	0.00e+00	0.00e+00	0.00e+00	0.00e+00	0.00e+00	0.00e+00	8.64e-01	1.15e-02	1.10e-02
 3.55058e+17	8.90e-01	1.10e-01	2.11e-08	0.00e+00	0.00e+00	0.00e+00	0.00e+00	0.00e+00	0.00e+00	8.68e-01	1.13e-02	1.07e-02
 3.55087e+17	8.93e-01	1.07e-01	2.04e-08	0.00e+00	0.00e+00	0.00e+00	0.00e+00	0.00e+00	0.00e+00	8.72e-01	1.11e-02	1.05e-02
 3.55113e+17	8.97e-01	1.03e-01	1.98e-08	0.00e+00	0.00e+00	0.00e+00	0.00e+00	0.00e+00	0.00e+00	8.75e-01	1.09e-02	1.03e-02
 3.55135e+17	8.99e-01	1.01e-01	1.93e-08	0.00e+00	0.00e+00	0.00e+00	0.00e+00	0.00e+00	0.00e+00	8.79e-01	1.07e-02	1.01e-02
 3.55155e+17	9.02e-01	9.80e-02	1.89e-08	0.00e+00	0.00e+00	0.00e+00	0.00e+00	0.00e+00	0.00e+00	8.81e-01	1.06e-02	9.95e-03
