#depth	O	O+	O+2	O+3	O+4	O+5	O+6	O+7	O+8	O[1]	O[2]	O[3]
 1.81752e+14	2.36e-11	4.75e-07	1.17e-03	1.47e-01	6.59e-01	1.82e-01	1.11e-02	0.00e+00	0.00e+00	1.74e-11	4.20e-12	1.96e-12
 1.09051e+15	2.82e-11	5.45e-07	1.29e-03	1.54e-01	6.60e-01	1.74e-01	1.01e-02	0.00e+00	0.00e+00	2.08e-11	5.02e-12	2.35e-12
 2.65560e+15	3.72e-11	6.75e-07	1.52e-03	1.67e-01	6.61e-01	1.62e-01	8.65e-03	0.00e+00	0.00e+00	2.74e-11	6.60e-12	3.09e-12
 4.36529e+15	4.94e-11	8.41e-07	1.80e-03	1.81e-01	6.60e-01	1.50e-01	7.31e-03	0.00e+00	0.00e+00	3.64e-11	8.76e-12	4.11e-12
 5.99931e+15	6.36e-11	1.02e-06	2.09e-03	1.95e-01	6.57e-01	1.40e-01	6.24e-03	0.00e+00	0.00e+00	4.69e-11	1.13e-11	5.30e-12
 7.50059e+15	7.97e-11	1.22e-06	2.39e-03	2.08e-01	6.54e-01	1.30e-01	5.41e-03	0.00e+00	0.00e+00	5.88e-11	1.41e-11	6.64e-12
 9.20001e+15	1.03e-10	1.48e-06	2.77e-03	2.23e-01	6.49e-01	1.21e-01	4.62e-03	0.00e+00	0.00e+00	7.61e-11	1.82e-11	8.60e-12
 1.10717e+16	1.36e-10	1.83e-06	3.24e-03	2.39e-01	6.42e-01	1.11e-01	3.89e-03	0.00e+00	0.00e+00	1.01e-10	2.41e-11	1.14e-11
 1.28064e+16	1.75e-10	2.21e-06	3.72e-03	2.54e-01	6.35e-01	1.03e-01	3.32e-03	0.00e+00	0.00e+00	1.29e-10	3.09e-11	1.46e-11
 1.47004e+16	2.30e-10	2.72e-06	4.31e-03	2.71e-01	6.27e-01	9.49e-02	2.81e-03	0.00e+00	0.00e+00	1.70e-10	4.07e-11	1.93e-11
 1.68064e+16	3.06e-10	3.38e-06	5.04e-03	2.90e-01	6.16e-01	8.65e-02	2.34e-03	0.00e+00	0.00e+00	2.26e-10	5.40e-11	2.57e-11
 1.87951e+16	3.98e-10	4.12e-06	5.81e-03	3.08e-01	6.05e-01	7.94e-02	1.97e-03	0.00e+00	0.00e+00	2.93e-10	7.01e-11	3.34e-11
 2.05862e+16	4.99e-10	4.89e-06	6.57e-03	3.24e-01	5.94e-01	7.34e-02	1.69e-03	0.00e+00	0.00e+00	3.68e-10	8.78e-11	4.19e-11
 2.25132e+16	6.38e-10	5.88e-06	7.48e-03	3.41e-01	5.82e-01	6.75e-02	1.44e-03	0.00e+00	0.00e+00	4.71e-10	1.12e-10	5.37e-11
 2.46569e+16	8.26e-10	7.14e-06	8.59e-03	3.60e-01	5.68e-01	6.16e-02	1.21e-03	0.00e+00	0.00e+00	6.10e-10	1.45e-10	6.95e-11
 2.66609e+16	1.04e-09	8.50e-06	9.74e-03	3.78e-01	5.55e-01	5.65e-02	1.03e-03	0.00e+00	0.00e+00	7.69e-10	1.83e-10	8.78e-11
 2.88446e+16	1.35e-09	1.03e-05	1.11e-02	3.97e-01	5.40e-01	5.14e-02	8.61e-04	0.00e+00	0.00e+00	9.96e-10	2.37e-10	1.14e-10
 3.12313e+16	1.76e-09	1.26e-05	1.28e-02	4.17e-01	5.23e-01	4.64e-02	7.13e-04	0.00e+00	0.00e+00	1.30e-09	3.08e-10	1.48e-10
 3.34100e+16	2.21e-09	1.50e-05	1.45e-02	4.35e-01	5.07e-01	4.23e-02	6.02e-04	0.00e+00	0.00e+00	1.63e-09	3.88e-10	1.87e-10
 3.53170e+16	2.69e-09	1.74e-05	1.62e-02	4.51e-01	4.93e-01	3.89e-02	5.19e-04	0.00e+00	0.00e+00	1.99e-09	4.72e-10	2.28e-10
 3.73429e+16	3.35e-09	2.05e-05	1.81e-02	4.67e-01	4.78e-01	3.57e-02	4.44e-04	0.00e+00	0.00e+00	2.47e-09	5.88e-10	2.84e-10
 3.95711e+16	4.21e-09	2.43e-05	2.04e-02	4.85e-01	4.62e-01	3.24e-02	3.74e-04	0.00e+00	0.00e+00	3.11e-09	7.38e-10	3.57e-10
 4.16471e+16	5.17e-09	2.84e-05	2.28e-02	5.01e-01	4.46e-01	2.96e-02	3.20e-04	0.00e+00	0.00e+00	3.82e-09	9.07e-10	4.40e-10
 4.36177e+16	6.30e-09	3.30e-05	2.52e-02	5.15e-01	4.32e-01	2.71e-02	2.75e-04	0.00e+00	0.00e+00	4.65e-09	1.10e-09	5.36e-10
 4.58666e+16	7.92e-09	3.92e-05	2.84e-02	5.32e-01	4.15e-01	2.46e-02	2.32e-04	0.00e+00	0.00e+00	5.85e-09	1.39e-09	6.75e-10
 4.82879e+16	1.01e-08	4.70e-05	3.21e-02	5.49e-01	3.97e-01	2.21e-02	1.93e-04	0.00e+00	0.00e+00	7.42e-09	1.76e-09	8.58e-10
 5.04544e+16	1.24e-08	5.51e-05	3.58e-02	5.63e-01	3.81e-01	2.00e-02	1.64e-04	0.00e+00	0.00e+00	9.17e-09	2.18e-09	1.06e-09
 5.24789e+16	1.52e-08	6.43e-05	3.97e-02	5.76e-01	3.66e-01	1.83e-02	1.41e-04	0.00e+00	0.00e+00	1.12e-08	2.66e-09	1.30e-09
 5.44185e+16	1.85e-08	7.44e-05	4.38e-02	5.88e-01	3.52e-01	1.67e-02	1.22e-04	0.00e+00	0.00e+00	1.36e-08	3.23e-09	1.58e-09
 5.61882e+16	2.21e-08	8.53e-05	4.78e-02	5.98e-01	3.39e-01	1.54e-02	1.07e-04	0.00e+00	0.00e+00	1.63e-08	3.87e-09	1.89e-09
 5.77809e+16	2.61e-08	9.66e-05	5.18e-02	6.06e-01	3.27e-01	1.43e-02	9.43e-05	0.00e+00	0.00e+00	1.92e-08	4.56e-09	2.24e-09
 5.92143e+16	3.03e-08	1.08e-04	5.57e-02	6.14e-01	3.17e-01	1.33e-02	8.44e-05	0.00e+00	0.00e+00	2.24e-08	5.31e-09	2.60e-09
 6.05044e+16	3.49e-08	1.20e-04	5.95e-02	6.20e-01	3.07e-01	1.25e-02	7.64e-05	0.00e+00	0.00e+00	2.57e-08	6.10e-09	2.99e-09
 6.16655e+16	3.96e-08	1.32e-04	6.32e-02	6.26e-01	2.99e-01	1.18e-02	6.97e-05	0.00e+00	0.00e+00	2.93e-08	6.93e-09	3.40e-09
 6.27104e+16	4.46e-08	1.45e-04	6.67e-02	6.30e-01	2.92e-01	1.12e-02	6.42e-05	0.00e+00	0.00e+00	3.29e-08	7.79e-09	3.83e-09
 6.36509e+16	4.91e-08	1.56e-04	7.00e-02	6.34e-01	2.85e-01	1.07e-02	5.96e-05	0.00e+00	0.00e+00	3.63e-08	8.59e-09	4.22e-09
 6.44973e+16	5.44e-08	1.68e-04	7.31e-02	6.38e-01	2.79e-01	1.03e-02	5.57e-05	0.00e+00	0.00e+00	4.01e-08	9.50e-09	4.68e-09
 6.52591e+16	5.97e-08	1.80e-04	7.62e-02	6.40e-01	2.73e-01	9.86e-03	5.23e-05	0.00e+00	0.00e+00	4.41e-08	1.04e-08	5.14e-09
 6.59805e+16	6.54e-08	1.93e-04	7.92e-02	6.43e-01	2.68e-01	9.49e-03	4.93e-05	0.00e+00	0.00e+00	4.82e-08	1.14e-08	5.62e-09
 6.67017e+16	7.16e-08	2.06e-04	8.23e-02	6.46e-01	2.63e-01	9.13e-03	4.64e-05	0.00e+00	0.00e+00	5.28e-08	1.25e-08	6.16e-09
 6.74228e+16	7.86e-08	2.21e-04	8.56e-02	6.48e-01	2.58e-01	8.78e-03	4.37e-05	0.00e+00	0.00e+00	5.80e-08	1.37e-08	6.76e-09
 6.81440e+16	8.64e-08	2.38e-04	8.90e-02	6.50e-01	2.52e-01	8.44e-03	4.11e-05	0.00e+00	0.00e+00	6.38e-08	1.51e-08	7.44e-09
 6.88651e+16	9.62e-08	2.57e-04	9.27e-02	6.52e-01	2.47e-01	8.10e-03	3.85e-05	0.00e+00	0.00e+00	7.10e-08	1.68e-08	8.29e-09
 6.95863e+16	1.06e-07	2.77e-04	9.65e-02	6.54e-01	2.42e-01	7.78e-03	3.62e-05	0.00e+00	0.00e+00	7.86e-08	1.86e-08	9.17e-09
 7.03074e+16	1.17e-07	2.98e-04	1.00e-01	6.55e-01	2.37e-01	7.47e-03	3.40e-05	0.00e+00	0.00e+00	8.67e-08	2.05e-08	1.01e-08
 7.10286e+16	1.33e-07	3.26e-04	1.05e-01	6.56e-01	2.31e-01	7.15e-03	3.18e-05	0.00e+00	0.00e+00	9.79e-08	2.32e-08	1.14e-08
 7.17498e+16	1.50e-07	3.57e-04	1.09e-01	6.58e-01	2.26e-01	6.85e-03	2.97e-05	0.00e+00	0.00e+00	1.11e-07	2.62e-08	1.30e-08
 7.21128e+16	1.76e-07	3.97e-04	1.12e-01	6.58e-01	2.23e-01	6.67e-03	2.83e-05	0.00e+00	0.00e+00	1.30e-07	3.08e-08	1.52e-08
