#depth	N	N+	N+2	N+3	N+4	N+5	N+6	N+7
 1.00091e+14	3.90e-10	2.25e-06	1.73e-03	8.33e-02	2.93e-01	6.22e-01	3.40e-07	0.00e+00
 6.00548e+14	3.98e-10	2.44e-06	1.85e-03	8.67e-02	2.98e-01	6.13e-01	3.25e-07	0.00e+00
 1.82266e+15	4.95e-10	2.95e-06	2.15e-03	9.53e-02	3.10e-01	5.93e-01	3.20e-07	0.00e+00
 3.49904e+15	6.45e-10	3.74e-06	2.62e-03	1.08e-01	3.24e-01	5.65e-01	3.10e-07	0.00e+00
 5.07519e+15	8.12e-10	4.60e-06	3.13e-03	1.20e-01	3.37e-01	5.40e-01	3.00e-07	0.00e+00
 6.45934e+15	9.90e-10	5.48e-06	3.63e-03	1.31e-01	3.48e-01	5.18e-01	2.94e-07	0.00e+00
 7.98338e+15	1.24e-09	6.63e-06	4.25e-03	1.44e-01	3.58e-01	4.94e-01	2.84e-07	0.00e+00
 9.82343e+15	1.61e-09	8.32e-06	5.11e-03	1.60e-01	3.71e-01	4.64e-01	2.74e-07	0.00e+00
 1.16345e+16	2.05e-09	1.03e-05	6.05e-03	1.76e-01	3.81e-01	4.37e-01	2.64e-07	0.00e+00
 1.32187e+16	2.52e-09	1.22e-05	6.97e-03	1.91e-01	3.89e-01	4.14e-01	2.53e-07	0.00e+00
 1.49479e+16	3.16e-09	1.48e-05	8.10e-03	2.07e-01	3.97e-01	3.88e-01	2.42e-07	0.00e+00
 1.70455e+16	4.08e-09	1.84e-05	9.63e-03	2.27e-01	4.04e-01	3.59e-01	2.31e-07	0.00e+00
 1.91257e+16	5.19e-09	2.25e-05	1.13e-02	2.47e-01	4.09e-01	3.32e-01	2.17e-07	0.00e+00
 2.09850e+16	6.36e-09	2.67e-05	1.29e-02	2.66e-01	4.12e-01	3.09e-01	2.06e-07	0.00e+00
 2.30536e+16	8.01e-09	3.23e-05	1.50e-02	2.86e-01	4.15e-01	2.84e-01	1.96e-07	0.00e+00
 2.51813e+16	9.88e-09	3.86e-05	1.73e-02	3.07e-01	4.15e-01	2.61e-01	1.82e-07	0.00e+00
 2.69541e+16	1.17e-08	4.45e-05	1.93e-02	3.24e-01	4.14e-01	2.43e-01	1.74e-07	0.00e+00
 2.88270e+16	1.42e-08	5.19e-05	2.18e-02	3.42e-01	4.12e-01	2.24e-01	1.64e-07	0.00e+00
 3.08772e+16	1.70e-08	6.06e-05	2.46e-02	3.61e-01	4.09e-01	2.06e-01	1.53e-07	0.00e+00
 3.28140e+16	2.03e-08	7.00e-05	2.74e-02	3.79e-01	4.05e-01	1.89e-01	1.45e-07	0.00e+00
 3.46846e+16	2.39e-08	8.01e-05	3.04e-02	3.96e-01	3.99e-01	1.74e-01	1.36e-07	0.00e+00
 3.68131e+16	2.89e-08	9.34e-05	3.42e-02	4.15e-01	3.93e-01	1.58e-01	0.00e+00	0.00e+00
 3.92010e+16	3.53e-08	1.10e-04	3.86e-02	4.35e-01	3.84e-01	1.42e-01	0.00e+00	0.00e+00
 4.14496e+16	4.23e-08	1.27e-04	4.32e-02	4.53e-01	3.75e-01	1.28e-01	0.00e+00	0.00e+00
 4.35755e+16	5.02e-08	1.46e-04	4.79e-02	4.70e-01	3.66e-01	1.16e-01	0.00e+00	0.00e+00
 4.56761e+16	5.94e-08	1.68e-04	5.29e-02	4.86e-01	3.56e-01	1.05e-01	0.00e+00	0.00e+00
 4.79847e+16	7.21e-08	1.95e-04	5.90e-02	5.03e-01	3.44e-01	9.38e-02	0.00e+00	0.00e+00
 5.03978e+16	8.72e-08	2.27e-04	6.58e-02	5.19e-01	3.31e-01	8.31e-02	0.00e+00	0.00e+00
 5.25695e+16	1.04e-07	2.61e-04	7.25e-02	5.33e-01	3.19e-01	7.44e-02	0.00e+00	0.00e+00
 5.45241e+16	1.22e-07	2.96e-04	7.91e-02	5.45e-01	3.08e-01	6.72e-02	0.00e+00	0.00e+00
 5.62832e+16	1.42e-07	3.32e-04	8.54e-02	5.55e-01	2.98e-01	6.11e-02	0.00e+00	0.00e+00
 5.78664e+16	1.63e-07	3.69e-04	9.15e-02	5.63e-01	2.89e-01	5.60e-02	0.00e+00	0.00e+00
 5.92913e+16	1.85e-07	4.06e-04	9.74e-02	5.70e-01	2.80e-01	5.17e-02	0.00e+00	0.00e+00
 6.05737e+16	2.08e-07	4.44e-04	1.03e-01	5.76e-01	2.72e-01	4.80e-02	0.00e+00	0.00e+00
 6.17278e+16	2.31e-07	4.81e-04	1.08e-01	5.81e-01	2.65e-01	4.49e-02	0.00e+00	0.00e+00
 6.27665e+16	2.53e-07	5.15e-04	1.13e-01	5.85e-01	2.59e-01	4.22e-02	0.00e+00	0.00e+00
 6.37014e+16	2.78e-07	5.52e-04	1.18e-01	5.89e-01	2.53e-01	3.98e-02	0.00e+00	0.00e+00
 6.45428e+16	3.03e-07	5.89e-04	1.23e-01	5.92e-01	2.47e-01	3.77e-02	0.00e+00	0.00e+00
 6.53019e+16	3.29e-07	6.25e-04	1.27e-01	5.94e-01	2.42e-01	3.59e-02	0.00e+00	0.00e+00
 6.60231e+16	3.56e-07	6.62e-04	1.31e-01	5.97e-01	2.37e-01	3.42e-02	0.00e+00	0.00e+00
 6.67442e+16	3.86e-07	7.02e-04	1.35e-01	5.99e-01	2.33e-01	3.26e-02	0.00e+00	0.00e+00
 6.74654e+16	4.20e-07	7.46e-04	1.40e-01	6.01e-01	2.28e-01	3.10e-02	0.00e+00	0.00e+00
 6.81865e+16	4.58e-07	7.93e-04	1.45e-01	6.02e-01	2.23e-01	2.95e-02	0.00e+00	0.00e+00
 6.89077e+16	5.06e-07	8.50e-04	1.50e-01	6.04e-01	2.18e-01	2.78e-02	0.00e+00	0.00e+00
 6.96288e+16	5.57e-07	9.08e-04	1.55e-01	6.05e-01	2.13e-01	2.64e-02	0.00e+00	0.00e+00
 7.03500e+16	6.16e-07	9.73e-04	1.60e-01	6.06e-01	2.08e-01	2.49e-02	0.00e+00	0.00e+00
 7.10711e+16	6.87e-07	1.05e-03	1.66e-01	6.07e-01	2.03e-01	2.35e-02	0.00e+00	0.00e+00
 7.17734e+16	7.80e-07	1.14e-03	1.72e-01	6.07e-01	1.98e-01	2.21e-02	0.00e+00	0.00e+00
